144 54 72 18
0 1 18 1 36 1
1 1 19 1 37 1
2 1 20 1 38 1
3 1 21 1 39 1
4 1 22 1 40 1
5 1 23 1 41 1
6 1 24 1 42 1
7 1 25 1 43 1
8 1 26 1 44 1
9 1 27 1 45 1
10 1 28 1 46 1
11 1 29 1 47 1
12 1 30 1 48 1
13 1 31 1 49 1
14 1 32 1 50 1
15 1 33 1 51 1
16 1 34 1 52 1
17 1 35 1 53 1
2 1 26 1 41 1
3 1 27 1 42 1
4 1 28 1 43 1
5 1 29 1 44 1
6 1 30 1 45 1
7 1 31 1 46 1
8 1 32 1 47 1
9 1 33 1 48 1
10 1 34 1 49 1
11 1 35 1 50 1
12 1 18 1 51 1
13 1 19 1 52 1
14 1 20 1 53 1
15 1 21 1 36 1
16 1 22 1 37 1
17 1 23 1 38 1
0 1 24 1 39 1
1 1 25 1 40 1
16 1 26 1 47 1
17 1 27 1 48 1
0 1 28 1 49 1
1 1 29 1 50 1
2 1 30 1 51 1
3 1 31 1 52 1
4 1 32 1 53 1
5 1 33 1 36 1
6 1 34 1 37 1
7 1 35 1 38 1
8 1 18 1 39 1
9 1 19 1 40 1
10 1 20 1 41 1
11 1 21 1 42 1
12 1 22 1 43 1
13 1 23 1 44 1
14 1 24 1 45 1
15 1 25 1 46 1
11 1 32 1 48 1
12 1 33 1 49 1
13 1 34 1 50 1
14 1 35 1 51 1
15 1 18 1 52 1
16 1 19 1 53 1
17 1 20 1 36 1
0 1 21 1 37 1
1 1 22 1 38 1
2 1 23 1 39 1
3 1 24 1 40 1
4 1 25 1 41 1
5 1 26 1 42 1
6 1 27 1 43 1
7 1 28 1 44 1
8 1 29 1 45 1
9 1 30 1 46 1
10 1 31 1 47 1
0 2 35 1 47 1
1 2 18 1 48 1
2 2 19 1 49 1
3 2 20 1 50 1
4 2 21 1 51 1
5 2 22 1 52 1
6 2 23 1 53 1
7 2 24 1 36 1
8 2 25 1 37 1
9 2 26 1 38 1
10 2 27 1 39 1
11 2 28 1 40 1
12 2 29 1 41 1
13 2 30 1 42 1
14 2 31 1 43 1
15 2 32 1 44 1
16 2 33 1 45 1
17 2 34 1 46 1
11 1 18 2 41 1
12 1 19 2 42 1
13 1 20 2 43 1
14 1 21 2 44 1
15 1 22 2 45 1
16 1 23 2 46 1
17 1 24 2 47 1
0 1 25 2 48 1
1 1 26 2 49 1
2 1 27 2 50 1
3 1 28 2 51 1
4 1 29 2 52 1
5 1 30 2 53 1
6 1 31 2 36 1
7 1 32 2 37 1
8 1 33 2 38 1
9 1 34 2 39 1
10 1 35 2 40 1
16 1 32 1 36 2
17 1 33 1 37 2
0 1 34 1 38 2
1 1 35 1 39 2
2 1 18 1 40 2
3 1 19 1 41 2
4 1 20 1 42 2
5 1 21 1 43 2
6 1 22 1 44 2
7 1 23 1 45 2
8 1 24 1 46 2
9 1 25 1 47 2
10 1 26 1 48 2
11 1 27 1 49 2
12 1 28 1 50 2
13 1 29 1 51 2
14 1 30 1 52 2
15 1 31 1 53 2
2 1 35 1 48 1
3 1 18 1 49 1
4 1 19 1 50 1
5 1 20 1 51 1
6 1 21 1 52 1
7 1 22 1 53 1
8 1 23 1 36 1
9 1 24 1 37 1
10 1 25 1 38 1
11 1 26 1 39 1
12 1 27 1 40 1
13 1 28 1 41 1
14 1 29 1 42 1
15 1 30 1 43 1
16 1 31 1 44 1
17 1 32 1 45 1
0 1 33 1 46 1
1 1 34 1 47 1
10139734902866016 40
1732197053930553408 184
1742336711524007968 144
2265071296512192 80
3482408437651112065 112
3484673491767230529 32
4530142593024384 160
6964816875302224130 224
6969346983534461058 64
27074683695268609 64
13929633750604710404 192
13920679568559440133 128
36134968881317378 128
9430537757289874441 129
9394615132128543243 1
90284336272116740 0
414331509589674002 3
324471860757529622 3
180568672544233480 0
828663019179348004 6
648943721515059244 6
361137345088466960 0
1657326038358696008 12
1297887443030118488 12
722274690176933920 0
3314652076717392016 24
2595774886060236976 24
1444549380353867840 0
6629304153434784032 48
5191549772120473952 48
2889098760707735680 0
13258608306869568064 96
10383099544240947904 96
5778197521415471360 0
8070472540029584512 193
2319455014772344192 193
11538380644321460737 0
16158959478568388865 130
4638910029544950528 130
4612002885143102467 1
13889189213217493506 5
9277820059089901057 4
9224005770286204934 2
9331634352725435396 11
108896044470250498 9
1267466862858252 5
216524631741319176 23
217792088940500996 18
2534933725716504 10
433049263482638352 46
435584177881001992 36
5069867451433008 20
866098526965276704 92
871168355762003984 72
34359902272 0
8606842880 0
42966483008 0
327809 0
17213423617 0
17213751424 0
655618 0
34426847234 0
34427502848 0
1049093 0
134479876 0
135528961 0
2098186 0
268959752 0
271057922 0
4196372 0
537919504 0
542115844 0
8392744 0
1075839008 0
1084231688 0
16785488 0
2151678016 0
2168463376 0
33570976 0
4303356032 0
4336926752 0
67141952 0
8606712064 0
8673853504 0
134283904 0
17213424128 0
17347707008 0
268567808 0
34426848256 0
34695414016 0
536873473 0
134481920 0
671351297 0
1073746946 0
268963840 0
1342702594 0
2147493892 0
537927680 0
2685405188 0
4294987784 0
1075855360 0
5370810376 0
8589975568 0
2151710720 0
10741620752 0
17179951136 0
4303421440 0
21483241504 0
577600945920147520 16
4324583741247717600 0
3747011382663446688 16
1155201891840295040 32
8649167482495435200 0
7494022765326893376 32
2310403783680590080 64
17298334964990870400 0
14988045530653786752 64
4620807567361180160 128
16149925856272189184 1
11529346987598021888 129
9241615203441837056 0
13835093309044821504 3
4629964299995974144 3
36486333174122496 1
9223442544380091392 7
9259928599991948288 6
72972666348244992 2
141015050631168 15
73113126274344960 13
145945332696489984 4
282030101262336 30
146226252548689920 26
291890665392979968 8
564060202524672 60
292452505097379840 52
583781330785959936 16
1128120405049344 120
584905010194759680 104
1167562661571919872 32
2256240810098688 240
1169810020389519360 208
2317110924634619904 64
22526811410202625 224
2339620109498253313 160
4616207450759757825 128
63068021329625091 192
4679240218996768770 64
9250429231309783042 0
126136042659250183 128
9340466108203270149 128
36100059120009220 1
270286483827982350 0
234188211416465418 1
72200118240018440 2
540572967655964700 0
468376422832930836 2
144400236480036880 4
1081145935311929400 0
936752845665861672 4
288800472960073760 8
2162291870623858800 0
1873505691331723344 8
1698758400196672 8
2594636335352430784 16
2595209193778577536 24
3397516800393344 16
5189272670704861568 32
5190418387557155072 48
6795033600786688 32
10378545341409723136 64
10380836775114310144 96
13589998482096641 64
2310346609109632513 129
2314929407799854080 193
9165598454711299 128
4638707616728484867 2
4629858815599970304 130
18331265628899334 0
9259400903666964486 4
9277732029709422592 4
36662531257798668 0
72057733624377356 9
108719985709293568 9
73325062515597336 0
144115467248754712 18
217439971418587136 18
146650125031194672 0
288230934497509424 36
434879942837174272 36
293300250062389344 0
576461868995018848 72
869759885674348544 72
586600500124778688 0
1152923737990037696 144
1739519771348697088 144
1155186601740337536 0
2323861805770080641 32
3479039611416608769 32
2310373134761198337 0
4647723611539899139 64
6958079154114002946 64
4620746269522396674 0
9295447223079798278 128
13916158308228005892 128
9223478209254788100 0
162164770959526924 1
9385572611465936904 1
212344800024584 1
324329541919053848 2
324401149222322192 3
424689600049168 2
648659083838107696 4
648802298444644384 6
849379200098336 4
1297318167676215392 8
1297604596889288768 12
0 0
0 0
0 0
0 0
0 0
0 0
0 0
0 0
0 0
0 0
0 0
0 0
0 0
0 0
0 0
0 0
0 0
0 0
0 0
0 0
0 0
0 0
0 0
0 0
0 0
0 0
0 0
0 0
0 0
0 0
0 0
0 0
0 0
0 0
0 0
0 0
0 0
0 0
0 0
0 0
0 0
0 0
0 0
0 0
0 0
0 0
0 0
0 0
0 0
0 0
0 0
0 0
0 0
0 0
1155177702467043328 160
11263397114937344 128
1161928703861587968 32
2328369803443568640 64
22526862949351424 0
2305843077933170688 64
4656739606887137280 128
45053725898702848 0
4611686155866341376 128
9313479282493751296 0
72093122007400448 0
9241386710242164736 0
180214491277950976 1
144186244014800896 0
36029346774777856 1
360428982555901952 2
288372488029601792 0
72058693549555712 2
720857965111803904 4
576744976059203584 0
144117387099111424 4
1441715930223607808 8
1153489952118407168 0
288234774198222848 8
2883431860447215616 16
2306979904236814336 0
576469548396445696 16
5766863720894431232 32
4613959808473628672 0
1152939096792891392 32
11533727441788862464 64
9227919616947257344 0
2305878193585782784 64
4620710809868173312 129
9095160184963072 1
4611756387171565568 128
9241421688455823360 2
175990579920896 2
9241527172852613120 0
36099303202095104 5
351981159841792 4
36310271995674624 1
72198606404190208 10
703962319683584 8
72620543991349248 2
144397212808380416 20
1407924639367168 16
145241087982698496 4
288794425616760832 40
2815849278734336 32
290482175965396992 8
577588851233521664 80
5631698557468672 64
580964351930793984 16
0 0
0 0
0 0
0 0
0 0
0 0
0 0
0 0
0 0
0 0
0 0
0 0
0 0
0 0
0 0
0 0
0 0
0 0
0 0
0 0
0 0
0 0
0 0
0 0
0 0
0 0
0 0
0 0
0 0
0 0
0 0
0 0
0 0
0 0
0 0
0 0
0 0
0 0
0 0
0 0
0 0
0 0
0 0
0 0
0 0
0 0
0 0
0 0
0 0
0 0
0 0
0 0
0 0
0 0
0 0
0 0
0 0
0 0
0 0
0 0
0 0
0 0
0 0
0 0
0 0
0 0
0 0
0 0
0 0
0 0
0 0
0 0
0 0
0 0
0 0
0 0
0 0
0 0
0 0
0 0
0 0
0 0
0 0
0 0
0 0
0 0
0 0
0 0
0 0
0 0
0 0
0 0
0 0
0 0
0 0
0 0
0 0
0 0
0 0
0 0
0 0
0 0
0 0
0 0
0 0
0 0
0 0
0 0
