144 54 72 18
0 2 18 1 36 1
1 2 19 1 37 1
2 2 20 1 38 1
3 2 21 1 39 1
4 2 22 1 40 1
5 2 23 1 41 1
6 2 24 1 42 1
7 2 25 1 43 1
8 2 26 1 44 1
9 2 27 1 45 1
10 2 28 1 46 1
11 2 29 1 47 1
12 2 30 1 48 1
13 2 31 1 49 1
14 2 32 1 50 1
15 2 33 1 51 1
16 2 34 1 52 1
17 2 35 1 53 1
0 1 19 2 46 1
1 1 20 2 47 1
2 1 21 2 48 1
3 1 22 2 49 1
4 1 23 2 50 1
5 1 24 2 51 1
6 1 25 2 52 1
7 1 26 2 53 1
8 1 27 2 36 1
9 1 28 2 37 1
10 1 29 2 38 1
11 1 30 2 39 1
12 1 31 2 40 1
13 1 32 2 41 1
14 1 33 2 42 1
15 1 34 2 43 1
16 1 35 2 44 1
17 1 18 2 45 1
0 1 26 1 45 2
1 1 27 1 46 2
2 1 28 1 47 2
3 1 29 1 48 2
4 1 30 1 49 2
5 1 31 1 50 2
6 1 32 1 51 2
7 1 33 1 52 2
8 1 34 1 53 2
9 1 35 1 36 2
10 1 18 1 37 2
11 1 19 1 38 2
12 1 20 1 39 2
13 1 21 1 40 2
14 1 22 1 41 2
15 1 23 1 42 2
16 1 24 1 43 2
17 1 25 1 44 2
0 1 27 1 44 1
1 1 28 1 45 1
2 1 29 1 46 1
3 1 30 1 47 1
4 1 31 1 48 1
5 1 32 1 49 1
6 1 33 1 50 1
7 1 34 1 51 1
8 1 35 1 52 1
9 1 18 1 53 1
10 1 19 1 36 1
11 1 20 1 37 1
12 1 21 1 38 1
13 1 22 1 39 1
14 1 23 1 40 1
15 1 24 1 41 1
16 1 25 1 42 1
17 1 26 1 43 1
0 1 35 1 47 1
1 1 18 1 48 1
2 1 19 1 49 1
3 1 20 1 50 1
4 1 21 1 51 1
5 1 22 1 52 1
6 1 23 1 53 1
7 1 24 1 36 1
8 1 25 1 37 1
9 1 26 1 38 1
10 1 27 1 39 1
11 1 28 1 40 1
12 1 29 1 41 1
13 1 30 1 42 1
14 1 31 1 43 1
15 1 32 1 44 1
16 1 33 1 45 1
17 1 34 1 46 1
0 1 29 1 37 1
1 1 30 1 38 1
2 1 31 1 39 1
3 1 32 1 40 1
4 1 33 1 41 1
5 1 34 1 42 1
6 1 35 1 43 1
7 1 18 1 44 1
8 1 19 1 45 1
9 1 20 1 46 1
10 1 21 1 47 1
11 1 22 1 48 1
12 1 23 1 49 1
13 1 24 1 50 1
14 1 25 1 51 1
15 1 26 1 52 1
16 1 27 1 53 1
17 1 28 1 36 1
0 1 32 1 52 1
1 1 33 1 53 1
2 1 34 1 36 1
3 1 35 1 37 1
4 1 18 1 38 1
5 1 19 1 39 1
6 1 20 1 40 1
7 1 21 1 41 1
8 1 22 1 42 1
9 1 23 1 43 1
10 1 24 1 44 1
11 1 25 1 45 1
12 1 26 1 46 1
13 1 27 1 47 1
14 1 28 1 48 1
15 1 29 1 49 1
16 1 30 1 50 1
17 1 31 1 51 1
0 1 30 1 53 1
1 1 31 1 36 1
2 1 32 1 37 1
3 1 33 1 38 1
4 1 34 1 39 1
5 1 35 1 40 1
6 1 18 1 41 1
7 1 19 1 42 1
8 1 20 1 43 1
9 1 21 1 44 1
10 1 22 1 45 1
11 1 23 1 46 1
12 1 24 1 47 1
13 1 25 1 48 1
14 1 26 1 49 1
15 1 27 1 50 1
16 1 28 1 51 1
17 1 29 1 52 1
0 0
0 0
0 0
0 0
0 0
0 0
0 0
0 0
0 0
0 0
0 0
0 0
0 0
0 0
0 0
0 0
0 0
0 0
0 0
0 0
0 0
0 0
0 0
0 0
0 0
0 0
0 0
0 0
0 0
0 0
0 0
0 0
0 0
0 0
0 0
0 0
0 0
0 0
0 0
0 0
0 0
0 0
0 0
0 0
0 0
0 0
0 0
0 0
0 0
0 0
0 0
0 0
0 0
0 0
34628699138 0
34359870466 0
269090816 0
538183684 0
264197 0
537919489 0
1076367368 0
528394 0
1075838978 0
2152734736 0
1056788 0
2151677956 0
4305469472 0
2113576 0
4303355912 0
8610938944 0
4227152 0
8606711824 0
17221877888 0
8454304 0
17213423648 0
34443755776 0
16908608 0
34426847296 0
168034817 0
33555073 0
134480000 0
336069634 0
67110146 0
268960000 0
672139268 0
134220292 0
537920000 0
1344278536 0
268440584 0
1075840000 0
2688557072 0
536881168 0
2151680000 0
5377114144 0
1073762336 0
4303360000 0
10754228288 0
2147524672 0
8606720000 0
21508456576 0
4295049344 0
17213440000 0
43016913152 0
8590098688 0
34426880000 0
17314349569 0
17179935233 0
134545408 0
0 0
0 0
0 0
0 0
0 0
0 0
0 0
0 0
0 0
0 0
0 0
0 0
0 0
0 0
0 0
0 0
0 0
0 0
0 0
0 0
0 0
0 0
0 0
0 0
0 0
0 0
0 0
0 0
0 0
0 0
0 0
0 0
0 0
0 0
0 0
0 0
0 0
0 0
0 0
0 0
0 0
0 0
0 0
0 0
0 0
0 0
0 0
0 0
0 0
0 0
0 0
0 0
0 0
0 0
0 0
0 0
0 0
0 0
0 0
0 0
0 0
0 0
0 0
0 0
0 0
0 0
0 0
0 0
0 0
0 0
0 0
0 0
0 0
0 0
0 0
0 0
0 0
0 0
0 0
0 0
0 0
0 0
0 0
0 0
0 0
0 0
0 0
0 0
0 0
0 0
0 0
0 0
0 0
0 0
0 0
0 0
0 0
0 0
0 0
0 0
0 0
0 0
0 0
0 0
0 0
0 0
0 0
0 0
4503634054316289 224
15762658825732352 160
11259024905830401 64
27021597898899970 192
31525317651464705 64
4503720021393411 128
54043264517014533 128
45036236793709570 128
27021769832792071 0
126100927543248907 0
90072473587681284 0
36029141156102159 0
252201855086497814 0
180144947175362568 0
72058282312204318 0
504403710172995628 0
360289894350725136 0
144116564624408636 0
1008807420345991256 0
720579788701450272 0
288233129248817272 0
2017614840691982512 0
1441159577402900544 0
576466258497634544 0
4035229681383965024 0
2882319154805801088 0
1152932516995269088 0
8070459362767930048 0
5764638309611602176 0
2305865033990538176 0
16140918656816383361 0
11529276619222942209 0
4611729999261861760 0
13835093239923215106 1
4611809164736332802 1
9223459998523723520 0
9223442406136878596 3
9223618329472665604 2
175923337895424 1
140738564205576 7
492585235779592 5
351846675790848 2
281477128411152 14
985170471559184 10
703693351581696 4
562954256822304 28
1970340943118368 20
1407386703163392 8
1125908513644608 56
3940681886236736 40
2814773406326784 16
2251817027289216 112
7881363772473472 80
5629546812653568 32
9077705437872128 128
45035996273704960 1
36099303202095104 129
18155479595220992 0
72057662757404672 2
90213004913672192 2
36310959190441984 0
144115325514809344 4
180426009827344384 4
72621918380883968 0
288230651029618688 8
360852019654688768 8
145243836761767936 0
576461302059237376 16
721704039309377536 16
290487673523535872 0
1152922604118474752 32
1443408078618755072 32
580975347047071744 0
2305845208236949504 64
2886816157237510144 64
1161950694094143488 0
4611690416473899008 128
5773632314475020288 128
2305887058398281728 0
9241395231457280000 0
11547264697669517312 0
4611774116796563456 0
36046389205008384 1
4647785321629483008 1
9223548233593126912 0
72092778410016768 2
9295570643258966016 2
352393476702208 1
144185556820033536 4
144397212808380416 5
704786953404416 2
288371113640067072 8
288794425616760832 10
1409573906808832 4
576742227280134144 16
577588851233521664 20
2819147813617664 8
1153484454560268288 32
1155177702467043328 40
5638295627235328 16
2306968909120536576 64
2310355404934086656 80
11276591254470656 32
4613937818241073152 128
4620710809868173312 160
4538852718936064 64
9245890034991628288 0
9241421688455823360 64
577593270754906208 36
1155457009584259072 52
1733045839342981216 16
1155186541509812416 72
2310914019168518144 104
3466091678685962432 32
2310373014300410240 144
4621827969617559553 208
6932183357371662721 64
4638760427110040321 32
9243655939235381250 160
13846352316233843459 128
9259506455710860802 64
58582134551216133 65
9245960627477349895 1
72268837712169988 129
117164269102432266 130
45177181245148174 3
162552073933559817 2
234328538205126676 4
72339963980814365 6
325104147867119634 4
468657076410253352 8
144679927961628730 12
650208295734239268 8
937314152820506704 16
289359855923257460 24
1300416591468478536 16
1874628305641013408 32
578719711846514920 48
2600833182936957072 32
3749256611282026816 64
1157439423693029840 96
5201666365873914144 64
7498513222564053632 128
2314878847386059680 192
10385318401957560897 128
15015040774918374656 0
4629757694772119361 128
2323892798924784771 1
11565323077617977856 1
9277529719334243971 0
4647785597849569542 2
4683902081526404096 3
108315364958936326 1
9295571195699139084 4
9367804163052808192 6
216630729917872652 2
144398317688726552 9
288864252396064768 13
433261459835745304 4
288796635377453104 18
577728504792129536 26
866522919671490608 8
13844118031363540482 192
13563592754856960 64
13839561672492646914 128
9241492057737006084 129
9112855719708672 128
9250393669785224196 1
54254440273680393 3
18225711439679488 0
36028867351414793 3
108508880547360786 6
36451422879358976 0
72057734702829586 6
217017761094721572 12
72902845758717952 0
144115469405659172 12
434035522189443144 24
145805691517435904 0
288230938811318344 24
868071044378886288 48
291611383034871808 0
576461877622636688 48
1736142088757772576 96
583222766069743616 0
1152923755245273376 96
3472284108796068417 192
1166445532139225089 0
2305847441771332160 192
6944568286311351427 128
2314876665769230338 0
4629709213332669569 128
13889136641342179590 0
4611739001748455428 0
9277432825174821122 0
9331529208974807564 1
9223478003496910856 0
108121576640090628 1
216314344240063512 3
211933284270096 1
216243153280181256 2
432628688480127024 6
423866568540192 2
432486306560362512 4
865257376960254048 12
847733137080384 4
864972613120725024 8
1730514753920508096 24
1695466274160768 8
1729945226241450048 16
3461029507841016192 48
3390932548321536 16
3459890452482900096 32
6922059015681770241 96
6781796377428480 32
6919780836246323457 64
