108 288
8 0 68 76 122 145 194 220 284
9 1 69 77 123 144 145 195 221 285
8 2 70 78 124 147 196 222 286
9 3 71 79 125 146 147 197 223 287
8 4 36 80 126 149 198 224 252
9 5 37 81 127 148 149 199 225 253
8 6 38 82 128 151 200 226 254
9 7 39 83 129 150 151 201 227 255
8 8 40 84 130 153 202 228 256
9 9 41 85 131 152 153 203 229 257
8 10 42 86 132 155 204 230 258
9 11 43 87 133 154 155 205 231 259
8 12 44 88 134 157 206 232 260
9 13 45 89 135 156 157 207 233 261
8 14 46 90 136 159 208 234 262
9 15 47 91 137 158 159 209 235 263
8 16 48 92 138 161 210 236 264
9 17 49 93 139 160 161 211 237 265
8 18 50 94 140 163 212 238 266
9 19 51 95 141 162 163 213 239 267
8 20 52 96 142 165 214 240 268
9 21 53 97 143 164 165 215 241 269
8 22 54 98 108 167 180 242 270
9 23 55 99 109 166 167 181 243 271
8 24 56 100 110 169 182 244 272
9 25 57 101 111 168 169 183 245 273
8 26 58 102 112 171 184 246 274
9 27 59 103 113 170 171 185 247 275
8 28 60 104 114 173 186 248 276
9 29 61 105 115 172 173 187 249 277
8 30 62 106 116 175 188 250 278
9 31 63 107 117 174 175 189 251 279
8 32 64 72 118 177 190 216 280
9 33 65 73 119 176 177 191 217 281
8 34 66 74 120 179 192 218 282
9 35 67 75 121 178 179 193 219 283
8 0 56 92 116 146 181 224 254
9 1 57 93 117 147 180 181 225 255
8 2 58 94 118 148 183 226 256
9 3 59 95 119 149 182 183 227 257
8 4 60 96 120 150 185 228 258
9 5 61 97 121 151 184 185 229 259
8 6 62 98 122 152 187 230 260
9 7 63 99 123 153 186 187 231 261
8 8 64 100 124 154 189 232 262
9 9 65 101 125 155 188 189 233 263
8 10 66 102 126 156 191 234 264
9 11 67 103 127 157 190 191 235 265
8 12 68 104 128 158 193 236 266
9 13 69 105 129 159 192 193 237 267
8 14 70 106 130 160 195 238 268
9 15 71 107 131 161 194 195 239 269
8 16 36 72 132 162 197 240 270
9 17 37 73 133 163 196 197 241 271
8 18 38 74 134 164 199 242 272
9 19 39 75 135 165 198 199 243 273
8 20 40 76 136 166 201 244 274
9 21 41 77 137 167 200 201 245 275
8 22 42 78 138 168 203 246 276
9 23 43 79 139 169 202 203 247 277
8 24 44 80 140 170 205 248 278
9 25 45 81 141 171 204 205 249 279
8 26 46 82 142 172 207 250 280
9 27 47 83 143 173 206 207 251 281
8 28 48 84 108 174 209 216 282
9 29 49 85 109 175 208 209 217 283
8 30 50 86 110 176 211 218 284
9 31 51 87 111 177 210 211 219 285
8 32 52 88 112 178 213 220 286
9 33 53 89 113 179 212 213 221 287
8 34 54 90 114 144 215 222 252
9 35 55 91 115 145 214 215 223 253
8 0 62 86 120 158 206 217 264
9 1 63 87 121 159 207 216 217 265
8 2 64 88 122 160 208 219 266
9 3 65 89 123 161 209 218 219 267
8 4 66 90 124 162 210 221 268
9 5 67 91 125 163 211 220 221 269
8 6 68 92 126 164 212 223 270
9 7 69 93 127 165 213 222 223 271
8 8 70 94 128 166 214 225 272
9 9 71 95 129 167 215 224 225 273
8 10 36 96 130 168 180 227 274
9 11 37 97 131 169 181 226 227 275
8 12 38 98 132 170 182 229 276
9 13 39 99 133 171 183 228 229 277
8 14 40 100 134 172 184 231 278
9 15 41 101 135 173 185 230 231 279
8 16 42 102 136 174 186 233 280
9 17 43 103 137 175 187 232 233 281
8 18 44 104 138 176 188 235 282
9 19 45 105 139 177 189 234 235 283
8 20 46 106 140 178 190 237 284
9 21 47 107 141 179 191 236 237 285
8 22 48 72 142 144 192 239 286
9 23 49 73 143 145 193 238 239 287
8 24 50 74 108 146 194 241 252
9 25 51 75 109 147 195 240 241 253
8 26 52 76 110 148 196 243 254
9 27 53 77 111 149 197 242 243 255
8 28 54 78 112 150 198 245 256
9 29 55 79 113 151 199 244 245 257
8 30 56 80 114 152 200 247 258
9 31 57 81 115 153 201 246 247 259
8 32 58 82 116 154 202 249 260
9 33 59 83 117 155 203 248 249 261
8 34 60 84 118 156 204 251 262
9 35 61 85 119 157 205 250 251 263
