320 120 160 40
0 1 40 1 80 1
1 1 41 1 81 1
2 1 42 1 82 1
3 1 43 1 83 1
4 1 44 1 84 1
5 1 45 1 85 1
6 1 46 1 86 1
7 1 47 1 87 1
8 1 48 1 88 1
9 1 49 1 89 1
10 1 50 1 90 1
11 1 51 1 91 1
12 1 52 1 92 1
13 1 53 1 93 1
14 1 54 1 94 1
15 1 55 1 95 1
16 1 56 1 96 1
17 1 57 1 97 1
18 1 58 1 98 1
19 1 59 1 99 1
20 1 60 1 100 1
21 1 61 1 101 1
22 1 62 1 102 1
23 1 63 1 103 1
24 1 64 1 104 1
25 1 65 1 105 1
26 1 66 1 106 1
27 1 67 1 107 1
28 1 68 1 108 1
29 1 69 1 109 1
30 1 70 1 110 1
31 1 71 1 111 1
32 1 72 1 112 1
33 1 73 1 113 1
34 1 74 1 114 1
35 1 75 1 115 1
36 1 76 1 116 1
37 1 77 1 117 1
38 1 78 1 118 1
39 1 79 1 119 1
19 1 78 1 106 1
20 1 79 1 107 1
21 1 40 1 108 1
22 1 41 1 109 1
23 1 42 1 110 1
24 1 43 1 111 1
25 1 44 1 112 1
26 1 45 1 113 1
27 1 46 1 114 1
28 1 47 1 115 1
29 1 48 1 116 1
30 1 49 1 117 1
31 1 50 1 118 1
32 1 51 1 119 1
33 1 52 1 80 1
34 1 53 1 81 1
35 1 54 1 82 1
36 1 55 1 83 1
37 1 56 1 84 1
38 1 57 1 85 1
39 1 58 1 86 1
0 1 59 1 87 1
1 1 60 1 88 1
2 1 61 1 89 1
3 1 62 1 90 1
4 1 63 1 91 1
5 1 64 1 92 1
6 1 65 1 93 1
7 1 66 1 94 1
8 1 67 1 95 1
9 1 68 1 96 1
10 1 69 1 97 1
11 1 70 1 98 1
12 1 71 1 99 1
13 1 72 1 100 1
14 1 73 1 101 1
15 1 74 1 102 1
16 1 75 1 103 1
17 1 76 1 104 1
18 1 77 1 105 1
19 1 74 1 81 1
20 1 75 1 82 1
21 1 76 1 83 1
22 1 77 1 84 1
23 1 78 1 85 1
24 1 79 1 86 1
25 1 40 1 87 1
26 1 41 1 88 1
27 1 42 1 89 1
28 1 43 1 90 1
29 1 44 1 91 1
30 1 45 1 92 1
31 1 46 1 93 1
32 1 47 1 94 1
33 1 48 1 95 1
34 1 49 1 96 1
35 1 50 1 97 1
36 1 51 1 98 1
37 1 52 1 99 1
38 1 53 1 100 1
39 1 54 1 101 1
0 1 55 1 102 1
1 1 56 1 103 1
2 1 57 1 104 1
3 1 58 1 105 1
4 1 59 1 106 1
5 1 60 1 107 1
6 1 61 1 108 1
7 1 62 1 109 1
8 1 63 1 110 1
9 1 64 1 111 1
10 1 65 1 112 1
11 1 66 1 113 1
12 1 67 1 114 1
13 1 68 1 115 1
14 1 69 1 116 1
15 1 70 1 117 1
16 1 71 1 118 1
17 1 72 1 119 1
18 1 73 1 80 1
22 1 78 1 101 1
23 1 79 1 102 1
24 1 40 1 103 1
25 1 41 1 104 1
26 1 42 1 105 1
27 1 43 1 106 1
28 1 44 1 107 1
29 1 45 1 108 1
30 1 46 1 109 1
31 1 47 1 110 1
32 1 48 1 111 1
33 1 49 1 112 1
34 1 50 1 113 1
35 1 51 1 114 1
36 1 52 1 115 1
37 1 53 1 116 1
38 1 54 1 117 1
39 1 55 1 118 1
0 1 56 1 119 1
1 1 57 1 80 1
2 1 58 1 81 1
3 1 59 1 82 1
4 1 60 1 83 1
5 1 61 1 84 1
6 1 62 1 85 1
7 1 63 1 86 1
8 1 64 1 87 1
9 1 65 1 88 1
10 1 66 1 89 1
11 1 67 1 90 1
12 1 68 1 91 1
13 1 69 1 92 1
14 1 70 1 93 1
15 1 71 1 94 1
16 1 72 1 95 1
17 1 73 1 96 1
18 1 74 1 97 1
19 1 75 1 98 1
20 1 76 1 99 1
21 1 77 1 100 1
0 2 65 1 81 1
1 2 66 1 82 1
2 2 67 1 83 1
3 2 68 1 84 1
4 2 69 1 85 1
5 2 70 1 86 1
6 2 71 1 87 1
7 2 72 1 88 1
8 2 73 1 89 1
9 2 74 1 90 1
10 2 75 1 91 1
11 2 76 1 92 1
12 2 77 1 93 1
13 2 78 1 94 1
14 2 79 1 95 1
15 2 40 1 96 1
16 2 41 1 97 1
17 2 42 1 98 1
18 2 43 1 99 1
19 2 44 1 100 1
20 2 45 1 101 1
21 2 46 1 102 1
22 2 47 1 103 1
23 2 48 1 104 1
24 2 49 1 105 1
25 2 50 1 106 1
26 2 51 1 107 1
27 2 52 1 108 1
28 2 53 1 109 1
29 2 54 1 110 1
30 2 55 1 111 1
31 2 56 1 112 1
32 2 57 1 113 1
33 2 58 1 114 1
34 2 59 1 115 1
35 2 60 1 116 1
36 2 61 1 117 1
37 2 62 1 118 1
38 2 63 1 119 1
39 2 64 1 80 1
22 1 40 2 106 1
23 1 41 2 107 1
24 1 42 2 108 1
25 1 43 2 109 1
26 1 44 2 110 1
27 1 45 2 111 1
28 1 46 2 112 1
29 1 47 2 113 1
30 1 48 2 114 1
31 1 49 2 115 1
32 1 50 2 116 1
33 1 51 2 117 1
34 1 52 2 118 1
35 1 53 2 119 1
36 1 54 2 80 1
37 1 55 2 81 1
38 1 56 2 82 1
39 1 57 2 83 1
0 1 58 2 84 1
1 1 59 2 85 1
2 1 60 2 86 1
3 1 61 2 87 1
4 1 62 2 88 1
5 1 63 2 89 1
6 1 64 2 90 1
7 1 65 2 91 1
8 1 66 2 92 1
9 1 67 2 93 1
10 1 68 2 94 1
11 1 69 2 95 1
12 1 70 2 96 1
13 1 71 2 97 1
14 1 72 2 98 1
15 1 73 2 99 1
16 1 74 2 100 1
17 1 75 2 101 1
18 1 76 2 102 1
19 1 77 2 103 1
20 1 78 2 104 1
21 1 79 2 105 1
26 1 74 1 80 2
27 1 75 1 81 2
28 1 76 1 82 2
29 1 77 1 83 2
30 1 78 1 84 2
31 1 79 1 85 2
32 1 40 1 86 2
33 1 41 1 87 2
34 1 42 1 88 2
35 1 43 1 89 2
36 1 44 1 90 2
37 1 45 1 91 2
38 1 46 1 92 2
39 1 47 1 93 2
0 1 48 1 94 2
1 1 49 1 95 2
2 1 50 1 96 2
3 1 51 1 97 2
4 1 52 1 98 2
5 1 53 1 99 2
6 1 54 1 100 2
7 1 55 1 101 2
8 1 56 1 102 2
9 1 57 1 103 2
10 1 58 1 104 2
11 1 59 1 105 2
12 1 60 1 106 2
13 1 61 1 107 2
14 1 62 1 108 2
15 1 63 1 109 2
16 1 64 1 110 2
17 1 65 1 111 2
18 1 66 1 112 2
19 1 67 1 113 2
20 1 68 1 114 2
21 1 69 1 115 2
22 1 70 1 116 2
23 1 71 1 117 2
24 1 72 1 118 2
25 1 73 1 119 2
26 1 65 1 101 1
27 1 66 1 102 1
28 1 67 1 103 1
29 1 68 1 104 1
30 1 69 1 105 1
31 1 70 1 106 1
32 1 71 1 107 1
33 1 72 1 108 1
34 1 73 1 109 1
35 1 74 1 110 1
36 1 75 1 111 1
37 1 76 1 112 1
38 1 77 1 113 1
39 1 78 1 114 1
0 1 79 1 115 1
1 1 40 1 116 1
2 1 41 1 117 1
3 1 42 1 118 1
4 1 43 1 119 1
5 1 44 1 80 1
6 1 45 1 81 1
7 1 46 1 82 1
8 1 47 1 83 1
9 1 48 1 84 1
10 1 49 1 85 1
11 1 50 1 86 1
12 1 51 1 87 1
13 1 52 1 88 1
14 1 53 1 89 1
15 1 54 1 90 1
16 1 55 1 91 1
17 1 56 1 92 1
18 1 57 1 93 1
19 1 58 1 94 1
20 1 59 1 95 1
21 1 60 1 96 1
22 1 61 1 97 1
23 1 62 1 98 1
24 1 63 1 99 1
25 1 64 1 100 1
1171094233998704768 275416940552 2176
1152939096928174224 2377900639758843968 18592
18155137072627728 2377900915175784520 16416
2342188467997409536 550833881104 4352
2305878193856348448 4755801279517687936 37184
36310274145255456 4755801830351569040 32832
4684376935994819072 1101667762208 8704
4611756387712696896 9511602559035375872 74368
72620548290510912 9511603660703138080 65664
9368753871989638144 2203335524416 17408
9223512775425393792 576461044361200128 148737
145241096581021824 576463247696724544 131329
290763670269724672 4406671048833 34816
281477141235968 1152922088722400257 297474
290482193162043648 1152926495393449088 262658
581527340539449344 8813342097666 69632
562954282471936 2305844177444800514 594948
580964386324087296 2305852990786898176 525316
1163054681078898688 17626684195332 139264
1125908564943872 4611688354889601028 1189896
1161928772648174592 4611705981573796352 1050632
2326109362157797376 35253368390664 278528
2251817129887744 9223376709779202056 2379792
2323857545296349184 9223411963147592704 2101264
4652218724315594752 70506736781328 557056
4503634259775488 9345848852496 4759585
4647715090592698368 79852585633792 4202529
9304437448631189504 141013473562656 1114112
9007268519550976 18691697704992 9519170
9295430181185396736 159705171267584 8405058
162129724041199617 282026947125313 2228224
18015636550729728 37383395344448 19038340
144116288661241857 319410342469633 16810116
324259448082399234 564053894250626 4456448
36031273101459456 74766790688896 38076680
288232577322483714 638820684939266 33620232
648518896164798468 1128107788501252 8912896
72062546202918912 149533581377792 76153360
576465154644967428 1277641369878532 67240464
1297037792329596937 2256215576936968 17825792
144123992894210049 299067162755584 152306720
1152931408801562632 2555282739691528 134480928
2594075584659193874 4512431153873936 35651584
288247985788420098 598134325511168 304613440
2305862817603125264 5110565479383056 268961856
5188151169318387748 9024862307747872 71303168
576495971576840196 1196268651022336 609226880
4611725635206250528 10221130958766112 537923712
10376302338636775496 18049724615495744 142606336
1152991943153680392 2392537302044672 1218453760
9223451270412501056 20442261917532224 1075847424
2305860603563999376 36099449230991489 285212672
2305983886307360784 4785074604089344 2436907520
158467115450496 40884523835064449 2151694848
4611721207127998752 141304424120578 570425344
4611967772614721568 81627743246106624 578847744
316934230900992 81769047670194434 8422400
9223442414255997504 282608848241156 1140850688
9223935545229443136 163255486492213248 1157695488
633868461801984 163538095340388868 16844800
141854314071168 565217696416777 2281701376
1127016749334657 326510972984360961 2315390976
1266637411976193 327076190680777736 33689600
283708628142336 73188029430761490 268435456
2254033498669314 653021945968787458 335814656
2533274823952386 582094787323693072 67379200
567417256284672 146376058861522980 536870912
4508066997338628 1306043891937574916 671629312
5066549647904772 1164189574647386144 134758400
1134834512569344 292752117723045960 1073741824
9016133994677256 2612087783875149832 1343258624
10133099295809544 2328379149294772288 269516800
2269669025138688 585504235446091920 2147483648
18032267989354512 5224175567750299664 2686517248
20266198591619088 4656758298589544576 539033600
4539338050277376 1243066064930111776 0
36064535978709024 10448351135500664864 1078067200
40532397183238176 9241459003141226752 1078067200
9078676100554753 2486132129860158016 0
72127972445790273 2449958197291778112 2156134401
81065893878104128 36173932572836352 2156134401
18157352201109506 4900206665682453632 0
144255944891580546 4971973988621484160 17301506
162131787756208256 72347865145738240 17301506
36314704402219012 9800413331364907264 0
288511889783161092 9943947977242968320 34603012
324263575512416512 144695730291476480 34603012
72629408804438024 1154082589020262912 1
577023779566322184 1441151880776385024 69206025
648527151024833024 289391460582952960 69206024
145258817608876048 2308165178040525824 2
1154047559132644368 2882303761552770048 138412050
1297054302049666048 578782921165905920 138412048
290517635217752096 4616330356081051648 4
2308095118265288736 5764607523105540096 276824100
2594108604099332096 1157565842331811840 276824096
581035270435504192 9232660712162103296 8
4616190236530577472 11529215046211080192 553648200
5188217208198664192 2315131684663623680 553648192
1162070540871008385 18577350614589440 17
9232379373549527169 4611686018712608768 1107296401
10376435515908956160 4630263369327181824 1107296384
2324141081742016770 37154701229178880 34
18014673389502722 9223372037425217537 2214592802
2306126958108360704 9260526738654363649 2214592768
4648282163484033540 2251808420495360 68
36029346779005444 72057595178811394 134218309
4612253916216721408 74309403599241218 134218241
9296565426479694856 4503616840925184 136
72058693558010889 144115190357557252 268436618
9224506732921815041 148618807198482436 268436482
146386779249838096 9007233681850369 272
144117387116021778 288230380715114504 536873236
2269392134078466 297237614396964873 536872964
292773558499676192 18014467363700738 544
288234774232043556 576460761430229008 1073746472
4538784268156932 594475228793929746 1073745928
585547116999352384 36028934727401476 1088
576469548464087112 1152921522860458016 2147492944
9077568536313864 1188950457587859492 2147491856
144132917700984849 2344193974791054400 16384
1255204323344 2882304036397122624 2285912064
144133898027139073 614811992760786944 2285895680
288265835401969698 4616330355544246400 32768
2510408646688 5836665666832173184 276856832
288267796054278146 1229623985521639424 276824064
576531670803939396 9232660711088492800 65536
5020817293376 11673331333664346368 553713664
576535592108556292 2459247971043278848 553648128
1153063341607878793 18577348467368448 131073
8942122958977 4899918593619141120 1107427329
1153072283728740360 4918495942086492160 1107296256
2306126683215757586 37154696934736896 262146
17884245917954 9799837187238282240 2214854658
2306144567457480720 9836991884172984320 2214592512
4612253366431515172 2251799831611392 524292
35768491835908 1224987894804940800 134742021
4612289134914961440 1227239694636482560 134217729
9224507832374658120 4503599663157248 1048584
71536983671817 2449975789609816064 269484042
9224577170318295105 2454479389272965120 268435458
2271591039764624 9007199326314497 2097168
143073967343634 4899951579219632128 538968084
2410266927038594 4908958778545930241 536870916
4543182079529248 18014398652628994 4194336
286147934687268 9799903158439264256 1077936168
4820533854077188 9817917557091860482 1073741832
9086364159058496 36028797305257988 8388672
572295869374536 1153062243168976896 2155872337
9641067708154376 1189091040474169348 2147483665
18173827829744768 572588040 16777344
1144591738749073 2378182080375816192 16777378
19281035904680977 2378182080948404232 34
36347655659489536 1145176080 33554688
2289183477498146 4756364160751632384 33554756
38562071809361954 4756364161896808464 68
72695311318979072 2290352160 67109376
4578366954996292 9512728321503264768 67109512
77124143618723908 9512728323793616928 136
145390622637958144 4580704320 134218752
9156733909992584 578712569296977920 134219025
154248287237447816 578712573877682240 273
290781245275916288 9161408640 268437504
18313467819985168 1157425138593955840 268438050
308496574474895632 1157425147755364480 546
581562490551832576 18322817280 536875008
36626935639970336 2314850277187911680 536876100
616993148949791264 2314850295510728960 1092
1163124981103665152 36645634560 1073750016
73253871279940672 4629700554375823360 1073752200
1233986297899582528 4629700591021457920 2184
2326249962207330304 73291269120 2147500032
146507742559881344 9259401108751646720 2147504400
2467972595799165056 9259401182042915840 4368
4652499924414660608 72057740620466176 32768
293015485119762688 72058143793807360 41505
4935945191598330112 696338417664 8737
9304999848829321216 144115481240932352 65536
586030970239525376 144116287587614720 83010
9871890383196660224 1392676835328 17474
163255623949090816 288230962481864705 131072
1172061940479050752 288232575175229440 166020
1297036692683768832 2785353670657 34948
326511247898181632 576461924963729410 262144
2344123880958101504 576465150350458880 332040
2594073385367537664 5570707341314 69896
653022495796363264 1152923849927458820 524288
4688247761916203008 1152930300700917760 664080
5188146770735075328 11141414682628 139792
1306044991592726529 2305847699854852104 1048576
9376494424320778241 2305860601401835520 1328160
10376294640981778432 22282829299720 279584
2612089983185453058 4611695399709704208 2097152
306244774932004866 4611721202803671041 2656320
2305845208254005248 44565658599441 559168
5224179966370906116 9223390799419408416 4194304
612489549864009732 9223442405607342082 5312640
4611690416508010496 89131317198882 1118336
10448359932741812232 37525129265216 8388609
1224979099728019464 140737505132548 10625281
9223380833016020992 178262634397764 2236672
2449975791774072848 75050258530433 16777218
2449958199456038928 281475010265096 21250562
17592322490368 356525268795529 4473344
4899951583548145696 150100517060866 33554436
4899916398912077856 562950020530192 42501124
35184644980736 713050537591058 8946688
9799903167096291392 300201034121732 67108872
9799832797824155712 1125900041060384 85002248
70369289961472 1426101075182116 17893376
1153062260483031168 600402068243465 134217744
1152921521938759808 2251800082120769 170004496
140738579922944 2852202150364232 35786752
2306124520966062336 1200804136486930 268435488
2305843043877519616 4503600164241538 340008992
281477159845888 5704404300728464 71573504
4612249041932124672 2401608272973860 536870976
4611686087755039232 9007200328483076 680017984
562954319691776 11408808601456928 143147008
9224498083864249344 4803216545947720 1073741952
9223372175510078464 18014400656966152 1360035968
1125908639383552 22817617202913856 286294016
2252094018947072 9606433091895441 2147483904
277310605312 36028801313932305 2720071936
2251817278767104 45635234405827712 572588032
4504188037894144 91270460221718818 512
554621210624 72057602627930146 1145176576
4503634557534208 19212874773793024 1145176064
9008376075788289 182540920443372100 1024
9730793473 144115205255860292 2290353152
9008368626696192 38425749547520512 2290352128
18016752151576578 293024246848881800 2048
19461586946 360288004549648520 285739008
18016737253392384 76851499095106560 285736960
36033504303153156 586048493697763600 4096
38923173892 720576009099297040 571478016
36033474506784768 153702998190213120 571473920
72067008606306312 1172096987395527200 8192
77846347784 1441152018198594080 1142956032
72066949013569536 307405996380426240 1142947840
1297036830257053825 8192 0
141974440116224 8 0
1297178529816903809 8200 0
2594073660514107650 16384 0
283948880232448 16 0
2594357059633807618 16400 0
5188147321028215300 32768 0
567897760464896 32 0
5188714119267615236 32800 0
10376294642056430601 0 0
1134696009302017 64 0
10377429338046858248 64 0
2305845210403309586 1 0
2269392018604034 128 0
2308114602384164880 129 0
4611690420806619172 2 0
4538784037208068 256 0
4616229204768329760 258 0
9223380841613238344 4 0
9077568074416136 512 0
9232458409536659520 516 0
17609516925072 9 0
18155136148832272 1024 0
18172745363767424 1033 0
35219033850144 18 0
36310272297664544 2048 0
36345490727534848 2066 0
70438067700288 36 0
72620544595329088 4096 0
72690981455069696 4132 0
140876135400576 72 0
145241089190658176 8192 0
145381962910139392 8264 0
281752270801152 144 0
290482178381316352 16384 0
290763925820278784 16528 0
563504541602304 288 0
580964356762632704 32768 0
581527851640557568 33056 0
1125909571576833 576 0
1161929813036893184 0 0
1163055703281115137 576 0
2251819143153666 1152 0
2323859626073786368 0 0
2326111406562230274 1152 0
4503638286307332 2304 0
4647719252147572736 0 0
4652222813124460548 2304 0
9007276572614664 4608 0
9295438504295145472 0 0
9304445626248921096 4608 0
18014553145229328 9216 0
144132934880739328 1 0
162147178788290576 9217 0
36029106290458656 18432 0
288265869761478656 2 0
324294357576581152 18434 0
72058212580917312 36864 0
576531739522957312 4 0
648588715153162304 36868 0
144116425161834625 8192 0
1153062379534286849 8 0
1297178529817952384 8200 0
288232850323669250 16384 0
2306124759068573698 16 0
2594357059635904768 16400 0
576465700647338500 32768 0
4612249518137147396 32 0
5188714119271809536 32800 0
1152931401294677001 0 0
9224497936762667017 64 0
10377429338055246848 64 0
2305862802589354002 0 0
2251799815782418 129 0
2308114602400942080 129 0
4611725605178708004 0 0
4503599631564836 258 0
4616229204801884160 258 0
9223451210357416008 0 0
9007199263129672 516 0
9232458409603768320 516 0
158347005280400 1 0
18014398526259344 1032 0
18172745497985024 1033 0
316694010560800 2 0
36028797052518688 2064 0
36345490995970048 2066 0
633388021121600 4 0
72057594105037376 4128 0
72690981991940096 4132 0
1266776042243200 8 0
144115188210074752 8256 0
145381963983880192 8264 0
2533552084486400 16 0
288230376420149504 16512 0
290763927967760384 16528 0
5067104168972800 32 0
576460752840299008 33024 0
581527855935520768 33056 0
10133108826317825 64 0
1152922605192225792 512 0
1163055711871041537 576 0
20266217652635650 128 0
2305845210384451584 1024 0
2326111423742083074 1152 0
40532435305271300 256 0
4611690420768903168 2048 0
4652222847484166148 2304 0
81064870610542600 512 0
9223380841537806336 4096 0
9304445694968332296 4608 0
162129741221085200 1024 0
17609366061056 8193 0
162147316227112976 9217 0
324259482442170400 2048 0
35218732122112 16386 0
324294632454225952 18434 0
648518964884340800 4096 0
70437464244224 32772 0
648589264908451904 36868 0
16384 74379764743799808 160
18014415689351168 648518349025772544 138412064
18014415689367552 578782921398747136 138412160
32768 148759529487599616 320
36028831378702336 1297036698051545088 276824128
36028831378735104 1157565842797494272 276824320
65536 297519058975199232 640
72057662757404672 2594073396103090176 553648256
72057662757470208 2315131685594988544 553648640
131072 595038117950398464 1280
144115325514809344 5188146792206180352 1107296512
144115325514940416 4630263371189977088 1107297280
262144 1190076235900796928 2560
288230651029618688 10376293584412360704 2214593024
288230651029880832 9260526742379954176 2214594560
524288 2308094877763731456 5120
576461302059237376 2377900689153097728 134218753
576461302059761664 74309411050422272 134221825
1099512676352 4616189755527397376 10240
1152922604118474753 4755801378306129920 268437506
1152921504607895553 148618822100844544 268443650
2199025352704 9232379511054794752 20480
2305845208236949506 9511602756612259840 536875012
2305843009215791106 297237644201689088 536887300
4398050705408 18014948400037888 40961
4611690416473899012 576461439514968064 1073750025
4611686018431582212 594475288403378176 1073774600
8796101410816 36029896800075776 81922
9223380832947798024 1152922879029936128 2147500050
9223372036863164424 1188950576806756352 2147549200
17592202821632 2199562289152 163844
17592186044432 2377903352097800193 32804
16777232 2377901153613578241 131104
35184405643264 4399124578304 327688
35184372088864 4755806704195600386 65608
33554464 4755802307227156482 262208
70368811286528 8798249156608 655376
70368744177728 9511613408391200772 131216
67108928 9511604614454312964 524416
140737622573056 17596498313216 1310752
140737488355456 576482743072849928 262433
134217856 576465155199074312 1048833
281475245146112 35192996626432 2621504
281474976710912 1152965486145699856 524866
268435712 1152930310398148624 2097666
562950490292224 70385993252864 5243008
562949953421824 2305930972291399712 1049732
536871424 2305860620796297248 4195332
1125900980584448 140771986505728 10486016
1125899906843648 4611861944582799424 2099464
1073742848 4611721241592594496 8390664
2251801961168896 281543973011456 20972032
2251799813687296 9223723889165598848 4198928
2147485696 9223442483185188992 16781328
4503603922337792 563087946022912 41944064
4503599627374592 703704621646080 8397857
4294971392 140892660826368 33562657
9007207844675584 1126175892045824 83888128
9007199254749184 1407409243292160 16795714
8589942784 281785321652736 67125314
18014415689351168 2252351784091648 167776256
18014398509498368 2814818486584320 33591428
17179885568 563570643305472 134250628
36028831378702336 4504703568183296 335552512
36028797018996736 5629636973168640 67182856
34359771136 1127141286610944 268501256
72057662757404672 9009407136366592 671105024
72057594037993472 11259273946337280 134365712
68719542272 2254282573221888 537002512
144115325514809344 18018814272733184 1342210048
144115188075986944 22518547892674560 268731424
137439084544 4508565146443776 1074005024
288230651029618688 36037628545466368 2684420096
288230376151973888 45037095785349120 537462848
274878169088 9017130292887552 2148010048
576461302059237376 72075257090998272 1073872896
576460752303947776 18016597532835840 1074925696
549756338176 90091854623703040 1052800
1152921504606846977 144150514181996544 2147745792
1152922604119523328 36033195065606144 2149851392
1099512676353 180183709247340544 2105600
2305843009213693954 360358622401921024 524288
2305845208239046656 72066390131277824 4735488
2199025352706 288309824456818688 4211200
4611686018427387908 720717244803842048 1048576
4611690416478093312 144132780262555648 9470976
4398050705412 576619648913637376 8422400
9223372036854775816 1441434489607684096 2097152
9223380832956186624 288265560525111296 18941952
8796101410824 1153239297827274752 16844800
16 2882868979215368193 4194304
17592202821632 576531121050222593 37883904
17592202821648 2306478595654549504 33689600
32 5765737958430736386 8388608
35184405643264 1153062242100445186 75767808
35184405643296 4612957191309099008 67379200
64 11531475916861472772 16777216
70368811286528 2306124484200890372 151535616
70368811286592 9225914382618198016 134758400
128 4616207760013393928 33554433
140737622573056 4612248968401780744 303071232
140737622573184 5084691526844416 269516801
256 9232415520026787856 67108866
281475245146112 9224497936803561488 606142464
281475245146368 10169383053688832 539033602
512 18086966344024096 134217733
562950490292224 2251799897571360 1212284929
562950490292736 20338766107377664 1078067204
1024 36173932688048192 268435466
1125900980584448 4503599795142720 2424569858
1125900980585472 40677532214755328 2156134408
2048 290271338233984 536870932
2251801961168896 81064793628213376 554172420
2251801961170944 81355064429576192 17301520
4096 580542676467968 1073741864
4503603922337792 162129587256426752 1108344840
4503603922341888 162710128859152384 34603040
8192 1161085352935936 2147483728
9007207844675584 324259174512853504 2216689680
9007207844683776 325420257718304768 69206080
0 0 0
0 0 0
0 0 0
0 0 0
0 0 0
0 0 0
0 0 0
0 0 0
0 0 0
0 0 0
0 0 0
0 0 0
0 0 0
0 0 0
0 0 0
0 0 0
0 0 0
0 0 0
0 0 0
0 0 0
0 0 0
0 0 0
0 0 0
0 0 0
0 0 0
0 0 0
0 0 0
0 0 0
0 0 0
0 0 0
0 0 0
0 0 0
0 0 0
0 0 0
0 0 0
0 0 0
0 0 0
0 0 0
0 0 0
0 0 0
0 0 0
0 0 0
0 0 0
0 0 0
0 0 0
0 0 0
0 0 0
0 0 0
0 0 0
0 0 0
0 0 0
0 0 0
0 0 0
0 0 0
0 0 0
0 0 0
0 0 0
0 0 0
0 0 0
0 0 0
0 0 0
0 0 0
0 0 0
0 0 0
0 0 0
0 0 0
0 0 0
0 0 0
0 0 0
0 0 0
0 0 0
0 0 0
0 0 0
0 0 0
0 0 0
0 0 0
0 0 0
0 0 0
0 0 0
0 0 0
0 0 0
0 0 0
0 0 0
0 0 0
0 0 0
0 0 0
0 0 0
0 0 0
0 0 0
0 0 0
0 0 0
0 0 0
0 0 0
0 0 0
0 0 0
0 0 0
0 0 0
0 0 0
0 0 0
0 0 0
0 0 0
0 0 0
0 0 0
0 0 0
0 0 0
0 0 0
0 0 0
0 0 0
0 0 0
0 0 0
0 0 0
0 0 0
0 0 0
0 0 0
0 0 0
0 0 0
0 0 0
0 0 0
0 0 0
0 0 0
0 0 0
0 0 0
0 0 0
0 0 0
0 0 0
0 0 0
0 0 0
0 0 0
0 0 0
0 0 0
0 0 0
0 0 0
0 0 0
0 0 0
0 0 0
0 0 0
0 0 0
0 0 0
0 0 0
0 0 0
0 0 0
0 0 0
0 0 0
0 0 0
0 0 0
0 0 0
0 0 0
0 0 0
0 0 0
0 0 0
0 0 0
0 0 0
0 0 0
0 0 0
0 0 0
0 0 0
0 0 0
0 0 0
0 0 0
0 0 0
0 0 0
0 0 0
0 0 0
0 0 0
0 0 0
0 0 0
0 0 0
0 0 0
0 0 0
0 0 0
0 0 0
0 0 0
0 0 0
0 0 0
0 0 0
0 0 0
0 0 0
0 0 0
0 0 0
0 0 0
0 0 0
0 0 0
0 0 0
0 0 0
0 0 0
0 0 0
0 0 0
0 0 0
0 0 0
0 0 0
0 0 0
0 0 0
0 0 0
0 0 0
0 0 0
0 0 0
0 0 0
0 0 0
0 0 0
0 0 0
0 0 0
0 0 0
0 0 0
0 0 0
0 0 0
0 0 0
0 0 0
0 0 0
0 0 0
0 0 0
0 0 0
0 0 0
0 0 0
0 0 0
0 0 0
0 0 0
0 0 0
0 0 0
0 0 0
0 0 0
0 0 0
0 0 0
0 0 0
0 0 0
0 0 0
0 0 0
0 0 0
0 0 0
0 0 0
0 0 0
0 0 0
0 0 0
0 0 0
0 0 0
0 0 0
0 0 0
0 0 0
0 0 0
0 0 0
0 0 0
0 0 0
0 0 0
0 0 0
0 0 0
0 0 0
0 0 0
0 0 0
0 0 0
0 0 0
0 0 0
0 0 0
0 0 0
0 0 0
0 0 0
0 0 0
0 0 0
0 0 0
0 0 0
0 0 0
0 0 0
0 0 0
0 0 0
0 0 0
0 0 0
0 0 0
0 0 0
0 0 0
0 0 0
0 0 0
0 0 0
0 0 0
0 0 0
0 0 0
0 0 0
0 0 0
0 0 0
0 0 0
0 0 0
0 0 0
0 0 0
0 0 0
0 0 0
0 0 0
0 0 0
0 0 0
0 0 0
0 0 0
0 0 0
0 0 0
0 0 0
0 0 0
0 0 0
0 0 0
0 0 0
0 0 0
0 0 0
0 0 0
0 0 0
0 0 0
0 0 0
0 0 0
0 0 0
0 0 0
0 0 0
0 0 0
0 0 0
0 0 0
0 0 0
0 0 0
0 0 0
0 0 0
0 0 0
0 0 0
0 0 0
0 0 0
0 0 0
0 0 0
0 0 0
0 0 0
0 0 0
0 0 0
0 0 0
0 0 0
0 0 0
0 0 0
0 0 0
0 0 0
0 0 0
0 0 0
0 0 0
0 0 0
0 0 0
0 0 0
0 0 0
0 0 0
0 0 0
0 0 0
0 0 0
0 0 0
0 0 0
0 0 0
0 0 0
0 0 0
0 0 0
0 0 0
0 0 0
0 0 0
0 0 0
0 0 0
0 0 0
0 0 0
0 0 0
0 0 0
0 0 0
0 0 0
0 0 0
0 0 0
0 0 0
0 0 0
0 0 0
0 36028831378702336 2048
0 34359738368 2147483648
0 36028797018963968 2147485696
0 68719542272 4096
0 72057662757404672 0
0 72057594037993472 4096
0 137439084544 8192
0 144115325514809344 0
0 144115188075986944 8192
0 274878169088 16384
0 288230651029618688 0
0 288230376151973888 16384
0 549756338176 32768
0 576461302059237376 0
0 576460752303947776 32768
0 1099512676352 65536
0 1152922604118474752 0
0 1152921504607895552 65536
0 2199025352704 131072
0 2305845208236949504 0
0 2305843009215791104 131072
0 4398050705408 262144
0 4611690416473899008 0
0 4611686018431582208 262144
0 8796101410816 524288
0 9223380832947798016 0
0 9223372036863164416 524288
0 17592202821632 1048576
0 17592186044416 1
0 16777216 1048577
0 35184405643264 2097152
0 35184372088832 2
0 33554432 2097154
0 70368811286528 4194304
0 70368744177664 4
0 67108864 4194308
0 140737622573056 8388608
0 140737488355328 8
0 134217728 8388616
0 281475245146112 16777216
0 281474976710656 16
0 268435456 16777232
0 562950490292224 33554432
0 562949953421312 32
0 536870912 33554464
0 1125900980584448 67108864
0 1125899906842624 64
0 1073741824 67108928
0 2251801961168896 134217728
0 2251799813685248 128
0 2147483648 134217856
0 4503603922337792 268435456
0 4503599627370496 256
0 4294967296 268435712
0 9007207844675584 536870912
0 9007199254740992 512
0 8589934592 536871424
0 18014415689351168 1073741824
0 18014398509481984 1024
0 17179869184 1073742848
0 36028831378702336 2147483648
0 36028797018963968 2048
0 34359738368 2147485696
0 72057662757470208 0
0 65536 4096
0 72057662757404672 4096
0 144115325514940416 0
0 131072 8192
0 144115325514809344 8192
0 288230651029880832 0
0 262144 16384
0 288230651029618688 16384
0 576461302059761664 0
0 524288 32768
0 576461302059237376 32768
0 1152922604119523328 0
0 1048576 65536
0 1152922604118474752 65536
0 2305845208239046656 0
0 2097152 131072
0 2305845208236949504 131072
0 4611690416478093312 0
0 4194304 262144
0 4611690416473899008 262144
0 9223380832956186624 0
0 8388608 524288
0 9223380832947798016 524288
0 17592202821632 1
0 16777216 1048576
0 17592186044416 1048577
0 35184405643264 2
0 33554432 2097152
0 35184372088832 2097154
0 70368811286528 4
0 67108864 4194304
0 70368744177664 4194308
0 140737622573056 8
0 134217728 8388608
0 140737488355328 8388616
0 281475245146112 16
0 268435456 16777216
0 281474976710656 16777232
0 562950490292224 32
0 536870912 33554432
0 562949953421312 33554464
0 1125900980584448 64
0 1073741824 67108864
0 1125899906842624 67108928
0 2251801961168896 128
0 2147483648 134217728
0 2251799813685248 134217856
0 4503603922337792 256
0 4294967296 268435456
0 4503599627370496 268435712
0 9007207844675584 512
0 8589934592 536870912
0 9007199254740992 536871424
0 18014415689351168 1024
0 17179869184 1073741824
0 18014398509481984 1073742848
