240 640
8 1 80 160 240 320 400 480 560
9 0 1 81 161 241 321 401 481 561
8 3 82 162 242 322 402 482 562
9 2 3 83 163 243 323 403 483 563
8 5 84 164 244 324 404 484 564
9 4 5 85 165 245 325 405 485 565
8 7 86 166 246 326 406 486 566
9 6 7 87 167 247 327 407 487 567
8 9 88 168 248 328 408 488 568
9 8 9 89 169 249 329 409 489 569
8 11 90 170 250 330 410 490 570
9 10 11 91 171 251 331 411 491 571
8 13 92 172 252 332 412 492 572
9 12 13 93 173 253 333 413 493 573
8 15 94 174 254 334 414 494 574
9 14 15 95 175 255 335 415 495 575
8 17 96 176 256 336 416 496 576
9 16 17 97 177 257 337 417 497 577
8 19 98 178 258 338 418 498 578
9 18 19 99 179 259 339 419 499 579
8 21 100 180 260 340 420 500 580
9 20 21 101 181 261 341 421 501 581
8 23 102 182 262 342 422 502 582
9 22 23 103 183 263 343 423 503 583
8 25 104 184 264 344 424 504 584
9 24 25 105 185 265 345 425 505 585
8 27 106 186 266 346 426 506 586
9 26 27 107 187 267 347 427 507 587
8 29 108 188 268 348 428 508 588
9 28 29 109 189 269 349 429 509 589
8 31 110 190 270 350 430 510 590
9 30 31 111 191 271 351 431 511 591
8 33 112 192 272 352 432 512 592
9 32 33 113 193 273 353 433 513 593
8 35 114 194 274 354 434 514 594
9 34 35 115 195 275 355 435 515 595
8 37 116 196 276 356 436 516 596
9 36 37 117 197 277 357 437 517 597
8 39 118 198 278 358 438 518 598
9 38 39 119 199 279 359 439 519 599
8 41 120 200 280 360 440 520 600
9 40 41 121 201 281 361 441 521 601
8 43 122 202 282 362 442 522 602
9 42 43 123 203 283 363 443 523 603
8 45 124 204 284 364 444 524 604
9 44 45 125 205 285 365 445 525 605
8 47 126 206 286 366 446 526 606
9 46 47 127 207 287 367 447 527 607
8 49 128 208 288 368 448 528 608
9 48 49 129 209 289 369 449 529 609
8 51 130 210 290 370 450 530 610
9 50 51 131 211 291 371 451 531 611
8 53 132 212 292 372 452 532 612
9 52 53 133 213 293 373 453 533 613
8 55 134 214 294 374 454 534 614
9 54 55 135 215 295 375 455 535 615
8 57 136 216 296 376 456 536 616
9 56 57 137 217 297 377 457 537 617
8 59 138 218 298 378 458 538 618
9 58 59 139 219 299 379 459 539 619
8 61 140 220 300 380 460 540 620
9 60 61 141 221 301 381 461 541 621
8 63 142 222 302 382 462 542 622
9 62 63 143 223 303 383 463 543 623
8 65 144 224 304 384 464 544 624
9 64 65 145 225 305 385 465 545 625
8 67 146 226 306 386 466 546 626
9 66 67 147 227 307 387 467 547 627
8 69 148 228 308 388 468 548 628
9 68 69 149 229 309 389 469 549 629
8 71 150 230 310 390 470 550 630
9 70 71 151 231 311 391 471 551 631
8 73 152 232 312 392 472 552 632
9 72 73 153 233 313 393 473 553 633
8 75 154 234 314 394 474 554 634
9 74 75 155 235 315 395 475 555 635
8 77 156 236 316 396 476 556 636
9 76 77 157 237 317 397 477 557 637
8 79 158 238 318 398 478 558 638
9 78 79 159 239 319 399 479 559 639
8 0 121 220 260 398 436 492 606
9 1 120 121 221 261 399 437 493 607
8 2 123 222 262 320 438 494 608
9 3 122 123 223 263 321 439 495 609
8 4 125 224 264 322 440 496 610
9 5 124 125 225 265 323 441 497 611
8 6 127 226 266 324 442 498 612
9 7 126 127 227 267 325 443 499 613
8 8 129 228 268 326 444 500 614
9 9 128 129 229 269 327 445 501 615
8 10 131 230 270 328 446 502 616
9 11 130 131 231 271 329 447 503 617
8 12 133 232 272 330 448 504 618
9 13 132 133 233 273 331 449 505 619
8 14 135 234 274 332 450 506 620
9 15 134 135 235 275 333 451 507 621
8 16 137 236 276 334 452 508 622
9 17 136 137 237 277 335 453 509 623
8 18 139 238 278 336 454 510 624
9 19 138 139 239 279 337 455 511 625
8 20 141 160 280 338 456 512 626
9 21 140 141 161 281 339 457 513 627
8 22 143 162 282 340 458 514 628
9 23 142 143 163 283 341 459 515 629
8 24 145 164 284 342 460 516 630
9 25 144 145 165 285 343 461 517 631
8 26 147 166 286 344 462 518 632
9 27 146 147 167 287 345 463 519 633
8 28 149 168 288 346 464 520 634
9 29 148 149 169 289 347 465 521 635
8 30 151 170 290 348 466 522 636
9 31 150 151 171 291 349 467 523 637
8 32 153 172 292 350 468 524 638
9 33 152 153 173 293 351 469 525 639
8 34 155 174 294 352 470 526 560
9 35 154 155 175 295 353 471 527 561
8 36 157 176 296 354 472 528 562
9 37 156 157 177 297 355 473 529 563
8 38 159 178 298 356 474 530 564
9 39 158 159 179 299 357 475 531 565
8 40 81 180 300 358 476 532 566
9 41 80 81 181 301 359 477 533 567
8 42 83 182 302 360 478 534 568
9 43 82 83 183 303 361 479 535 569
8 44 85 184 304 362 400 536 570
9 45 84 85 185 305 363 401 537 571
8 46 87 186 306 364 402 538 572
9 47 86 87 187 307 365 403 539 573
8 48 89 188 308 366 404 540 574
9 49 88 89 189 309 367 405 541 575
8 50 91 190 310 368 406 542 576
9 51 90 91 191 311 369 407 543 577
8 52 93 192 312 370 408 544 578
9 53 92 93 193 313 371 409 545 579
8 54 95 194 314 372 410 546 580
9 55 94 95 195 315 373 411 547 581
8 56 97 196 316 374 412 548 582
9 57 96 97 197 317 375 413 549 583
8 58 99 198 318 376 414 550 584
9 59 98 99 199 319 377 415 551 585
8 60 101 200 240 378 416 552 586
9 61 100 101 201 241 379 417 553 587
8 62 103 202 242 380 418 554 588
9 63 102 103 203 243 381 419 555 589
8 64 105 204 244 382 420 556 590
9 65 104 105 205 245 383 421 557 591
8 66 107 206 246 384 422 558 592
9 67 106 107 207 247 385 423 559 593
8 68 109 208 248 386 424 480 594
9 69 108 109 209 249 387 425 481 595
8 70 111 210 250 388 426 482 596
9 71 110 111 211 251 389 427 483 597
8 72 113 212 252 390 428 484 598
9 73 112 113 213 253 391 429 485 599
8 74 115 214 254 392 430 486 600
9 75 114 115 215 255 393 431 487 601
8 76 117 216 256 394 432 488 602
9 77 116 117 217 257 395 433 489 603
8 78 119 218 258 396 434 490 604
9 79 118 119 219 259 397 435 491 605
8 0 100 187 278 384 414 508 590
9 1 101 186 187 279 385 415 509 591
8 2 102 189 280 386 416 510 592
9 3 103 188 189 281 387 417 511 593
8 4 104 191 282 388 418 512 594
9 5 105 190 191 283 389 419 513 595
8 6 106 193 284 390 420 514 596
9 7 107 192 193 285 391 421 515 597
8 8 108 195 286 392 422 516 598
9 9 109 194 195 287 393 423 517 599
8 10 110 197 288 394 424 518 600
9 11 111 196 197 289 395 425 519 601
8 12 112 199 290 396 426 520 602
9 13 113 198 199 291 397 427 521 603
8 14 114 201 292 398 428 522 604
9 15 115 200 201 293 399 429 523 605
8 16 116 203 294 320 430 524 606
9 17 117 202 203 295 321 431 525 607
8 18 118 205 296 322 432 526 608
9 19 119 204 205 297 323 433 527 609
8 20 120 207 298 324 434 528 610
9 21 121 206 207 299 325 435 529 611
8 22 122 209 300 326 436 530 612
9 23 123 208 209 301 327 437 531 613
8 24 124 211 302 328 438 532 614
9 25 125 210 211 303 329 439 533 615
8 26 126 213 304 330 440 534 616
9 27 127 212 213 305 331 441 535 617
8 28 128 215 306 332 442 536 618
9 29 129 214 215 307 333 443 537 619
8 30 130 217 308 334 444 538 620
9 31 131 216 217 309 335 445 539 621
8 32 132 219 310 336 446 540 622
9 33 133 218 219 311 337 447 541 623
8 34 134 221 312 338 448 542 624
9 35 135 220 221 313 339 449 543 625
8 36 136 223 314 340 450 544 626
9 37 137 222 223 315 341 451 545 627
8 38 138 225 316 342 452 546 628
9 39 139 224 225 317 343 453 547 629
8 40 140 227 318 344 454 548 630
9 41 141 226 227 319 345 455 549 631
8 42 142 229 240 346 456 550 632
9 43 143 228 229 241 347 457 551 633
8 44 144 231 242 348 458 552 634
9 45 145 230 231 243 349 459 553 635
8 46 146 233 244 350 460 554 636
9 47 147 232 233 245 351 461 555 637
8 48 148 235 246 352 462 556 638
9 49 149 234 235 247 353 463 557 639
8 50 150 237 248 354 464 558 560
9 51 151 236 237 249 355 465 559 561
8 52 152 239 250 356 466 480 562
9 53 153 238 239 251 357 467 481 563
8 54 154 161 252 358 468 482 564
9 55 155 160 161 253 359 469 483 565
8 56 156 163 254 360 470 484 566
9 57 157 162 163 255 361 471 485 567
8 58 158 165 256 362 472 486 568
9 59 159 164 165 257 363 473 487 569
8 60 80 167 258 364 474 488 570
9 61 81 166 167 259 365 475 489 571
8 62 82 169 260 366 476 490 572
9 63 83 168 169 261 367 477 491 573
8 64 84 171 262 368 478 492 574
9 65 85 170 171 263 369 479 493 575
8 66 86 173 264 370 400 494 576
9 67 87 172 173 265 371 401 495 577
8 68 88 175 266 372 402 496 578
9 69 89 174 175 267 373 403 497 579
8 70 90 177 268 374 404 498 580
9 71 91 176 177 269 375 405 499 581
8 72 92 179 270 376 406 500 582
9 73 93 178 179 271 377 407 501 583
8 74 94 181 272 378 408 502 584
9 75 95 180 181 273 379 409 503 585
8 76 96 183 274 380 410 504 586
9 77 97 182 183 275 381 411 505 587
8 78 98 185 276 382 412 506 588
9 79 99 184 185 277 383 413 507 589
