320 120 160 40
0 2 40 1 80 1
1 2 41 1 81 1
2 2 42 1 82 1
3 2 43 1 83 1
4 2 44 1 84 1
5 2 45 1 85 1
6 2 46 1 86 1
7 2 47 1 87 1
8 2 48 1 88 1
9 2 49 1 89 1
10 2 50 1 90 1
11 2 51 1 91 1
12 2 52 1 92 1
13 2 53 1 93 1
14 2 54 1 94 1
15 2 55 1 95 1
16 2 56 1 96 1
17 2 57 1 97 1
18 2 58 1 98 1
19 2 59 1 99 1
20 2 60 1 100 1
21 2 61 1 101 1
22 2 62 1 102 1
23 2 63 1 103 1
24 2 64 1 104 1
25 2 65 1 105 1
26 2 66 1 106 1
27 2 67 1 107 1
28 2 68 1 108 1
29 2 69 1 109 1
30 2 70 1 110 1
31 2 71 1 111 1
32 2 72 1 112 1
33 2 73 1 113 1
34 2 74 1 114 1
35 2 75 1 115 1
36 2 76 1 116 1
37 2 77 1 117 1
38 2 78 1 118 1
39 2 79 1 119 1
0 1 60 2 110 1
1 1 61 2 111 1
2 1 62 2 112 1
3 1 63 2 113 1
4 1 64 2 114 1
5 1 65 2 115 1
6 1 66 2 116 1
7 1 67 2 117 1
8 1 68 2 118 1
9 1 69 2 119 1
10 1 70 2 80 1
11 1 71 2 81 1
12 1 72 2 82 1
13 1 73 2 83 1
14 1 74 2 84 1
15 1 75 2 85 1
16 1 76 2 86 1
17 1 77 2 87 1
18 1 78 2 88 1
19 1 79 2 89 1
20 1 40 2 90 1
21 1 41 2 91 1
22 1 42 2 92 1
23 1 43 2 93 1
24 1 44 2 94 1
25 1 45 2 95 1
26 1 46 2 96 1
27 1 47 2 97 1
28 1 48 2 98 1
29 1 49 2 99 1
30 1 50 2 100 1
31 1 51 2 101 1
32 1 52 2 102 1
33 1 53 2 103 1
34 1 54 2 104 1
35 1 55 2 105 1
36 1 56 2 106 1
37 1 57 2 107 1
38 1 58 2 108 1
39 1 59 2 109 1
0 1 50 1 107 2
1 1 51 1 108 2
2 1 52 1 109 2
3 1 53 1 110 2
4 1 54 1 111 2
5 1 55 1 112 2
6 1 56 1 113 2
7 1 57 1 114 2
8 1 58 1 115 2
9 1 59 1 116 2
10 1 60 1 117 2
11 1 61 1 118 2
12 1 62 1 119 2
13 1 63 1 80 2
14 1 64 1 81 2
15 1 65 1 82 2
16 1 66 1 83 2
17 1 67 1 84 2
18 1 68 1 85 2
19 1 69 1 86 2
20 1 70 1 87 2
21 1 71 1 88 2
22 1 72 1 89 2
23 1 73 1 90 2
24 1 74 1 91 2
25 1 75 1 92 2
26 1 76 1 93 2
27 1 77 1 94 2
28 1 78 1 95 2
29 1 79 1 96 2
30 1 40 1 97 2
31 1 41 1 98 2
32 1 42 1 99 2
33 1 43 1 100 2
34 1 44 1 101 2
35 1 45 1 102 2
36 1 46 1 103 2
37 1 47 1 104 2
38 1 48 1 105 2
39 1 49 1 106 2
0 1 70 1 101 1
1 1 71 1 102 1
2 1 72 1 103 1
3 1 73 1 104 1
4 1 74 1 105 1
5 1 75 1 106 1
6 1 76 1 107 1
7 1 77 1 108 1
8 1 78 1 109 1
9 1 79 1 110 1
10 1 40 1 111 1
11 1 41 1 112 1
12 1 42 1 113 1
13 1 43 1 114 1
14 1 44 1 115 1
15 1 45 1 116 1
16 1 46 1 117 1
17 1 47 1 118 1
18 1 48 1 119 1
19 1 49 1 80 1
20 1 50 1 81 1
21 1 51 1 82 1
22 1 52 1 83 1
23 1 53 1 84 1
24 1 54 1 85 1
25 1 55 1 86 1
26 1 56 1 87 1
27 1 57 1 88 1
28 1 58 1 89 1
29 1 59 1 90 1
30 1 60 1 91 1
31 1 61 1 92 1
32 1 62 1 93 1
33 1 63 1 94 1
34 1 64 1 95 1
35 1 65 1 96 1
36 1 66 1 97 1
37 1 67 1 98 1
38 1 68 1 99 1
39 1 69 1 100 1
0 1 41 1 88 1
1 1 42 1 89 1
2 1 43 1 90 1
3 1 44 1 91 1
4 1 45 1 92 1
5 1 46 1 93 1
6 1 47 1 94 1
7 1 48 1 95 1
8 1 49 1 96 1
9 1 50 1 97 1
10 1 51 1 98 1
11 1 52 1 99 1
12 1 53 1 100 1
13 1 54 1 101 1
14 1 55 1 102 1
15 1 56 1 103 1
16 1 57 1 104 1
17 1 58 1 105 1
18 1 59 1 106 1
19 1 60 1 107 1
20 1 61 1 108 1
21 1 62 1 109 1
22 1 63 1 110 1
23 1 64 1 111 1
24 1 65 1 112 1
25 1 66 1 113 1
26 1 67 1 114 1
27 1 68 1 115 1
28 1 69 1 116 1
29 1 70 1 117 1
30 1 71 1 118 1
31 1 72 1 119 1
32 1 73 1 80 1
33 1 74 1 81 1
34 1 75 1 82 1
35 1 76 1 83 1
36 1 77 1 84 1
37 1 78 1 85 1
38 1 79 1 86 1
39 1 40 1 87 1
0 1 62 1 113 1
1 1 63 1 114 1
2 1 64 1 115 1
3 1 65 1 116 1
4 1 66 1 117 1
5 1 67 1 118 1
6 1 68 1 119 1
7 1 69 1 80 1
8 1 70 1 81 1
9 1 71 1 82 1
10 1 72 1 83 1
11 1 73 1 84 1
12 1 74 1 85 1
13 1 75 1 86 1
14 1 76 1 87 1
15 1 77 1 88 1
16 1 78 1 89 1
17 1 79 1 90 1
18 1 40 1 91 1
19 1 41 1 92 1
20 1 42 1 93 1
21 1 43 1 94 1
22 1 44 1 95 1
23 1 45 1 96 1
24 1 46 1 97 1
25 1 47 1 98 1
26 1 48 1 99 1
27 1 49 1 100 1
28 1 50 1 101 1
29 1 51 1 102 1
30 1 52 1 103 1
31 1 53 1 104 1
32 1 54 1 105 1
33 1 55 1 106 1
34 1 56 1 107 1
35 1 57 1 108 1
36 1 58 1 109 1
37 1 59 1 110 1
38 1 60 1 111 1
39 1 61 1 112 1
0 1 74 1 106 1
1 1 75 1 107 1
2 1 76 1 108 1
3 1 77 1 109 1
4 1 78 1 110 1
5 1 79 1 111 1
6 1 40 1 112 1
7 1 41 1 113 1
8 1 42 1 114 1
9 1 43 1 115 1
10 1 44 1 116 1
11 1 45 1 117 1
12 1 46 1 118 1
13 1 47 1 119 1
14 1 48 1 80 1
15 1 49 1 81 1
16 1 50 1 82 1
17 1 51 1 83 1
18 1 52 1 84 1
19 1 53 1 85 1
20 1 54 1 86 1
21 1 55 1 87 1
22 1 56 1 88 1
23 1 57 1 89 1
24 1 58 1 90 1
25 1 59 1 91 1
26 1 60 1 92 1
27 1 61 1 93 1
28 1 62 1 94 1
29 1 63 1 95 1
30 1 64 1 96 1
31 1 65 1 97 1
32 1 66 1 98 1
33 1 67 1 99 1
34 1 68 1 100 1
35 1 69 1 101 1
36 1 70 1 102 1
37 1 71 1 103 1
38 1 72 1 104 1
39 1 73 1 105 1
0 1 57 1 105 1
1 1 58 1 106 1
2 1 59 1 107 1
3 1 60 1 108 1
4 1 61 1 109 1
5 1 62 1 110 1
6 1 63 1 111 1
7 1 64 1 112 1
8 1 65 1 113 1
9 1 66 1 114 1
10 1 67 1 115 1
11 1 68 1 116 1
12 1 69 1 117 1
13 1 70 1 118 1
14 1 71 1 119 1
15 1 72 1 80 1
16 1 73 1 81 1
17 1 74 1 82 1
18 1 75 1 83 1
19 1 76 1 84 1
20 1 77 1 85 1
21 1 78 1 86 1
22 1 79 1 87 1
23 1 40 1 88 1
24 1 41 1 89 1
25 1 42 1 90 1
26 1 43 1 91 1
27 1 44 1 92 1
28 1 45 1 93 1
29 1 46 1 94 1
30 1 47 1 95 1
31 1 48 1 96 1
32 1 49 1 97 1
33 1 50 1 98 1
34 1 51 1 99 1
35 1 52 1 100 1
36 1 53 1 101 1
37 1 54 1 102 1
38 1 55 1 103 1
39 1 56 1 104 1
0 0 0
0 0 0
0 0 0
0 0 0
0 0 0
0 0 0
0 0 0
0 0 0
0 0 0
0 0 0
0 0 0
0 0 0
0 0 0
0 0 0
0 0 0
0 0 0
0 0 0
0 0 0
0 0 0
0 0 0
0 0 0
0 0 0
0 0 0
0 0 0
0 0 0
0 0 0
0 0 0
0 0 0
0 0 0
0 0 0
0 0 0
0 0 0
0 0 0
0 0 0
0 0 0
0 0 0
0 0 0
0 0 0
0 0 0
0 0 0
0 0 0
0 0 0
0 0 0
0 0 0
0 0 0
0 0 0
0 0 0
0 0 0
0 0 0
0 0 0
0 0 0
0 0 0
0 0 0
0 0 0
0 0 0
0 0 0
0 0 0
0 0 0
0 0 0
0 0 0
0 0 0
0 0 0
0 0 0
0 0 0
0 0 0
0 0 0
0 0 0
0 0 0
0 0 0
0 0 0
0 0 0
0 0 0
0 0 0
0 0 0
0 0 0
0 0 0
0 0 0
0 0 0
0 0 0
0 0 0
0 0 0
0 0 0
0 0 0
0 0 0
0 0 0
0 0 0
0 0 0
0 0 0
0 0 0
0 0 0
0 0 0
0 0 0
0 0 0
0 0 0
0 0 0
0 0 0
0 0 0
0 0 0
0 0 0
0 0 0
0 0 0
0 0 0
0 0 0
0 0 0
0 0 0
0 0 0
0 0 0
0 0 0
0 0 0
0 0 0
0 0 0
0 0 0
0 0 0
0 0 0
0 0 0
0 0 0
0 0 0
0 0 0
0 0 0
0 0 0
0 0 0
0 0 0
0 0 0
0 0 0
0 0 0
0 0 0
0 0 0
0 0 0
0 0 0
0 0 0
0 0 0
0 0 0
0 0 0
0 0 0
0 0 0
0 0 0
0 0 0
0 0 0
0 0 0
0 0 0
0 0 0
0 0 0
0 0 0
0 0 0
0 0 0
0 0 0
0 0 0
0 0 0
0 0 0
0 0 0
0 0 0
0 0 0
0 0 0
0 0 0
0 0 0
0 0 0
0 0 0
0 0 0
0 0 0
0 0 0
0 0 0
0 0 0
0 0 0
0 0 0
0 0 0
0 0 0
0 0 0
0 0 0
0 0 0
0 0 0
0 0 0
0 0 0
0 0 0
0 0 0
0 0 0
0 0 0
0 0 0
0 0 0
0 0 0
0 0 0
0 0 0
0 0 0
0 0 0
0 0 0
0 0 0
0 0 0
0 0 0
0 0 0
0 0 0
0 0 0
0 0 0
0 0 0
0 0 0
0 0 0
0 0 0
0 0 0
0 0 0
0 0 0
0 0 0
0 0 0
0 0 0
0 0 0
0 0 0
0 0 0
0 0 0
0 0 0
0 0 0
0 0 0
0 0 0
0 0 0
0 0 0
0 0 0
0 0 0
0 0 0
0 0 0
0 0 0
0 0 0
0 0 0
0 0 0
0 0 0
0 0 0
0 0 0
0 0 0
0 0 0
0 0 0
0 0 0
0 0 0
0 0 0
0 0 0
0 0 0
0 0 0
0 0 0
0 0 0
0 0 0
0 0 0
0 0 0
0 0 0
0 0 0
0 0 0
0 0 0
0 0 0
0 0 0
0 0 0
0 0 0
0 0 0
0 0 0
0 0 0
0 0 0
0 0 0
0 0 0
0 0 0
0 0 0
0 0 0
0 0 0
0 0 0
0 0 0
0 0 0
0 0 0
0 0 0
0 0 0
0 0 0
0 0 0
0 0 0
0 0 0
0 0 0
0 0 0
0 0 0
0 0 0
0 0 0
0 0 0
0 0 0
0 0 0
0 0 0
0 0 0
0 0 0
0 0 0
0 0 0
0 0 0
0 0 0
0 0 0
0 0 0
0 0 0
0 0 0
0 0 0
0 0 0
0 0 0
0 0 0
0 0 0
0 0 0
0 0 0
0 0 0
0 0 0
0 0 0
0 0 0
0 0 0
0 0 0
0 0 0
0 0 0
0 0 0
0 0 0
0 0 0
0 0 0
0 0 0
0 0 0
0 0 0
0 0 0
0 0 0
0 0 0
0 0 0
0 0 0
0 0 0
0 0 0
0 0 0
0 0 0
0 0 0
0 0 0
0 0 0
0 0 0
0 0 0
0 0 0
0 0 0
0 0 0
0 0 0
0 0 0
0 0 0
0 0 0
0 0 0
0 0 0
0 0 0
0 0 0
0 0 0
0 0 0
0 0 0
0 0 0
0 0 0
0 0 0
0 0 0
0 0 0
0 0 0
0 0 0
0 0 0
0 0 0
0 0 0
0 0 0
0 0 0
0 0 0
0 0 0
0 0 0
0 0 0
0 0 0
0 0 0
0 0 0
0 0 0
0 0 0
0 0 0
0 0 0
0 0 0
0 0 0
0 0 0
0 0 0
18014415689367552 0 0
16384 1024 0
18014415689351168 1024 0
36028831378735104 0 0
32768 2048 0
36028831378702336 2048 0
72057662757470208 0 0
65536 4096 0
72057662757404672 4096 0
144115325514940416 0 0
131072 8192 0
144115325514809344 8192 0
288230651029880832 0 0
262144 16384 0
288230651029618688 16384 0
576461302059761664 0 0
524288 32768 0
576461302059237376 32768 0
1152921504607895553 0 0
1099512676352 0 0
1152922604118474753 0 0
2305843009215791106 0 0
2199025352704 0 0
2305845208236949506 0 0
4611686018431582212 0 0
4398050705408 0 0
4611690416473899012 0 0
9223372036863164424 0 0
8796101410816 0 0
9223380832947798024 0 0
16777232 1 0
17592202821632 0 0
17592186044432 1 0
33554464 2 0
35184405643264 0 0
35184372088864 2 0
67108928 4 0
70368811286528 0 0
70368744177728 4 0
134217856 8 0
140737622573056 0 0
140737488355456 8 0
268435712 16 0
281475245146112 0 0
281474976710912 16 0
536871424 32 0
562950490292224 0 0
562949953421824 32 0
1073742848 64 0
1125900980584448 0 0
1125899906843648 64 0
2147485696 128 0
2251801961168896 0 0
2251799813687296 128 0
4294971392 256 0
4503603922337792 0 0
4503599627374592 256 0
8589942784 512 0
9007207844675584 0 0
9007199254749184 512 0
17179885568 1024 0
18014415689351168 0 0
18014398509498368 1024 0
34359771136 2048 0
36028831378702336 0 0
36028797018996736 2048 0
68719542272 4096 0
72057662757404672 0 0
72057594037993472 4096 0
137439084544 8192 0
144115325514809344 0 0
144115188075986944 8192 0
274878169088 16384 0
288230651029618688 0 0
288230376151973888 16384 0
549756338176 32768 0
576461302059237376 0 0
576460752303947776 32768 0
1099512676353 0 0
1152921504606846977 0 0
1152922604119523328 0 0
2199025352706 0 0
2305843009213693954 0 0
2305845208239046656 0 0
4398050705412 0 0
4611686018427387908 0 0
4611690416478093312 0 0
8796101410824 0 0
9223372036854775816 0 0
9223380832956186624 0 0
17592202821648 0 0
16 1 0
17592202821632 1 0
35184405643296 0 0
32 2 0
35184405643264 2 0
70368811286592 0 0
64 4 0
70368811286528 4 0
140737622573184 0 0
128 8 0
140737622573056 8 0
281475245146368 0 0
256 16 0
281475245146112 16 0
562950490292736 0 0
512 32 0
562950490292224 32 0
1125900980585472 0 0
1024 64 0
1125900980584448 64 0
2251801961170944 0 0
2048 128 0
2251801961168896 128 0
4503603922341888 0 0
4096 256 0
4503603922337792 256 0
9007207844683776 0 0
8192 512 0
9007207844675584 512 0
0 5070952463335424 301990144
0 4616752572303147008 262176
0 4611690417014964224 302252320
0 10141904926670848 603980288
0 9233505144606294016 524352
0 9223380834029928448 604504640
0 20283809853341696 1207960576
0 20266215503036416 1048705
0 17594350305280 1209009281
0 40567619706683392 2415921152
0 40532431006072832 2097410
0 35188700610560 2418018562
0 81135239413432320 536875008
0 9007267974283264 4194820
0 72127971439149056 541069828
0 162270478826864640 1073750016
0 18014535948566528 8389640
0 144255942878298112 1082139656
0 324540957653729280 2147500032
0 36029071897133056 16779280
0 288511885756596224 2164279312
0 649081915307524096 32768
0 549756403712 33558560
0 649081365551120384 33591328
0 1298163830615048192 65536
0 1099512807424 67117120
0 1298162731102240768 67182656
0 2596327661230096384 131072
0 2199025614848 134234240
0 2596325462204481536 134365312
0 5192655322460192768 262144
0 4398051229696 268468480
0 5192650924408963072 268730624
0 10385310644920385536 524288
0 8796102459392 536936960
0 10385301848817926144 537461248
0 2323877216131219456 1048577
0 17592204918784 1073873920
0 2323859623926300672 1074922497
0 4647754432262438912 2097154
0 35184409837568 2147747840
0 4647719247852601344 2149844994
0 9223451270487015424 4194308
0 72127962857603072 528384
0 9295438495705268224 4722692
0 158467264479232 8388617
0 144255925715206144 1056768
0 144132917700984832 9445385
0 316934528958464 16777234
0 288511851430412288 2113536
0 288265835401969664 18890770
0 633869057916928 33554468
0 577023702860824576 4227072
0 576531670803939328 37781540
0 1267738115833856 67108936
0 1154047405721649152 8454144
0 1153063341607878656 75563080
0 2535476231667712 134217872
0 2308094811443298304 16908288
0 2306126683215757312 151126160
0 5070952463335424 268435744
0 4616189622886596608 33816576
0 4612253366431514624 302252320
0 10141904926670848 536871488
0 9232379245773193216 67633152
0 9224506732863029248 604504640
0 20283809853341696 1073742976
0 18014417836834816 135266305
0 2269392016506880 1209009281
0 40567619706683392 2147485952
0 36028835673669632 270532610
0 4538784033013760 2418018562
0 81135239413432320 4608
0 77309476864 541065220
0 81135162103955456 541069828
0 162270478826864640 9216
0 154618953728 1082130440
0 162270324207910912 1082139656
0 324540957653729280 18432
0 309237907456 2164260880
0 324540648415821824 2164279312
0 577024321269596160 36864
0 72058212513742848 33554464
0 649081296831709184 33591328
0 1154048642539192320 73728
0 144116425027485696 67108928
0 1298162593663418368 67182656
0 2308097285078384640 147456
0 288232850054971392 134217856
0 2596325187326836736 134365312
0 4616194570156769280 294912
0 576465700109942784 268435712
0 5192650374653673472 268730624
0 9232389140313538560 589824
0 1152931400219885568 536871424
0 10385300749307346944 537461248
0 18034206917525504 1179649
0 2305862800439771136 1073742848
0 2323857424905142272 1074922497
0 36068413835051008 2359298
0 4611725600879542272 2147485696
0 4647714849810284544 2149844994
0 79233632239616 4718596
0 9295508795797012480 4096
0 9295429699620634624 4722692
0 158467264479232 9437192
0 144273517884473344 8193
0 144115325531717632 9445385
0 316934528958464 18874384
0 288547035768946688 16386
0 288230651063435264 18890770
0 633869057916928 37748768
0 577094071537893376 32772
0 576461302126870528 37781540
0 1267738115833856 75497536
0 1154188143075786752 65544
0 1152922604253741056 75563080
0 2535476231667712 150995072
0 2308376286151573504 131088
0 2305845208507482112 151126160
72058178153480456 1316177128538112512 67117057
72347873697660928 1154047541970635264 1073741825
290863775285512 162129586603198464 1140858880
144115256795333137 2632354257076225024 134234114
144696846906949632 2308095083941204992 2147483650
581727550571025 324259173206331392 2281717760
288230513590666274 5192650920114587648 268468228
289393693813899264 4688247761920337920 4
1163455101142050 648518346412728320 268468224
576461027181332548 10385301840229175296 536936456
578787387627798528 9376495523840675840 8
2326910202284100 1297036692825456640 536936448
1152922054362665096 2323859606748798976 1073872913
1157574775255597056 306246973971800064 17
4653820404568200 2594073385650913280 1073872896
2305843009213702417 4647719213497597952 2147745826
2315150650022821888 612493947943534592 34
9307640809136401 5188146771301761024 2147745792
4611686018427404834 9295438426995261440 524356
4630301300045643776 1152930301849206784 68
18615281618272802 10448351136641449984 524288
9223373136366437444 144132780280905728 1048713
9260602600091287553 2305860603698348032 136
37229463724917829 2449958199573348352 1048577
2199023323272 288265560561811457 2097426
74461126473023490 4611721207396696065 272
74458927449835658 4899916399146696704 2097154
4398046646544 576531121123622914 4194852
148922252946046980 9223442414793392130 544
148917854899671316 9799832798293393408 4194308
8796093293088 1153062242247245828 8389704
297844505892093960 140755877232644 1089
297835709799342632 1152921522877235200 8388617
17592186586176 2306124484494491656 16779408
595689011784187920 281511754465288 2178
595671419598685264 2305843045754470400 16777234
35184373172352 4612248968988983312 33558816
1191378023568375840 563023508930576 4356
1191342839197370528 4611686091508940800 33554468
70368746344704 9224497937977966624 67117632
2382756047136751680 1126047017861152 8712
2382685678394741056 9223372183017881600 67108936
140737492689408 2251802246381632 134235265
4765512094273503360 2252094035722304 17424
4765371356789482112 292326211584 134217873
281474985378816 4503604492763264 268470530
9531024188547006720 4504188071444608 34848
9530742713578964224 584652423168 268435746
562949970757632 9007208985526528 536941060
615304303384461824 9008376142889217 69696
614741353448376832 1169304846337 536871492
1125899941515264 18014417971053056 1073882120
1230608606768923648 18016752285778434 139392
1229482706896753664 2338609692674 1073742984
2251799883030528 36028835942106112 2147764240
2461217213537847296 36033504571556868 278784
2458965413793507328 4677219385348 2147485968
4503599766061056 72057671884277760 561184
4922434427075694592 9415105251336 557568
4917930827587014656 72066948476698632 4640
9007199532122112 144115343768555520 1122368
9844868854151389184 18830210502672 1115136
9835861655174029312 144133896953397264 9280
18014399064244224 288230687537111040 2244736
1242993634593226752 37660421005345 2230272
1224979236638507008 288267793906794529 18560
36028798128488448 576461375074222080 4489472
2485987269186453504 75320842010690 4460544
2449958473277014016 576535587813589058 37120
72057596256976896 1152922750148444160 8978944
4971974538372907008 150641684021380 8921088
4899916946554028032 1153071175627178116 74240
144116292025581568 2305845500296822784 17957888
9943949076745814017 301283367977224 17842176
9799832793596428289 2306142351254356232 148480
288232584051163136 4611691000593645568 35915776
1441154079782076418 602566735954449 35684352
1152921513483304962 4612284702508712465 296960
576465168102326272 9223382001187291136 71831552
2882308159564152836 1205133471908898 71368704
2305843026966609924 9224569405017424930 593920
1152930336204652544 19928665030656 143663105
5764616319128305672 2410266943817796 142737408
4611686053933219848 2394736325298244 1187841
2305860672409305088 39857330061312 287326210
11529232638256611344 4820533887635592 285474816
9223372107866439696 4789472650596488 2375682
4611721344818610176 79714660122624 574652420
4611721202803671072 9641067775271185 570949632
142023327776 9578945301192977 4751364
9223442689637220352 159429320245248 1149304840
9223442405607342144 19282135550542370 1141899264
284046655552 19157890602385954 9502728
141305564889088 318858640490497 2298609680
140737505132672 38564271101084741 2283798528
568093311104 38315781204771908 19005456
281511618150401 72695311318908930 302252064
282574521893120 77128542202169482 272629760
1136186622209 4573968371615880 38010912
563023236300802 145390622637817860 604504128
565149043786240 154257084404338964 545259520
2272373244418 9147936743231760 76021824
1126046472601604 290781245275635720 1209008256
1130298087572480 308514168808677928 1090519040
4544746488836 18295873486463520 152043648
2252092945203208 581562490551271440 2418016512
2260596175144960 617028337617355856 2181038080
9089492977672 36591746972927040 304087296
4504185890406416 1235182575140470816 541065728
4521192350289920 1234056675234777248 67108864
18178985955344 1125899907991680 608174592
9007272269185057 2470365150280941632 1082131456
9043484212207616 2468113350469488960 134217728
36357971910689 2251799815917824 1216349184
18014544538370114 4940730300561883264 2164262912
18086968424415232 4936226700938977920 268435456
72715943821378 4503599631835648 2432698368
36029089076740228 9881460601123832064 33558528
36173936848830464 9800395807840093440 536870912
145431887642756 81064793301599232 570429440
550829559936 2323859881626444288 1090650113
4644483144613888 18298072528364096 16793601
4645033974173824 2306124759085121600 1073889280
2147492097 4647719763252888576 2181300226
9290065800855552 36596145056662656 33587202
9290067948347649 4612249518170177664 2147778560
4294984194 9295439526505842688 67633156
18580131601711104 1134696075462912 67174404
18580135896695298 9296556630378283264 589824
1108101596164 144134979302068224 135266313
37160263203422209 2269392150860288 134348808
37159172281762821 146369187047014912 1179649
2216203192328 288269958604136448 270532626
74320526406844418 4538784301720576 268697616
74318344563525642 292738374094029824 2359298
4432406384656 576539917208272896 541065252
148641052813688836 9077568603441152 537395232
148636689127051284 585476748188059648 4718596
8864812769312 1153079834416545792 1082130504
297282105627377672 18155137206882304 1074790464
297273378254102568 1170953496376119296 9437192
18829137166400 2306159668833026048 2164261008
594564211254755345 36310274413699072 2149580928
594545656996577361 2341906992752238592 18874384
37658274332800 4684376931703980032 33554720
1189128422509510690 72620548827463680 4194560
1189091313993154722 4611756391466614784 37748768
75316548665600 9368753863407960064 67109440
2378256845019021380 145241097654927360 8389120
2378182627986309444 9223512782933229568 75497536
149533585703425 290763653106368512 134218881
4756514789549670536 290482195309789184 16778240
4756365255972618889 281492156841984 150995073
299067171406850 581527306212737024 268437762
9513029579099341072 580964390619578368 33556480
9512730511945237778 562984313683968 301990146
598134342813700 1163054612425474048 536875524
579315084489130528 1161928781239156737 67112960
578716950180923940 1125968627367937 603980292
1196268685627400 2326109224850948096 1073751048
1158630168978261056 2323857562478313474 134225920
1157433900361847880 2251937254735874 1207960584
2392537371254800 4652218449701896192 2147502096
2317260337956522112 4647715124956626948 268451840
2314867800723695760 4503874509471748 2415921168
4785074742509600 9304436899403857920 36896
4634520675913044224 9223372655875391496 536903680
4629735601447391520 81065343056871432 536875040
9570149485019200 162129725098164224 73793
9269041351826088448 1238041231376 1073807361
9259471202894783040 162130686113742864 1073750080
19140298970038400 324259450196328448 147586
91338629942625280 2476082462753 2147614722
72198332080014464 324261372227485729 2147500160
38280597940076800 576461306354794496 295172
182677259885250560 72062546202853442 262148
144396664160028928 648522744455036994 33024
76561195880153600 1152922612709588992 590344
365354519770501120 144125092405706884 524296
288793328320057856 1297045488910073988 66048
153122391760307200 2305845225419177984 1180688
730709039541002240 288250184811413768 1048592
577586656640115712 2594090977820147976 132096
306244783520614400 4611690450838355968 2361376
1461418079082004480 576500369622827536 2097184
1155173313280231424 5188181955640295952 264192
612489567041228800 9223380901676711936 4722752
2922836158164008960 1153000739245655072 4194368
2310346626560462848 10376363911280591904 528384
1224979134082457600 17729643872256 9445505
5845672316328017920 2306001478491310144 8388736
4620693253120925696 2305983748851632192 1056769
2449958268164915200 35459287744512 18891010
11691344632656035840 4612002956982620288 16777472
9241386506241851392 4611967497703264384 2113538
4899916536329830400 70918575489024 37782020
4935945191602520064 9224005913965240577 33554944
36028938774151168 9223934995406528769 4227076
9799833072659660800 141837150978048 75564040
9871890383205040128 1267754220929538 67109889
72057877548302336 1125917103505922 8454153
1152922071609769984 283674301956097 151128080
1297036692700528640 2535508441859077 134219778
144115755096604672 2251834207011844 16908306
2305843043707912193 567348603912194 302256160
2594074484912685056 5071016883652618 268439556
288231510193209345 4503668413958152 33816612
4611686087415824386 1134697207824388 604512320
5188148969825370112 10142033767305236 536879112
576463020386418690 9007336827916304 67633224
9223372174831648772 2269394415648776 1209024640
10376297939650740224 20284067534610472 1073758224
1152926040772837380 18014673655832608 135266448
275953745928 4538788831297553 2418049280
2305851805591928832 40568135069220945 2147516448
2305852081545674760 36029347311665216 270532896
551907491856 81135171700523042 541131264
4611703611183857664 81136270138507426 65600
4611704163091349520 1100585468032 541065792
4303355937 162270343401046084 1082262528
9223408321879343104 162272540276949316 131200
9223408326182699041 2201170870528 1082131584
8606711874 324540686802092168 2164525056
72570049134592 324545080553898633 262400
72578655846466 4402341741057 2164263168
17213423748 649081373604249872 34082816
145140098269184 577032567069934866 524800
145157311692932 72066398721410050 33559040
34426847496 1298162747208499744 68165632
290280196538368 1154065134139869732 1049600
290314623385864 144132797442820100 67118080
68853694992 2596325494416999488 136331264
580560393076736 2308130268279739464 2099200
580629246771728 288265594885640200 134236160
137707389984 5192650988833998976 272662528
1161120786153472 4616260536559478928 4198400
1161258493543456 576531189771280400 268472320
275414779968 10385301977667997952 545325056
2322241572306944 9232521073118957856 8396800
2322516987086912 1153062379542560800 536944640
1441152156710469640 34359738880 2147483648
1152930309291114496 36028797018980928 2147485696
288239456787365896 36028831378718784 2048
2882304313420939280 72057662757405696 0
2305860618582228992 72057594038027392 4096
576478913574731792 68719575168 4096
5764607527330250785 144115325514811392 0
4611722336676085760 144115188075989248 8192
1152957827149463585 137439084800 8192
11529215054660501570 288230651029622784 0
9223444673352171520 288230376151978496 16384
2305915654298927170 274878169600 16384
4611686035611451524 576461302059245569 0
145272994791424 576460752303956993 32768
4611831308597854340 549756339200 32768
9223372071222903048 1152922604118491138 0
290545989582848 1152921504607913986 65536
9223662617195708680 1099512678400 65536
68736254480 2305845208236982277 0
581091979165696 2305843009215827972 131072
581160681865744 2199025356801 131072
1236984136736 4611690416473899018 0
1162183958331393 4611686018431590408 262144
1161221852103713 4398050713602 262144
2473968273472 9223380832947798036 0
2324367916662786 9223372036863180816 524288
2322443704207426 8796101427204 524288
4947936546944 17592186044456 1
4648735833325572 16810016 1048577
4644887408414852 17592202854408 1048576
8796361466113 35184372088912 2
9298571178278920 33554496 2097154
9289774816829705 35184405643280 2097152
17592722932226 70368744177824 4
18597142356557840 67108992 4194308
18579549633659410 70368811286560 4194304
35185445864452 140737488355648 8
37194284713115680 134217984 8388616
37159099267318820 140737622573120 8388608
70370891728904 281474976711296 16
74388569426231360 268435968 16777232
74318198534637640 281475245146240 16777216
140741783457808 562949953422592 32
148777138852462720 536871936 33554464
148636397069275280 562950490292480 33554432
281483566915616 1125899906845184 64
297554277704925440 1073743872 67108928
297272794138550560 1125900980584960 67108864
562967133831232 2251799813690368 128
595108555409850880 2147487744 134217856
594545588277101120 2251801961169920 134217728
1125934267662464 4503599627380736 256
1190217110819701760 4294975488 268435712
1189091176554202240 4503603922339840 268435456
2251868535324928 9007199254761472 512
2380434221639403520 8589950976 536871424
2378182353108404480 9007207844679680 536870912
4503737070649856 18014398509522944 1024
4760868443278807040 17179901952 1073742848
4756364706216808960 18014415689359360 1073741824
9008573652927488 36028797018980352 2048
9521736886557614081 34359738368 2147485696
9512728312921990145 36028831378718720 2147483648
18017147305854976 98304 4096
596729699405676546 72057662757404673 4096
578712552134428674 72057662757502977 0
36034294611709953 131072 8192
1193458299299725317 144115325514809346 8192
1157426203780485124 144115325514940418 0
72068589223419906 262144 16384
2386916598599450634 288230651029618692 16384
2314852407560970248 288230651029880836 0
144137178446839812 524288 32768
4773833197198901268 576461302059237384 32768
4629704815121940496 576461302059761672 0
288274356893679624 1048576 65536
9547666394397802536 1152922604118474768 65536
9259409630243880992 1152922604119523344 0
576548713787359248 2097152 131072
648588715086053456 2305845208236949537 131072
72075186778210368 2305845208239046689 0
1153097427574718496 4194304 262144
1297177430172106912 4611690416473899074 262144
144150373556420736 4611690416478093378 0
2306194855149436992 8388608 524288
2594354860344213824 9223380832947798148 524288
288300747112841472 9223380832956186756 0
4612389710298873984 16777216 1048576
5188709720688427648 17592186044680 1048577
576601494225682944 17592202821896 1
9224779420597747968 33554432 2097152
10377419441376855296 35184372089360 2097154
1153202988451365888 35184405643792 2
2814767485944320 67108865 4194304
2308094809044158976 70368744178721 4194308
2306405976902731776 70368811287584 4
5629534971888640 134217730 8388608
4616189618088317952 140737488357442 8388616
4612811953805463552 140737622575168 8
11259069943777280 268435460 16777216
9232379236176635904 281474976714884 16777232
9225623907610927104 281475245150336 16
22518139887554560 536870920 33554432
18014398643720192 562949953429769 33554464
4503741512302592 562950490300673 32
45036279775109120 1073741840 67108864
36028797287440384 1125899906859538 67108928
9007483024605184 1125900980601346 64
90072559550218240 2147483680 134217728
72057594574880768 2251799813719076 134217856
18014966049210368 2251801961202692 128
180144019588808705 4294967360 268435456
144116288661389312 4503599627372616 268435712
36029932098420737 4503603922339848 256
360288039177617410 8589934720 536870912
288232577322778624 9007199254745232 536871424
72059864196841474 9007207844679696 512
720576078355234820 17179869440 1073741824
576465154645557248 18014398509490464 1073742848
144119728393682948 18014415689359392 1024
