240 640
8 0 122 202 276 321 436 508 588
9 1 123 203 277 320 321 437 509 589
8 2 124 204 278 323 438 510 590
9 3 125 205 279 322 323 439 511 591
8 4 126 206 280 325 440 512 592
9 5 127 207 281 324 325 441 513 593
8 6 128 208 282 327 442 514 594
9 7 129 209 283 326 327 443 515 595
8 8 130 210 284 329 444 516 596
9 9 131 211 285 328 329 445 517 597
8 10 132 212 286 331 446 518 598
9 11 133 213 287 330 331 447 519 599
8 12 134 214 288 333 448 520 600
9 13 135 215 289 332 333 449 521 601
8 14 136 216 290 335 450 522 602
9 15 137 217 291 334 335 451 523 603
8 16 138 218 292 337 452 524 604
9 17 139 219 293 336 337 453 525 605
8 18 140 220 294 339 454 526 606
9 19 141 221 295 338 339 455 527 607
8 20 142 222 296 341 456 528 608
9 21 143 223 297 340 341 457 529 609
8 22 144 224 298 343 458 530 610
9 23 145 225 299 342 343 459 531 611
8 24 146 226 300 345 460 532 612
9 25 147 227 301 344 345 461 533 613
8 26 148 228 302 347 462 534 614
9 27 149 229 303 346 347 463 535 615
8 28 150 230 304 349 464 536 616
9 29 151 231 305 348 349 465 537 617
8 30 152 232 306 351 466 538 618
9 31 153 233 307 350 351 467 539 619
8 32 154 234 308 353 468 540 620
9 33 155 235 309 352 353 469 541 621
8 34 156 236 310 355 470 542 622
9 35 157 237 311 354 355 471 543 623
8 36 158 238 312 357 472 544 624
9 37 159 239 313 356 357 473 545 625
8 38 80 160 314 359 474 546 626
9 39 81 161 315 358 359 475 547 627
8 40 82 162 316 361 476 548 628
9 41 83 163 317 360 361 477 549 629
8 42 84 164 318 363 478 550 630
9 43 85 165 319 362 363 479 551 631
8 44 86 166 240 365 400 552 632
9 45 87 167 241 364 365 401 553 633
8 46 88 168 242 367 402 554 634
9 47 89 169 243 366 367 403 555 635
8 48 90 170 244 369 404 556 636
9 49 91 171 245 368 369 405 557 637
8 50 92 172 246 371 406 558 638
9 51 93 173 247 370 371 407 559 639
8 52 94 174 248 373 408 480 560
9 53 95 175 249 372 373 409 481 561
8 54 96 176 250 375 410 482 562
9 55 97 177 251 374 375 411 483 563
8 56 98 178 252 377 412 484 564
9 57 99 179 253 376 377 413 485 565
8 58 100 180 254 379 414 486 566
9 59 101 181 255 378 379 415 487 567
8 60 102 182 256 381 416 488 568
9 61 103 183 257 380 381 417 489 569
8 62 104 184 258 383 418 490 570
9 63 105 185 259 382 383 419 491 571
8 64 106 186 260 385 420 492 572
9 65 107 187 261 384 385 421 493 573
8 66 108 188 262 387 422 494 574
9 67 109 189 263 386 387 423 495 575
8 68 110 190 264 389 424 496 576
9 69 111 191 265 388 389 425 497 577
8 70 112 192 266 391 426 498 578
9 71 113 193 267 390 391 427 499 579
8 72 114 194 268 393 428 500 580
9 73 115 195 269 392 393 429 501 581
8 74 116 196 270 395 430 502 582
9 75 117 197 271 394 395 431 503 583
8 76 118 198 272 397 432 504 584
9 77 119 199 273 396 397 433 505 585
8 78 120 200 274 399 434 506 586
9 79 121 201 275 398 399 435 507 587
8 0 84 172 244 350 401 492 590
9 1 85 173 245 351 400 401 493 591
8 2 86 174 246 352 403 494 592
9 3 87 175 247 353 402 403 495 593
8 4 88 176 248 354 405 496 594
9 5 89 177 249 355 404 405 497 595
8 6 90 178 250 356 407 498 596
9 7 91 179 251 357 406 407 499 597
8 8 92 180 252 358 409 500 598
9 9 93 181 253 359 408 409 501 599
8 10 94 182 254 360 411 502 600
9 11 95 183 255 361 410 411 503 601
8 12 96 184 256 362 413 504 602
9 13 97 185 257 363 412 413 505 603
8 14 98 186 258 364 415 506 604
9 15 99 187 259 365 414 415 507 605
8 16 100 188 260 366 417 508 606
9 17 101 189 261 367 416 417 509 607
8 18 102 190 262 368 419 510 608
9 19 103 191 263 369 418 419 511 609
8 20 104 192 264 370 421 512 610
9 21 105 193 265 371 420 421 513 611
8 22 106 194 266 372 423 514 612
9 23 107 195 267 373 422 423 515 613
8 24 108 196 268 374 425 516 614
9 25 109 197 269 375 424 425 517 615
8 26 110 198 270 376 427 518 616
9 27 111 199 271 377 426 427 519 617
8 28 112 200 272 378 429 520 618
9 29 113 201 273 379 428 429 521 619
8 30 114 202 274 380 431 522 620
9 31 115 203 275 381 430 431 523 621
8 32 116 204 276 382 433 524 622
9 33 117 205 277 383 432 433 525 623
8 34 118 206 278 384 435 526 624
9 35 119 207 279 385 434 435 527 625
8 36 120 208 280 386 437 528 626
9 37 121 209 281 387 436 437 529 627
8 38 122 210 282 388 439 530 628
9 39 123 211 283 389 438 439 531 629
8 40 124 212 284 390 441 532 630
9 41 125 213 285 391 440 441 533 631
8 42 126 214 286 392 443 534 632
9 43 127 215 287 393 442 443 535 633
8 44 128 216 288 394 445 536 634
9 45 129 217 289 395 444 445 537 635
8 46 130 218 290 396 447 538 636
9 47 131 219 291 397 446 447 539 637
8 48 132 220 292 398 449 540 638
9 49 133 221 293 399 448 449 541 639
8 50 134 222 294 320 451 542 560
9 51 135 223 295 321 450 451 543 561
8 52 136 224 296 322 453 544 562
9 53 137 225 297 323 452 453 545 563
8 54 138 226 298 324 455 546 564
9 55 139 227 299 325 454 455 547 565
8 56 140 228 300 326 457 548 566
9 57 141 229 301 327 456 457 549 567
8 58 142 230 302 328 459 550 568
9 59 143 231 303 329 458 459 551 569
8 60 144 232 304 330 461 552 570
9 61 145 233 305 331 460 461 553 571
8 62 146 234 306 332 463 554 572
9 63 147 235 307 333 462 463 555 573
8 64 148 236 308 334 465 556 574
9 65 149 237 309 335 464 465 557 575
8 66 150 238 310 336 467 558 576
9 67 151 239 311 337 466 467 559 577
8 68 152 160 312 338 469 480 578
9 69 153 161 313 339 468 469 481 579
8 70 154 162 314 340 471 482 580
9 71 155 163 315 341 470 471 483 581
8 72 156 164 316 342 473 484 582
9 73 157 165 317 343 472 473 485 583
8 74 158 166 318 344 475 486 584
9 75 159 167 319 345 474 475 487 585
8 76 80 168 240 346 477 488 586
9 77 81 169 241 347 476 477 489 587
8 78 82 170 242 348 479 490 588
9 79 83 171 243 349 478 479 491 589
8 0 108 238 278 398 428 481 598
9 1 109 239 279 399 429 480 481 599
8 2 110 160 280 320 430 483 600
9 3 111 161 281 321 431 482 483 601
8 4 112 162 282 322 432 485 602
9 5 113 163 283 323 433 484 485 603
8 6 114 164 284 324 434 487 604
9 7 115 165 285 325 435 486 487 605
8 8 116 166 286 326 436 489 606
9 9 117 167 287 327 437 488 489 607
8 10 118 168 288 328 438 491 608
9 11 119 169 289 329 439 490 491 609
8 12 120 170 290 330 440 493 610
9 13 121 171 291 331 441 492 493 611
8 14 122 172 292 332 442 495 612
9 15 123 173 293 333 443 494 495 613
8 16 124 174 294 334 444 497 614
9 17 125 175 295 335 445 496 497 615
8 18 126 176 296 336 446 499 616
9 19 127 177 297 337 447 498 499 617
8 20 128 178 298 338 448 501 618
9 21 129 179 299 339 449 500 501 619
8 22 130 180 300 340 450 503 620
9 23 131 181 301 341 451 502 503 621
8 24 132 182 302 342 452 505 622
9 25 133 183 303 343 453 504 505 623
8 26 134 184 304 344 454 507 624
9 27 135 185 305 345 455 506 507 625
8 28 136 186 306 346 456 509 626
9 29 137 187 307 347 457 508 509 627
8 30 138 188 308 348 458 511 628
9 31 139 189 309 349 459 510 511 629
8 32 140 190 310 350 460 513 630
9 33 141 191 311 351 461 512 513 631
8 34 142 192 312 352 462 515 632
9 35 143 193 313 353 463 514 515 633
8 36 144 194 314 354 464 517 634
9 37 145 195 315 355 465 516 517 635
8 38 146 196 316 356 466 519 636
9 39 147 197 317 357 467 518 519 637
8 40 148 198 318 358 468 521 638
9 41 149 199 319 359 469 520 521 639
8 42 150 200 240 360 470 523 560
9 43 151 201 241 361 471 522 523 561
8 44 152 202 242 362 472 525 562
9 45 153 203 243 363 473 524 525 563
8 46 154 204 244 364 474 527 564
9 47 155 205 245 365 475 526 527 565
8 48 156 206 246 366 476 529 566
9 49 157 207 247 367 477 528 529 567
8 50 158 208 248 368 478 531 568
9 51 159 209 249 369 479 530 531 569
8 52 80 210 250 370 400 533 570
9 53 81 211 251 371 401 532 533 571
8 54 82 212 252 372 402 535 572
9 55 83 213 253 373 403 534 535 573
8 56 84 214 254 374 404 537 574
9 57 85 215 255 375 405 536 537 575
8 58 86 216 256 376 406 539 576
9 59 87 217 257 377 407 538 539 577
8 60 88 218 258 378 408 541 578
9 61 89 219 259 379 409 540 541 579
8 62 90 220 260 380 410 543 580
9 63 91 221 261 381 411 542 543 581
8 64 92 222 262 382 412 545 582
9 65 93 223 263 383 413 544 545 583
8 66 94 224 264 384 414 547 584
9 67 95 225 265 385 415 546 547 585
8 68 96 226 266 386 416 549 586
9 69 97 227 267 387 417 548 549 587
8 70 98 228 268 388 418 551 588
9 71 99 229 269 389 419 550 551 589
8 72 100 230 270 390 420 553 590
9 73 101 231 271 391 421 552 553 591
8 74 102 232 272 392 422 555 592
9 75 103 233 273 393 423 554 555 593
8 76 104 234 274 394 424 557 594
9 77 105 235 275 395 425 556 557 595
8 78 106 236 276 396 426 559 596
9 79 107 237 277 397 427 558 559 597
