108 288
8 1 36 72 108 144 180 216 252
9 0 1 37 73 109 145 181 217 253
8 3 38 74 110 146 182 218 254
9 2 3 39 75 111 147 183 219 255
8 5 40 76 112 148 184 220 256
9 4 5 41 77 113 149 185 221 257
8 7 42 78 114 150 186 222 258
9 6 7 43 79 115 151 187 223 259
8 9 44 80 116 152 188 224 260
9 8 9 45 81 117 153 189 225 261
8 11 46 82 118 154 190 226 262
9 10 11 47 83 119 155 191 227 263
8 13 48 84 120 156 192 228 264
9 12 13 49 85 121 157 193 229 265
8 15 50 86 122 158 194 230 266
9 14 15 51 87 123 159 195 231 267
8 17 52 88 124 160 196 232 268
9 16 17 53 89 125 161 197 233 269
8 19 54 90 126 162 198 234 270
9 18 19 55 91 127 163 199 235 271
8 21 56 92 128 164 200 236 272
9 20 21 57 93 129 165 201 237 273
8 23 58 94 130 166 202 238 274
9 22 23 59 95 131 167 203 239 275
8 25 60 96 132 168 204 240 276
9 24 25 61 97 133 169 205 241 277
8 27 62 98 134 170 206 242 278
9 26 27 63 99 135 171 207 243 279
8 29 64 100 136 172 208 244 280
9 28 29 65 101 137 173 209 245 281
8 31 66 102 138 174 210 246 282
9 30 31 67 103 139 175 211 247 283
8 33 68 104 140 176 212 248 284
9 32 33 69 105 141 177 213 249 285
8 35 70 106 142 178 214 250 286
9 34 35 71 107 143 179 215 251 287
8 0 71 92 126 146 194 246 278
9 1 70 71 93 127 147 195 247 279
8 2 37 94 128 148 196 248 280
9 3 36 37 95 129 149 197 249 281
8 4 39 96 130 150 198 250 282
9 5 38 39 97 131 151 199 251 283
8 6 41 98 132 152 200 216 284
9 7 40 41 99 133 153 201 217 285
8 8 43 100 134 154 202 218 286
9 9 42 43 101 135 155 203 219 287
8 10 45 102 136 156 204 220 252
9 11 44 45 103 137 157 205 221 253
8 12 47 104 138 158 206 222 254
9 13 46 47 105 139 159 207 223 255
8 14 49 106 140 160 208 224 256
9 15 48 49 107 141 161 209 225 257
8 16 51 72 142 162 210 226 258
9 17 50 51 73 143 163 211 227 259
8 18 53 74 108 164 212 228 260
9 19 52 53 75 109 165 213 229 261
8 20 55 76 110 166 214 230 262
9 21 54 55 77 111 167 215 231 263
8 22 57 78 112 168 180 232 264
9 23 56 57 79 113 169 181 233 265
8 24 59 80 114 170 182 234 266
9 25 58 59 81 115 171 183 235 267
8 26 61 82 116 172 184 236 268
9 27 60 61 83 117 173 185 237 269
8 28 63 84 118 174 186 238 270
9 29 62 63 85 119 175 187 239 271
8 30 65 86 120 176 188 240 272
9 31 64 65 87 121 177 189 241 273
8 32 67 88 122 178 190 242 274
9 33 66 67 89 123 179 191 243 275
8 34 69 90 124 144 192 244 276
9 35 68 69 91 125 145 193 245 277
8 0 52 91 128 172 214 242 254
9 1 53 90 91 129 173 215 243 255
8 2 54 93 130 174 180 244 256
9 3 55 92 93 131 175 181 245 257
8 4 56 95 132 176 182 246 258
9 5 57 94 95 133 177 183 247 259
8 6 58 97 134 178 184 248 260
9 7 59 96 97 135 179 185 249 261
8 8 60 99 136 144 186 250 262
9 9 61 98 99 137 145 187 251 263
8 10 62 101 138 146 188 216 264
9 11 63 100 101 139 147 189 217 265
8 12 64 103 140 148 190 218 266
9 13 65 102 103 141 149 191 219 267
8 14 66 105 142 150 192 220 268
9 15 67 104 105 143 151 193 221 269
8 16 68 107 108 152 194 222 270
9 17 69 106 107 109 153 195 223 271
8 18 70 73 110 154 196 224 272
9 19 71 72 73 111 155 197 225 273
8 20 36 75 112 156 198 226 274
9 21 37 74 75 113 157 199 227 275
8 22 38 77 114 158 200 228 276
9 23 39 76 77 115 159 201 229 277
8 24 40 79 116 160 202 230 278
9 25 41 78 79 117 161 203 231 279
8 26 42 81 118 162 204 232 280
9 27 43 80 81 119 163 205 233 281
8 28 44 83 120 164 206 234 282
9 29 45 82 83 121 165 207 235 283
8 30 46 85 122 166 208 236 284
9 31 47 84 85 123 167 209 237 285
8 32 48 87 124 168 210 238 286
9 33 49 86 87 125 169 211 239 287
8 34 50 89 126 170 212 240 252
9 35 51 88 89 127 171 213 241 253
