108 288
8 0 68 98 122 145 194 242 284
9 1 69 99 123 144 145 195 243 285
8 2 70 100 124 147 196 244 286
9 3 71 101 125 146 147 197 245 287
8 4 36 102 126 149 198 246 252
9 5 37 103 127 148 149 199 247 253
8 6 38 104 128 151 200 248 254
9 7 39 105 129 150 151 201 249 255
8 8 40 106 130 153 202 250 256
9 9 41 107 131 152 153 203 251 257
8 10 42 72 132 155 204 216 258
9 11 43 73 133 154 155 205 217 259
8 12 44 74 134 157 206 218 260
9 13 45 75 135 156 157 207 219 261
8 14 46 76 136 159 208 220 262
9 15 47 77 137 158 159 209 221 263
8 16 48 78 138 161 210 222 264
9 17 49 79 139 160 161 211 223 265
8 18 50 80 140 163 212 224 266
9 19 51 81 141 162 163 213 225 267
8 20 52 82 142 165 214 226 268
9 21 53 83 143 164 165 215 227 269
8 22 54 84 108 167 180 228 270
9 23 55 85 109 166 167 181 229 271
8 24 56 86 110 169 182 230 272
9 25 57 87 111 168 169 183 231 273
8 26 58 88 112 171 184 232 274
9 27 59 89 113 170 171 185 233 275
8 28 60 90 114 173 186 234 276
9 29 61 91 115 172 173 187 235 277
8 30 62 92 116 175 188 236 278
9 31 63 93 117 174 175 189 237 279
8 32 64 94 118 177 190 238 280
9 33 65 95 119 176 177 191 239 281
8 34 66 96 120 179 192 240 282
9 35 67 97 121 178 179 193 241 283
8 0 56 92 138 146 181 246 254
9 1 57 93 139 147 180 181 247 255
8 2 58 94 140 148 183 248 256
9 3 59 95 141 149 182 183 249 257
8 4 60 96 142 150 185 250 258
9 5 61 97 143 151 184 185 251 259
8 6 62 98 108 152 187 216 260
9 7 63 99 109 153 186 187 217 261
8 8 64 100 110 154 189 218 262
9 9 65 101 111 155 188 189 219 263
8 10 66 102 112 156 191 220 264
9 11 67 103 113 157 190 191 221 265
8 12 68 104 114 158 193 222 266
9 13 69 105 115 159 192 193 223 267
8 14 70 106 116 160 195 224 268
9 15 71 107 117 161 194 195 225 269
8 16 36 72 118 162 197 226 270
9 17 37 73 119 163 196 197 227 271
8 18 38 74 120 164 199 228 272
9 19 39 75 121 165 198 199 229 273
8 20 40 76 122 166 201 230 274
9 21 41 77 123 167 200 201 231 275
8 22 42 78 124 168 203 232 276
9 23 43 79 125 169 202 203 233 277
8 24 44 80 126 170 205 234 278
9 25 45 81 127 171 204 205 235 279
8 26 46 82 128 172 207 236 280
9 27 47 83 129 173 206 207 237 281
8 28 48 84 130 174 209 238 282
9 29 49 85 131 175 208 209 239 283
8 30 50 86 132 176 211 240 284
9 31 51 87 133 177 210 211 241 285
8 32 52 88 134 178 213 242 286
9 33 53 89 135 179 212 213 243 287
8 34 54 90 136 144 215 244 252
9 35 55 91 137 145 214 215 245 253
8 0 40 100 134 172 184 217 278
9 1 41 101 135 173 185 216 217 279
8 2 42 102 136 174 186 219 280
9 3 43 103 137 175 187 218 219 281
8 4 44 104 138 176 188 221 282
9 5 45 105 139 177 189 220 221 283
8 6 46 106 140 178 190 223 284
9 7 47 107 141 179 191 222 223 285
8 8 48 72 142 144 192 225 286
9 9 49 73 143 145 193 224 225 287
8 10 50 74 108 146 194 227 252
9 11 51 75 109 147 195 226 227 253
8 12 52 76 110 148 196 229 254
9 13 53 77 111 149 197 228 229 255
8 14 54 78 112 150 198 231 256
9 15 55 79 113 151 199 230 231 257
8 16 56 80 114 152 200 233 258
9 17 57 81 115 153 201 232 233 259
8 18 58 82 116 154 202 235 260
9 19 59 83 117 155 203 234 235 261
8 20 60 84 118 156 204 237 262
9 21 61 85 119 157 205 236 237 263
8 22 62 86 120 158 206 239 264
9 23 63 87 121 159 207 238 239 265
8 24 64 88 122 160 208 241 266
9 25 65 89 123 161 209 240 241 267
8 26 66 90 124 162 210 243 268
9 27 67 91 125 163 211 242 243 269
8 28 68 92 126 164 212 245 270
9 29 69 93 127 165 213 244 245 271
8 30 70 94 128 166 214 247 272
9 31 71 95 129 167 215 246 247 273
8 32 36 96 130 168 180 249 274
9 33 37 97 131 169 181 248 249 275
8 34 38 98 132 170 182 251 276
9 35 39 99 133 171 183 250 251 277
