448 168 4 56
0 2 56 1 112 1 0 0 0 0 0 0 0 0 0 0 0 0
1 2 57 1 113 1 0 0 0 0 0 0 0 0 0 0 0 0
2 2 58 1 114 1 0 0 0 0 0 0 0 0 0 0 0 0
3 2 59 1 115 1 0 0 0 0 0 0 0 0 0 0 0 0
4 2 60 1 116 1 0 0 0 0 0 0 0 0 0 0 0 0
5 2 61 1 117 1 0 0 0 0 0 0 0 0 0 0 0 0
6 2 62 1 118 1 0 0 0 0 0 0 0 0 0 0 0 0
7 2 63 1 119 1 0 0 0 0 0 0 0 0 0 0 0 0
8 2 64 1 120 1 0 0 0 0 0 0 0 0 0 0 0 0
9 2 65 1 121 1 0 0 0 0 0 0 0 0 0 0 0 0
10 2 66 1 122 1 0 0 0 0 0 0 0 0 0 0 0 0
11 2 67 1 123 1 0 0 0 0 0 0 0 0 0 0 0 0
12 2 68 1 124 1 0 0 0 0 0 0 0 0 0 0 0 0
13 2 69 1 125 1 0 0 0 0 0 0 0 0 0 0 0 0
14 2 70 1 126 1 0 0 0 0 0 0 0 0 0 0 0 0
15 2 71 1 127 1 0 0 0 0 0 0 0 0 0 0 0 0
16 2 72 1 128 1 0 0 0 0 0 0 0 0 0 0 0 0
17 2 73 1 129 1 0 0 0 0 0 0 0 0 0 0 0 0
18 2 74 1 130 1 0 0 0 0 0 0 0 0 0 0 0 0
19 2 75 1 131 1 0 0 0 0 0 0 0 0 0 0 0 0
20 2 76 1 132 1 0 0 0 0 0 0 0 0 0 0 0 0
21 2 77 1 133 1 0 0 0 0 0 0 0 0 0 0 0 0
22 2 78 1 134 1 0 0 0 0 0 0 0 0 0 0 0 0
23 2 79 1 135 1 0 0 0 0 0 0 0 0 0 0 0 0
24 2 80 1 136 1 0 0 0 0 0 0 0 0 0 0 0 0
25 2 81 1 137 1 0 0 0 0 0 0 0 0 0 0 0 0
26 2 82 1 138 1 0 0 0 0 0 0 0 0 0 0 0 0
27 2 83 1 139 1 0 0 0 0 0 0 0 0 0 0 0 0
28 2 84 1 140 1 0 0 0 0 0 0 0 0 0 0 0 0
29 2 85 1 141 1 0 0 0 0 0 0 0 0 0 0 0 0
30 2 86 1 142 1 0 0 0 0 0 0 0 0 0 0 0 0
31 2 87 1 143 1 0 0 0 0 0 0 0 0 0 0 0 0
32 2 88 1 144 1 0 0 0 0 0 0 0 0 0 0 0 0
33 2 89 1 145 1 0 0 0 0 0 0 0 0 0 0 0 0
34 2 90 1 146 1 0 0 0 0 0 0 0 0 0 0 0 0
35 2 91 1 147 1 0 0 0 0 0 0 0 0 0 0 0 0
36 2 92 1 148 1 0 0 0 0 0 0 0 0 0 0 0 0
37 2 93 1 149 1 0 0 0 0 0 0 0 0 0 0 0 0
38 2 94 1 150 1 0 0 0 0 0 0 0 0 0 0 0 0
39 2 95 1 151 1 0 0 0 0 0 0 0 0 0 0 0 0
40 2 96 1 152 1 0 0 0 0 0 0 0 0 0 0 0 0
41 2 97 1 153 1 0 0 0 0 0 0 0 0 0 0 0 0
42 2 98 1 154 1 0 0 0 0 0 0 0 0 0 0 0 0
43 2 99 1 155 1 0 0 0 0 0 0 0 0 0 0 0 0
44 2 100 1 156 1 0 0 0 0 0 0 0 0 0 0 0 0
45 2 101 1 157 1 0 0 0 0 0 0 0 0 0 0 0 0
46 2 102 1 158 1 0 0 0 0 0 0 0 0 0 0 0 0
47 2 103 1 159 1 0 0 0 0 0 0 0 0 0 0 0 0
48 2 104 1 160 1 0 0 0 0 0 0 0 0 0 0 0 0
49 2 105 1 161 1 0 0 0 0 0 0 0 0 0 0 0 0
50 2 106 1 162 1 0 0 0 0 0 0 0 0 0 0 0 0
51 2 107 1 163 1 0 0 0 0 0 0 0 0 0 0 0 0
52 2 108 1 164 1 0 0 0 0 0 0 0 0 0 0 0 0
53 2 109 1 165 1 0 0 0 0 0 0 0 0 0 0 0 0
54 2 110 1 166 1 0 0 0 0 0 0 0 0 0 0 0 0
55 2 111 1 167 1 0 0 0 0 0 0 0 0 0 0 0 0
0 1 70 2 154 1 0 0 0 0 0 0 0 0 0 0 0 0
1 1 71 2 155 1 0 0 0 0 0 0 0 0 0 0 0 0
2 1 72 2 156 1 0 0 0 0 0 0 0 0 0 0 0 0
3 1 73 2 157 1 0 0 0 0 0 0 0 0 0 0 0 0
4 1 74 2 158 1 0 0 0 0 0 0 0 0 0 0 0 0
5 1 75 2 159 1 0 0 0 0 0 0 0 0 0 0 0 0
6 1 76 2 160 1 0 0 0 0 0 0 0 0 0 0 0 0
7 1 77 2 161 1 0 0 0 0 0 0 0 0 0 0 0 0
8 1 78 2 162 1 0 0 0 0 0 0 0 0 0 0 0 0
9 1 79 2 163 1 0 0 0 0 0 0 0 0 0 0 0 0
10 1 80 2 164 1 0 0 0 0 0 0 0 0 0 0 0 0
11 1 81 2 165 1 0 0 0 0 0 0 0 0 0 0 0 0
12 1 82 2 166 1 0 0 0 0 0 0 0 0 0 0 0 0
13 1 83 2 167 1 0 0 0 0 0 0 0 0 0 0 0 0
14 1 84 2 112 1 0 0 0 0 0 0 0 0 0 0 0 0
15 1 85 2 113 1 0 0 0 0 0 0 0 0 0 0 0 0
16 1 86 2 114 1 0 0 0 0 0 0 0 0 0 0 0 0
17 1 87 2 115 1 0 0 0 0 0 0 0 0 0 0 0 0
18 1 88 2 116 1 0 0 0 0 0 0 0 0 0 0 0 0
19 1 89 2 117 1 0 0 0 0 0 0 0 0 0 0 0 0
20 1 90 2 118 1 0 0 0 0 0 0 0 0 0 0 0 0
21 1 91 2 119 1 0 0 0 0 0 0 0 0 0 0 0 0
22 1 92 2 120 1 0 0 0 0 0 0 0 0 0 0 0 0
23 1 93 2 121 1 0 0 0 0 0 0 0 0 0 0 0 0
24 1 94 2 122 1 0 0 0 0 0 0 0 0 0 0 0 0
25 1 95 2 123 1 0 0 0 0 0 0 0 0 0 0 0 0
26 1 96 2 124 1 0 0 0 0 0 0 0 0 0 0 0 0
27 1 97 2 125 1 0 0 0 0 0 0 0 0 0 0 0 0
28 1 98 2 126 1 0 0 0 0 0 0 0 0 0 0 0 0
29 1 99 2 127 1 0 0 0 0 0 0 0 0 0 0 0 0
30 1 100 2 128 1 0 0 0 0 0 0 0 0 0 0 0 0
31 1 101 2 129 1 0 0 0 0 0 0 0 0 0 0 0 0
32 1 102 2 130 1 0 0 0 0 0 0 0 0 0 0 0 0
33 1 103 2 131 1 0 0 0 0 0 0 0 0 0 0 0 0
34 1 104 2 132 1 0 0 0 0 0 0 0 0 0 0 0 0
35 1 105 2 133 1 0 0 0 0 0 0 0 0 0 0 0 0
36 1 106 2 134 1 0 0 0 0 0 0 0 0 0 0 0 0
37 1 107 2 135 1 0 0 0 0 0 0 0 0 0 0 0 0
38 1 108 2 136 1 0 0 0 0 0 0 0 0 0 0 0 0
39 1 109 2 137 1 0 0 0 0 0 0 0 0 0 0 0 0
40 1 110 2 138 1 0 0 0 0 0 0 0 0 0 0 0 0
41 1 111 2 139 1 0 0 0 0 0 0 0 0 0 0 0 0
42 1 56 2 140 1 0 0 0 0 0 0 0 0 0 0 0 0
43 1 57 2 141 1 0 0 0 0 0 0 0 0 0 0 0 0
44 1 58 2 142 1 0 0 0 0 0 0 0 0 0 0 0 0
45 1 59 2 143 1 0 0 0 0 0 0 0 0 0 0 0 0
46 1 60 2 144 1 0 0 0 0 0 0 0 0 0 0 0 0
47 1 61 2 145 1 0 0 0 0 0 0 0 0 0 0 0 0
48 1 62 2 146 1 0 0 0 0 0 0 0 0 0 0 0 0
49 1 63 2 147 1 0 0 0 0 0 0 0 0 0 0 0 0
50 1 64 2 148 1 0 0 0 0 0 0 0 0 0 0 0 0
51 1 65 2 149 1 0 0 0 0 0 0 0 0 0 0 0 0
52 1 66 2 150 1 0 0 0 0 0 0 0 0 0 0 0 0
53 1 67 2 151 1 0 0 0 0 0 0 0 0 0 0 0 0
54 1 68 2 152 1 0 0 0 0 0 0 0 0 0 0 0 0
55 1 69 2 153 1 0 0 0 0 0 0 0 0 0 0 0 0
0 1 77 1 119 2 0 0 0 0 0 0 0 0 0 0 0 0
1 1 78 1 120 2 0 0 0 0 0 0 0 0 0 0 0 0
2 1 79 1 121 2 0 0 0 0 0 0 0 0 0 0 0 0
3 1 80 1 122 2 0 0 0 0 0 0 0 0 0 0 0 0
4 1 81 1 123 2 0 0 0 0 0 0 0 0 0 0 0 0
5 1 82 1 124 2 0 0 0 0 0 0 0 0 0 0 0 0
6 1 83 1 125 2 0 0 0 0 0 0 0 0 0 0 0 0
7 1 84 1 126 2 0 0 0 0 0 0 0 0 0 0 0 0
8 1 85 1 127 2 0 0 0 0 0 0 0 0 0 0 0 0
9 1 86 1 128 2 0 0 0 0 0 0 0 0 0 0 0 0
10 1 87 1 129 2 0 0 0 0 0 0 0 0 0 0 0 0
11 1 88 1 130 2 0 0 0 0 0 0 0 0 0 0 0 0
12 1 89 1 131 2 0 0 0 0 0 0 0 0 0 0 0 0
13 1 90 1 132 2 0 0 0 0 0 0 0 0 0 0 0 0
14 1 91 1 133 2 0 0 0 0 0 0 0 0 0 0 0 0
15 1 92 1 134 2 0 0 0 0 0 0 0 0 0 0 0 0
16 1 93 1 135 2 0 0 0 0 0 0 0 0 0 0 0 0
17 1 94 1 136 2 0 0 0 0 0 0 0 0 0 0 0 0
18 1 95 1 137 2 0 0 0 0 0 0 0 0 0 0 0 0
19 1 96 1 138 2 0 0 0 0 0 0 0 0 0 0 0 0
20 1 97 1 139 2 0 0 0 0 0 0 0 0 0 0 0 0
21 1 98 1 140 2 0 0 0 0 0 0 0 0 0 0 0 0
22 1 99 1 141 2 0 0 0 0 0 0 0 0 0 0 0 0
23 1 100 1 142 2 0 0 0 0 0 0 0 0 0 0 0 0
24 1 101 1 143 2 0 0 0 0 0 0 0 0 0 0 0 0
25 1 102 1 144 2 0 0 0 0 0 0 0 0 0 0 0 0
26 1 103 1 145 2 0 0 0 0 0 0 0 0 0 0 0 0
27 1 104 1 146 2 0 0 0 0 0 0 0 0 0 0 0 0
28 1 105 1 147 2 0 0 0 0 0 0 0 0 0 0 0 0
29 1 106 1 148 2 0 0 0 0 0 0 0 0 0 0 0 0
30 1 107 1 149 2 0 0 0 0 0 0 0 0 0 0 0 0
31 1 108 1 150 2 0 0 0 0 0 0 0 0 0 0 0 0
32 1 109 1 151 2 0 0 0 0 0 0 0 0 0 0 0 0
33 1 110 1 152 2 0 0 0 0 0 0 0 0 0 0 0 0
34 1 111 1 153 2 0 0 0 0 0 0 0 0 0 0 0 0
35 1 56 1 154 2 0 0 0 0 0 0 0 0 0 0 0 0
36 1 57 1 155 2 0 0 0 0 0 0 0 0 0 0 0 0
37 1 58 1 156 2 0 0 0 0 0 0 0 0 0 0 0 0
38 1 59 1 157 2 0 0 0 0 0 0 0 0 0 0 0 0
39 1 60 1 158 2 0 0 0 0 0 0 0 0 0 0 0 0
40 1 61 1 159 2 0 0 0 0 0 0 0 0 0 0 0 0
41 1 62 1 160 2 0 0 0 0 0 0 0 0 0 0 0 0
42 1 63 1 161 2 0 0 0 0 0 0 0 0 0 0 0 0
43 1 64 1 162 2 0 0 0 0 0 0 0 0 0 0 0 0
44 1 65 1 163 2 0 0 0 0 0 0 0 0 0 0 0 0
45 1 66 1 164 2 0 0 0 0 0 0 0 0 0 0 0 0
46 1 67 1 165 2 0 0 0 0 0 0 0 0 0 0 0 0
47 1 68 1 166 2 0 0 0 0 0 0 0 0 0 0 0 0
48 1 69 1 167 2 0 0 0 0 0 0 0 0 0 0 0 0
49 1 70 1 112 2 0 0 0 0 0 0 0 0 0 0 0 0
50 1 71 1 113 2 0 0 0 0 0 0 0 0 0 0 0 0
51 1 72 1 114 2 0 0 0 0 0 0 0 0 0 0 0 0
52 1 73 1 115 2 0 0 0 0 0 0 0 0 0 0 0 0
53 1 74 1 116 2 0 0 0 0 0 0 0 0 0 0 0 0
54 1 75 1 117 2 0 0 0 0 0 0 0 0 0 0 0 0
55 1 76 1 118 2 0 0 0 0 0 0 0 0 0 0 0 0
0 3 84 3 161 3 1 0 0 0 2 0 0 0 3 0 0 0
1 3 85 3 162 3 4 0 0 0 8 0 0 0 12 0 0 0
2 3 86 3 163 3 16 0 0 0 32 0 0 0 48 0 0 0
3 3 87 3 164 3 64 0 0 0 128 0 0 0 192 0 0 0
4 3 88 3 165 3 256 0 0 0 512 0 0 0 768 0 0 0
5 3 89 3 166 3 1024 0 0 0 2048 0 0 0 3072 0 0 0
6 3 90 3 167 3 4096 0 0 0 8192 0 0 0 12288 0 0 0
7 3 91 3 112 3 16384 0 0 0 32768 0 0 0 49152 0 0 0
8 3 92 3 113 3 65536 0 0 0 131072 0 0 0 196608 0 0 0
9 3 93 3 114 3 262144 0 0 0 524288 0 0 0 786432 0 0 0
10 3 94 3 115 3 1048576 0 0 0 2097152 0 0 0 3145728 0 0 0
11 3 95 3 116 3 4194304 0 0 0 8388608 0 0 0 12582912 0 0 0
12 3 96 3 117 3 16777216 0 0 0 33554432 0 0 0 50331648 0 0 0
13 3 97 3 118 3 67108864 0 0 0 134217728 0 0 0 201326592 0 0 0
14 3 98 3 119 3 268435456 0 0 0 536870912 0 0 0 805306368 0 0 0
15 3 99 3 120 3 1073741824 0 0 0 2147483648 0 0 0 3221225472 0 0 0
16 3 100 3 121 3 4294967296 0 0 0 8589934592 0 0 0 12884901888 0 0 0
17 3 101 3 122 3 17179869184 0 0 0 34359738368 0 0 0 51539607552 0 0 0
18 3 102 3 123 3 68719476736 0 0 0 137438953472 0 0 0 206158430208 0 0 0
19 3 103 3 124 3 274877906944 0 0 0 549755813888 0 0 0 824633720832 0 0 0
20 3 104 3 125 3 1099511627776 0 0 0 2199023255552 0 0 0 3298534883328 0 0 0
21 3 105 3 126 3 4398046511104 0 0 0 8796093022208 0 0 0 13194139533312 0 0 0
22 3 106 3 127 3 17592186044416 0 0 0 35184372088832 0 0 0 52776558133248 0 0 0
23 3 107 3 128 3 70368744177664 0 0 0 140737488355328 0 0 0 211106232532992 0 0 0
24 3 108 3 129 3 281474976710656 0 0 0 562949953421312 0 0 0 844424930131968 0 0 0
25 3 109 3 130 3 1125899906842624 0 0 0 2251799813685248 0 0 0 3377699720527872 0 0 0
26 3 110 3 131 3 4503599627370496 0 0 0 9007199254740992 0 0 0 13510798882111488 0 0 0
27 3 111 3 132 3 18014398509481984 0 0 0 36028797018963968 0 0 0 54043195528445952 0 0 0
28 3 56 3 133 3 72057594037927936 0 0 0 144115188075855872 0 0 0 216172782113783808 0 0 0
29 3 57 3 134 3 288230376151711744 0 0 0 576460752303423488 0 0 0 864691128455135232 0 0 0
30 3 58 3 135 3 1152921504606846976 0 0 0 2305843009213693952 0 0 0 3458764513820540928 0 0 0
31 3 59 3 136 3 4611686018427387904 0 0 0 9223372036854775808 0 0 0 13835058055282163712 0 0 0
32 3 60 3 137 3 0 1 0 0 0 2 0 0 0 3 0 0
33 3 61 3 138 3 0 4 0 0 0 8 0 0 0 12 0 0
34 3 62 3 139 3 0 16 0 0 0 32 0 0 0 48 0 0
35 3 63 3 140 3 0 64 0 0 0 128 0 0 0 192 0 0
36 3 64 3 141 3 0 256 0 0 0 512 0 0 0 768 0 0
37 3 65 3 142 3 0 1024 0 0 0 2048 0 0 0 3072 0 0
38 3 66 3 143 3 0 4096 0 0 0 8192 0 0 0 12288 0 0
39 3 67 3 144 3 0 16384 0 0 0 32768 0 0 0 49152 0 0
40 3 68 3 145 3 0 65536 0 0 0 131072 0 0 0 196608 0 0
41 3 69 3 146 3 0 262144 0 0 0 524288 0 0 0 786432 0 0
42 3 70 3 147 3 0 1048576 0 0 0 2097152 0 0 0 3145728 0 0
43 3 71 3 148 3 0 4194304 0 0 0 8388608 0 0 0 12582912 0 0
44 3 72 3 149 3 0 16777216 0 0 0 33554432 0 0 0 50331648 0 0
45 3 73 3 150 3 0 67108864 0 0 0 134217728 0 0 0 201326592 0 0
46 3 74 3 151 3 0 268435456 0 0 0 536870912 0 0 0 805306368 0 0
47 3 75 3 152 3 0 1073741824 0 0 0 2147483648 0 0 0 3221225472 0 0
48 3 76 3 153 3 0 4294967296 0 0 0 8589934592 0 0 0 12884901888 0 0
49 3 77 3 154 3 0 17179869184 0 0 0 34359738368 0 0 0 51539607552 0 0
50 3 78 3 155 3 0 68719476736 0 0 0 137438953472 0 0 0 206158430208 0 0
51 3 79 3 156 3 0 274877906944 0 0 0 549755813888 0 0 0 824633720832 0 0
52 3 80 3 157 3 0 1099511627776 0 0 0 2199023255552 0 0 0 3298534883328 0 0
53 3 81 3 158 3 0 4398046511104 0 0 0 8796093022208 0 0 0 13194139533312 0 0
54 3 82 3 159 3 0 17592186044416 0 0 0 35184372088832 0 0 0 52776558133248 0 0
55 3 83 3 160 3 0 70368744177664 0 0 0 140737488355328 0 0 0 211106232532992 0 0
0 1 107 1 156 1 1152991881941221408 13511073810352128 864726314974838792 12583168 2305983759587475504 4504149399964672 288283155931267084 4194816 3458975624348827664 9008023922017280 576478345563275268 8389376
1 1 108 1 157 1 4611967527764885632 54044295241408512 3458905259899355168 50332672 9223935038349902016 18016597599858688 1153132623725068336 16779264 13835902497395310656 36032095688069120 2305913382253101072 33557504
2 1 109 1 158 1 1126037349990912 216177180965634049 13835621039597420672 201330688 2252005980504832 72066390399434754 4612530494900273344 67117056 3377768452587776 144128382752276483 9223653529012404288 134230016
3 1 110 1 159 1 4504149399963648 864708723862536196 2251937261027840 805322755 9008023922019328 288265561597739016 3377905891541760 268468225 13511073810351104 576513531009105932 1125968630513920 536920066
4 1 111 1 160 1 18016597599854592 3458834895450144784 9007749044111360 3221291020 36032095688077312 1153062246390956064 13511623566167040 1073872900 54044295241404416 2306054124036423728 4503874522055680 2147680264
5 1 56 1 161 1 72066390399418369 13835902531754000448 36030996176445440 262192 144128382752309250 4611967510587113600 54046494264668160 524304 216177180965617667 9223935021168984256 18015498088222720 786464
6 1 57 1 162 1 288265561597673476 3377905887346944 144123984705781763 1048768 576513531009237000 1125968638902784 216185977058672641 2097216 864708723862470668 2251937256833792 72061992352890882 3145856
7 1 58 1 163 1 1153062246390693904 13511623549387776 576495938823127052 4195072 2306054124036948000 4503874555611136 864743908234690564 8388864 3458834895449882672 9007749027335168 288247969411563528 12583424
8 1 59 1 164 1 4612248985562775616 54046494197551104 2305983755292508208 16780288 9224216496147792000 18015498222444544 3458975632938762256 33555456 13835339581799530688 36030996109340672 1152991877646254112 50333696
9 1 60 1 165 1 2251868541550848 216185976790204417 9223935021170032832 67121152 3377837172064768 72061992889778178 13835902531755049024 134221824 1126106069467904 144123984437362691 4611967510585016448 201334784
10 1 61 1 166 1 9007474166203392 864743907160817668 2251937261028096 268484610 13511348688259072 288247971559112712 3377905891541248 536887299 4504424277871616 576495937749450764 1125968630514176 805339137
11 1 62 1 167 1 36029896664813568 3458975628643270672 9007749044112384 1073938440 54045394753036288 1152991886236450848 13511623566164992 2147549196 18017697111486464 2305983750997803056 4503874522056704 3221356548
12 1 63 1 112 1 144119586659254275 13835339564619661376 36030996176449536 786464 216181579012145153 4612249019922514048 54046494264659968 262192 72070788445945858 9224216478967922880 18015498088226816 524304
13 1 64 1 113 1 576478346637017100 1126037349990656 144123984705798147 3145856 864726316048580612 2252005980504576 216185977058639873 1048768 288283153783783432 3377768452588288 72061992352907266 2097216
14 1 65 1 114 1 2305913386548068400 4504149399962624 576495938823192588 12583424 3458905264194322448 9008023922018304 864743908234559492 4195072 1153132615135133728 13511073810353152 288247969411629064 8388864
15 1 66 1 115 1 9223653546192273600 18016597599850496 2305983755292770352 50333696 13835621056777289792 36032095688073216 3458975632938237968 16780288 4612530460540534912 54044295241412608 1152991877646516256 33555456
16 1 67 1 116 1 1126037349991168 72066390399401986 9223935021171081408 201334784 2252005980504320 144128382752292867 13835902531752951872 67121152 3377768452588032 216177180965650433 4611967510586065024 134221824
17 1 68 1 117 1 4504149399964672 288265561597607944 2251937265222400 805339138 9008023922017280 576513531009171468 3377905883152640 268484611 13511073810352128 864708723862601732 1125968634708480 536887297
18 1 69 1 118 1 18016597599858688 1153062246390431776 9007749060889600 3221356552 36032095688069120 2306054124036685872 13511623532610560 1073938444 54044295241408512 3458834895450406928 4503874538833920 2147549188
19 1 70 1 119 1 72066390399434754 4612530460538437760 36030996243558400 524320 144128382752276483 9223653546193322176 54046494130442240 786480 216177180965634049 13835621056778338368 18015498155335680 262160
20 1 71 1 120 1 288265561597739016 3377768444199424 144123984974233601 2097280 576513531009105932 1126037354185472 216185976521768962 3145920 864708723862536196 2252005984698624 72061992621342723 1048640
21 1 72 1 121 1 1153062246390956064 13511073776797696 576495939896934404 8389120 2306054124036423728 4504149416741888 864743906087075848 12583680 3458834895450144784 9008023938794496 288247970485370892 4194560
22 1 73 1 122 1 4612248985563824256 54044295107190784 2305983759587737616 33556480 9224216496145694912 18016597666967552 3458975624348303392 50334720 13835339581800579136 36032095755177984 1152991881941483568 16778240
23 1 74 1 123 1 2251868545745408 216177180428763137 9223935038350950464 134225920 3377837163676416 72066390667870210 13835902497393213568 201338880 1126106073661696 144128383020711939 4611967527765934272 67112960
24 1 75 1 124 1 9007474182981632 864708721715052548 2252005984698624 536903682 13511348654705664 288265562671480840 3377768444199424 805355523 4504424294646784 576513532082847756 1126037354185472 268451841
25 1 76 1 125 1 36029896731926528 3458834886860210192 9008023938794496 2147614728 54045394618822656 1153062250685923360 13511073776797696 3221422092 18017697178587136 2306054128331391024 4504149416741888 1073807364
26 1 77 1 126 1 144119586927706113 13835621022417551424 36032095755177984 524320 216181578475290626 4612530477720404096 54044295107190784 786480 72070788714348547 9223653563372142784 18016597666967552 262160
27 1 78 1 127 1 576478347710824452 2251868541550848 144128383020711939 2097280 864726313901162504 3377837172064768 216177180428763137 3145920 288283154857394188 1126106069467904 72066390667870210 1048640
28 1 79 1 128 1 2305913390843297808 9007474166203392 576513532082847756 8389120 3458905255604650016 13511348688259072 864708721715052548 12583680 1153132619429576752 4504424277871616 288265562671480840 4194560
29 1 80 1 129 1 9223653563373191232 36029896664813568 2306054128331391024 33556480 13835621022418600064 54045394753036288 3458834886860210192 50334720 4612530477718307008 18017697111486464 1153062250685923360 16778240
30 1 81 1 130 1 1126106073661696 144119586659254274 9224216513325564096 134225920 2251868545745408 216181579012145155 13835339547440840768 201338880 3377837163676416 72070788445945857 4612249002743693440 67112960
31 1 82 1 131 1 4504424294646784 576478346637017096 3377905883153152 536903682 9007474182981632 864726316048580620 1125968634708224 805355523 13511348654705664 288283153783783428 2251937265222144 268451841
32 1 83 1 132 1 18017697178587136 2305913386548068384 13511623532612608 2147614728 36029896731926528 3458905264194322480 4503874538832896 3221422092 54045394618822656 1153132615135133712 9007749060888576 1073807364
33 1 84 1 133 1 72070788714348545 9223935021168984192 54046494130450432 524320 144119586927706114 13835902531754000576 18015498155331584 786480 216181578475290627 4611967510587113536 36030996243554304 262160
34 1 85 1 134 1 288283154857394180 2251937256833536 216185976521801730 2097280 576478347710824456 3377905887347456 72061992621326339 3145920 864726313901162508 1125968638902528 144123984974217217 1048640
35 1 86 1 135 1 1153132619429576720 9007749027334144 864743906087206920 8389120 2305913390843297824 13511623549389824 288247970485305356 12583680 3458905255604650032 4503874555610112 576495939896868868 4194560
36 1 87 1 136 1 4612530477718306880 36030996109336576 3458975624348827680 33556480 9223653563373191296 54046494197559296 1152991881941221424 50334720 13835621022418600128 18015498222440448 2305983759587475472 16778240
37 1 88 1 137 1 3377837163675904 144123984437346305 13835902497395310720 134225920 1126106073661952 216185976790237186 4611967527764885696 201338880 2251868545745664 72061992889761795 9223935038349901888 67112960
38 1 89 1 138 1 13511348654703616 576495937749385220 3377768452588032 536903683 4504424294647808 864743907160948744 1126037349991168 805355521 9007474182982656 288247971559047180 2252005980504320 268451842
39 1 90 1 139 1 54045394618814464 2305983750997540880 13511073810352128 2147614732 18017697178591232 3458975628643794976 4504149399964672 3221422084 36029896731930624 1152991886236188720 9008023922017280 1073807368
40 1 91 1 140 1 216181578475257858 9223935003990163520 54044295241408512 524336 72070788714364931 13835902514575179904 18016597599858688 786448 144119586927722497 4611967544944754880 36032095688069120 262176
41 1 92 1 141 1 864726313901031432 2251868541550848 216177180965634050 2097344 288283154857459724 3377837172064768 72066390399434755 3145792 576478347710889988 1126106069467904 144128382752276481 1048704
42 1 93 1 142 1 3458905255604125728 9007474166203392 864708723862536200 8389376 1153132619429838896 13511348688259072 288265561597739020 12583168 2305913390843559952 4504424277871616 576513531009105924 4194816
43 1 94 1 143 1 13835621022416502912 36029896664813568 3458834895450144800 33557504 4612530477719355584 54045394753036288 1153062246390956080 50332672 9223653563374239808 18017697111486464 2306054124036423696 16779264
44 1 95 1 144 1 2251868537356800 144119586659254275 13835339581800579200 134230016 3377837167870720 216181579012145153 4612248985563824320 201330688 1126106077856000 72070788445945858 9224216496145694784 67117056
45 1 96 1 145 1 9007474149427200 576478346637017100 1126106073661952 536920067 13511348671482880 864726316048580612 2251868545745664 805322753 4504424311424000 288283153783783432 3377837163675904 268468226
46 1 97 1 146 1 36029896597708800 2305913386548068400 4504424294647808 2147680268 54045394685931520 3458905264194322448 9007474182982656 3221291012 18017697245696000 1153132615135133728 13511348654703616 1073872904
47 1 98 1 147 1 144119586390835201 9223935021168984256 18017697178591232 786480 216181578743726082 13835902531754000448 36029896731930624 262160 72070788982784003 4611967510587113600 54045394618814464 524320
48 1 99 1 148 1 576478345563340804 2251937256833792 72070788714364930 3145920 864726314974904328 3377905887346944 144119586927722499 1048640 288283155931136012 1125968638902784 216181578475257857 2097280
49 1 100 1 149 1 2305913382253363216 9007749027335168 288283154857459720 12583680 3458905259899617312 13511623549387776 576478347710889996 4194560 1153132623724544048 4503874555611136 864726313901031428 8389120
50 1 101 1 150 1 9223653529013452864 36030996109340672 1153132619429838880 50334720 13835621039598469248 54046494197551104 2305913390843559984 16778240 4612530494898176192 18015498222444544 3458905255604125712 33556480
51 1 102 1 151 1 1125968634708224 144123984437362690 4612530477719355520 201338880 2251937265222144 216185976790204419 9223653563374239936 67112960 3377905883153152 72061992889778177 13835621022416502848 134225920
52 1 103 1 152 1 4503874538832896 576495937749450760 3377837167870464 805355521 9007749060888576 864743907160817676 1126106077856512 268451842 13511623532612608 288247971559112708 2251868537356544 536903683
53 1 104 1 153 1 18015498155331584 2305983750997803040 13511348671481856 3221422084 36030996243554304 3458975628643270704 4504424311426048 1073807368 54046494130450432 1152991886236450832 9007474149426176 2147614732
54 1 105 1 154 1 72061992621326338 9224216478967922816 54045394685927424 786448 144123984974217219 13835339564619661504 18017697245704192 262176 216185976521801729 4612249019922513984 36029896597704704 524336
55 1 106 1 155 1 288247970485305352 3377768452588032 216181578743709698 3145792 576495939896868876 1126037349991168 72070788982816771 1048704 864743906087206916 2252005980504320 144119586390818817 2097344
0 1 68 1 147 1 72061992084488192 562949953421440 18017697111478272 262192 144123984168894464 844424930132160 36029896664817664 524304 216185976253349888 281474976710720 54045394753040384 786464
1 1 69 1 148 1 288247968337952768 2251799813685760 72070788445913088 1048768 576495936675577856 3377699720528640 144119586659270656 2097216 864743905013399552 1125899906842880 216181579012161536 3145856
2 1 70 1 149 1 1152991873351811072 9007199254743040 288283153783652352 4195072 2305983746702311424 13510798882114560 576478346637082624 8388864 3458975620053598208 4503599627371520 864726316048646144 12583424
3 1 71 1 150 1 4611967493407244288 36028797018972160 1153132615134609408 16780288 9223934986809245696 54043195528458240 2305913386548330496 33555456 13835902480214392832 18014398509486080 3458905264194584576 50333696
4 1 72 1 151 1 1125899919425536 144115188075888641 4612530460538437632 67121152 2251799817879552 216172782113832962 9223653546193321984 134221824 3377699728916480 72057594037944323 13835621056778338304 201334784
5 1 73 1 152 1 4503599677702144 576460752303554564 3377768444198912 268484609 9007199271518208 864691128455331848 1126037354184704 536887298 13510798915665920 288230376151777292 2252005984698368 805339139
6 1 74 1 153 1 18014398710808576 2305843009214218256 13511073776795648 1073938436 36028797086072832 3458764513821327392 4504149416738816 2147549192 54043195662663680 1152921504607109168 9008023938793472 3221356556
7 1 75 1 154 1 72057594843234304 9223653511833583680 54044295107182592 786448 144115188344291328 13835621005238730880 18016597666955264 262176 216172782650654720 4612530443358568640 36032095755173888 524336
8 1 76 1 155 1 288230379372937216 1125899915231488 216177180428730370 3145792 576460753377165312 2251799826268672 72066390667821059 1048704 864691130602618880 3377699724722944 144128383020695553 2097344
9 1 77 1 156 1 1152921517491748864 4503599660925952 864708721714921480 12583168 2305843013508661248 9007199305074688 288265562671284236 4194816 3458764522410475520 13510798898891776 576513532082782212 8389376
10 1 78 1 157 1 4611686069966995456 18014398643703808 3458834886859685920 50332672 9223372054034644992 36028797220298752 1153062250685136944 16779264 13835058089641902080 54043195595567104 2306054128331128848 33557504
11 1 79 1 158 1 206158430208 72057594574815233 13835339547438743680 201330688 68719476736 144115188881195010 4612249002740547776 67117056 137438953472 216172782382268419 9224216513324515392 134230016
12 1 80 1 159 1 824633720832 288230378299260932 1125968626319872 805322755 274877906944 576460755524780040 2251937252639488 268468225 549755813888 864691129529073676 3377905878958336 536920066
13 1 81 1 160 1 3298534883328 1152921513197043728 4503874505279488 3221291020 1099511627776 2305843022099120160 9007749010557952 1073872900 2199023255552 3458764518116294704 13511623515833344 2147680264
14 1 82 1 161 1 13194139533312 4612530477718306880 18015498021117952 262192 4398046511104 9223653563373191296 36030996042231808 524304 8796093022208 13835621022418600128 54046494063333376 786464
15 1 83 1 162 1 52776558133248 3377837163675904 72061992084471809 1048768 17592186044416 1126106073661952 144123984168927234 2097216 35184372088832 2251868545745664 216185976253333507 3145856
16 1 84 1 163 1 211106232532992 13511348654703616 288247968337887236 4195072 70368744177664 4504424294647808 576495936675708936 8388864 140737488355328 9007474182982656 864743905013334028 12583424
17 1 85 1 164 1 844424930131968 54045394618814464 1152991873351548944 16780288 281474976710656 18017697178591232 2305983746702835744 33555456 562949953421312 36029896731930624 3458975620053336112 50333696
18 1 86 1 165 1 3377699720527872 216181578475257856 4611967493406195776 67121152 1125899906842624 72070788714364928 9223934986811342976 134221824 2251799813685248 144119586927722496 13835902480213344448 201334784
19 1 87 1 166 1 13510798882111488 864726313901031424 1125899915231488 268484609 4503599627370496 288283154857459712 2251799826268672 536887298 9007199254740992 576478347710889984 3377699724722944 805339139
20 1 88 1 167 1 54043195528445952 3458905255604125696 4503599660925952 1073938436 18014398509481984 1153132619429838848 9007199305074688 2147549192 36028797018963968 2305913390843559936 13510798898891776 3221356556
21 1 89 1 112 1 216172782113783810 13835339547439792128 18014398643703808 786448 72057594037927939 4612249002742644736 36028797220298752 262176 144115188075855873 9224216513327661056 54043195595567104 524336
22 1 90 1 113 1 864691128455135240 1125968630513664 72057594574815235 3145792 288230376151711756 2251937261027328 144115188881195009 1048704 576460752303423492 3377905891540992 216172782382268418 2097344
23 1 91 1 114 1 3458764513820540960 4503874522054656 288230378299260940 12583168 1152921504606847024 9007749044109312 576460755524780036 4194816 2305843009213693968 13511623566163968 864691129529073672 8389376
24 1 92 1 115 1 13835058055282163840 18015498088218624 1152921513197043760 50332672 4611686018427388096 36030996176437248 2305843022099120144 16779264 9223372036854775872 54046494264655872 3458764518116294688 33557504
25 1 93 1 116 1 512 72061992352874499 4611686052788175040 201330688 768 144123984705748993 9223372088396480576 67117056 256 216185977058623490 13835058072465178752 134230016
26 1 94 1 117 1 2048 288247969411497996 137443148544 805322753 3072 576495938822995972 206166819072 268468226 1024 864743908234493960 68732060160 536920067
27 1 95 1 118 1 8192 1152991877645991984 549772594176 3221291012 12288 2305983755291983888 824667276288 1073872904 4096 3458975632937975840 274928240640 2147680268
28 1 96 1 119 1 32769 4612530460537389248 2199090376704 262160 49154 9223653546191224896 3298669105152 524320 16387 13835621056775192704 1099712962560 786480
29 1 97 1 120 1 131076 3377768440005376 8796361506817 1048640 196616 1126037345796352 13194676420610 2097280 65548 2252005972115968 4398851850243 3145920
30 1 98 1 121 1 524304 13511073760021504 35185446027268 4194560 786464 4504149383185408 52778705682440 8389120 262192 9008023888463872 17595407400972 12583680
31 1 99 1 122 1 2097216 54044295040086016 140741784109072 16778240 3145856 18016597532741632 211114822729760 33556480 1048768 36032095553855488 70381629603888 50334720
32 1 100 1 123 1 8388864 216177180160344064 562967136436288 67112960 12583424 72066390130966528 844459290919040 134225920 4195072 144128382215421952 281526518415552 201338880
33 1 101 1 124 1 33555456 864708720641376256 2251868545745152 268451840 50333696 288265560523866112 3377837163676160 536903680 16780288 576513528861687808 1126106073662208 805355520
34 1 102 1 125 1 134221824 3458834882565505024 9007474182980608 1073807360 201334784 1153062242095464448 13511348654704640 2147614720 67121152 2306054115446751232 4504424294648832 3221422080
35 1 103 1 126 1 536887297 13835339530262020096 36029896731922432 262144 805339138 4612248968381857792 54045394618818560 524288 268484611 9224216461787004928 18017697178595328 786432
36 1 104 1 127 1 2147549188 1125899919425536 144119586927689731 1048576 3221356552 2251799817879552 216181578475274241 2097152 1073938444 3377699728916480 72070788714381314 3145728
37 1 105 1 128 1 8590196752 4503599677702144 576478347710758924 4194304 12885426208 9007199271518208 864726313901096964 8388608 4295753776 13510798915665920 288283154857525256 12582912
38 1 106 1 129 1 34360787008 18014398710808576 2305913390843035696 16777216 51541704832 36028797086072832 3458905255604387856 33554432 17183015104 54043195662663680 1153132619430101024 50331648
39 1 107 1 130 1 137443148032 72057594843234304 9223653563372142784 67108864 206166819328 144115188344291328 13835621022417551424 134217728 68732060416 216172782650654720 4612530477720404096 201326592
40 1 108 1 131 1 549772592128 288230379372937216 1126106069467904 268435458 824667277312 576460753377165312 2251868541550848 536870915 274928241664 864691130602618880 3377837172064768 805306369
41 1 109 1 132 1 2199090368512 1152921517491748864 4504424277871616 1073741832 3298669109248 2305843013508661248 9007474166203392 2147483660 1099712966656 3458764522410475520 13511348688259072 3221225476
42 1 110 1 133 1 8796361474048 4611967544943706112 18017697111486464 32 13194676436992 9223935003988066304 36029896664813568 48 4398851866624 13835902514572034048 54045394753036288 16
43 1 111 1 134 1 35185445896192 1126106065272832 72070788445945857 128 52778705747968 2251868533161984 144119586659254274 192 17595407466496 3377837159481344 216181579012145155 64
44 1 56 1 135 1 140741783584768 4504424261091328 288283153783783428 512 211114822991872 9007474132647936 576478346637017096 768 70381629865984 13511348637925376 864726316048580620 256
45 1 57 1 136 1 562967134339072 18017697044365312 1153132615135133712 2048 844459291967488 36029896530591744 2305913386548068384 3072 281526519463936 54045394551701504 3458905264194322480 1024
46 1 58 1 137 1 2251868537356288 72070788177461248 4612530460540534848 8192 3377837167869952 144119586122366976 9223653546192273536 12288 1126106077855744 216181578206806016 13835621056777289920 4096
47 1 59 1 138 1 9007474149425152 288283152709844992 3377768452587776 32769 13511348671479808 576478344489467904 1126037349990912 49154 4504424311422976 864726312827224064 2252005980504832 16387
48 1 60 1 139 1 36029896597700608 1153132610839379968 13511073810351104 131076 54045394685919232 2305913377957871616 4504149399963648 196616 18017697245691904 3458905251308896256 9008023922019328 65548
49 1 61 1 140 1 144119586390802435 4611686018427387904 54044295241404416 524304 216181578743676929 9223372036854775808 18016597599854592 786464 72070788982767618 13835058055282163712 36032095688077312 262192
50 1 62 1 141 1 576478345563209740 0 216177180965617665 2097216 864726314974707716 0 72066390399418370 3145856 288283155931070472 0 144128382752309251 1048768
51 1 63 1 142 1 2305913382252838960 0 864708723862470660 8388864 3458905259898830864 0 288265561597673480 12583424 1153132623724281888 0 576513531009237004 4195072
52 1 64 1 143 1 9223653529011355840 0 3458834895449882640 33555456 13835621039595323456 0 1153062246390693920 50333696 4612530494897127552 0 2306054124036948016 16780288
53 1 65 1 144 1 1125968626320128 2 13835339581799530560 134221824 2251937252638976 3 4612248985562775680 201334784 3377905878958592 1 9224216496147792064 67121152
54 1 66 1 145 1 4503874505280512 8 1126106069467392 536887299 9007749010555904 12 2251868541551104 805339137 13511623515834368 4 3377837172065024 268484610
55 1 67 1 146 1 18015498021122048 32 4504424277869568 2147549196 36030996042223616 48 9007474166204416 3221356548 54046494063337472 16 13511348688260096 1073938440
0 1 63 1 159 1 216181578206838787 281526517366976 8192 16 72070788177510401 562967135387712 12288 32 144119586122383362 844459293016192 4096 48
1 1 64 1 160 1 864726312827355148 1126106069467904 32768 64 288283152710041604 2251868541550848 49152 128 576478344489533448 3377837172064768 16384 192
2 1 65 1 161 1 3458905251309420592 4504424277871616 131072 256 1153132610840166416 9007474166203392 196608 512 2305913377958133792 13511348688259072 65536 768
3 1 66 1 162 1 13835621005237682368 18017697111486464 524288 1024 4612530443360665664 36029896664813568 786432 2048 9223653511832535168 54045394753036288 262144 3072
4 1 67 1 163 1 2251799822074624 72070788445945859 2097152 4096 3377699733111040 144119586659254273 3145728 8192 1125899911037440 216181579012145154 1048576 12288
5 1 68 1 164 1 9007199288298496 288283153783783436 8388608 16384 13510798932444160 576478346637017092 12582912 32768 4503599644149760 864726316048580616 4194304 49152
6 1 69 1 165 1 36028797153193984 1153132615135133744 33554432 65536 54043195729776640 2305913386548068368 50331648 131072 18014398576599040 3458905264194322464 16777216 196608
7 1 70 1 166 1 144115188612775939 4611686035610403008 134217728 262144 216172782919106561 9223372071215562816 201326592 524288 72057594306396162 13835058106823868544 67108864 786432
8 1 71 1 167 1 576460754451103756 68732060416 536870913 1048576 864691131676426244 137443148032 805306370 2097152 288230377225584648 206166819328 268435459 3145728
9 1 72 1 112 1 2305843017804415024 274928241664 2147483652 4194304 3458764526705704976 549772592128 3221225480 8388608 1152921508902338592 824667277312 1073741836 12582912
10 1 73 1 113 1 9223372071217660096 1099712966656 8589934608 16777216 13835058106822819904 2199090368512 12884901920 33554432 4611686035609354368 3298669109248 4294967344 50331648
11 1 74 1 114 1 137451537152 4398851866626 34359738432 67108864 206162624768 8796361474051 51539607680 134217728 68727865856 13194676436993 17179869376 201326592
12 1 75 1 115 1 549806148608 17595407466504 137438953728 268435456 824650499072 35185445896204 206158430720 536870912 274911463424 52778705747972 68719477504 805306368
13 1 76 1 116 1 2199224594432 70381629866016 549755814912 1073741824 3298601996288 140741783584816 824633722880 2147483648 1099645853696 211114822991888 274877910016 3221225472
14 1 77 1 117 1 8796898377729 281526519464064 2199023259648 0 13194407985154 562967134339264 3298534891520 0 4398583414787 844459291967552 1099511640064 0
15 1 78 1 118 1 35187593510916 1126106077856256 8796093038592 0 52777631940616 2251868537357056 13194139566080 0 17594333659148 3377837167870208 4398046560256 0
16 1 79 1 119 1 140750374043664 4504424311425024 35184372154368 0 211110527762464 9007474149428224 52776558264320 0 70377334636592 13511348671480832 17592186241024 0
17 1 80 1 120 1 563001496174656 18017697245700096 140737488617472 0 844442111049856 36029896597712896 211106233057280 0 281509338546368 54045394685923328 70368744964096 0
18 1 81 1 121 1 2252005984698624 72070788982800384 562949954469888 0 3377768444199424 144119586390851584 844424932229120 0 1126037354185472 216181578743693312 281474979856384 0
19 1 82 1 122 1 9008023938794496 288283155931201536 2251799817879552 0 13511073776797696 576478345563406336 3377699728916480 0 4504149416741888 864726314974773248 1125899919425536 0
20 1 83 1 123 1 36032095755177984 1153132623724806144 9007199271518208 0 54044295107190784 2305913382253625344 13510798915665920 0 18016597666967552 3458905259899092992 4503599677702144 0
21 1 84 1 124 1 144128383020711939 4611686069969092608 36028797086072832 0 216177180428763137 9223372054037790720 54043195662663680 0 72066390667870210 13835058089642950656 18014398710808576 0
22 1 85 1 125 1 576513532082847756 206166818816 144115188344291329 0 864708721715052548 68732059648 216172782650654722 0 288265562671480840 137443147776 72057594843234307 0
23 1 86 1 126 1 2306054128331391024 824667275264 576460753377165316 0 3458834886860210192 274928238592 864691130602618888 0 1153062250685923360 549772591104 288230379372937228 0
24 1 87 1 127 1 9224216513325564096 3298669101056 2305843013508661264 0 13835339547440840768 1099712954368 3458764522410475552 0 4612249002743693440 2199090364416 1152921517491748912 0
25 1 88 1 128 1 3377905883153152 13194676404226 9223372054034645056 0 1125968634708224 4398851817475 13835058089641902208 0 2251937265222144 8796361457665 4611686069966995648 0
26 1 89 1 129 1 13511623532612608 52778705616904 68719476992 2 4503874538832896 17595407269900 137438953984 3 9007749060888576 35185445830660 206158430976 1
27 1 90 1 130 1 54046494130450432 211114822467616 274877907968 8 18015498155331584 70381629079600 549755815936 12 36030996243554304 140741783322640 824633723904 4
28 1 91 1 131 1 216185976521801731 34359738496 1099511631872 32 72061992621326337 51539607744 2199023263744 48 144123984974217218 17179869248 3298534895616 16
29 1 92 1 132 1 864743906087206924 137438953984 4398046527488 128 288247970485305348 206158430976 8796093054976 192 576495939896868872 68719476992 13194139582464 64
30 1 93 1 133 1 3458975624348827696 549755815936 17592186109952 512 1152991881941221392 824633723904 35184372219904 768 2305983759587475488 274877907968 52776558329856 256
31 1 94 1 134 1 13835902497395310784 2199023263744 70368744439808 2048 4611967527764885568 3298534895616 140737488879616 3072 9223935038349901952 1099511631872 211106233319424 1024
32 1 95 1 135 1 3377768452588288 8796093054979 281474977759232 8192 1126037349990656 13194139582465 562949955518464 12288 2252005980504576 4398046527490 844424933277696 4096
33 1 96 1 136 1 13511073810353152 35184372219916 1125899911036928 32768 4504149399962624 52776558329860 2251799822073856 49152 9008023922018304 17592186109960 3377699733110784 16384
34 1 97 1 137 1 54044295241412608 140737488879664 4503599644147712 131072 18016597599850496 211106233319440 9007199288295424 196608 36032095688073216 70368744439840 13510798932443136 65536
35 1 98 1 138 1 216177180965650434 2097344 18014398576590848 524288 72066390399401987 3145792 36028797153181696 786432 144128382752292865 1048704 54043195729772544 262144
36 1 99 1 139 1 864708723862601736 8389376 72057594306363392 2097152 288265561597607948 12583168 144115188612726784 3145728 576513531009171460 4194816 216172782919090176 1048576
37 1 100 1 140 1 3458834895450406944 33557504 288230377225453568 8388608 1153062246390431792 50332672 576460754450907136 12582912 2306054124036685840 16779264 864691131676360704 4194304
38 1 101 1 141 1 13835339581801627776 134230016 1152921508901814272 33554432 4612248985561727168 201330688 2305843017803628544 50331648 9224216496146743360 67117056 3458764526705442816 16777216
39 1 102 1 142 1 1126106077856256 536920067 4611686035607257088 134217728 2251868537357056 805322753 9223372071214514176 201326592 3377837167870208 268468226 13835058106821771264 67108864
40 1 103 1 143 1 4504424311425024 2147680268 68719476736 536870913 9007474149428224 3221291012 137438953472 805306370 13511348671480832 1073872904 206158430208 268435459
41 1 104 1 144 1 18017697245700096 8590721072 274877906944 2147483652 36029896597712896 12885164048 549755813888 3221225480 54045394685923328 4295491616 824633720832 1073741836
42 1 105 1 145 1 72070788982800384 562984316305600 1099511627776 16 144119586390851584 844476470788160 2199023255552 32 216181578743693312 281492158677120 3298534883328 48
43 1 106 1 146 1 288283155931201536 2251937265222400 4398046511104 64 576478345563406336 3377905883152640 8796093022208 128 864726314974773248 1125968634708480 13194139533312 192
44 1 107 1 147 1 1153132623724806144 9007749060889600 17592186044416 256 2305913382253625344 13511623532610560 35184372088832 512 3458905259899092992 4503874538833920 52776558133248 768
45 1 108 1 148 1 4612530494899224576 36030996243558400 70368744177664 1024 9223653529014501376 54046494130442240 140737488355328 2048 13835621039596371968 18015498155335680 211106232532992 3072
46 1 109 1 149 1 3377905887346688 144123984974233601 281474976710656 4096 1125968638902272 216185976521768962 562949953421312 8192 2251937256833024 72061992621342723 844424930131968 12288
47 1 110 1 150 1 13511623549386752 576495939896934404 1125899906842624 16384 4503874555609088 864743906087075848 2251799813685248 32768 9007749027332096 288247970485370892 3377699720527872 49152
48 1 111 1 151 1 54046494197547008 2305983759587737616 4503599627370496 65536 18015498222436352 3458975624348303392 9007199254740992 131072 36030996109328384 1152991881941483568 13510798882111488 196608
49 1 56 1 152 1 216185976790188034 9223372088397529152 18014398509481984 262144 72061992889745411 13835058072463081600 36028797018963968 524288 144123984437313537 4611686052789223616 54043195528445952 786432
50 1 57 1 153 1 864743907160752136 206171013376 72057594037927938 1048576 288247971558981644 68723671552 144115188075855875 2097152 576495937749254148 137447342848 216172782113783809 3145728
51 1 58 1 154 1 3458975628643008544 824684053504 288230376151711752 4194304 1152991886235926576 274894686208 576460752303423500 8388608 2305983750997016592 549789371392 864691128455135236 12582912
52 1 59 1 155 1 13835902514572034176 3298736214016 1152921504606847008 16777216 4611967544943706304 1099578744832 2305843009213694000 33554432 9223935003988066368 2199157485568 3458764513820540944 50331648
53 1 60 1 156 1 3377837159481856 13194944856067 4611686018427388032 67108864 1126106065273600 4398314979329 9223372036854776000 134217728 2251868533162240 8796629942274 13835058055282163776 201326592
54 1 61 1 157 1 13511348637927424 52779779424268 512 268435457 4504424261094400 17593259917316 768 536870914 9007474132648960 35186519769096 256 805306371
55 1 62 1 158 1 54045394551709696 211119117697072 2048 1073741828 18017697044377600 70373039669264 3072 2147483656 36029896530595840 140746079076384 1024 3221225484
0 2 105 2 140 2 0 281474976710656 0 0 0 562949953421312 0 0 0 844424930131968 0 0
1 2 106 2 141 2 0 1125899906842624 0 0 0 2251799813685248 0 0 0 3377699720527872 0 0
2 2 107 2 142 2 0 4503599627370496 0 0 0 9007199254740992 0 0 0 13510798882111488 0 0
3 2 108 2 143 2 0 18014398509481984 0 0 0 36028797018963968 0 0 0 54043195528445952 0 0
4 2 109 2 144 2 0 72057594037927936 0 0 0 144115188075855872 0 0 0 216172782113783808 0 0
5 2 110 2 145 2 0 288230376151711744 0 0 0 576460752303423488 0 0 0 864691128455135232 0 0
6 2 111 2 146 2 0 1152921504606846976 0 0 0 2305843009213693952 0 0 0 3458764513820540928 0 0
7 2 56 2 147 2 0 4611686018427387904 0 0 0 9223372036854775808 0 0 0 13835058055282163712 0 0
8 2 57 2 148 2 0 0 1 0 0 0 2 0 0 0 3 0
9 2 58 2 149 2 0 0 4 0 0 0 8 0 0 0 12 0
10 2 59 2 150 2 0 0 16 0 0 0 32 0 0 0 48 0
11 2 60 2 151 2 0 0 64 0 0 0 128 0 0 0 192 0
12 2 61 2 152 2 0 0 256 0 0 0 512 0 0 0 768 0
13 2 62 2 153 2 0 0 1024 0 0 0 2048 0 0 0 3072 0
14 2 63 2 154 2 0 0 4096 0 0 0 8192 0 0 0 12288 0
15 2 64 2 155 2 0 0 16384 0 0 0 32768 0 0 0 49152 0
16 2 65 2 156 2 0 0 65536 0 0 0 131072 0 0 0 196608 0
17 2 66 2 157 2 0 0 262144 0 0 0 524288 0 0 0 786432 0
18 2 67 2 158 2 0 0 1048576 0 0 0 2097152 0 0 0 3145728 0
19 2 68 2 159 2 0 0 4194304 0 0 0 8388608 0 0 0 12582912 0
20 2 69 2 160 2 0 0 16777216 0 0 0 33554432 0 0 0 50331648 0
21 2 70 2 161 2 0 0 67108864 0 0 0 134217728 0 0 0 201326592 0
22 2 71 2 162 2 0 0 268435456 0 0 0 536870912 0 0 0 805306368 0
23 2 72 2 163 2 0 0 1073741824 0 0 0 2147483648 0 0 0 3221225472 0
24 2 73 2 164 2 0 0 4294967296 0 0 0 8589934592 0 0 0 12884901888 0
25 2 74 2 165 2 0 0 17179869184 0 0 0 34359738368 0 0 0 51539607552 0
26 2 75 2 166 2 0 0 68719476736 0 0 0 137438953472 0 0 0 206158430208 0
27 2 76 2 167 2 0 0 274877906944 0 0 0 549755813888 0 0 0 824633720832 0
28 2 77 2 112 2 0 0 1099511627776 0 0 0 2199023255552 0 0 0 3298534883328 0
29 2 78 2 113 2 0 0 4398046511104 0 0 0 8796093022208 0 0 0 13194139533312 0
30 2 79 2 114 2 0 0 17592186044416 0 0 0 35184372088832 0 0 0 52776558133248 0
31 2 80 2 115 2 0 0 70368744177664 0 0 0 140737488355328 0 0 0 211106232532992 0
32 2 81 2 116 2 0 0 281474976710656 0 0 0 562949953421312 0 0 0 844424930131968 0
33 2 82 2 117 2 0 0 1125899906842624 0 0 0 2251799813685248 0 0 0 3377699720527872 0
34 2 83 2 118 2 0 0 4503599627370496 0 0 0 9007199254740992 0 0 0 13510798882111488 0
35 2 84 2 119 2 0 0 18014398509481984 0 0 0 36028797018963968 0 0 0 54043195528445952 0
36 2 85 2 120 2 0 0 72057594037927936 0 0 0 144115188075855872 0 0 0 216172782113783808 0
37 2 86 2 121 2 0 0 288230376151711744 0 0 0 576460752303423488 0 0 0 864691128455135232 0
38 2 87 2 122 2 0 0 1152921504606846976 0 0 0 2305843009213693952 0 0 0 3458764513820540928 0
39 2 88 2 123 2 0 0 4611686018427387904 0 0 0 9223372036854775808 0 0 0 13835058055282163712 0
40 2 89 2 124 2 0 0 0 1 0 0 0 2 0 0 0 3
41 2 90 2 125 2 0 0 0 4 0 0 0 8 0 0 0 12
42 2 91 2 126 2 0 0 0 16 0 0 0 32 0 0 0 48
43 2 92 2 127 2 0 0 0 64 0 0 0 128 0 0 0 192
44 2 93 2 128 2 0 0 0 256 0 0 0 512 0 0 0 768
45 2 94 2 129 2 0 0 0 1024 0 0 0 2048 0 0 0 3072
46 2 95 2 130 2 0 0 0 4096 0 0 0 8192 0 0 0 12288
47 2 96 2 131 2 0 0 0 16384 0 0 0 32768 0 0 0 49152
48 2 97 2 132 2 0 0 0 65536 0 0 0 131072 0 0 0 196608
49 2 98 2 133 2 0 0 0 262144 0 0 0 524288 0 0 0 786432
50 2 99 2 134 2 0 0 0 1048576 0 0 0 2097152 0 0 0 3145728
51 2 100 2 135 2 0 0 0 4194304 0 0 0 8388608 0 0 0 12582912
52 2 101 2 136 2 0 0 0 16777216 0 0 0 33554432 0 0 0 50331648
53 2 102 2 137 2 0 0 0 67108864 0 0 0 134217728 0 0 0 201326592
54 2 103 2 138 2 0 0 0 268435456 0 0 0 536870912 0 0 0 805306368
55 2 104 2 139 2 0 0 0 1073741824 0 0 0 2147483648 0 0 0 3221225472
