168 448
8 0 88 144 208 225 320 340 396
9 1 89 145 209 224 225 321 341 397
8 2 90 146 210 227 322 342 398
9 3 91 147 211 226 227 323 343 399
8 4 92 148 212 229 324 344 400
9 5 93 149 213 228 229 325 345 401
8 6 94 150 214 231 326 346 402
9 7 95 151 215 230 231 327 347 403
8 8 96 152 216 233 328 348 404
9 9 97 153 217 232 233 329 349 405
8 10 98 154 218 235 330 350 406
9 11 99 155 219 234 235 331 351 407
8 12 100 156 220 237 332 352 408
9 13 101 157 221 236 237 333 353 409
8 14 102 158 222 239 334 354 410
9 15 103 159 223 238 239 335 355 411
8 16 104 160 168 241 280 356 412
9 17 105 161 169 240 241 281 357 413
8 18 106 162 170 243 282 358 414
9 19 107 163 171 242 243 283 359 415
8 20 108 164 172 245 284 360 416
9 21 109 165 173 244 245 285 361 417
8 22 110 166 174 247 286 362 418
9 23 111 167 175 246 247 287 363 419
8 24 56 112 176 249 288 364 420
9 25 57 113 177 248 249 289 365 421
8 26 58 114 178 251 290 366 422
9 27 59 115 179 250 251 291 367 423
8 28 60 116 180 253 292 368 424
9 29 61 117 181 252 253 293 369 425
8 30 62 118 182 255 294 370 426
9 31 63 119 183 254 255 295 371 427
8 32 64 120 184 257 296 372 428
9 33 65 121 185 256 257 297 373 429
8 34 66 122 186 259 298 374 430
9 35 67 123 187 258 259 299 375 431
8 36 68 124 188 261 300 376 432
9 37 69 125 189 260 261 301 377 433
8 38 70 126 190 263 302 378 434
9 39 71 127 191 262 263 303 379 435
8 40 72 128 192 265 304 380 436
9 41 73 129 193 264 265 305 381 437
8 42 74 130 194 267 306 382 438
9 43 75 131 195 266 267 307 383 439
8 44 76 132 196 269 308 384 440
9 45 77 133 197 268 269 309 385 441
8 46 78 134 198 271 310 386 442
9 47 79 135 199 270 271 311 387 443
8 48 80 136 200 273 312 388 444
9 49 81 137 201 272 273 313 389 445
8 50 82 138 202 275 314 390 446
9 51 83 139 203 274 275 315 391 447
8 52 84 140 204 277 316 336 392
9 53 85 141 205 276 277 317 337 393
8 54 86 142 206 279 318 338 394
9 55 87 143 207 278 279 319 339 395
8 0 86 158 216 254 281 384 438
9 1 87 159 217 255 280 281 385 439
8 2 88 160 218 256 283 386 440
9 3 89 161 219 257 282 283 387 441
8 4 90 162 220 258 285 388 442
9 5 91 163 221 259 284 285 389 443
8 6 92 164 222 260 287 390 444
9 7 93 165 223 261 286 287 391 445
8 8 94 166 168 262 289 336 446
9 9 95 167 169 263 288 289 337 447
8 10 96 112 170 264 291 338 392
9 11 97 113 171 265 290 291 339 393
8 12 98 114 172 266 293 340 394
9 13 99 115 173 267 292 293 341 395
8 14 100 116 174 268 295 342 396
9 15 101 117 175 269 294 295 343 397
8 16 102 118 176 270 297 344 398
9 17 103 119 177 271 296 297 345 399
8 18 104 120 178 272 299 346 400
9 19 105 121 179 273 298 299 347 401
8 20 106 122 180 274 301 348 402
9 21 107 123 181 275 300 301 349 403
8 22 108 124 182 276 303 350 404
9 23 109 125 183 277 302 303 351 405
8 24 110 126 184 278 305 352 406
9 25 111 127 185 279 304 305 353 407
8 26 56 128 186 224 307 354 408
9 27 57 129 187 225 306 307 355 409
8 28 58 130 188 226 309 356 410
9 29 59 131 189 227 308 309 357 411
8 30 60 132 190 228 311 358 412
9 31 61 133 191 229 310 311 359 413
8 32 62 134 192 230 313 360 414
9 33 63 135 193 231 312 313 361 415
8 34 64 136 194 232 315 362 416
9 35 65 137 195 233 314 315 363 417
8 36 66 138 196 234 317 364 418
9 37 67 139 197 235 316 317 365 419
8 38 68 140 198 236 319 366 420
9 39 69 141 199 237 318 319 367 421
8 40 70 142 200 238 321 368 422
9 41 71 143 201 239 320 321 369 423
8 42 72 144 202 240 323 370 424
9 43 73 145 203 241 322 323 371 425
8 44 74 146 204 242 325 372 426
9 45 75 147 205 243 324 325 373 427
8 46 76 148 206 244 327 374 428
9 47 77 149 207 245 326 327 375 429
8 48 78 150 208 246 329 376 430
9 49 79 151 209 247 328 329 377 431
8 50 80 152 210 248 331 378 432
9 51 81 153 211 249 330 331 379 433
8 52 82 154 212 250 333 380 434
9 53 83 155 213 251 332 333 381 435
8 54 84 156 214 252 335 382 436
9 55 85 157 215 253 334 335 383 437
8 0 78 148 194 260 302 337 418
9 1 79 149 195 261 303 336 337 419
8 2 80 150 196 262 304 339 420
9 3 81 151 197 263 305 338 339 421
8 4 82 152 198 264 306 341 422
9 5 83 153 199 265 307 340 341 423
8 6 84 154 200 266 308 343 424
9 7 85 155 201 267 309 342 343 425
8 8 86 156 202 268 310 345 426
9 9 87 157 203 269 311 344 345 427
8 10 88 158 204 270 312 347 428
9 11 89 159 205 271 313 346 347 429
8 12 90 160 206 272 314 349 430
9 13 91 161 207 273 315 348 349 431
8 14 92 162 208 274 316 351 432
9 15 93 163 209 275 317 350 351 433
8 16 94 164 210 276 318 353 434
9 17 95 165 211 277 319 352 353 435
8 18 96 166 212 278 320 355 436
9 19 97 167 213 279 321 354 355 437
8 20 98 112 214 224 322 357 438
9 21 99 113 215 225 323 356 357 439
8 22 100 114 216 226 324 359 440
9 23 101 115 217 227 325 358 359 441
8 24 102 116 218 228 326 361 442
9 25 103 117 219 229 327 360 361 443
8 26 104 118 220 230 328 363 444
9 27 105 119 221 231 329 362 363 445
8 28 106 120 222 232 330 365 446
9 29 107 121 223 233 331 364 365 447
8 30 108 122 168 234 332 367 392
9 31 109 123 169 235 333 366 367 393
8 32 110 124 170 236 334 369 394
9 33 111 125 171 237 335 368 369 395
8 34 56 126 172 238 280 371 396
9 35 57 127 173 239 281 370 371 397
8 36 58 128 174 240 282 373 398
9 37 59 129 175 241 283 372 373 399
8 38 60 130 176 242 284 375 400
9 39 61 131 177 243 285 374 375 401
8 40 62 132 178 244 286 377 402
9 41 63 133 179 245 287 376 377 403
8 42 64 134 180 246 288 379 404
9 43 65 135 181 247 289 378 379 405
8 44 66 136 182 248 290 381 406
9 45 67 137 183 249 291 380 381 407
8 46 68 138 184 250 292 383 408
9 47 69 139 185 251 293 382 383 409
8 48 70 140 186 252 294 385 410
9 49 71 141 187 253 295 384 385 411
8 50 72 142 188 254 296 387 412
9 51 73 143 189 255 297 386 387 413
8 52 74 144 190 256 298 389 414
9 53 75 145 191 257 299 388 389 415
8 54 76 146 192 258 300 391 416
9 55 77 147 193 259 301 390 391 417
