256 96 2 32
0 1 32 1 64 1 72058693549556224 217018319490908162 144117387099112192 72341272349835267 216176080648667392 144681445187715073
1 1 33 1 65 1 288234774198224896 868073277963632648 576469548396448768 289365089399341068 864704322594669568 578725780750860292
2 1 34 1 66 1 1152939096792899584 3472293111854530592 2305878193585795072 1157460357597364272 3458817290378678272 2314903123003441168
3 1 35 1 67 1 4611756387171598336 13889172447418122368 9223512774343180288 4629841430389457088 13835269161514713088 9259612492013764672
4 1 36 1 68 1 281474976841729 216457568543834627 562949953617922 72621647848276737 844424930197507 144961820635955458
5 1 37 1 69 1 1125899907366916 865830274175338508 2251799814471688 290486591393106948 3377699720790028 579847282543821832
6 1 38 1 70 1 4503599629467664 3463321096701354032 9007199257886752 1161946365572427792 13510798883160112 2319389130175287328
7 1 39 1 71 1 18014398517870656 13853284386805416128 36028797031547008 4647785462289711168 54043195532640448 9277556520701149312
8 1 40 1 72 1 72057594071482624 72905326093009667 144115188126188032 144397775449293057 216172782130561792 216737935385494018
9 1 41 1 73 1 288230376285930496 291621304372038668 576460752504752128 577591101797172228 864691128522247168 866951741541976072
10 1 42 1 74 1 1152921505143721984 1166485217488154672 2305843010019008512 2310364407188688912 3458764514088988672 3467806966167904288
11 1 43 1 75 1 4611686020574887936 4665940869952618688 9223372040076034048 9241457628754755648 13835058056355954688 13871227864671617152
12 1 44 1 76 1 8590000129 217019406100923137 12885032962 72342367599919362 4295163907 144679237557813763
13 1 45 1 77 1 34360000516 868077624403692548 51540131848 289369470399677448 17180655628 578716950231255052
14 1 46 1 78 1 137440002064 3472310497614770192 206160527392 1157477881598709792 68722622512 2314867800925020208
15 1 47 1 79 1 549760008256 13889241990459080768 824642109568 4629911526394839168 274890490048 9259471203700080832
16 1 48 1 80 1 2199040033024 216735740707668227 3298568438272 72902031869805057 1099561960192 144396667381220098
17 1 49 1 81 1 8796160132096 866942962830672908 13194273753088 291608127479220228 4398247840768 577586669524880392
18 1 50 1 82 1 35184640528384 3467771851322691632 52777095012352 1166432509916880912 17592991363072 2310346678099521568
19 1 51 1 83 1 140738562113536 13871087405290766528 211108380049408 4665730039667523648 70371965452288 9241386712398086272
20 1 52 1 84 1 562954248454144 144117400034411267 844433520197632 216176084960542977 281487861809152 72058702173241858
21 1 53 1 85 1 2251816993816576 576469600137645068 3377734080790528 864704339842171908 1125951447236608 288234808692967432
22 1 54 1 86 1 9007267975266304 2305878400550580272 13510936323162112 3458817359368687632 4503805788946432 1152939234771869728
23 1 55 1 87 1 36029071901065216 9223513602202321088 54043745292648448 13835269437474750528 18015223155785728 4611756939087478912
24 1 56 1 88 1 144116287604260864 566261390181122 216174981170593792 845528770347267 72060892623142912 283682640364033
25 1 57 1 89 1 576465150417043456 2265045560724488 864699924682375168 3382115081389068 288243570492571648 1134730561456132
26 1 58 1 90 1 2305860601668173824 9060182242897952 3458799698729500672 13528460325556272 1152974281970286592 4538922245824528
27 1 59 1 91 1 9223442406672695296 36240728971591808 13835198794918002688 54113841302225088 4611897127881146368 18155688983298112
28 1 60 1 92 1 281479271677954 144962915886367232 562958543355907 216455365208900352 844437815033857 72622755933192448
29 1 61 1 93 1 1125917086711816 579851663545468928 2251834173423628 865821460835601408 3377751260135428 290491023732769792
30 1 62 1 94 1 4503668346847264 2319406654181875712 9007336693694512 3463285843342405632 13511005040541712 1161964094931079168
31 1 63 1 95 1 18014673387389056 9277626616727502848 36029346774778048 13853143373369622528 54044020162166848 4647856379724316672
17 1 35 1 92 1 564062366925057 216172782147404032 846628281975298 72057594088391168 284782151992067 144115188092830464
18 1 36 1 93 1 2256249467700228 864691128589616128 3386513127901192 288230376353564672 1139128607968268 576460752371321856
19 1 37 1 94 1 9024997870800912 3458764514358464512 13546052511604768 1152921505414258688 4556514431873072 2305843009485287424
20 1 38 1 95 1 36099991483203648 13835058057433858048 54184210046419072 4611686021657034752 18226057727492288 9223372037941149696
21 1 39 1 64 1 144399965932814592 8606777347 216736840185676288 12918587393 72904230909969152 4345495554
22 1 40 1 65 1 577599863731258368 34427109388 866947360742705152 51674349572 291616923639876608 17381982216
23 1 41 1 66 1 2310399454925033472 137708437552 3467789442970820608 206697398288 1166467694559506432 69527928864
24 1 42 1 67 1 9241597819700133888 550833750208 13871157771883282432 826789593152 4665870778238025728 278111715456
25 1 43 1 68 1 72903131381432322 2203335000832 144398866404474883 3307158372608 216739039242551297 1112446861824
26 1 44 1 69 1 291612525525729288 8813340003328 577595465617899532 13228633490432 866956156970205188 4449787447296
27 1 45 1 70 1 1166450102102917152 35253360013312 2310381862471598128 52914533961728 3467824627880820752 17799149789184
28 1 46 1 71 1 4665800408411668608 141013440053248 9241527449886392512 211658135846912 13871298511523283008 71196599156736
29 1 47 1 72 1 216457559937122817 564053760212992 72621652126466818 846632543387648 144961824964477187 284786396626944
30 1 48 1 73 1 865830239748491268 2256215040851968 290486608505867272 3386530173550592 579847299857908748 1139145586507776
31 1 49 1 74 1 3463320958993965072 9024860163407872 1161946434023469088 13546120694202368 2319389199431634992 4556582346031104
0 1 50 1 75 1 13853283835975860288 36099440653631488 4647785736093876352 54184482776809472 9277556797726539968 18226329384124416
1 1 51 1 76 1 72903122774786307 144397762614525952 144398870665953793 216737931107237888 216739043487056642 72905317536497664
2 1 52 1 77 1 291612491099145228 577591050458103808 577595482663815172 866951724428951552 866956173948226568 291621270145990656
3 1 53 1 78 1 1166449964396580912 2310364201832415232 2310381930655260688 3467806897715806208 3467824695792906272 1166485080583962624
4 1 54 1 79 1 4665799857586323648 9241456807329660928 9241527722621042752 13871227590863224832 13871298783171625088 4665940322335850496
5 1 55 1 80 1 216455356635742977 72339081899540482 72622743065067778 144678142324244483 144962911557845507 217017215633850369
6 1 56 1 81 1 865821426542971908 289356327598161928 290490972260271112 578712569296977932 579851646231382028 868068862535401476
7 1 57 1 82 1 3463285706171887632 1157425310392647712 1161963889041084448 2314850277187911728 2319406584925528112 3472275450141605904
8 1 58 1 83 1 13853142824687550528 4629701241570590848 4647855556164337792 9259401108751646912 9277626339702112448 13889101800566423616
9 1 59 1 84 1 72339077621547267 72060892572811777 144678150947799553 144116287587484418 217017211389346562 216174981137039619
10 1 60 1 85 1 289356310486189068 288243570291247108 578712603791198212 576465150349937672 868068845557386248 864699924548158476
11 1 61 1 86 1 1157425241944756272 1152974281164988432 2314850415164792848 2305860601399750688 3472275382229544992 3458799698192633904
12 1 62 1 87 1 4629700967779025088 4611897124659953728 9259401660659171392 9223442405599002752 13889101528918179968 13835198792770535616
13 1 63 1 88 1 72059797406548737 844424930263297 144118495217582338 281474976907778 216173894544065027 562949953487619
14 1 32 1 89 1 288239189626194948 3377699721053188 576473980870329352 1125899907631112 864695578176260108 2251799813950476
15 1 33 1 90 1 1152956758504779792 13510798884212752 2305895923481317408 4503599630524448 3458782312705040432 9007199255801904
16 1 34 1 91 1 4611827034019119168 54043195536851008 9223583693925269632 18014398522097792 13835129250820161728 36028797023207616
17 1 48 1 91 1 144681449466036738 144398866421252353 217018310884131587 216739039208997378 72341276678291713 72903131398210307
18 1 49 1 92 1 578725797864146952 577595465685009412 868073243536526348 866956156835989512 289365106713166852 291612525592841228
19 1 50 1 93 1 2314903191456587808 2310381862740037648 3472292974146105392 3467824627343958048 1157460426852667408 1166450102371364912
20 1 51 1 94 1 9259612765826351232 9241527450960150592 13889171896584421568 13871298509375832192 4629841707410669632 4665800409485459648
21 1 52 1 95 1 144962915886301698 72621656421499138 216455365209031427 144961816374673923 72622755933126913 216457564232286977
22 1 53 1 64 1 579851663545206792 290486625685996552 865821460836125708 579847265498695692 290491023732507652 865830256929147908
23 1 54 1 65 1 2319406654180827168 1161946502743986208 3463285843344502832 2319389061994782768 1161964094930030608 3463321027716591632
24 1 55 1 66 1 9277626616723308672 4647786010975944832 13853143373378011328 9277556247979131072 4647856379720122432 13853284110866366528
25 1 56 1 67 1 217018319474131458 144399970194227713 72341272383390467 216736844497421058 144681445170938113 72904222336811267
26 1 57 1 68 1 868073277896525832 577599880776910852 289365089533561868 866947377989684232 578725780683752452 291616889347245068
27 1 58 1 69 1 3472293111586103328 2310399523107643408 1157460358134247472 3467789511958736928 2314903122735009808 1166467557388980272
28 1 59 1 70 1 13889172446344413312 9241598092430573632 4629841432536989888 13871158047834947712 9259612490940039232 4665870229555921088
29 1 60 1 71 1 216457564248998403 72904222303191298 72621656438407937 144399970211136003 144961816341053698 216736844514132737
30 1 61 1 72 1 865830256995993612 291616889212765192 290486625753631748 577599880844544012 579847265364214792 866947378056530948
31 1 62 1 73 1 3463321027983974448 1166467556851060768 1161946503014526992 2310399523378176048 2319389061456859168 3467789512226123792
0 1 63 1 74 1 13853284111935897792 4665870227404243072 4647786012058107968 9241598093512704192 9277556245827436672 13871158048904495168
1 1 32 1 75 1 72904226614936323 216736835907420673 144399974522880257 72904226631713538 216736835890643458 144399974489325827
2 1 33 1 76 1 291616906459745292 866947343629682692 577599898091521028 291616906526854152 866947343562573832 577599897957303308
3 1 34 1 77 1 1166467625838981168 3467789374518730768 2310399592366084112 1166467626107416608 3467789374250295328 2310399591829213232
4 1 35 1 78 1 4665870503355924672 13871157498074923072 9241598369464336448 4665870504429666432 13871157497001181312 9241598367316852928
5 1 36 1 79 1 216737939714147073 144397771171037443 72905330438242562 216737944009114113 144397766876070403 72905321848308482
6 1 37 1 80 1 866951758856588292 577591084684149772 291621321752970248 866951776036456452 577591067504281612 291621287393233928
7 1 38 1 81 1 3467807035426353168 2310364338736599088 1166485287011880992 3467807104145825808 2310364270017126448 1166485149572935712
8 1 39 1 82 1 13871228141705412672 9241457354946396352 4665941148047523968 13871228416583303232 9241457080068505792 4665940598291742848
9 1 40 1 83 1 144680345692995843 72341272366482178 217020518480544257 144681445204558083 72340172854919938 217018319457419777
10 1 41 1 84 1 578721382771983372 289365089465928712 868082073922177028 578725780818232332 289360691419679752 868073277829679108
11 1 42 1 85 1 2314885531087933488 1157460357863714848 3472328295688708112 2314903123272929328 1157442765678719008 3472293111318716432
12 1 43 1 86 1 9259542124351733952 4629841431454859392 13889313182754832448 9259612493091717312 4629771062714876032 13889172445274865728
13 1 44 1 87 1 144680349987832578 72621652109885953 217020509890674947 144961824947766018 72340177149952513 216457559970808067
14 1 45 1 88 1 578721399951330312 290486608439543812 868082039562699788 579847299791064072 289360708599810052 865830239883232268
15 1 46 1 89 1 2314885599805321248 1161946433758175248 3472328158250799152 2319389199164256288 1157442834399240208 3463320959532929072
16 1 47 1 90 1 9259542399221284992 4647785735032700992 13889312633003196608 9277556796657025152 4629771337596960832 13853283838131716288
21 2 60 2 68 2 1 0 2 0 3 0
22 2 61 2 69 2 4 0 8 0 12 0
23 2 62 2 70 2 16 0 32 0 48 0
24 2 63 2 71 2 64 0 128 0 192 0
25 2 32 2 72 2 256 0 512 0 768 0
26 2 33 2 73 2 1024 0 2048 0 3072 0
27 2 34 2 74 2 4096 0 8192 0 12288 0
28 2 35 2 75 2 16384 0 32768 0 49152 0
29 2 36 2 76 2 65536 0 131072 0 196608 0
30 2 37 2 77 2 262144 0 524288 0 786432 0
31 2 38 2 78 2 1048576 0 2097152 0 3145728 0
0 2 39 2 79 2 4194304 0 8388608 0 12582912 0
1 2 40 2 80 2 16777216 0 33554432 0 50331648 0
2 2 41 2 81 2 67108864 0 134217728 0 201326592 0
3 2 42 2 82 2 268435456 0 536870912 0 805306368 0
4 2 43 2 83 2 1073741824 0 2147483648 0 3221225472 0
5 2 44 2 84 2 4294967296 0 8589934592 0 12884901888 0
6 2 45 2 85 2 17179869184 0 34359738368 0 51539607552 0
7 2 46 2 86 2 68719476736 0 137438953472 0 206158430208 0
8 2 47 2 87 2 274877906944 0 549755813888 0 824633720832 0
9 2 48 2 88 2 1099511627776 0 2199023255552 0 3298534883328 0
10 2 49 2 89 2 4398046511104 0 8796093022208 0 13194139533312 0
11 2 50 2 90 2 17592186044416 0 35184372088832 0 52776558133248 0
12 2 51 2 91 2 70368744177664 0 140737488355328 0 211106232532992 0
13 2 52 2 92 2 281474976710656 0 562949953421312 0 844424930131968 0
14 2 53 2 93 2 1125899906842624 0 2251799813685248 0 3377699720527872 0
15 2 54 2 94 2 4503599627370496 0 9007199254740992 0 13510798882111488 0
16 2 55 2 95 2 18014398509481984 0 36028797018963968 0 54043195528445952 0
17 2 56 2 64 2 72057594037927936 0 144115188075855872 0 216172782113783808 0
18 2 57 2 65 2 288230376151711744 0 576460752303423488 0 864691128455135232 0
19 2 58 2 66 2 1152921504606846976 0 2305843009213693952 0 3458764513820540928 0
20 2 59 2 67 2 4611686018427387904 0 9223372036854775808 0 13835058055282163712 0
0 2 35 1 91 1 0 0 0 0 0 0
1 2 36 1 92 1 0 0 0 0 0 0
2 2 37 1 93 1 0 0 0 0 0 0
3 2 38 1 94 1 0 0 0 0 0 0
4 2 39 1 95 1 0 0 0 0 0 0
5 2 40 1 64 1 0 0 0 0 0 0
6 2 41 1 65 1 0 0 0 0 0 0
7 2 42 1 66 1 0 0 0 0 0 0
8 2 43 1 67 1 0 0 0 0 0 0
9 2 44 1 68 1 0 0 0 0 0 0
10 2 45 1 69 1 0 0 0 0 0 0
11 2 46 1 70 1 0 0 0 0 0 0
12 2 47 1 71 1 0 0 0 0 0 0
13 2 48 1 72 1 0 0 0 0 0 0
14 2 49 1 73 1 0 0 0 0 0 0
15 2 50 1 74 1 0 0 0 0 0 0
16 2 51 1 75 1 0 0 0 0 0 0
17 2 52 1 76 1 0 0 0 0 0 0
18 2 53 1 77 1 0 0 0 0 0 0
19 2 54 1 78 1 0 0 0 0 0 0
20 2 55 1 79 1 0 0 0 0 0 0
21 2 56 1 80 1 0 0 0 0 0 0
22 2 57 1 81 1 0 0 0 0 0 0
23 2 58 1 82 1 0 0 0 0 0 0
24 2 59 1 83 1 0 0 0 0 0 0
25 2 60 1 84 1 0 0 0 0 0 0
26 2 61 1 85 1 0 0 0 0 0 0
27 2 62 1 86 1 0 0 0 0 0 0
28 2 63 1 87 1 0 0 0 0 0 0
29 2 32 1 88 1 0 0 0 0 0 0
30 2 33 1 89 1 0 0 0 0 0 0
31 2 34 1 90 1 0 0 0 0 0 0
21 1 32 2 92 1 0 0 0 0 0 0
22 1 33 2 93 1 0 0 0 0 0 0
23 1 34 2 94 1 0 0 0 0 0 0
24 1 35 2 95 1 0 0 0 0 0 0
25 1 36 2 64 1 0 0 0 0 0 0
26 1 37 2 65 1 0 0 0 0 0 0
27 1 38 2 66 1 0 0 0 0 0 0
28 1 39 2 67 1 0 0 0 0 0 0
29 1 40 2 68 1 0 0 0 0 0 0
30 1 41 2 69 1 0 0 0 0 0 0
31 1 42 2 70 1 0 0 0 0 0 0
0 1 43 2 71 1 0 0 0 0 0 0
1 1 44 2 72 1 0 0 0 0 0 0
2 1 45 2 73 1 0 0 0 0 0 0
3 1 46 2 74 1 0 0 0 0 0 0
4 1 47 2 75 1 0 0 0 0 0 0
5 1 48 2 76 1 0 0 0 0 0 0
6 1 49 2 77 1 0 0 0 0 0 0
7 1 50 2 78 1 0 0 0 0 0 0
8 1 51 2 79 1 0 0 0 0 0 0
9 1 52 2 80 1 0 0 0 0 0 0
10 1 53 2 81 1 0 0 0 0 0 0
11 1 54 2 82 1 0 0 0 0 0 0
12 1 55 2 83 1 0 0 0 0 0 0
13 1 56 2 84 1 0 0 0 0 0 0
14 1 57 2 85 1 0 0 0 0 0 0
15 1 58 2 86 1 0 0 0 0 0 0
16 1 59 2 87 1 0 0 0 0 0 0
17 1 60 2 88 1 0 0 0 0 0 0
18 1 61 2 89 1 0 0 0 0 0 0
19 1 62 2 90 1 0 0 0 0 0 0
20 1 63 2 91 1 0 0 0 0 0 0
1 1 60 1 64 2 0 0 0 0 0 0
2 1 61 1 65 2 0 0 0 0 0 0
3 1 62 1 66 2 0 0 0 0 0 0
4 1 63 1 67 2 0 0 0 0 0 0
5 1 32 1 68 2 0 0 0 0 0 0
6 1 33 1 69 2 0 0 0 0 0 0
7 1 34 1 70 2 0 0 0 0 0 0
8 1 35 1 71 2 0 0 0 0 0 0
9 1 36 1 72 2 0 0 0 0 0 0
10 1 37 1 73 2 0 0 0 0 0 0
11 1 38 1 74 2 0 0 0 0 0 0
12 1 39 1 75 2 0 0 0 0 0 0
13 1 40 1 76 2 0 0 0 0 0 0
14 1 41 1 77 2 0 0 0 0 0 0
15 1 42 1 78 2 0 0 0 0 0 0
16 1 43 1 79 2 0 0 0 0 0 0
17 1 44 1 80 2 0 0 0 0 0 0
18 1 45 1 81 2 0 0 0 0 0 0
19 1 46 1 82 2 0 0 0 0 0 0
20 1 47 1 83 2 0 0 0 0 0 0
21 1 48 1 84 2 0 0 0 0 0 0
22 1 49 1 85 2 0 0 0 0 0 0
23 1 50 1 86 2 0 0 0 0 0 0
24 1 51 1 87 2 0 0 0 0 0 0
25 1 52 1 88 2 0 0 0 0 0 0
26 1 53 1 89 2 0 0 0 0 0 0
27 1 54 1 90 2 0 0 0 0 0 0
28 1 55 1 91 2 0 0 0 0 0 0
29 1 56 1 92 2 0 0 0 0 0 0
30 1 57 1 93 2 0 0 0 0 0 0
31 1 58 1 94 2 0 0 0 0 0 0
0 1 59 1 95 2 0 0 0 0 0 0
1 3 48 3 68 3 0 1 0 2 0 3
2 3 49 3 69 3 0 4 0 8 0 12
3 3 50 3 70 3 0 16 0 32 0 48
4 3 51 3 71 3 0 64 0 128 0 192
5 3 52 3 72 3 0 256 0 512 0 768
6 3 53 3 73 3 0 1024 0 2048 0 3072
7 3 54 3 74 3 0 4096 0 8192 0 12288
8 3 55 3 75 3 0 16384 0 32768 0 49152
9 3 56 3 76 3 0 65536 0 131072 0 196608
10 3 57 3 77 3 0 262144 0 524288 0 786432
11 3 58 3 78 3 0 1048576 0 2097152 0 3145728
12 3 59 3 79 3 0 4194304 0 8388608 0 12582912
13 3 60 3 80 3 0 16777216 0 33554432 0 50331648
14 3 61 3 81 3 0 67108864 0 134217728 0 201326592
15 3 62 3 82 3 0 268435456 0 536870912 0 805306368
16 3 63 3 83 3 0 1073741824 0 2147483648 0 3221225472
17 3 32 3 84 3 0 4294967296 0 8589934592 0 12884901888
18 3 33 3 85 3 0 17179869184 0 34359738368 0 51539607552
19 3 34 3 86 3 0 68719476736 0 137438953472 0 206158430208
20 3 35 3 87 3 0 274877906944 0 549755813888 0 824633720832
21 3 36 3 88 3 0 1099511627776 0 2199023255552 0 3298534883328
22 3 37 3 89 3 0 4398046511104 0 8796093022208 0 13194139533312
23 3 38 3 90 3 0 17592186044416 0 35184372088832 0 52776558133248
24 3 39 3 91 3 0 70368744177664 0 140737488355328 0 211106232532992
25 3 40 3 92 3 0 281474976710656 0 562949953421312 0 844424930131968
26 3 41 3 93 3 0 1125899906842624 0 2251799813685248 0 3377699720527872
27 3 42 3 94 3 0 4503599627370496 0 9007199254740992 0 13510798882111488
28 3 43 3 95 3 0 18014398509481984 0 36028797018963968 0 54043195528445952
29 3 44 3 64 3 0 72057594037927936 0 144115188075855872 0 216172782113783808
30 3 45 3 65 3 0 288230376151711744 0 576460752303423488 0 864691128455135232
31 3 46 3 66 3 0 1152921504606846976 0 2305843009213693952 0 3458764513820540928
0 3 47 3 67 3 0 4611686018427387904 0 9223372036854775808 0 13835058055282163712
