256 96 2 32
0 2 32 1 64 1 0 0 0 0 0 0
1 2 33 1 65 1 0 0 0 0 0 0
2 2 34 1 66 1 0 0 0 0 0 0
3 2 35 1 67 1 0 0 0 0 0 0
4 2 36 1 68 1 0 0 0 0 0 0
5 2 37 1 69 1 0 0 0 0 0 0
6 2 38 1 70 1 0 0 0 0 0 0
7 2 39 1 71 1 0 0 0 0 0 0
8 2 40 1 72 1 0 0 0 0 0 0
9 2 41 1 73 1 0 0 0 0 0 0
10 2 42 1 74 1 0 0 0 0 0 0
11 2 43 1 75 1 0 0 0 0 0 0
12 2 44 1 76 1 0 0 0 0 0 0
13 2 45 1 77 1 0 0 0 0 0 0
14 2 46 1 78 1 0 0 0 0 0 0
15 2 47 1 79 1 0 0 0 0 0 0
16 2 48 1 80 1 0 0 0 0 0 0
17 2 49 1 81 1 0 0 0 0 0 0
18 2 50 1 82 1 0 0 0 0 0 0
19 2 51 1 83 1 0 0 0 0 0 0
20 2 52 1 84 1 0 0 0 0 0 0
21 2 53 1 85 1 0 0 0 0 0 0
22 2 54 1 86 1 0 0 0 0 0 0
23 2 55 1 87 1 0 0 0 0 0 0
24 2 56 1 88 1 0 0 0 0 0 0
25 2 57 1 89 1 0 0 0 0 0 0
26 2 58 1 90 1 0 0 0 0 0 0
27 2 59 1 91 1 0 0 0 0 0 0
28 2 60 1 92 1 0 0 0 0 0 0
29 2 61 1 93 1 0 0 0 0 0 0
30 2 62 1 94 1 0 0 0 0 0 0
31 2 63 1 95 1 0 0 0 0 0 0
0 1 56 2 72 1 0 0 0 0 0 0
1 1 57 2 73 1 0 0 0 0 0 0
2 1 58 2 74 1 0 0 0 0 0 0
3 1 59 2 75 1 0 0 0 0 0 0
4 1 60 2 76 1 0 0 0 0 0 0
5 1 61 2 77 1 0 0 0 0 0 0
6 1 62 2 78 1 0 0 0 0 0 0
7 1 63 2 79 1 0 0 0 0 0 0
8 1 32 2 80 1 0 0 0 0 0 0
9 1 33 2 81 1 0 0 0 0 0 0
10 1 34 2 82 1 0 0 0 0 0 0
11 1 35 2 83 1 0 0 0 0 0 0
12 1 36 2 84 1 0 0 0 0 0 0
13 1 37 2 85 1 0 0 0 0 0 0
14 1 38 2 86 1 0 0 0 0 0 0
15 1 39 2 87 1 0 0 0 0 0 0
16 1 40 2 88 1 0 0 0 0 0 0
17 1 41 2 89 1 0 0 0 0 0 0
18 1 42 2 90 1 0 0 0 0 0 0
19 1 43 2 91 1 0 0 0 0 0 0
20 1 44 2 92 1 0 0 0 0 0 0
21 1 45 2 93 1 0 0 0 0 0 0
22 1 46 2 94 1 0 0 0 0 0 0
23 1 47 2 95 1 0 0 0 0 0 0
24 1 48 2 64 1 0 0 0 0 0 0
25 1 49 2 65 1 0 0 0 0 0 0
26 1 50 2 66 1 0 0 0 0 0 0
27 1 51 2 67 1 0 0 0 0 0 0
28 1 52 2 68 1 0 0 0 0 0 0
29 1 53 2 69 1 0 0 0 0 0 0
30 1 54 2 70 1 0 0 0 0 0 0
31 1 55 2 71 1 0 0 0 0 0 0
0 1 52 1 92 2 0 0 0 0 0 0
1 1 53 1 93 2 0 0 0 0 0 0
2 1 54 1 94 2 0 0 0 0 0 0
3 1 55 1 95 2 0 0 0 0 0 0
4 1 56 1 64 2 0 0 0 0 0 0
5 1 57 1 65 2 0 0 0 0 0 0
6 1 58 1 66 2 0 0 0 0 0 0
7 1 59 1 67 2 0 0 0 0 0 0
8 1 60 1 68 2 0 0 0 0 0 0
9 1 61 1 69 2 0 0 0 0 0 0
10 1 62 1 70 2 0 0 0 0 0 0
11 1 63 1 71 2 0 0 0 0 0 0
12 1 32 1 72 2 0 0 0 0 0 0
13 1 33 1 73 2 0 0 0 0 0 0
14 1 34 1 74 2 0 0 0 0 0 0
15 1 35 1 75 2 0 0 0 0 0 0
16 1 36 1 76 2 0 0 0 0 0 0
17 1 37 1 77 2 0 0 0 0 0 0
18 1 38 1 78 2 0 0 0 0 0 0
19 1 39 1 79 2 0 0 0 0 0 0
20 1 40 1 80 2 0 0 0 0 0 0
21 1 41 1 81 2 0 0 0 0 0 0
22 1 42 1 82 2 0 0 0 0 0 0
23 1 43 1 83 2 0 0 0 0 0 0
24 1 44 1 84 2 0 0 0 0 0 0
25 1 45 1 85 2 0 0 0 0 0 0
26 1 46 1 86 2 0 0 0 0 0 0
27 1 47 1 87 2 0 0 0 0 0 0
28 1 48 1 88 2 0 0 0 0 0 0
29 1 49 1 89 2 0 0 0 0 0 0
30 1 50 1 90 2 0 0 0 0 0 0
31 1 51 1 91 2 0 0 0 0 0 0
0 3 48 3 68 3 1 0 2 0 3 0
1 3 49 3 69 3 4 0 8 0 12 0
2 3 50 3 70 3 16 0 32 0 48 0
3 3 51 3 71 3 64 0 128 0 192 0
4 3 52 3 72 3 256 0 512 0 768 0
5 3 53 3 73 3 1024 0 2048 0 3072 0
6 3 54 3 74 3 4096 0 8192 0 12288 0
7 3 55 3 75 3 16384 0 32768 0 49152 0
8 3 56 3 76 3 65536 0 131072 0 196608 0
9 3 57 3 77 3 262144 0 524288 0 786432 0
10 3 58 3 78 3 1048576 0 2097152 0 3145728 0
11 3 59 3 79 3 4194304 0 8388608 0 12582912 0
12 3 60 3 80 3 16777216 0 33554432 0 50331648 0
13 3 61 3 81 3 67108864 0 134217728 0 201326592 0
14 3 62 3 82 3 268435456 0 536870912 0 805306368 0
15 3 63 3 83 3 1073741824 0 2147483648 0 3221225472 0
16 3 32 3 84 3 4294967296 0 8589934592 0 12884901888 0
17 3 33 3 85 3 17179869184 0 34359738368 0 51539607552 0
18 3 34 3 86 3 68719476736 0 137438953472 0 206158430208 0
19 3 35 3 87 3 274877906944 0 549755813888 0 824633720832 0
20 3 36 3 88 3 1099511627776 0 2199023255552 0 3298534883328 0
21 3 37 3 89 3 4398046511104 0 8796093022208 0 13194139533312 0
22 3 38 3 90 3 17592186044416 0 35184372088832 0 52776558133248 0
23 3 39 3 91 3 70368744177664 0 140737488355328 0 211106232532992 0
24 3 40 3 92 3 281474976710656 0 562949953421312 0 844424930131968 0
25 3 41 3 93 3 1125899906842624 0 2251799813685248 0 3377699720527872 0
26 3 42 3 94 3 4503599627370496 0 9007199254740992 0 13510798882111488 0
27 3 43 3 95 3 18014398509481984 0 36028797018963968 0 54043195528445952 0
28 3 44 3 64 3 72057594037927936 0 144115188075855872 0 216172782113783808 0
29 3 45 3 65 3 288230376151711744 0 576460752303423488 0 864691128455135232 0
30 3 46 3 66 3 1152921504606846976 0 2305843009213693952 0 3458764513820540928 0
31 3 47 3 67 3 4611686018427387904 0 9223372036854775808 0 13835058055282163712 0
0 1 39 1 75 1 4647785461228519552 9259542124343378112 9277556522852843712 13889313182759010368 13853284385740079168 4629771062719053952
1 1 40 1 76 1 144397771204526593 144680349954409218 216737943992271618 217020509907386627 72905321831661827 72340177166664193
2 1 41 1 77 1 577591084818106372 578721399817636872 866951775969086472 868082039629546508 291621287326647308 289360708666656772
3 1 42 1 78 1 2310364339272425488 2314885599270547488 3467807103876345888 3472328158518186032 1166485149306589232 1157442834666627088
4 1 43 1 79 1 9241457357089701952 9259542397082189952 13871228415505383552 13889312634072744128 4665940597226356928 4629771338666508352
5 1 44 1 80 1 72341280939704578 144681440909656578 144681440892879363 217018315162321667 217018315195876097 72341280956481793
6 1 45 1 81 1 289365123758818312 578725763638626312 578725763571517452 868073260649286668 868073260783504388 289365123825927172
7 1 46 1 82 1 1157460495035273248 2314903054554505248 2314903054286069808 3472293042597146672 3472293043134017552 1157460495303708688
8 1 47 1 83 1 4629841980141092992 9259612218218020992 9259612217144279232 13889172170388586688 13889172172536070208 4629841981214834752
9 1 48 1 84 1 72623846854820353 144960725452980738 144960721158013698 216456460425691907 216456469015625987 72623851149787393
10 1 49 1 85 1 290495387419281412 579842901811922952 579842884632054792 865825841702767628 865825876062503948 290495404599149572
11 1 50 1 86 1 1161981549677125648 2319371607247691808 2319371538528219168 3463303366811070512 3463303504250015792 1161981618396598288
12 1 51 1 87 1 4647926198708502592 9277486428990767232 9277486154112876672 13853213467244282048 13853214017000063168 4647926473586393152
13 1 52 1 88 1 144960721124458753 216457568543965698 216456469032403458 72621647848473347 72623846871597827 144961820636020993
14 1 53 1 89 1 579842884497835012 865830274175862792 865825876129613832 290486591393893388 290495387486391308 579847282544083972
15 1 54 1 90 1 2319371537991340048 3463321096703451168 3463303504518455328 1161946365575573552 1161981549945565232 2319389130176335888
16 1 55 1 91 1 9277486151965360192 13853284386813804672 13853214018073821312 4647785462302294208 4647926199782260928 9277556520705343552
17 1 56 1 92 1 216456460442337538 72905326126563843 72623851166630403 144397775499625217 144960725419492097 216737935402270978
18 1 57 1 93 1 865825841769350152 291621304506255372 290495404666521612 577591101998500868 579842901677968388 866951741609083912
19 1 58 1 94 1 3463303367077400608 1166485218025021488 1161981618666086448 2310364407994003472 2319371606711873552 3467806966436335648
20 1 59 1 95 1 13853213468309602432 4665940872100085952 4647926474664345792 9241457631976013888 9277486426847494208 13871227865745342592
21 1 60 1 64 1 72621652109754883 217019414690792193 144961824947831553 72342380484952322 216457559970873602 144679241852715523
22 1 61 1 65 1 290486608439019532 868077658763168772 579847299791326212 289369521939809288 865830239883494408 578716967410862092
23 1 62 1 66 1 1161946433756078128 3472310635052675088 2319389199165304848 1157478087759237152 3463320959533977632 2314867869643448368
24 1 63 1 67 1 4647785735024312512 13889242540210700352 9277556796661219392 4629912351036948608 13853283838135910528 9259471478573793472
25 1 32 1 68 1 144398866387698433 216737939714146563 216739039225774338 72905330438242817 72903131414987267 144397766876070658
26 1 33 1 69 1 577595465550793732 866951758856586252 866956156903097352 291621321752971268 291612525659949068 577591067504282632
27 1 34 1 70 1 2310381862203174928 3467807035426345008 3467824627612389408 1166485287011885072 1166450102639796272 2310364270017130528
28 1 35 1 71 1 9241527448812699712 13871228141705380032 13871298510449557632 4665941148047540288 4665800410559185088 9241457080068522112
29 1 36 1 72 1 72621647831695618 144680345692865283 144961820669575683 217020518480609537 216457568527188737 72340172854985218
30 1 37 1 73 1 290486591326782472 578721382771461132 579847282678302732 868082073922438148 865830274108754948 289360691419940872
31 1 38 1 74 1 1161946365307129888 2314885531085844528 2319389130713210928 3472328295689752592 3463321096435019792 1157442765679763488
0 1 53 1 76 1 216173885953933312 282587390214402 72059801701449728 565153305264643 144118499512418304 847732105413377
1 1 54 1 77 1 864695543815733248 1130349560857608 288239206805798912 2260613221058572 576473998049673216 3390928421653508
2 1 55 1 78 1 3458782175262932992 4521398243430432 1152956827223195648 9042452884234288 2305895992198692864 13563713686614032
3 1 56 1 79 1 13835128701051731968 18085592973721728 4611827308892782592 36169811536937152 9223583968794771456 54254854746456128
4 1 57 1 80 1 282583078273027 72342371894886912 565161861578753 144679246147748608 847727759982594 217019418985824512
5 1 58 1 81 1 1130332313092108 289369487579547648 2260647446315012 578716984590994432 3390911039930376 868077675943298048
6 1 59 1 82 1 4521329252368432 1157477950318190592 9042589785260048 2314867938363977728 13563644159721504 3472310703773192192
7 1 60 1 83 1 18085317009473728 4629911801272762368 36170359141040192 9259471753455910912 54254576638886016 13889242815092768768
8 1 61 1 84 1 72341268037894912 72903131381497857 144681436564160768 144398866404540418 217018306555544064 216739039242420227
9 1 62 1 85 1 289365072151579648 291612525525991428 578725746256643072 577595465618161672 868073226222176256 866956156969680908
10 1 63 1 86 1 1157460288606318592 1166450102103965712 2314902985026572288 2310381862472646688 3472292904888705024 3467824627878723632
11 1 32 1 87 1 4629841154425274368 4665800408415862848 9259611940106289152 9241527449890586752 13889171619554820096 13871298511514894528
12 1 33 1 88 1 72620543991545857 216457559953899777 144959613006053378 72621652143243778 216454257090625539 144961824930923267
13 1 34 1 89 1 290482175966183428 865830239815599108 579838452024213512 290486608572975112 865817028362502156 579847299723693068
14 1 35 1 90 1 1161928703864733712 3463320959262396432 2319353808096854048 1161946434291900448 3463268113450008624 2319389198894772272
15 1 36 1 91 1 4647714815458934848 13853283837049585728 9277415232387416192 4647785737167601792 13853072453800034496 9277556795579089088
16 1 37 1 92 1 144115188126187777 72903127069688067 216172782130561538 144398874960855553 72057594071483139 216739034897253122
17 1 38 1 93 1 576460752504751108 291612508278752268 864691128522246152 577595499843422212 288230376285932556 866956139589012488
18 1 39 1 94 1 2305843010019004432 1166450033115009072 3458764514088984608 2310381999373688848 1152921505143730224 3467824558356049952
19 1 40 1 95 1 9223372040076017728 4665800132460036288 13835058056355938432 9241527997494755392 4611686020574920896 13871298233424199808
20 1 41 1 64 1 12884967682 216456456130593537 4295098883 72623842559918338 8590131969 144960712568144387
21 1 42 1 65 1 51539870728 865825824522374148 17180395532 290495370239673352 34360527876 579842850272577548
22 1 43 1 66 1 206159482912 3463303298089496592 68721582128 1161981480958693408 137442111504 2319371401090310192
23 1 44 1 67 1 824637931648 13853213192357986368 274886328512 4647925923834773632 549768446016 9277485604361240768
24 1 45 1 68 1 3298551726592 72620548303290627 1099545314048 144959621629542913 2199073784064 216454270025859842
25 1 46 1 69 1 13194206906368 290482193213162508 4398181256192 579838486518171652 8796295136256 865817080103439368
26 1 47 1 70 1 52776827625472 1161928772852650032 17592725024768 2319353946072686608 35185180545024 3463268320413757472
27 1 48 1 71 1 211107310501888 4647715091410600128 70370900099072 9277415784290746432 140740722180096 13853073281655029888
28 1 49 1 72 1 844429242007552 144116291932848897 281483600396288 216174989743882498 562962888720384 72060905491464707
29 1 50 1 73 1 3377716968030208 576465167731395588 1125934401585152 864699958975529992 2251851554881536 288243621965858828
30 1 51 1 74 1 13510867872120832 2305860670925582352 4503737606340608 3458799835902119968 9007406219526144 1152974487863435312
31 1 52 1 75 1 54043471488483328 9223442683702329408 18014950425362432 13835199343608479872 36029624878104576 4611897951453741248
0 1 60 1 65 1 144117400034411267 562949953486849 216176084960542977 844424930263042 72058702173241858 281474976907267
1 1 61 1 66 1 576469600137645068 2251799813947396 864704339842171908 3377699721052168 288234808692967432 1125899907629068
2 1 62 1 67 1 2305878400550580272 9007199255789584 3458817359368687632 13510798884208672 1152939234771869728 4503599630516272
3 1 63 1 68 1 9223513602202321088 36028797023158336 13835269437474750528 54043195536834688 4611756939087478912 18014398522065088
4 1 32 1 69 1 566261390181122 144115188092633344 845528770347267 216172782147338752 283682640364033 72057594088260352
5 1 33 1 70 1 2265045560724488 576460752370533376 3382115081389068 864691128589355008 1134730561456132 288230376353041408
6 1 34 1 71 1 9060182242897952 2305843009482133504 13528460325556272 3458764514357420032 4538922245824528 1152921505412165632
7 1 35 1 72 1 36240728971591808 9223372037928534016 54113841302225088 13835058057429680128 18155688983298112 4611686021648662528
8 1 36 1 73 1 144962915886367232 4295032834 216455365208900352 8590065667 72622755933192448 12885098497
9 1 37 1 74 1 579851663545468928 17180131336 865821460835601408 34360262668 290491023732769792 51540393988
10 1 38 1 75 1 2319406654181875712 68720525344 3463285843342405632 137441050672 1161964094931079168 206161575952
11 1 39 1 76 1 9277626616727502848 274882101376 13853143373369622528 549764202688 4647856379724316672 824646303808
12 1 40 1 77 1 217018319490908162 1099528405504 72341272349835267 2199056810752 144681445187715073 3298585215232
13 1 41 1 78 1 868073277963632648 4398113622016 289365089399341068 8796227243008 578725780750860292 13194340860928
14 1 42 1 79 1 3472293111854530592 17592454488064 1157460357597364272 35184908972032 2314903123003441168 52777363443712
15 1 43 1 80 1 13889172447418122368 70369817952256 4629841430389457088 140739635888128 9259612492013764672 211109453774848
16 1 44 1 81 1 216457568543834627 281479271809024 72621647848276737 562958543552512 144961820635955458 844437815099392
17 1 45 1 82 1 865830274175338508 1125917087236096 290486591393106948 2251834174210048 579847282543821832 3377751260397568
18 1 46 1 83 1 3463321096701354032 4503668348944384 1161946365572427792 9007336696840192 2319389130175287328 13511005041590272
19 1 47 1 84 1 13853284386805416128 18014673395777536 4647785462289711168 36029346787360768 9277556520701149312 54044020166361088
20 1 48 1 85 1 72905326093009667 72058693583110144 144397775449293057 144117387149443072 216737935385494018 216176080665444352
21 1 49 1 86 1 291621304372038668 288234774332440576 577591101797172228 576469548597772288 866951741541976072 864704322661777408
22 1 50 1 87 1 1166485217488154672 1152939097329762304 2310364407188688912 2305878194391089152 3467806966167904288 3458817290647109632
23 1 51 1 88 1 4665940869952618688 4611756389319049216 9241457628754755648 9223512777564356608 13871227864671617152 13835269162588438528
24 1 52 1 89 1 217019406100923137 281483566645249 72342367599919362 562962838323202 144679237557813763 844429225099267
25 1 53 1 90 1 868077624403692548 1125934266580996 289369470399677448 2251851353292808 578716950231255052 3377716900397068
26 1 54 1 91 1 3472310497614770192 4503737066323984 1157477881598709792 9007405413171232 2314867800925020208 13510867601588272
27 1 55 1 92 1 13889241990459080768 18014948265295936 4629911526394839168 36029621652684928 9259471203700080832 54043470406353088
28 1 56 1 93 1 216735740707668227 72059793061183744 72902031869805057 144118486610739712 144396667381220098 216173881625412352
29 1 57 1 94 1 866942962830672908 288239172244734976 291608127479220228 576473946442958848 577586669524880392 864695526501649408
30 1 58 1 95 1 3467771851322691632 1152956688978939904 1166432509916880912 2305895785771835392 2310346678099521568 3458782106006597632
31 1 59 1 64 1 13871087405290766528 4611826755915759616 4665730039667523648 9223583143087341568 9241386712398086272 13835128424026390528
0 2 36 2 80 2 0 1 0 2 0 3
1 2 37 2 81 2 0 4 0 8 0 12
2 2 38 2 82 2 0 16 0 32 0 48
3 2 39 2 83 2 0 64 0 128 0 192
4 2 40 2 84 2 0 256 0 512 0 768
5 2 41 2 85 2 0 1024 0 2048 0 3072
6 2 42 2 86 2 0 4096 0 8192 0 12288
7 2 43 2 87 2 0 16384 0 32768 0 49152
8 2 44 2 88 2 0 65536 0 131072 0 196608
9 2 45 2 89 2 0 262144 0 524288 0 786432
10 2 46 2 90 2 0 1048576 0 2097152 0 3145728
11 2 47 2 91 2 0 4194304 0 8388608 0 12582912
12 2 48 2 92 2 0 16777216 0 33554432 0 50331648
13 2 49 2 93 2 0 67108864 0 134217728 0 201326592
14 2 50 2 94 2 0 268435456 0 536870912 0 805306368
15 2 51 2 95 2 0 1073741824 0 2147483648 0 3221225472
16 2 52 2 64 2 0 4294967296 0 8589934592 0 12884901888
17 2 53 2 65 2 0 17179869184 0 34359738368 0 51539607552
18 2 54 2 66 2 0 68719476736 0 137438953472 0 206158430208
19 2 55 2 67 2 0 274877906944 0 549755813888 0 824633720832
20 2 56 2 68 2 0 1099511627776 0 2199023255552 0 3298534883328
21 2 57 2 69 2 0 4398046511104 0 8796093022208 0 13194139533312
22 2 58 2 70 2 0 17592186044416 0 35184372088832 0 52776558133248
23 2 59 2 71 2 0 70368744177664 0 140737488355328 0 211106232532992
24 2 60 2 72 2 0 281474976710656 0 562949953421312 0 844424930131968
25 2 61 2 73 2 0 1125899906842624 0 2251799813685248 0 3377699720527872
26 2 62 2 74 2 0 4503599627370496 0 9007199254740992 0 13510798882111488
27 2 63 2 75 2 0 18014398509481984 0 36028797018963968 0 54043195528445952
28 2 32 2 76 2 0 72057594037927936 0 144115188075855872 0 216172782113783808
29 2 33 2 77 2 0 288230376151711744 0 576460752303423488 0 864691128455135232
30 2 34 2 78 2 0 1152921504606846976 0 2305843009213693952 0 3458764513820540928
31 2 35 2 79 2 0 4611686018427387904 0 9223372036854775808 0 13835058055282163712
