208 78 104 26
0 1 26 1 52 1
1 1 27 1 53 1
2 1 28 1 54 1
3 1 29 1 55 1
4 1 30 1 56 1
5 1 31 1 57 1
6 1 32 1 58 1
7 1 33 1 59 1
8 1 34 1 60 1
9 1 35 1 61 1
10 1 36 1 62 1
11 1 37 1 63 1
12 1 38 1 64 1
13 1 39 1 65 1
14 1 40 1 66 1
15 1 41 1 67 1
16 1 42 1 68 1
17 1 43 1 69 1
18 1 44 1 70 1
19 1 45 1 71 1
20 1 46 1 72 1
21 1 47 1 73 1
22 1 48 1 74 1
23 1 49 1 75 1
24 1 50 1 76 1
25 1 51 1 77 1
16 1 27 1 76 1
17 1 28 1 77 1
18 1 29 1 52 1
19 1 30 1 53 1
20 1 31 1 54 1
21 1 32 1 55 1
22 1 33 1 56 1
23 1 34 1 57 1
24 1 35 1 58 1
25 1 36 1 59 1
0 1 37 1 60 1
1 1 38 1 61 1
2 1 39 1 62 1
3 1 40 1 63 1
4 1 41 1 64 1
5 1 42 1 65 1
6 1 43 1 66 1
7 1 44 1 67 1
8 1 45 1 68 1
9 1 46 1 69 1
10 1 47 1 70 1
11 1 48 1 71 1
12 1 49 1 72 1
13 1 50 1 73 1
14 1 51 1 74 1
15 1 26 1 75 1
12 1 31 1 65 1
13 1 32 1 66 1
14 1 33 1 67 1
15 1 34 1 68 1
16 1 35 1 69 1
17 1 36 1 70 1
18 1 37 1 71 1
19 1 38 1 72 1
20 1 39 1 73 1
21 1 40 1 74 1
22 1 41 1 75 1
23 1 42 1 76 1
24 1 43 1 77 1
25 1 44 1 52 1
0 1 45 1 53 1
1 1 46 1 54 1
2 1 47 1 55 1
3 1 48 1 56 1
4 1 49 1 57 1
5 1 50 1 58 1
6 1 51 1 59 1
7 1 26 1 60 1
8 1 27 1 61 1
9 1 28 1 62 1
10 1 29 1 63 1
11 1 30 1 64 1
16 1 41 1 70 1
17 1 42 1 71 1
18 1 43 1 72 1
19 1 44 1 73 1
20 1 45 1 74 1
21 1 46 1 75 1
22 1 47 1 76 1
23 1 48 1 77 1
24 1 49 1 52 1
25 1 50 1 53 1
0 1 51 1 54 1
1 1 26 1 55 1
2 1 27 1 56 1
3 1 28 1 57 1
4 1 29 1 58 1
5 1 30 1 59 1
6 1 31 1 60 1
7 1 32 1 61 1
8 1 33 1 62 1
9 1 34 1 63 1
10 1 35 1 64 1
11 1 36 1 65 1
12 1 37 1 66 1
13 1 38 1 67 1
14 1 39 1 68 1
15 1 40 1 69 1
0 2 27 1 65 1
1 2 28 1 66 1
2 2 29 1 67 1
3 2 30 1 68 1
4 2 31 1 69 1
5 2 32 1 70 1
6 2 33 1 71 1
7 2 34 1 72 1
8 2 35 1 73 1
9 2 36 1 74 1
10 2 37 1 75 1
11 2 38 1 76 1
12 2 39 1 77 1
13 2 40 1 52 1
14 2 41 1 53 1
15 2 42 1 54 1
16 2 43 1 55 1
17 2 44 1 56 1
18 2 45 1 57 1
19 2 46 1 58 1
20 2 47 1 59 1
21 2 48 1 60 1
22 2 49 1 61 1
23 2 50 1 62 1
24 2 51 1 63 1
25 2 26 1 64 1
12 1 26 2 76 1
13 1 27 2 77 1
14 1 28 2 52 1
15 1 29 2 53 1
16 1 30 2 54 1
17 1 31 2 55 1
18 1 32 2 56 1
19 1 33 2 57 1
20 1 34 2 58 1
21 1 35 2 59 1
22 1 36 2 60 1
23 1 37 2 61 1
24 1 38 2 62 1
25 1 39 2 63 1
0 1 40 2 64 1
1 1 41 2 65 1
2 1 42 2 66 1
3 1 43 2 67 1
4 1 44 2 68 1
5 1 45 2 69 1
6 1 46 2 70 1
7 1 47 2 71 1
8 1 48 2 72 1
9 1 49 2 73 1
10 1 50 2 74 1
11 1 51 2 75 1
3 1 41 1 52 2
4 1 42 1 53 2
5 1 43 1 54 2
6 1 44 1 55 2
7 1 45 1 56 2
8 1 46 1 57 2
9 1 47 1 58 2
10 1 48 1 59 2
11 1 49 1 60 2
12 1 50 1 61 2
13 1 51 1 62 2
14 1 26 1 63 2
15 1 27 1 64 2
16 1 28 1 65 2
17 1 29 1 66 2
18 1 30 1 67 2
19 1 31 1 68 2
20 1 32 1 69 2
21 1 33 1 70 2
22 1 34 1 71 2
23 1 35 1 72 2
24 1 36 1 73 2
25 1 37 1 74 2
0 1 38 1 75 2
1 1 39 1 76 2
2 1 40 1 77 2
3 1 31 1 70 1
4 1 32 1 71 1
5 1 33 1 72 1
6 1 34 1 73 1
7 1 35 1 74 1
8 1 36 1 75 1
9 1 37 1 76 1
10 1 38 1 77 1
11 1 39 1 52 1
12 1 40 1 53 1
13 1 41 1 54 1
14 1 42 1 55 1
15 1 43 1 56 1
16 1 44 1 57 1
17 1 45 1 58 1
18 1 46 1 59 1
19 1 47 1 60 1
20 1 48 1 61 1
21 1 49 1 62 1
22 1 50 1 63 1
23 1 51 1 64 1
24 1 26 1 65 1
25 1 27 1 66 1
0 1 28 1 67 1
1 1 29 1 68 1
2 1 30 1 69 1
0 0
0 0
0 0
0 0
0 0
0 0
0 0
0 0
0 0
0 0
0 0
0 0
0 0
0 0
0 0
0 0
0 0
0 0
0 0
0 0
0 0
0 0
0 0
0 0
0 0
0 0
0 0
0 0
0 0
0 0
0 0
0 0
0 0
0 0
0 0
0 0
0 0
0 0
0 0
0 0
0 0
0 0
0 0
0 0
0 0
0 0
0 0
0 0
0 0
0 0
0 0
0 0
0 0
0 0
0 0
0 0
0 0
0 0
0 0
0 0
0 0
0 0
0 0
0 0
0 0
0 0
0 0
0 0
0 0
0 0
0 0
0 0
0 0
0 0
0 0
0 0
0 0
0 0
45039295412600836 549755879427
18015498893574153 549957378048
63052594074894349 201498627
90078590825201672 147462
40534597414518802 403128320
130608787777159194 402980870
180157181650403344 294924
81069194829037604 806256640
261217575554318388 805961740
360314363300806688 589848
162138389658075208 1612513280
522435151108636776 1611923480
720628726601613376 1179696
324276779316150416 3225026560
1044870302217273552 3223846960
1441257453203226752 2359392
648553558632300832 6450053120
2089740604434547104 6447693920
2882514906406453504 4718784
1297107117264601664 12900106240
4179481208869094208 12895387840
5765029812812907008 9437568
2594214234529203328 25800212480
8358962417738188416 25790775680
11530059625625814016 18875136
5188428469058406656 51600424960
16717924835476376832 51581551360
4613375177542076416 37750273
10376856938116813312 103200849920
14989105597243202048 103163102721
9226750355084152832 75500546
2306969802524075008 206401699841
11531467120776852480 206326205443
2253036831383553 151001093
4613939604981041153 412803399682
4611686568283891712 412652410887
2474102505474 302002186
9223375610334711811 825606799364
9223373136500674561 825304821774
4508547832381444 603987988
7146959872006 551701987337
4505798919168002 551098015773
13520695292133384 1207959592
14293919744012 3892363282
13515197465706500 2684403770
27041390584266768 2415919184
28587839488024 7784726564
27030394931413000 5368807540
54082781168533536 4831838368
57175678976048 15569453128
54060789862826000 10737615080
108165562337067072 9663676736
114351357952096 31138906256
108121579725652000 21475230160
216331124674134144 19327353472
228702715904192 62277812512
216243159451304000 42950460320
432662249348268288 38654706944
457405431808384 124555625024
432486318902608000 85900920640
865324498696536576 77309413888
914810863616768 249111250048
864972637805216000 171801841280
1730648997393073152 154618827776
1829621727233536 498222500096
1729945275610432000 343603682560
3461297994786146304 309237655552
3659243454467072 996445000192
3459890551220864000 687207365120
6922595989639401472 618475294720
2814887281563649 893378388992
6924284702001989633 274903102464
13845191979211694081 137438978048
5629774630236162 687245150208
13848569404003979267 549806188544
9248143484341207042 274877939713
11259549260472324 274978689024
9254898333925777414 100749313
40545591389978628 2684354563
4398919122953 2885828648
40541193007857677 201474091
81091182779957256 5368709126
8797838245906 5771657296
81082386015715354 402948182
162182365559914512 10737418252
17595676491812 11543314592
162164772031430708 805896364
324364731119829024 21474836504
35191352983624 23086629184
324329544062861416 1611792728
648729462239658048 42949673008
70382705967248 46173258368
648659088125722832 3223585456
1297458924479316096 85899346016
140765411934496 92346516736
1297318176251445664 6447170912
2594917848958632192 171798692032
281530823868992 184693033472
2594636352502891328 12894341824
5189835697917264384 343597384064
563061647737984 369386066944
5189272705005782656 25788683648
10379671395834528768 687194768128
1126123295475968 738772133888
10378545410011565312 51577367296
2308095118332135425 274877924865
6755846151213569 378032640000
2310346746380687872 103154718209
4611686637104009218 549755849730
9008092675056643 756065280000
4620693492694266881 206309436418
9223373274208018436 88068
22519784977483782 412618932224
9245890585015904258 412618856452
2474706485256 176137
45039569954967564 825237864448
45037096322256900 825237712905
4508549040341008 335890
90079139909935128 550964117504
94577792271884296 550963798034
13520697708052512 655396
180158279819870256 2416623616
193659184171139088 2415968292
27041395416105024 1310792
360316559639740512 4833247232
387318368342278176 4831936584
54082790832210048 2621584
720633119279481024 9666494464
774636736684556352 9663873168
108165581664420096 5243168
1441266238558962048 19332988928
1549273473369112704 19327746336
216331163328840192 10486336
2882532477117924096 38665977856
3098546946738225408 38655492672
432662326657680384 20972672
5765064954235848192 77331955712
6197093893476450816 77310985344
865324653315360768 41945344
11530129908471696384 154663911424
12394187786952901632 154621970688
1730649306630721536 83890688
4613515743233841152 309327822849
6341631500196251648 309243941377
3461298613261443072 167781376
9227031486467682304 618655645698
12683263000392503296 618487882754
6922597226589995008 335546368
2815299598442497 137799680005
6924285526635716609 137464137733
13845194453112881153 671092736
1126999636623362 275599360010
13844067453644062723 274928275466
9243644832516210690 1342185473
2253999273246724 551198720020
9241390833578573830 549856550933
268566548 0
8797166764036 0
8797435330576 0
537133096 0
17594333528072 0
17594870661152 0
1074266192 0
35188667056144 0
35189741322304 0
2148532384 0
70377334112288 0
70379482644608 0
4297064768 0
140754668224576 0
140758965289216 0
8594129536 0
281509336449152 0
281517930578432 0
17188259072 0
563018672898304 0
563035861156864 0
34376518144 0
1126037345796608 0
1126071722313728 0
68753036288 0
2252074691593216 0
2252143444627456 0
137438963713 0
549822924800 0
687261884417 0
274877927426 0
1099645849600 0
1374523768834 0
549755854852 0
2199291699200 0
2749047537668 0
1099511709704 0
4398583398400 0
5498095075336 0
2199023419408 0
8797166796800 0
10996190150672 0
4398046838816 0
17594333593600 0
21992380301344 0
8796093677632 0
35188667187200 0
43984760602688 0
17592187355264 0
70377334374400 0
87969521205376 0
35184374710528 0
140754668748800 0
175939042410752 0
70368749421056 0
281509337497600 0
351878084821504 0
140737498842112 0
563018674995200 0
703756169643008 0
281474997684224 0
1126037349990400 0
1407512339286016 0
562949995368448 0
2252074699980800 0
2815024678572032 0
1125899923628033 0
549839699968 0
1126449729773569 0
2251799847256066 0
1099679399936 0
2252899459547138 0
67141637 0
2199291691009 0
2199358832644 0
134283274 0
4398583382018 0
4398717665288 0
0 0
0 0
0 0
0 0
0 0
0 0
0 0
0 0
0 0
0 0
0 0
0 0
0 0
0 0
0 0
0 0
0 0
0 0
0 0
0 0
0 0
0 0
0 0
0 0
0 0
0 0
0 0
0 0
0 0
0 0
0 0
0 0
0 0
0 0
0 0
0 0
0 0
0 0
0 0
0 0
0 0
0 0
0 0
0 0
0 0
0 0
0 0
0 0
0 0
0 0
0 0
0 0
0 0
0 0
0 0
0 0
0 0
0 0
0 0
0 0
0 0
0 0
0 0
0 0
0 0
0 0
0 0
0 0
0 0
0 0
0 0
0 0
0 0
0 0
0 0
0 0
0 0
0 0
0 0
0 0
0 0
0 0
0 0
0 0
0 0
0 0
0 0
0 0
0 0
0 0
0 0
0 0
0 0
0 0
0 0
0 0
0 0
0 0
0 0
0 0
0 0
0 0
0 0
0 0
0 0
0 0
0 0
0 0
0 0
0 0
0 0
0 0
0 0
0 0
0 0
0 0
0 0
0 0
0 0
0 0
0 0
0 0
0 0
0 0
0 0
0 0
0 0
0 0
0 0
0 0
0 0
0 0
0 0
0 0
0 0
0 0
0 0
0 0
0 0
0 0
0 0
0 0
0 0
0 0
0 0
0 0
0 0
0 0
0 0
0 0
0 0
0 0
0 0
0 0
0 0
0 0
85584885862924308 550292946976
72071888763076612 552440225800
13512999247757328 2147803176
171169771725848616 1074282560
148647377153523720 5368823824
31529598122885152 4295589968
342339543451697232 2148565120
297294754307047440 10737647648
63059196245770304 8591179936
684679086903394464 4297130240
594589508614094880 21475295296
126118392491540608 17182359872
1369358173806788928 8594260480
1189179017228189760 42950590592
252236784983081216 34364719744
2738716347613577856 17188520960
2378358034456379520 85901181184
504473569966162432 68729439488
5477432695227155712 34377041920
4756716068912759040 171802362368
1008947139932324864 137458878976
10954865390454311424 68754083840
9513432137825518080 343604724736
2017894279864649728 274917757952
3462986707199071232 137508167681
580120201941484544 687209449473
4035788559729299456 549835515904
6925973414465251328 275016318978
1155736804255598593 274907287554
8076080719018860545 159404032
13847443229370241024 550032637956
2306970008883826691 549814575108
16152161437970612227 318808064
9243638785403559937 553664521
4618443617327915015 117522440
13857578802298781702 637599745
36029897537306626 1107329043
9232383635028459535 235044880
9268413530820902925 1275199491
72059795074613252 2214658086
18023196347367454 470089761
90082987932254234 2550398983
144119590149226504 4429316172
36046392694734908 940179522
180165975864508468 5100797966
288239180298453008 8858632344
72092785389469816 1880359044
360331951729016936 10201595932
576478360596906016 17717264688
144185570778939632 3760718088
720663903458033872 20403191864
1152956721193812032 35434529376
288371141557879264 7521436176
1441327806916067744 40806383728
2305913442387624064 70869058752
576742283115758528 15042872352
2882655613832135488 81612767456
4611826884775248128 141738117504
1153484566231517056 30085744704
5765311227664270976 163225534912
9223653769550496256 283476235008
2306969132463034112 60171489408
11530622455328541952 326451069824
563465391440896 566952470017
4613938264926068224 120342978816
4614500836947532288 652902139649
5630530343143425 34393312258
9227876529919245312 240685941248
9224498074267694081 206292667906
11261060686286850 68786624516
9008986128939008 481371882497
2252074825836546 412585335813
18018521745203205 137573249032
18017972190769153 962743764994
550091411460 825170671626
40540643117776906 275146481680
36035944381538306 825975918596
4504699810193416 550829715476
72057594037927936 2147811360
90071992547409920 65568
18014398509481984 2147745792
144115188075855872 4295622720
180143985094819840 131136
36028797018963968 4295491584
288230376151711744 8591245440
360287970189639680 262272
72057594037927936 8590983168
576460752303423488 17182490880
720575940379279360 524544
144115188075855872 17181966336
1152921504606846976 34364981760
1441151880758558720 1049088
288230376151711744 34363932672
2305843009213693952 68729963520
2882303761517117440 2098176
576460752303423488 68727865344
4611686018427387904 137459927040
5764607523034234880 4196352
1152921504606846976 137455730688
9223372036854775808 274919854080
11529215046068469760 8392704
2305843009213693952 274911461376
0 549839708161
4611686018427387904 16785409
4611686018427387904 549822922752
4503599627370496 167788546
9227875636482146304 33554434
9223372036854775808 134234112
9007199254740992 335577092
9007199254740992 67108869
0 268468225
18014398509481984 671154184
18014398509481984 134217738
0 536936450
36028797018963968 1342308368
36028797018963968 268435476
0 1073872900
72057594037927936 2684616736
72057594037927936 536870952
0 2147745800
144115188075855872 5369233472
144115188075855872 1073741904
0 4295491600
288230376151711744 10738466944
288230376151711744 2147483808
0 8590983200
576460752303423488 21476933888
576460752303423488 4294967616
0 17181966400
1152921504606846976 42953867776
1152921504606846976 8589935232
0 34363932800
2305843009213693952 85907735552
2305843009213693952 17179870464
0 68727865600
4611686018427387904 171815471104
4611686018427387904 34359740928
0 137455731200
9223372036854775808 343630942208
9223372036854775808 68719481856
0 274911462400
0 687261884417
0 137438963713
0 549822924800
4503599627370496 275012141058
4503599627370496 274877911042
0 134238208
9007199254740992 550024282116
9007199254740992 549755822084
0 268476416
18014398509481984 536952840
22517998136852480 16392
4503599627370496 536936448
36028797018963968 1073905680
45035996273704960 32784
9007199254740992 1073872896
