156 416
8 1 52 104 156 208 260 312 364
9 0 1 53 105 157 209 261 313 365
8 3 54 106 158 210 262 314 366
9 2 3 55 107 159 211 263 315 367
8 5 56 108 160 212 264 316 368
9 4 5 57 109 161 213 265 317 369
8 7 58 110 162 214 266 318 370
9 6 7 59 111 163 215 267 319 371
8 9 60 112 164 216 268 320 372
9 8 9 61 113 165 217 269 321 373
8 11 62 114 166 218 270 322 374
9 10 11 63 115 167 219 271 323 375
8 13 64 116 168 220 272 324 376
9 12 13 65 117 169 221 273 325 377
8 15 66 118 170 222 274 326 378
9 14 15 67 119 171 223 275 327 379
8 17 68 120 172 224 276 328 380
9 16 17 69 121 173 225 277 329 381
8 19 70 122 174 226 278 330 382
9 18 19 71 123 175 227 279 331 383
8 21 72 124 176 228 280 332 384
9 20 21 73 125 177 229 281 333 385
8 23 74 126 178 230 282 334 386
9 22 23 75 127 179 231 283 335 387
8 25 76 128 180 232 284 336 388
9 24 25 77 129 181 233 285 337 389
8 27 78 130 182 234 286 338 390
9 26 27 79 131 183 235 287 339 391
8 29 80 132 184 236 288 340 392
9 28 29 81 133 185 237 289 341 393
8 31 82 134 186 238 290 342 394
9 30 31 83 135 187 239 291 343 395
8 33 84 136 188 240 292 344 396
9 32 33 85 137 189 241 293 345 397
8 35 86 138 190 242 294 346 398
9 34 35 87 139 191 243 295 347 399
8 37 88 140 192 244 296 348 400
9 36 37 89 141 193 245 297 349 401
8 39 90 142 194 246 298 350 402
9 38 39 91 143 195 247 299 351 403
8 41 92 144 196 248 300 352 404
9 40 41 93 145 197 249 301 353 405
8 43 94 146 198 250 302 354 406
9 42 43 95 147 199 251 303 355 407
8 45 96 148 200 252 304 356 408
9 44 45 97 149 201 253 305 357 409
8 47 98 150 202 254 306 358 410
9 46 47 99 151 203 255 307 359 411
8 49 100 152 204 256 308 360 412
9 48 49 101 153 205 257 309 361 413
8 51 102 154 206 258 310 362 414
9 50 51 103 155 207 259 311 363 415
8 0 79 154 204 214 288 334 380
9 1 78 79 155 205 215 289 335 381
8 2 81 104 206 216 290 336 382
9 3 80 81 105 207 217 291 337 383
8 4 83 106 156 218 292 338 384
9 5 82 83 107 157 219 293 339 385
8 6 85 108 158 220 294 340 386
9 7 84 85 109 159 221 295 341 387
8 8 87 110 160 222 296 342 388
9 9 86 87 111 161 223 297 343 389
8 10 89 112 162 224 298 344 390
9 11 88 89 113 163 225 299 345 391
8 12 91 114 164 226 300 346 392
9 13 90 91 115 165 227 301 347 393
8 14 93 116 166 228 302 348 394
9 15 92 93 117 167 229 303 349 395
8 16 95 118 168 230 304 350 396
9 17 94 95 119 169 231 305 351 397
8 18 97 120 170 232 306 352 398
9 19 96 97 121 171 233 307 353 399
8 20 99 122 172 234 308 354 400
9 21 98 99 123 173 235 309 355 401
8 22 101 124 174 236 310 356 402
9 23 100 101 125 175 237 311 357 403
8 24 103 126 176 238 260 358 404
9 25 102 103 127 177 239 261 359 405
8 26 53 128 178 240 262 360 406
9 27 52 53 129 179 241 263 361 407
8 28 55 130 180 242 264 362 408
9 29 54 55 131 181 243 265 363 409
8 30 57 132 182 244 266 312 410
9 31 56 57 133 183 245 267 313 411
8 32 59 134 184 246 268 314 412
9 33 58 59 135 185 247 269 315 413
8 34 61 136 186 248 270 316 414
9 35 60 61 137 187 249 271 317 415
8 36 63 138 188 250 272 318 364
9 37 62 63 139 189 251 273 319 365
8 38 65 140 190 252 274 320 366
9 39 64 65 141 191 253 275 321 367
8 40 67 142 192 254 276 322 368
9 41 66 67 143 193 255 277 323 369
8 42 69 144 194 256 278 324 370
9 43 68 69 145 195 257 279 325 371
8 44 71 146 196 258 280 326 372
9 45 70 71 147 197 259 281 327 373
8 46 73 148 198 208 282 328 374
9 47 72 73 149 199 209 283 329 375
8 48 75 150 200 210 284 330 376
9 49 74 75 151 201 211 285 331 377
8 50 77 152 202 212 286 332 378
9 51 76 77 153 203 213 287 333 379
8 0 74 125 172 252 290 358 406
9 1 75 124 125 173 253 291 359 407
8 2 76 127 174 254 292 360 408
9 3 77 126 127 175 255 293 361 409
8 4 78 129 176 256 294 362 410
9 5 79 128 129 177 257 295 363 411
8 6 80 131 178 258 296 312 412
9 7 81 130 131 179 259 297 313 413
8 8 82 133 180 208 298 314 414
9 9 83 132 133 181 209 299 315 415
8 10 84 135 182 210 300 316 364
9 11 85 134 135 183 211 301 317 365
8 12 86 137 184 212 302 318 366
9 13 87 136 137 185 213 303 319 367
8 14 88 139 186 214 304 320 368
9 15 89 138 139 187 215 305 321 369
8 16 90 141 188 216 306 322 370
9 17 91 140 141 189 217 307 323 371
8 18 92 143 190 218 308 324 372
9 19 93 142 143 191 219 309 325 373
8 20 94 145 192 220 310 326 374
9 21 95 144 145 193 221 311 327 375
8 22 96 147 194 222 260 328 376
9 23 97 146 147 195 223 261 329 377
8 24 98 149 196 224 262 330 378
9 25 99 148 149 197 225 263 331 379
8 26 100 151 198 226 264 332 380
9 27 101 150 151 199 227 265 333 381
8 28 102 153 200 228 266 334 382
9 29 103 152 153 201 229 267 335 383
8 30 52 155 202 230 268 336 384
9 31 53 154 155 203 231 269 337 385
8 32 54 105 204 232 270 338 386
9 33 55 104 105 205 233 271 339 387
8 34 56 107 206 234 272 340 388
9 35 57 106 107 207 235 273 341 389
8 36 58 109 156 236 274 342 390
9 37 59 108 109 157 237 275 343 391
8 38 60 111 158 238 276 344 392
9 39 61 110 111 159 239 277 345 393
8 40 62 113 160 240 278 346 394
9 41 63 112 113 161 241 279 347 395
8 42 64 115 162 242 280 348 396
9 43 65 114 115 163 243 281 349 397
8 44 66 117 164 244 282 350 398
9 45 67 116 117 165 245 283 351 399
8 46 68 119 166 246 284 352 400
9 47 69 118 119 167 247 285 353 401
8 48 70 121 168 248 286 354 402
9 49 71 120 121 169 249 287 355 403
8 50 72 123 170 250 288 356 404
9 51 73 122 123 171 251 289 357 405
