156 416
8 0 72 132 176 209 288 358 410
9 1 73 133 177 208 209 289 359 411
8 2 74 134 178 211 290 360 412
9 3 75 135 179 210 211 291 361 413
8 4 76 136 180 213 292 362 414
9 5 77 137 181 212 213 293 363 415
8 6 78 138 182 215 294 312 364
9 7 79 139 183 214 215 295 313 365
8 8 80 140 184 217 296 314 366
9 9 81 141 185 216 217 297 315 367
8 10 82 142 186 219 298 316 368
9 11 83 143 187 218 219 299 317 369
8 12 84 144 188 221 300 318 370
9 13 85 145 189 220 221 301 319 371
8 14 86 146 190 223 302 320 372
9 15 87 147 191 222 223 303 321 373
8 16 88 148 192 225 304 322 374
9 17 89 149 193 224 225 305 323 375
8 18 90 150 194 227 306 324 376
9 19 91 151 195 226 227 307 325 377
8 20 92 152 196 229 308 326 378
9 21 93 153 197 228 229 309 327 379
8 22 94 154 198 231 310 328 380
9 23 95 155 199 230 231 311 329 381
8 24 96 104 200 233 260 330 382
9 25 97 105 201 232 233 261 331 383
8 26 98 106 202 235 262 332 384
9 27 99 107 203 234 235 263 333 385
8 28 100 108 204 237 264 334 386
9 29 101 109 205 236 237 265 335 387
8 30 102 110 206 239 266 336 388
9 31 103 111 207 238 239 267 337 389
8 32 52 112 156 241 268 338 390
9 33 53 113 157 240 241 269 339 391
8 34 54 114 158 243 270 340 392
9 35 55 115 159 242 243 271 341 393
8 36 56 116 160 245 272 342 394
9 37 57 117 161 244 245 273 343 395
8 38 58 118 162 247 274 344 396
9 39 59 119 163 246 247 275 345 397
8 40 60 120 164 249 276 346 398
9 41 61 121 165 248 249 277 347 399
8 42 62 122 166 251 278 348 400
9 43 63 123 167 250 251 279 349 401
8 44 64 124 168 253 280 350 402
9 45 65 125 169 252 253 281 351 403
8 46 66 126 170 255 282 352 404
9 47 67 127 171 254 255 283 353 405
8 48 68 128 172 257 284 354 406
9 49 69 129 173 256 257 285 355 407
8 50 70 130 174 259 286 356 408
9 51 71 131 175 258 259 287 357 409
8 0 102 146 178 258 261 334 406
9 1 103 147 179 259 260 261 335 407
8 2 52 148 180 208 263 336 408
9 3 53 149 181 209 262 263 337 409
8 4 54 150 182 210 265 338 410
9 5 55 151 183 211 264 265 339 411
8 6 56 152 184 212 267 340 412
9 7 57 153 185 213 266 267 341 413
8 8 58 154 186 214 269 342 414
9 9 59 155 187 215 268 269 343 415
8 10 60 104 188 216 271 344 364
9 11 61 105 189 217 270 271 345 365
8 12 62 106 190 218 273 346 366
9 13 63 107 191 219 272 273 347 367
8 14 64 108 192 220 275 348 368
9 15 65 109 193 221 274 275 349 369
8 16 66 110 194 222 277 350 370
9 17 67 111 195 223 276 277 351 371
8 18 68 112 196 224 279 352 372
9 19 69 113 197 225 278 279 353 373
8 20 70 114 198 226 281 354 374
9 21 71 115 199 227 280 281 355 375
8 22 72 116 200 228 283 356 376
9 23 73 117 201 229 282 283 357 377
8 24 74 118 202 230 285 358 378
9 25 75 119 203 231 284 285 359 379
8 26 76 120 204 232 287 360 380
9 27 77 121 205 233 286 287 361 381
8 28 78 122 206 234 289 362 382
9 29 79 123 207 235 288 289 363 383
8 30 80 124 156 236 291 312 384
9 31 81 125 157 237 290 291 313 385
8 32 82 126 158 238 293 314 386
9 33 83 127 159 239 292 293 315 387
8 34 84 128 160 240 295 316 388
9 35 85 129 161 241 294 295 317 389
8 36 86 130 162 242 297 318 390
9 37 87 131 163 243 296 297 319 391
8 38 88 132 164 244 299 320 392
9 39 89 133 165 245 298 299 321 393
8 40 90 134 166 246 301 322 394
9 41 91 135 167 247 300 301 323 395
8 42 92 136 168 248 303 324 396
9 43 93 137 169 249 302 303 325 397
8 44 94 138 170 250 305 326 398
9 45 95 139 171 251 304 305 327 399
8 46 96 140 172 252 307 328 400
9 47 97 141 173 253 306 307 329 401
8 48 98 142 174 254 309 330 402
9 49 99 143 175 255 308 309 331 403
8 50 100 144 176 256 311 332 404
9 51 101 145 177 257 310 311 333 405
8 0 56 130 172 234 264 313 380
9 1 57 131 173 235 265 312 313 381
8 2 58 132 174 236 266 315 382
9 3 59 133 175 237 267 314 315 383
8 4 60 134 176 238 268 317 384
9 5 61 135 177 239 269 316 317 385
8 6 62 136 178 240 270 319 386
9 7 63 137 179 241 271 318 319 387
8 8 64 138 180 242 272 321 388
9 9 65 139 181 243 273 320 321 389
8 10 66 140 182 244 274 323 390
9 11 67 141 183 245 275 322 323 391
8 12 68 142 184 246 276 325 392
9 13 69 143 185 247 277 324 325 393
8 14 70 144 186 248 278 327 394
9 15 71 145 187 249 279 326 327 395
8 16 72 146 188 250 280 329 396
9 17 73 147 189 251 281 328 329 397
8 18 74 148 190 252 282 331 398
9 19 75 149 191 253 283 330 331 399
8 20 76 150 192 254 284 333 400
9 21 77 151 193 255 285 332 333 401
8 22 78 152 194 256 286 335 402
9 23 79 153 195 257 287 334 335 403
8 24 80 154 196 258 288 337 404
9 25 81 155 197 259 289 336 337 405
8 26 82 104 198 208 290 339 406
9 27 83 105 199 209 291 338 339 407
8 28 84 106 200 210 292 341 408
9 29 85 107 201 211 293 340 341 409
8 30 86 108 202 212 294 343 410
9 31 87 109 203 213 295 342 343 411
8 32 88 110 204 214 296 345 412
9 33 89 111 205 215 297 344 345 413
8 34 90 112 206 216 298 347 414
9 35 91 113 207 217 299 346 347 415
8 36 92 114 156 218 300 349 364
9 37 93 115 157 219 301 348 349 365
8 38 94 116 158 220 302 351 366
9 39 95 117 159 221 303 350 351 367
8 40 96 118 160 222 304 353 368
9 41 97 119 161 223 305 352 353 369
8 42 98 120 162 224 306 355 370
9 43 99 121 163 225 307 354 355 371
8 44 100 122 164 226 308 357 372
9 45 101 123 165 227 309 356 357 373
8 46 102 124 166 228 310 359 374
9 47 103 125 167 229 311 358 359 375
8 48 52 126 168 230 260 361 376
9 49 53 127 169 231 261 360 361 377
8 50 54 128 170 232 262 363 378
9 51 55 129 171 233 263 362 363 379
