120 320
8 1 40 80 120 160 200 240 280
9 0 1 41 81 121 161 201 241 281
8 3 42 82 122 162 202 242 282
9 2 3 43 83 123 163 203 243 283
8 5 44 84 124 164 204 244 284
9 4 5 45 85 125 165 205 245 285
8 7 46 86 126 166 206 246 286
9 6 7 47 87 127 167 207 247 287
8 9 48 88 128 168 208 248 288
9 8 9 49 89 129 169 209 249 289
8 11 50 90 130 170 210 250 290
9 10 11 51 91 131 171 211 251 291
8 13 52 92 132 172 212 252 292
9 12 13 53 93 133 173 213 253 293
8 15 54 94 134 174 214 254 294
9 14 15 55 95 135 175 215 255 295
8 17 56 96 136 176 216 256 296
9 16 17 57 97 137 177 217 257 297
8 19 58 98 138 178 218 258 298
9 18 19 59 99 139 179 219 259 299
8 21 60 100 140 180 220 260 300
9 20 21 61 101 141 181 221 261 301
8 23 62 102 142 182 222 262 302
9 22 23 63 103 143 183 223 263 303
8 25 64 104 144 184 224 264 304
9 24 25 65 105 145 185 225 265 305
8 27 66 106 146 186 226 266 306
9 26 27 67 107 147 187 227 267 307
8 29 68 108 148 188 228 268 308
9 28 29 69 109 149 189 229 269 309
8 31 70 110 150 190 230 270 310
9 30 31 71 111 151 191 231 271 311
8 33 72 112 152 192 232 272 312
9 32 33 73 113 153 193 233 273 313
8 35 74 114 154 194 234 274 314
9 34 35 75 115 155 195 235 275 315
8 37 76 116 156 196 236 276 316
9 36 37 77 117 157 197 237 277 317
8 39 78 118 158 198 238 278 318
9 38 39 79 119 159 199 239 279 319
8 0 77 104 152 190 228 278 300
9 1 76 77 105 153 191 229 279 301
8 2 79 106 154 192 230 240 302
9 3 78 79 107 155 193 231 241 303
8 4 41 108 156 194 232 242 304
9 5 40 41 109 157 195 233 243 305
8 6 43 110 158 196 234 244 306
9 7 42 43 111 159 197 235 245 307
8 8 45 112 120 198 236 246 308
9 9 44 45 113 121 199 237 247 309
8 10 47 114 122 160 238 248 310
9 11 46 47 115 123 161 239 249 311
8 12 49 116 124 162 200 250 312
9 13 48 49 117 125 163 201 251 313
8 14 51 118 126 164 202 252 314
9 15 50 51 119 127 165 203 253 315
8 16 53 80 128 166 204 254 316
9 17 52 53 81 129 167 205 255 317
8 18 55 82 130 168 206 256 318
9 19 54 55 83 131 169 207 257 319
8 20 57 84 132 170 208 258 280
9 21 56 57 85 133 171 209 259 281
8 22 59 86 134 172 210 260 282
9 23 58 59 87 135 173 211 261 283
8 24 61 88 136 174 212 262 284
9 25 60 61 89 137 175 213 263 285
8 26 63 90 138 176 214 264 286
9 27 62 63 91 139 177 215 265 287
8 28 65 92 140 178 216 266 288
9 29 64 65 93 141 179 217 267 289
8 30 67 94 142 180 218 268 290
9 31 66 67 95 143 181 219 269 291
8 32 69 96 144 182 220 270 292
9 33 68 69 97 145 183 221 271 293
8 34 71 98 146 184 222 272 294
9 35 70 71 99 147 185 223 273 295
8 36 73 100 148 186 224 274 296
9 37 72 73 101 149 187 225 275 297
8 38 75 102 150 188 226 276 298
9 39 74 75 103 151 189 227 277 299
8 0 56 101 130 174 236 264 288
9 1 57 100 101 131 175 237 265 289
8 2 58 103 132 176 238 266 290
9 3 59 102 103 133 177 239 267 291
8 4 60 105 134 178 200 268 292
9 5 61 104 105 135 179 201 269 293
8 6 62 107 136 180 202 270 294
9 7 63 106 107 137 181 203 271 295
8 8 64 109 138 182 204 272 296
9 9 65 108 109 139 183 205 273 297
8 10 66 111 140 184 206 274 298
9 11 67 110 111 141 185 207 275 299
8 12 68 113 142 186 208 276 300
9 13 69 112 113 143 187 209 277 301
8 14 70 115 144 188 210 278 302
9 15 71 114 115 145 189 211 279 303
8 16 72 117 146 190 212 240 304
9 17 73 116 117 147 191 213 241 305
8 18 74 119 148 192 214 242 306
9 19 75 118 119 149 193 215 243 307
8 20 76 81 150 194 216 244 308
9 21 77 80 81 151 195 217 245 309
8 22 78 83 152 196 218 246 310
9 23 79 82 83 153 197 219 247 311
8 24 40 85 154 198 220 248 312
9 25 41 84 85 155 199 221 249 313
8 26 42 87 156 160 222 250 314
9 27 43 86 87 157 161 223 251 315
8 28 44 89 158 162 224 252 316
9 29 45 88 89 159 163 225 253 317
8 30 46 91 120 164 226 254 318
9 31 47 90 91 121 165 227 255 319
8 32 48 93 122 166 228 256 280
9 33 49 92 93 123 167 229 257 281
8 34 50 95 124 168 230 258 282
9 35 51 94 95 125 169 231 259 283
8 36 52 97 126 170 232 260 284
9 37 53 96 97 127 171 233 261 285
8 38 54 99 128 172 234 262 286
9 39 55 98 99 129 173 235 263 287
