160 60 80 20
0 2 20 1 40 1
1 2 21 1 41 1
2 2 22 1 42 1
3 2 23 1 43 1
4 2 24 1 44 1
5 2 25 1 45 1
6 2 26 1 46 1
7 2 27 1 47 1
8 2 28 1 48 1
9 2 29 1 49 1
10 2 30 1 50 1
11 2 31 1 51 1
12 2 32 1 52 1
13 2 33 1 53 1
14 2 34 1 54 1
15 2 35 1 55 1
16 2 36 1 56 1
17 2 37 1 57 1
18 2 38 1 58 1
19 2 39 1 59 1
0 1 22 2 52 1
1 1 23 2 53 1
2 1 24 2 54 1
3 1 25 2 55 1
4 1 26 2 56 1
5 1 27 2 57 1
6 1 28 2 58 1
7 1 29 2 59 1
8 1 30 2 40 1
9 1 31 2 41 1
10 1 32 2 42 1
11 1 33 2 43 1
12 1 34 2 44 1
13 1 35 2 45 1
14 1 36 2 46 1
15 1 37 2 47 1
16 1 38 2 48 1
17 1 39 2 49 1
18 1 20 2 50 1
19 1 21 2 51 1
0 1 28 1 50 2
1 1 29 1 51 2
2 1 30 1 52 2
3 1 31 1 53 2
4 1 32 1 54 2
5 1 33 1 55 2
6 1 34 1 56 2
7 1 35 1 57 2
8 1 36 1 58 2
9 1 37 1 59 2
10 1 38 1 40 2
11 1 39 1 41 2
12 1 20 1 42 2
13 1 21 1 43 2
14 1 22 1 44 2
15 1 23 1 45 2
16 1 24 1 46 2
17 1 25 1 47 2
18 1 26 1 48 2
19 1 27 1 49 2
0 1 24 1 55 1
1 1 25 1 56 1
2 1 26 1 57 1
3 1 27 1 58 1
4 1 28 1 59 1
5 1 29 1 40 1
6 1 30 1 41 1
7 1 31 1 42 1
8 1 32 1 43 1
9 1 33 1 44 1
10 1 34 1 45 1
11 1 35 1 46 1
12 1 36 1 47 1
13 1 37 1 48 1
14 1 38 1 49 1
15 1 39 1 50 1
16 1 20 1 51 1
17 1 21 1 52 1
18 1 22 1 53 1
19 1 23 1 54 1
0 1 25 1 53 1
1 1 26 1 54 1
2 1 27 1 55 1
3 1 28 1 56 1
4 1 29 1 57 1
5 1 30 1 58 1
6 1 31 1 59 1
7 1 32 1 40 1
8 1 33 1 41 1
9 1 34 1 42 1
10 1 35 1 43 1
11 1 36 1 44 1
12 1 37 1 45 1
13 1 38 1 46 1
14 1 39 1 47 1
15 1 20 1 48 1
16 1 21 1 49 1
17 1 22 1 50 1
18 1 23 1 51 1
19 1 24 1 52 1
0 1 26 1 42 1
1 1 27 1 43 1
2 1 28 1 44 1
3 1 29 1 45 1
4 1 30 1 46 1
5 1 31 1 47 1
6 1 32 1 48 1
7 1 33 1 49 1
8 1 34 1 50 1
9 1 35 1 51 1
10 1 36 1 52 1
11 1 37 1 53 1
12 1 38 1 54 1
13 1 39 1 55 1
14 1 20 1 56 1
15 1 21 1 57 1
16 1 22 1 58 1
17 1 23 1 59 1
18 1 24 1 40 1
19 1 25 1 41 1
0 1 21 1 48 1
1 1 22 1 49 1
2 1 23 1 50 1
3 1 24 1 51 1
4 1 25 1 52 1
5 1 26 1 53 1
6 1 27 1 54 1
7 1 28 1 55 1
8 1 29 1 56 1
9 1 30 1 57 1
10 1 31 1 58 1
11 1 32 1 59 1
12 1 33 1 40 1
13 1 34 1 41 1
14 1 35 1 42 1
15 1 36 1 43 1
16 1 37 1 44 1
17 1 38 1 45 1
18 1 39 1 46 1
19 1 20 1 47 1
0 1 30 1 56 1
1 1 31 1 57 1
2 1 32 1 58 1
3 1 33 1 59 1
4 1 34 1 40 1
5 1 35 1 41 1
6 1 36 1 42 1
7 1 37 1 43 1
8 1 38 1 44 1
9 1 39 1 45 1
10 1 20 1 46 1
11 1 21 1 47 1
12 1 22 1 48 1
13 1 23 1 49 1
14 1 24 1 50 1
15 1 25 1 51 1
16 1 26 1 52 1
17 1 27 1 53 1
18 1 28 1 54 1
19 1 29 1 55 1
0 0
0 0
0 0
0 0
0 0
0 0
0 0
0 0
0 0
0 0
0 0
0 0
0 0
0 0
0 0
0 0
0 0
0 0
0 0
0 0
0 0
0 0
0 0
0 0
0 0
0 0
0 0
0 0
0 0
0 0
0 0
0 0
0 0
0 0
0 0
0 0
0 0
0 0
0 0
0 0
0 0
0 0
0 0
0 0
0 0
0 0
0 0
0 0
0 0
0 0
0 0
0 0
0 0
0 0
0 0
0 0
0 0
0 0
0 0
0 0
0 0
0 0
0 0
0 0
0 0
0 0
0 0
0 0
0 0
0 0
0 0
0 0
0 0
0 0
0 0
0 0
0 0
0 0
0 0
0 0
0 0
0 0
0 0
0 0
0 0
0 0
0 0
0 0
0 0
0 0
0 0
0 0
0 0
0 0
0 0
0 0
0 0
0 0
0 0
0 0
0 0
0 0
0 0
0 0
0 0
0 0
0 0
0 0
0 0
0 0
0 0
0 0
0 0
0 0
0 0
0 0
0 0
0 0
0 0
0 0
0 0
0 0
0 0
0 0
0 0
0 0
0 0
0 0
0 0
0 0
0 0
0 0
0 0
0 0
0 0
0 0
0 0
0 0
0 0
0 0
0 0
0 0
0 0
0 0
0 0
0 0
0 0
0 0
0 0
0 0
0 0
0 0
0 0
0 0
0 0
0 0
0 0
0 0
0 0
0 0
0 0
0 0
0 0
0 0
0 0
0 0
0 0
0 0
0 0
0 0
0 0
0 0
0 0
0 0
0 0
0 0
0 0
0 0
0 0
0 0
293215405076 0
292129358928 0
1094991940 0
586430810152 0
584258717856 0
2189983880 0
73351041104 0
69005807937 0
4378919185 0
146702082208 0
138011615874 0
8757838370 0
293404164416 0
276023231748 0
17515676740 0
586808328832 0
552046463496 0
35031353480 0
74106078464 0
4581299217 0
70061658385 0
148212156928 0
9162598434 0
140123316770 0
296424313856 0
18325196868 0
280246633540 0
592848627712 0
36650393736 0
560493267080 0
86185627649 0
73299738897 0
21475954960 0
172371255298 0
146599477794 0
42951909920 0
344742510596 0
293198955588 0
85903819840 0
689485021192 0
586397911176 0
171807639680 0
279459463184 0
73284194577 0
343614230785 0
558918926368 0
146568389154 0
687228461570 0
18326224961 0
293135729733 0
274946343940 0
36652449922 0
586271459466 0
549892687880 0
73303851269 0
73032339732 0
273747985 0
146607702538 0
146064679464 0
547495970 0
1198803061964407434 33312
586032725272594560 34832
1765693216782977546 2608
3550527628534613269 1088
1172065450546237696 4128
2378464928959108117 5216
7101055257069226538 2176
2344130901092475392 8256
4756929857918216234 10432
14202110514137404501 4352
4688260702674371584 16512
9513858616324804693 20864
9957476954565257386 8705
9376521405348743168 33024
580973158940057770 41729
315288330815164756 17411
1459219142083153921 513
1161947417390694741 17922
630576661630329512 34822
2918438284166307842 1026
2323894834781389482 35844
1261154422772286800 4108
4683956163237396484 2052
5800711174169625940 6152
2522308845544573600 8216
9367912326474792968 4104
11601422348339251880 12304
5044616591578568000 16432
289079479728406545 8209
4756100622967903569 24609
10089233183157136000 32864
578158959456813090 16418
9512201245935807138 49218
1731723392115299585 193
3396414307827780 32836
1730578823257281861 32901
2310526379135379970 386
1159714333222502536 136
3461158746026191498 266
4621051658759132165 772
2319428666443956497 272
6922316392541803796 532
9242103317518264330 1544
4638857332887912994 544
13844632785083607592 1064
37462561326977044 3089
9277714665775825988 1088
9242521496457663568 2129
74925122653954088 6178
108685257842100360 2177
38298919205775520 4259
149850245306859601 12356
217369416173621520 4354
76596738899923265 8518
299700490613719202 24712
434738832347243040 8708
153193477799846530 17036
599400981226389829 49424
869476565183906880 17416
306385856088065285 34072
11818859416722080772 16448
14124425347936048128 16
6917823697835282436 16464
5190974759734609928 32897
9802106622162544640 33
13835647395670564872 32928
10381950618980847632 258
4548765520318464 67
10377472222238425104 321
2317157164252143648 517
9097531040636928 134
2308200370767298592 643
4634314328504287296 1034
18195062081273856 268
4616400741534597184 1286
9268628657008574592 2068
36390124162547712 536
9232801483069194368 2572
90512140797018368 4137
72779148813467649 1072
18858892427788545 5145
181024281594036736 8274
145558297626935298 2144
37717784855577090 10290
362047463677494272 16548
291115495742242821 4288
75435569710105605 20580
724094927354988544 33096
582230991484485642 8576
150871139420211210 41160
1448189854709977089 656
11541577872703509 17152
1454662683936690196 16784
2896379709419954178 1312
23083155745407018 34304
2909325367873380392 33568
4639839013744689156 2624
1199087816097661012 3072
5818651835258388560 1600
9279678027489378312 5248
2398175632195322024 6144
11637303670516777120 3200
112611981269205008 10497
4796351264390644048 12288
4827863267324002624 6401
225223962538410016 20994
9592702528781288096 24576
9655726534648005248 12802
450447925076820032 41988
738660983853024576 49153
864708995586458880 25605
2053817354760487040 18440
1477323067217676928 32770
576497586077698560 51210
2954714304424706305 36880
4107566539531621632 4
1152995172155397121 36884
5909429708361040386 8224
7062212673968024064 8
3458911848917641218 8232
1441313577692632320 4105
2378060038080102405 20480
3819054757390062853 16393
2882627155385264640 8210
4756120076160204810 40960
7638109514780125706 32786
4612333905675310080 16420
10665161656927256596 16384
15276220129071879188 36
9224667811350620160 32840
2883579240144961576 32769
12105696184434206760 73
1155511954086907905 145
5767159579800502353 2
4611726790553063504 147
2311023908173815810 290
11534319159601004706 4
9223453581106127008 294
4622047816347631620 580
4621894245492457796 9
163088502702400 589
9244095632695263240 1160
9243788490984915592 18
326177005404800 1178
41447191679926289 2321
40831808749700368 37
651254499181825 2356
82894383359852578 4642
81663617499400736 74
1302508998363650 4712
165788766718656581 9284
163326135488222272 148
2603918485099525 9424
331577533437313162 18568
326652270976444544 296
5207836970199050 18848
663155066873577749 37136
653303442442309888 592
10414574428770325 37696
1326311233258783274 8736
153686479789400576 1184
1173750653464387626 9856
2652622466517566548 17472
307372959578801152 2368
2347501306928775252 19712
5305244933035133096 34944
614745919157602304 4736
4695002613857550504 39424
10610490965581893968 4352
76571433219985408 9472
10542926732321947984 13312
2774237857454236320 8705
153142866439970816 18944
2639109390934344352 26625
5548474615397893440 17410
306284633368313857 37888
5278218781867640129 53250
9944028825700567680 34820
1765490771343474690 10240
10556438663246908034 40964
361695345073192960 4096
72057594037927936 16464
289637751035265024 20560
723390690146385920 8192
144115188075855872 32928
579275502070530048 41120
293860975197552640 16384
1441151880758558720 320
1158552103652687872 16704
587721950395105280 32768
2882303761517117440 640
2317104207305375744 33408
1175445000301838336 0
4611687117939015680 1280
5787129919217598464 1280
2350890000603676672 0
9223374235878031360 2560
11574259838435196928 2560
4701780001207353344 0
4398046511104 5121
4701775603160842240 5121
9403560002414706688 0
8796093022208 10242
9403551206321684480 10242
360375931119861760 1
17592186044416 20484
360358338933817344 20485
720751862239723520 2
35184372088832 40968
720716677867634688 40970
288583319384227840 4
1152991873351024640 16400
1441434455246897152 16404
577166638768455680 8
2305983746702049280 32800
2882868910493794304 32808
1412872441692160 16
5764888998010945536 64
5765738920499216384 80
2825744883384320 32
11529777996021891072 128
11531477840998432768 160
5651489766768640 64
4612811918334230528 257
4616211608287313920 321
11302979533537280 128
9225623836668461056 514
9232423216574627840 642
22605959067074560 256
4503599627370496 1029
18102359439704064 1285
45211918134149120 512
9007199254740992 2058
36204718879408128 2570
90423836268298240 1024
18014398509481984 4116
72409437758816256 5140
180847672536596480 2048
36028797018963968 8232
144818875517632512 10280
