120 320
8 0 46 86 130 161 210 278 318
9 1 47 87 131 160 161 211 279 319
8 2 48 88 132 163 212 240 280
9 3 49 89 133 162 163 213 241 281
8 4 50 90 134 165 214 242 282
9 5 51 91 135 164 165 215 243 283
8 6 52 92 136 167 216 244 284
9 7 53 93 137 166 167 217 245 285
8 8 54 94 138 169 218 246 286
9 9 55 95 139 168 169 219 247 287
8 10 56 96 140 171 220 248 288
9 11 57 97 141 170 171 221 249 289
8 12 58 98 142 173 222 250 290
9 13 59 99 143 172 173 223 251 291
8 14 60 100 144 175 224 252 292
9 15 61 101 145 174 175 225 253 293
8 16 62 102 146 177 226 254 294
9 17 63 103 147 176 177 227 255 295
8 18 64 104 148 179 228 256 296
9 19 65 105 149 178 179 229 257 297
8 20 66 106 150 181 230 258 298
9 21 67 107 151 180 181 231 259 299
8 22 68 108 152 183 232 260 300
9 23 69 109 153 182 183 233 261 301
8 24 70 110 154 185 234 262 302
9 25 71 111 155 184 185 235 263 303
8 26 72 112 156 187 236 264 304
9 27 73 113 157 186 187 237 265 305
8 28 74 114 158 189 238 266 306
9 29 75 115 159 188 189 239 267 307
8 30 76 116 120 191 200 268 308
9 31 77 117 121 190 191 201 269 309
8 32 78 118 122 193 202 270 310
9 33 79 119 123 192 193 203 271 311
8 34 40 80 124 195 204 272 312
9 35 41 81 125 194 195 205 273 313
8 36 42 82 126 197 206 274 314
9 37 43 83 127 196 197 207 275 315
8 38 44 84 128 199 208 276 316
9 39 45 85 129 198 199 209 277 317
8 0 48 104 128 166 201 264 286
9 1 49 105 129 167 200 201 265 287
8 2 50 106 130 168 203 266 288
9 3 51 107 131 169 202 203 267 289
8 4 52 108 132 170 205 268 290
9 5 53 109 133 171 204 205 269 291
8 6 54 110 134 172 207 270 292
9 7 55 111 135 173 206 207 271 293
8 8 56 112 136 174 209 272 294
9 9 57 113 137 175 208 209 273 295
8 10 58 114 138 176 211 274 296
9 11 59 115 139 177 210 211 275 297
8 12 60 116 140 178 213 276 298
9 13 61 117 141 179 212 213 277 299
8 14 62 118 142 180 215 278 300
9 15 63 119 143 181 214 215 279 301
8 16 64 80 144 182 217 240 302
9 17 65 81 145 183 216 217 241 303
8 18 66 82 146 184 219 242 304
9 19 67 83 147 185 218 219 243 305
8 20 68 84 148 186 221 244 306
9 21 69 85 149 187 220 221 245 307
8 22 70 86 150 188 223 246 308
9 23 71 87 151 189 222 223 247 309
8 24 72 88 152 190 225 248 310
9 25 73 89 153 191 224 225 249 311
8 26 74 90 154 192 227 250 312
9 27 75 91 155 193 226 227 251 313
8 28 76 92 156 194 229 252 314
9 29 77 93 157 195 228 229 253 315
8 30 78 94 158 196 231 254 316
9 31 79 95 159 197 230 231 255 317
8 32 40 96 120 198 233 256 318
9 33 41 97 121 199 232 233 257 319
8 34 42 98 122 160 235 258 280
9 35 43 99 123 161 234 235 259 281
8 36 44 100 124 162 237 260 282
9 37 45 101 125 163 236 237 261 283
8 38 46 102 126 164 239 262 284
9 39 47 103 127 165 238 239 263 285
8 0 78 116 152 198 236 241 312
9 1 79 117 153 199 237 240 241 313
8 2 40 118 154 160 238 243 314
9 3 41 119 155 161 239 242 243 315
8 4 42 80 156 162 200 245 316
9 5 43 81 157 163 201 244 245 317
8 6 44 82 158 164 202 247 318
9 7 45 83 159 165 203 246 247 319
8 8 46 84 120 166 204 249 280
9 9 47 85 121 167 205 248 249 281
8 10 48 86 122 168 206 251 282
9 11 49 87 123 169 207 250 251 283
8 12 50 88 124 170 208 253 284
9 13 51 89 125 171 209 252 253 285
8 14 52 90 126 172 210 255 286
9 15 53 91 127 173 211 254 255 287
8 16 54 92 128 174 212 257 288
9 17 55 93 129 175 213 256 257 289
8 18 56 94 130 176 214 259 290
9 19 57 95 131 177 215 258 259 291
8 20 58 96 132 178 216 261 292
9 21 59 97 133 179 217 260 261 293
8 22 60 98 134 180 218 263 294
9 23 61 99 135 181 219 262 263 295
8 24 62 100 136 182 220 265 296
9 25 63 101 137 183 221 264 265 297
8 26 64 102 138 184 222 267 298
9 27 65 103 139 185 223 266 267 299
8 28 66 104 140 186 224 269 300
9 29 67 105 141 187 225 268 269 301
8 30 68 106 142 188 226 271 302
9 31 69 107 143 189 227 270 271 303
8 32 70 108 144 190 228 273 304
9 33 71 109 145 191 229 272 273 305
8 34 72 110 146 192 230 275 306
9 35 73 111 147 193 231 274 275 307
8 36 74 112 148 194 232 277 308
9 37 75 113 149 195 233 276 277 309
8 38 76 114 150 196 234 279 310
9 39 77 115 151 197 235 278 279 311
