384 144 192 48
0 1 48 1 96 1
1 1 49 1 97 1
2 1 50 1 98 1
3 1 51 1 99 1
4 1 52 1 100 1
5 1 53 1 101 1
6 1 54 1 102 1
7 1 55 1 103 1
8 1 56 1 104 1
9 1 57 1 105 1
10 1 58 1 106 1
11 1 59 1 107 1
12 1 60 1 108 1
13 1 61 1 109 1
14 1 62 1 110 1
15 1 63 1 111 1
16 1 64 1 112 1
17 1 65 1 113 1
18 1 66 1 114 1
19 1 67 1 115 1
20 1 68 1 116 1
21 1 69 1 117 1
22 1 70 1 118 1
23 1 71 1 119 1
24 1 72 1 120 1
25 1 73 1 121 1
26 1 74 1 122 1
27 1 75 1 123 1
28 1 76 1 124 1
29 1 77 1 125 1
30 1 78 1 126 1
31 1 79 1 127 1
32 1 80 1 128 1
33 1 81 1 129 1
34 1 82 1 130 1
35 1 83 1 131 1
36 1 84 1 132 1
37 1 85 1 133 1
38 1 86 1 134 1
39 1 87 1 135 1
40 1 88 1 136 1
41 1 89 1 137 1
42 1 90 1 138 1
43 1 91 1 139 1
44 1 92 1 140 1
45 1 93 1 141 1
46 1 94 1 142 1
47 1 95 1 143 1
33 1 61 1 124 1
34 1 62 1 125 1
35 1 63 1 126 1
36 1 64 1 127 1
37 1 65 1 128 1
38 1 66 1 129 1
39 1 67 1 130 1
40 1 68 1 131 1
41 1 69 1 132 1
42 1 70 1 133 1
43 1 71 1 134 1
44 1 72 1 135 1
45 1 73 1 136 1
46 1 74 1 137 1
47 1 75 1 138 1
0 1 76 1 139 1
1 1 77 1 140 1
2 1 78 1 141 1
3 1 79 1 142 1
4 1 80 1 143 1
5 1 81 1 96 1
6 1 82 1 97 1
7 1 83 1 98 1
8 1 84 1 99 1
9 1 85 1 100 1
10 1 86 1 101 1
11 1 87 1 102 1
12 1 88 1 103 1
13 1 89 1 104 1
14 1 90 1 105 1
15 1 91 1 106 1
16 1 92 1 107 1
17 1 93 1 108 1
18 1 94 1 109 1
19 1 95 1 110 1
20 1 48 1 111 1
21 1 49 1 112 1
22 1 50 1 113 1
23 1 51 1 114 1
24 1 52 1 115 1
25 1 53 1 116 1
26 1 54 1 117 1
27 1 55 1 118 1
28 1 56 1 119 1
29 1 57 1 120 1
30 1 58 1 121 1
31 1 59 1 122 1
32 1 60 1 123 1
33 1 69 1 112 1
34 1 70 1 113 1
35 1 71 1 114 1
36 1 72 1 115 1
37 1 73 1 116 1
38 1 74 1 117 1
39 1 75 1 118 1
40 1 76 1 119 1
41 1 77 1 120 1
42 1 78 1 121 1
43 1 79 1 122 1
44 1 80 1 123 1
45 1 81 1 124 1
46 1 82 1 125 1
47 1 83 1 126 1
0 1 84 1 127 1
1 1 85 1 128 1
2 1 86 1 129 1
3 1 87 1 130 1
4 1 88 1 131 1
5 1 89 1 132 1
6 1 90 1 133 1
7 1 91 1 134 1
8 1 92 1 135 1
9 1 93 1 136 1
10 1 94 1 137 1
11 1 95 1 138 1
12 1 48 1 139 1
13 1 49 1 140 1
14 1 50 1 141 1
15 1 51 1 142 1
16 1 52 1 143 1
17 1 53 1 96 1
18 1 54 1 97 1
19 1 55 1 98 1
20 1 56 1 99 1
21 1 57 1 100 1
22 1 58 1 101 1
23 1 59 1 102 1
24 1 60 1 103 1
25 1 61 1 104 1
26 1 62 1 105 1
27 1 63 1 106 1
28 1 64 1 107 1
29 1 65 1 108 1
30 1 66 1 109 1
31 1 67 1 110 1
32 1 68 1 111 1
35 1 61 1 135 1
36 1 62 1 136 1
37 1 63 1 137 1
38 1 64 1 138 1
39 1 65 1 139 1
40 1 66 1 140 1
41 1 67 1 141 1
42 1 68 1 142 1
43 1 69 1 143 1
44 1 70 1 96 1
45 1 71 1 97 1
46 1 72 1 98 1
47 1 73 1 99 1
0 1 74 1 100 1
1 1 75 1 101 1
2 1 76 1 102 1
3 1 77 1 103 1
4 1 78 1 104 1
5 1 79 1 105 1
6 1 80 1 106 1
7 1 81 1 107 1
8 1 82 1 108 1
9 1 83 1 109 1
10 1 84 1 110 1
11 1 85 1 111 1
12 1 86 1 112 1
13 1 87 1 113 1
14 1 88 1 114 1
15 1 89 1 115 1
16 1 90 1 116 1
17 1 91 1 117 1
18 1 92 1 118 1
19 1 93 1 119 1
20 1 94 1 120 1
21 1 95 1 121 1
22 1 48 1 122 1
23 1 49 1 123 1
24 1 50 1 124 1
25 1 51 1 125 1
26 1 52 1 126 1
27 1 53 1 127 1
28 1 54 1 128 1
29 1 55 1 129 1
30 1 56 1 130 1
31 1 57 1 131 1
32 1 58 1 132 1
33 1 59 1 133 1
34 1 60 1 134 1
0 2 73 1 112 1
1 2 74 1 113 1
2 2 75 1 114 1
3 2 76 1 115 1
4 2 77 1 116 1
5 2 78 1 117 1
6 2 79 1 118 1
7 2 80 1 119 1
8 2 81 1 120 1
9 2 82 1 121 1
10 2 83 1 122 1
11 2 84 1 123 1
12 2 85 1 124 1
13 2 86 1 125 1
14 2 87 1 126 1
15 2 88 1 127 1
16 2 89 1 128 1
17 2 90 1 129 1
18 2 91 1 130 1
19 2 92 1 131 1
20 2 93 1 132 1
21 2 94 1 133 1
22 2 95 1 134 1
23 2 48 1 135 1
24 2 49 1 136 1
25 2 50 1 137 1
26 2 51 1 138 1
27 2 52 1 139 1
28 2 53 1 140 1
29 2 54 1 141 1
30 2 55 1 142 1
31 2 56 1 143 1
32 2 57 1 96 1
33 2 58 1 97 1
34 2 59 1 98 1
35 2 60 1 99 1
36 2 61 1 100 1
37 2 62 1 101 1
38 2 63 1 102 1
39 2 64 1 103 1
40 2 65 1 104 1
41 2 66 1 105 1
42 2 67 1 106 1
43 2 68 1 107 1
44 2 69 1 108 1
45 2 70 1 109 1
46 2 71 1 110 1
47 2 72 1 111 1
35 1 48 2 124 1
36 1 49 2 125 1
37 1 50 2 126 1
38 1 51 2 127 1
39 1 52 2 128 1
40 1 53 2 129 1
41 1 54 2 130 1
42 1 55 2 131 1
43 1 56 2 132 1
44 1 57 2 133 1
45 1 58 2 134 1
46 1 59 2 135 1
47 1 60 2 136 1
0 1 61 2 137 1
1 1 62 2 138 1
2 1 63 2 139 1
3 1 64 2 140 1
4 1 65 2 141 1
5 1 66 2 142 1
6 1 67 2 143 1
7 1 68 2 96 1
8 1 69 2 97 1
9 1 70 2 98 1
10 1 71 2 99 1
11 1 72 2 100 1
12 1 73 2 101 1
13 1 74 2 102 1
14 1 75 2 103 1
15 1 76 2 104 1
16 1 77 2 105 1
17 1 78 2 106 1
18 1 79 2 107 1
19 1 80 2 108 1
20 1 81 2 109 1
21 1 82 2 110 1
22 1 83 2 111 1
23 1 84 2 112 1
24 1 85 2 113 1
25 1 86 2 114 1
26 1 87 2 115 1
27 1 88 2 116 1
28 1 89 2 117 1
29 1 90 2 118 1
30 1 91 2 119 1
31 1 92 2 120 1
32 1 93 2 121 1
33 1 94 2 122 1
34 1 95 2 123 1
20 1 69 1 96 2
21 1 70 1 97 2
22 1 71 1 98 2
23 1 72 1 99 2
24 1 73 1 100 2
25 1 74 1 101 2
26 1 75 1 102 2
27 1 76 1 103 2
28 1 77 1 104 2
29 1 78 1 105 2
30 1 79 1 106 2
31 1 80 1 107 2
32 1 81 1 108 2
33 1 82 1 109 2
34 1 83 1 110 2
35 1 84 1 111 2
36 1 85 1 112 2
37 1 86 1 113 2
38 1 87 1 114 2
39 1 88 1 115 2
40 1 89 1 116 2
41 1 90 1 117 2
42 1 91 1 118 2
43 1 92 1 119 2
44 1 93 1 120 2
45 1 94 1 121 2
46 1 95 1 122 2
47 1 48 1 123 2
0 1 49 1 124 2
1 1 50 1 125 2
2 1 51 1 126 2
3 1 52 1 127 2
4 1 53 1 128 2
5 1 54 1 129 2
6 1 55 1 130 2
7 1 56 1 131 2
8 1 57 1 132 2
9 1 58 1 133 2
10 1 59 1 134 2
11 1 60 1 135 2
12 1 61 1 136 2
13 1 62 1 137 2
14 1 63 1 138 2
15 1 64 1 139 2
16 1 65 1 140 2
17 1 66 1 141 2
18 1 67 1 142 2
19 1 68 1 143 2
20 1 73 1 135 1
21 1 74 1 136 1
22 1 75 1 137 1
23 1 76 1 138 1
24 1 77 1 139 1
25 1 78 1 140 1
26 1 79 1 141 1
27 1 80 1 142 1
28 1 81 1 143 1
29 1 82 1 96 1
30 1 83 1 97 1
31 1 84 1 98 1
32 1 85 1 99 1
33 1 86 1 100 1
34 1 87 1 101 1
35 1 88 1 102 1
36 1 89 1 103 1
37 1 90 1 104 1
38 1 91 1 105 1
39 1 92 1 106 1
40 1 93 1 107 1
41 1 94 1 108 1
42 1 95 1 109 1
43 1 48 1 110 1
44 1 49 1 111 1
45 1 50 1 112 1
46 1 51 1 113 1
47 1 52 1 114 1
0 1 53 1 115 1
1 1 54 1 116 1
2 1 55 1 117 1
3 1 56 1 118 1
4 1 57 1 119 1
5 1 58 1 120 1
6 1 59 1 121 1
7 1 60 1 122 1
8 1 61 1 123 1
9 1 62 1 124 1
10 1 63 1 125 1
11 1 64 1 126 1
12 1 65 1 127 1
13 1 66 1 128 1
14 1 67 1 129 1
15 1 68 1 130 1
16 1 69 1 131 1
17 1 70 1 132 1
18 1 71 1 133 1
19 1 72 1 134 1
1152991912005731328 36028802521890816 13835058605105119232
1441231045595762688 36033195200282624 4611686018494611456
288239210899444736 4403415810048 9223372586610671616
2305983824011462656 72057609338748928 9223373136500686848
2882462091191525376 72066394695532544 9223372036989157376
576478421798889472 8806831620096 1099511857152
4611967648022925313 144115214382530560 2199291887616
5764642707406340097 144132793686032384 268763136
1153238318574489600 17613663240192 2199023648768
9223935296045850626 288230428765061120 4398583775232
11529285414812680194 288265587372064768 537526272
2306476637148979200 35227326480384 4398047297536
1126518382149636 576460857530122241 8797167550464
4611826755915808772 576531174744129537 1075052544
4612953274297958400 70454652960768 8796094595072
2534511741009928 1152921710765277186 17594335100928
9223653511831617545 1153062345193291778 2150105088
9225625073619206145 140909305921536 17592189190144
5069023482019856 2305843421530554372 35188670201856
562949953683474 2306124690386583557 4300210176
4506073528860674 281818611843073 35184378380288
10138046964039712 4611686843061108744 70377340403712
1125899907366948 4612249380773167114 8600420352
9012147057721348 563637223686146 70368756760576
20276093928079424 9223373686122217488 140754680807424
2251799814733896 9224498761546334228 17200840704
18024294115442696 1127274447372292 140737513521152
40552187856158848 3298534883360 281509361614849
4503599629467792 2253449383116840 34401681409
36048588230885392 2254548894744584 281475027042304
81104375712317696 6597069766720 563018723229698
9007199258935584 4506898766233680 68803362818
72097176461770784 4509097789489168 562950054084608
162208751424635392 13194139533440 1126037446459396
18014398517871168 9013797532467360 137606725636
144194352923541568 9018195578978336 1125900108169216
324417502849270784 26388279066880 2252074892918792
36028797035742336 18027595064934720 275213451272
288388705847083136 18036391157956672 2251800216338432
648553530721830913 52776558133760 4504149785837584
72339069048195328 36055185834902144 550426902544
576777411694166273 36072778020946048 4503600432676864
1297107061443661826 105553116267520 9008299571675168
144678138096390656 72110371669804288 1100853805088
1153554823388332546 72145556041892096 9007200865353728
2594214122887323652 211106232535040 18016599143350336
289356276192781312 144220743339608576 2201707610176
2307109646776665092 144291112083784192 18014401730707456
5188146770797936649 422212465070080 36033198286700672
578994027362273280 288441482384249856 4403415220352
4614219293553330185 288582219872601088 36028803461414912
10376293541595873298 844424930140160 72066396573401344
1157988054724546560 576882964768499712 8806830440704
9228438587106660370 577164439745202176 72057606922829824
2305843009482194980 1688849860280321 144132793146802688
2315976109449093120 1153765929536999424 17613660881408
10133100503769124 1154328879490404353 144115213845659648
4611686018964389960 3377699720560642 288265586293605376
4631952218898186240 2307531859073998848 35227321762816
20266201007538248 2308657758980808706 288230427691319296
9223372037928779920 6755399441121284 576531172587210752
9263904437796372480 4615063718147997696 70454643525632
40532402015076496 4617315517961617412 576460855382638592
2148008224 13510798882242569 1153062345174421504
81064801883193344 9230127436295995393 140909287051264
81064804030152992 9234631035923234824 1152921710765277184
4296016448 27021597764485138 2306124690348843008
162129603766386688 13510798882439170 281818574102529
162129608060305984 22517998136918032 2305843421530554369
8592032896 54043195528970276 4612249380697686016
324259207532773376 27021597764878340 563637148205058
324259216120611968 45035996273836064 4611686843061108738
17184065792 108086391057940552 9224498761395372032
648518415065546752 54043195529756680 1127274296410116
648518432241223936 90071992547672128 9223373686122217476
34368131584 216172786410848400 2253449081192448
1297036830131093504 108086395354480656 2254548592754696
1297036864482447872 180143985095344256 3298534948872
68736263168 432345572821696800 4506898162384896
2594073660262187008 216172790708961312 4509097185509392
2594073728964895744 360287970190688512 6597069897744
137472526336 864691145643393600 9013796324769792
5188147320524374016 432345581417922624 9018194371018784
5188147457929791488 720575940381377024 13194139795488
274945052672 1729382291286787200 18027592649539584
10376294641048748032 864691162835845248 18036388742037568
10376294915859582976 1441151880762754048 26388279590976
549890105344 3458764582573574400 36055185299079168
2305845208387944448 1729382325671690497 36072777484075136
2305845758009614336 2882303761525508097 52776559181952
1099780210688 6917529165147148800 72110370598158336
4611690416775888896 3458764651343380994 72145554968150272
4611691516019228672 5764607523051016194 105553118363904
2199560421376 13835058330294297600 144220741196316672
9223380833551777792 6917529302686761988 144291109936300544
9223383032038457344 11529215046102032388 211106236727808
4399120842752 9223372586879043584 288441482392633345
17593394003968 13835058605373523977 288582219872601088
21990367363072 4611686018494513161 422212473455617
8798241685504 1100048535552 576882964785266691
35186788007936 9223373137037496338 577164439745202177
43980734726144 9223372036989026322 844424946911234
17596483371008 2200097071104 1153765929570533382
70373576015872 2200365441060 1154328879490404355
87961469452288 268501028 1688849893822469
35192966742016 4400194142208 2307531859141066764
140747152031744 4400730882120 2308657758980808710
175922938904576 537002056 3377699787644938
351860910194688 8796093317120 4615063718282133528
281494304063489 8797166796944 4617315517961617420
70370901098497 1074004112 6755399575289876
703721820389376 17592186634240 9230127436564267056
562988608126978 17594333593888 9234631035923234840
140741802196994 2148008224 13510799150579752
1125968664068097 35184373268480 13510799419048032
1407452192964612 35188667187776 22517998136918064
281483604393989 4296016448 27021598301093968
2251937328136194 70368746536960 27021598838096064
2814904385929224 70377334375552 45035996273836128
562967208787978 8592032896 54043196602187936
4503874656272388 140737493073920 54043197676192128
5629808771858448 140754668751104 90071992547672256
1125934417575956 17184065792 108086393204375872
9007749312544776 281474986147840 108086395352384256
11259617543716896 281509337502208 180143985095344512
2251868835151912 34368131584 216172786408751744
18015498625089552 562949972295680 216172790704768512
22519235087433792 563018675004416 360287970190689024
4503737670303824 68736263168 432345572817503488
36030997250179104 1125899944591360 432345581409537024
45038470174867584 1126037350008832 720575940381378048
9007475340607648 137472526336 864691145635006976
72061994500358208 2251799889182720 864691162819074048
90076940349735168 2252074700017664 1441151880762756096
18014950681215296 274945052672 1729382291270013952
144123989000716416 4503599778365440 1729382325638148096
180153880699470336 4504149400035328 2882303761525512192
36029901362430592 549890105344 3458764582540027904
288247978001432832 9007199556730880 3458764651276296192
360307761398940672 9008298800070656 5764607523051024384
72059802724861184 1099780210688 6917529165080055808
576495956002865664 18014399113461760 6917529302552592384
720615522797881344 18016597600141312 11529215046102048768
144119605449722368 2199560421376 13835058330160111616
1152939096801284097 36037595259535360 4504149517467664
422216760037376 36037599822938240 65552
1153361313561313281 4563402880 4504149517402112
2306159668579278850 72075186224103424 9008299034935328
844433520074753 72075195350909184 131104
2306441152145915907 9126805760 9008299034804224
4612319337158557700 144150372448206848 18016598069870656
1688867040149506 144150390701818368 262208
4612882304291831814 18253611520 18016598069608448
9224638674317115400 288300744896413696 36033196139741312
3377734080299012 288300781403636736 524416
9225764608583663628 36507223040 36033196139216896
2251799947968529 576601489792827393 72066392279482624
7036943137308680 576601558512306176 1048832
4785143457775641 68719478785 72066392278433792
4503599895937058 1153202979585654786 144132784558965248
14073886274617360 1153203117024612352 2097664
9570286915551282 137438957570 144132784556867584
9007199791874116 2306405959171309572 288265569117930496
28147772549234720 2306406234049224704 4195328
19140573831102564 274877915140 288265569113735168
18014399583748232 4612811918342619144 576531138235860992
56295545098469440 4612812468098449408 8390656
38281147662205128 549755830280 576531138227470336
36028799167496464 9225623836685238288 1153062276471721984
112591090196938880 9225624936196898816 16781312
76562295324410256 1099511660560 1153062276454940672
72057598334992928 4503599660924960 2306124552943443969
225182180393877760 4505798684246016 33562625
153124590648820512 2199023321120 2306124552909881344
144115196669985856 9007199321849920 4612249105886887938
450364360787755520 9011597368492032 67125250
306249181297641024 4398046642240 4612249105819762688
288230393339971712 18014398643699840 9224498211773775876
900728721575511040 18023194736984064 134250500
612498362595282048 8796093284480 9224498211639525376
576460786679943424 36028801582366976 2252349838000136
1801457443151022080 36046393768935424 268435464
1224996725190564096 17592186568960 2252349569564672
1152921573359886848 72057603164733952 4504699676000272
3602914886302044160 72092787537870848 536870928
2449993450381128192 35184373137920 4504699139129344
2305843146719773696 144115206329467904 9009399352000544
7205829772604088320 144185575075741696 1073741856
4899986900762256384 70368746275840 9009398278258688
4611686293439547392 288230412658935808 18018798704001088
14411659545208176640 288371150151483392 2147483712
9799973801524512768 140737492551680 18018796556517376
9223654061855805440 576460821022904320 36037597408002176
10376575016706801665 576742296007999489 4294967424
1152922054362763265 281474985103361 36037593113034752
564050002059264 1152921642045808641 72075194816004352
2306405959704051714 1153484592015998979 8589934848
2305844108725526530 562949970206722 72075186226069504
1128100004118528 2305843284091617282 144150389632008704
4612811919408103428 2306969184031997958 17179869696
4611688217451053060 1125899940413444 144150372452139008
2256200008237056 4611686568183234564 288300779264017408
9225623838816206856 4613938368063995916 34359739392
9223376434902106120 2251799880826888 288300744904278016
4512400016474112 9223373136366469128 576601558528034816
4503603922862096 9227876736127991833 68719478784
8796094660624 4503599761653777 576601489808556032
9024800032948224 2199023386640 1153203117056069633
9007207845724192 9009398546432050 137438957569
17592189321248 9007199523307554 1153202979617112064
18049600065896448 4398046773280 2306406234112139266
18014415691448384 18018797092864100 274877915138
35184378642496 18014399046615108 2306405959234224128
36099200131792896 8796093546560 4612812468224278532
36028831382896768 36037594185728200 549755830276
70368757284992 36028798093230216 4612811918468448256
72198400263585792 17592187093120 9225624936448557064
72057662765793536 72075188371456400 1099511660552
140737514569984 72057596186460432 9225623836936896512
144115325550460929 35188669153536 4505799187562512
144396800508297728 144150376742912800 2199023255568
281475029139969 144115188077953568 4503600164306944
288230651100921858 70377338307072 9011598375125024
288793601016595456 288300753485825600 4398046511136
562950058279938 288230376155907136 9007200328613888
576461302201843716 140754676614144 18023196750250048
577587202033190912 576601506971651200 8796093022272
1125900116559876 576460752311814272 18014400657227776
1152922604403687432 281509353228288 36046393500500096
1155174404066381824 1153203013943302400 17592186044544
2251800233119752 1152921504623628544 36028801314455552
2305845208807374864 563018706456576 72092787001000192
2310348808132763648 2306406027886604800 35184372089088
4503600466239504 2305843009247257088 72057602628911104
4611690417614749728 1126037412913152 144185574002000384
4620697616265527296 4612812055773209600 70368744178176
9007200932479008 4611686018494514176 144115205257822208
9223380835229499456 2252074825826304 288371148004000768
9241395232531054592 9225624111546419200 140737488356352
18014401864958016 9223372036989028352 288230410515644416
17596749447296 4504149651652609 576742296008001536
36046391352557568 4504149383286785 281474976712705
36028803729916032 268505088 576460821031288833
35193498894592 9008299303305218 1153484592016003072
72092782705115136 9008298766573570 562949953425410
72057607459832064 537010176 1152921642062577666
70386997789184 18016598606610436 2306969184032006144
144185565410230272 18016597533147140 1125899906850820
144115214919664128 1074020352 2305843284125155332
140773995578368 36033197213220872 4613938368064012288
288371130820460544 36033195066294280 2251799813701640
288230429839328256 2148040704 4611686568250310664
281547991156737 72066390131474448 9227876736128024576
576460786664210433 72066390132588560 4503599627403280
576742334655367168 1114112 9223373136500621328
563095982313474 144132784557916192 9009398546497536
1152921573328420866 144132784560144416 9007199254741024
1153484669310734336 2228224 2199291756576
1126191964626948 288265569115832384 18018797092995072
2305843146656841732 288265569120288832 18014398509482048
2306969338621468672 4456448 4398583513152
2252383929253896 576531138231664768 36037594185990144
4611686293313683464 576531138240577664 36028797018964096
4613938677242937344 8912896 8797167026304
4504767858507792 1153062276463329536 72075188371980288
9223372586627366928 1153062276481155328 72057594037928192
9227877354485874688 17825792 17594334052608
9009535717015584 2306124552926659072 144150376743960576
1099545182240 2306124552962310657 144115188075856384
9010635262197760 35651585 35188668105216
18019071434031168 4612249105853318144 288300753487921152
2199090364480 4612249105924621314 288230376151712768
18021270524395520 71303170 70377336210432
36038142868062336 9224498211706636288 576601506975842304
4398180728960 9224498211849242628 576460752303425536
36042541048791040 142606340 140754672420864
72076285736124672 2252349703720960 1153203013951684609
8796361457920 2252349988933640 1152921504606851073
72085082097582080 285212680 281509344841728
144152571472249344 4504699407441920 2306406027903369218
17592722915840 4504699977867280 2305843009213702146
144170164195164160 570425360 563018689683456
288305142944498688 9009398814883840 4612812055806738436
35185445831680 9009399955734560 4611686018427404292
288340328390328320 1140850720 1126037379366912
576610285888997376 18018797629767680 9225624111613476872
70370891663360 18018799911469120 9223372036854808584
576680656780656640 2281701440 2252074758733824
26388283260929 54051991756472320 4503874706604052
290322609340416 18027592918237248 1126449729765392
299118706556929 36033195468128320 5630324302151684
52776566521858 108103983512944640 9007749413208104
580645218680832 36055185836474496 2252899459530784
598237413113858 72066390936256640 11260648604303368
105553133043716 216207967025889280 18015498826416208
1161290437361664 72110371672948992 4505798919061568
1196474826227716 144132781872513280 22521297208606736
211106266087432 432415934051778560 36030997652832416
2322580874723328 144220743345897984 9011597838123136
2392949652455432 288265563745026560 45042594417213472
140737555464209 864831868103557120 72061995305664832
4926636726157312 288441482396828672 18023195676246272
4785899304910865 576531123195085824 90085188834426944
281475110928419 1729663731912146944 144123990611329664
9571798475603969 576882964793657344 36046391352492544
9853273586532386 1153062242095204352 180170377668853888
562950221856838 3459327463824293888 288247981222659328
19143596951207938 1153765929587314688 72092782704985088
19706547173064772 2306124484190408704 360340755337707776
1125900443713676 6918654927648587776 576495962445318656
38287193902415876 2307531859174629376 144185565409970176
39413094346129544 4612248968380817408 720681510675415552
2251800887427352 13837309855297175552 1152991924890637312
76574387804831752 4615063718349258752 288371130819940352
78826188692259088 9224497936761634816 1441363021350831104
4503601774854704 9227875636884799488 2305983849781274625
153148775609663504 9230127436698517504 576742261639880704
157652377384518176 2251799813718016 2882726042701662209
9007203549709408 9007200060047360 4611967699562549251
306297551219327008 13510799687483392 1153484523279761409
315304754769036352 4503599627436032 5765452085403324418
18014407099418816 18014400120094720 9223935399125098502
612595102438654016 27021599374966784 2306969046559522818
630609509538072704 9007199254872064 11530904170806648836
36028814198837632 36028804535156736 1126724540645388
1225190204877308032 54043203044900864 4613938093118980100
1261219019076145408 18014398509744128 4615064267903811592
72339103374385920 72057604775346176 2253449081290776
2450380409754616065 108086401794834432 9227876186237960200
2522156563175580161 36028797019488256 9230128535807623184
144959681725482496 144115209550692352 4506898162516016
4900760819509232131 216172799294701568 9008298766434320
5044031651374449667 72057598333943808 13512997905694752
289919363450964992 288230419101384704 9013796325032032
9801521639018464262 432345598589403136 18016597532868640
10088063302748899334 144115196667887616 27025995811389504
579838726901929984 576460838202769408 18027592650064064
1156299204327376908 864691197178806273 36033195065737280
1729382531788247052 288230393335775233 54051991622779008
1159677453803859968 1152921676405538816 36055185300128128
2312598408654753816 1729382394357612546 72066390131474560
3458765063576494104 576460786671550466 108103983245558016
2319354907607719936 2305843352811077632 72110370600256256
4625196817309507632 3458764788715225092 144132780262949120
6917530127152988208 1152921573343100932 216207966491116032
4638709815215439872 4611686705622155264 144220741200512512
9250393634619015264 6917529577430450184 288265560525898240
13835060254305976416 2305843146686201864 432415932982232064
9277419630430879744 9223373411244310528 288441482401025024
54043195528478912 13835059154860900369 576531121051796480
9223376434902401216 4611686293372403729 864831865964464128
108095187152207872 2748779069441 576882964802050049
108086391056957824 9223374236012249122 1153062242103592961
8796095250816 9223372586744807459 1729663731928928256
216190374304415744 5497558138882 1153765929604100098
216172782113915648 4398314946628 2306124484207185923
17592190501632 1099780063302 3459327463857856513
432380748608831488 10995116277764 2307531859208200196
432345564227831296 8796629893256 4612248968414371846
35184381003264 2199560126604 6918654927715713026
864761497217662976 21990232555528 4615063718416400392
864691128455662592 17593259786512 9224497936828743692
70368762006528 4399120253208 13837309855431426052
1729522994435325952 43984760078352 9230127436832735248
1729382256911325184 35186519573024 2251799948001304
140737524013056 8802535473712 9227875637153300488
3458764513893941249 87973815124000 13510799955918880
3459045988799361024 70373039146048 4503599895937072
281475048026113 17600775980128 9007200597114896
6917529027787882498 175947630248000 27021599911837760
6918091977598722048 140746078292096 9007199791874144
562950096052226 35201551960256 18014401194229792
13835058055575764996 351895260496000 54043199823675520
13836183955197444096 281492156584192 18014399583748288
1125900192104452 70403103920512 36028802388459584
9223372037441978376 703790520992001 108086399647351040
9225623836685336576 562984313168385 36028799167496576
2251800384208904 140806207841024 72057604776919168
1174405136 1407581041984003 216172799294702080
4503599661121536 1125968626336771 72057598334993152
4503600768417808 281612415682048 144115209553838336
2348810272 2815162083968006 432345598589404160
9007199322243072 2251937252673542 144115196669986304
9007201536835616 563224831364096 288230419107676672
4697620544 5630324167936012 864691197178808320
18014398644486144 4503874505347084 288230393339972608
18014403073671232 1126449662728192 576460838215353344
9395241088 11260648335872024 1729382394357616640
36028797288972288 9007749010694168 576460786679945216
36028806147342464 2252899325456384 1152921676430706688
18790482176 22521296671744048 3458764788715233280
72057594577944576 18015498021388336 1152921573359890432
72057612294684928 4505798650912768 2305843352861413376
37580964352 45042593343488096 6917529577430466560
144115189155889152 36030996042776672 2305843146719780864
144115224589369856 9011597301825536 4611686705722826752
75161928704 90085186686976192 13835059154860933120
288230378311778304 72061992085553344 4611686293439561728
288230449178739712 18023194603651072 9223373411445653504
150323857408 180170377668919680 9223374236012314624
576460756623556608 144123988466073984 9223372586879057920
576460898357479424 36046389207302144 2749181820928
300647714816 360340755337839360 4398315143168
1152921513247113216 288247981227115264 1100048564224
1152921796714958848 72092782709571584 5498363576320
601295429632 720681510675678720 8796630286336
2305843026494226432 576495962454230528 2200097128448
2305843593429917696 144185565419143168 10996727152640
1202590859264 1441363021351357440 17593260572672
4611686052988452864 1152991924908461056 4400194256896
4611687186859835392 288371130838286336 21993454305280
2405181718528 2882726042702714880 35186521145344
9223372105976905728 2305983849816922112 8800388513792
9223374373719670784 576742261676572672 43986908610560
4810363437056 5765452085405429760 70373042290688
138244259840 4611967699633844225 17600777027584
4673729789952 1153484523353145345 87973817221120
9620726874112 11530904170810859520 140746084581376
276488519680 9223935399267688450 35201554055168
9347459579904 2306969046706290690 175947634442240
19241453748224 4615064267912167424 281492169162753
552977039360 1126724825825284 70403108110337
18694919159808 4613938093412581380 351895268884480
38482907496448 9230128535824334848 562984338325506
1105954078720 2253449651650568 140806216220674
37389838319616 9227876186825162760 703790537768960
76965814992896 13512997939118080 1125968676651013
2211908157440 4506899303301136 281612432441348
74779676639232 9008299940773904 1407581075537921
153931629985792 27025995878236160 2251937353302026
4423816314880 9013798606602272 563224864882696
149559353278464 18016599881547808 2815162151075842
288300744908472320 2147745792 0
288371130819937280 3221487808 0
211123424986112 1073742016 0
576882964793655296 524288 0
576742261639874561 2148008320 0
140771873261569 2147484032 0
1153484454610599937 1048576 0
1153765998256459778 1049344 0
281543746523139 768 0
2306968909221199874 2097152 0
2307531996512919556 2098688 0
563087493046278 1536 0
4613937818442399748 4194304 0
4615063993025839112 4197376 0
1126174986092556 3072 0
9227875636884799496 8388608 0
9230127986051678224 8394752 0
2252349972185112 6144 0
9007200060047376 16777217 0
13511898393804832 16789505 0
4504699944370224 12288 0
18014400120094752 33554434 0
27023796787609664 33579010 0
9009399888740448 24576 0
36028800240189504 67108868 0
54047593575219328 67158020 0
18018799777480896 49152 0
72057600480379008 134217736 0
108095187150438656 134316040 0
36037599554961792 98304 0
144115200960758016 268435472 0
216190374300877312 268632080 0
72075199109923584 196608 0
288230401921516032 536870944 0
432380748601754624 537264160 0
144150398219847168 393216 0
576460803843032064 1073741888 0
864761497203509248 1074528320 0
288300796439694336 786432 0
1152921607686064128 2147483776 0
1729522994407018496 2149056640 0
576601592879388672 1572864 0
2306124690348838912 256 0
3459045988814036993 3145984 0
1152921710782066689 3145728 0
4612249380697677824 512 0
6918091977628073986 6291968 0
2305843421564133378 6291456 0
9224498761395355648 1024 0
13836183955256147972 12583936 0
4611686843128266756 12582912 0
2253449081159680 2049 0
9225623836802744328 25167873 0
9223373686256533512 25165824 0
4506898162319360 4098 0
4503599895937040 50335747 0
3298803515408 50331649 0
9013796324638720 8196 0
9007199791874080 100671494 0
6597607030816 100663298 0
18027592649277440 16392 0
18014399583748160 201342988 0
13195214061632 201326596 0
36055185298554880 32784 0
36028799167496320 402685976 0
26390428123264 402653192 0
72110370597109760 65568 0
72057598334992640 805371952 0
52780856246528 805306384 0
144220741194219520 131136 0
144115196669985280 1610743904 0
105561712493056 1610612768 0
288441482388439040 262272 0
288230393339970560 3221487808 0
211123424986112 3221225536 0
576601489800167425 524544 0
576742261656651776 2148008320 0
422246849972225 2147483776 0
1152921504623624195 1049088 0
1153765998290014208 1049344 0
844493699944451 256 0
2305843009247248390 2098176 0
2307531996580028416 2098688 0
1688987399888902 512 0
4611686018494496780 4196352 0
4615063993160056832 4197376 0
3377974799777804 1024 0
9223372036988993560 8392704 0
9230127986320113664 8394752 0
6755949599555608 2048 0
268435504 16785409 0
13511898930675712 16789505 0
13511899199111216 4096 0
536871008 33570818 0
27023797861351424 33579010 0
27023798398222432 8192 0
1073742016 67141636 0
54047595722702848 67158020 0
54047596796444864 16384 0
2147484032 134283272 0
108095191445405696 134316040 0
108095193592889728 32768 0
4294968064 268566544 0
216190382890811392 268632080 0
216190387185779456 65536 0
8589936128 537133088 0
432380765781622784 537264160 0
432380774371558912 131072 0
17179872256 1074266176 0
864761531563245568 1074528320 0
864761548743117824 262144 0
34359744512 2148532352 0
1729523063126491136 2149056640 0
1729523097486235648 524288 0
281543696199680 2097408 0
3459046126252982273 3145984 0
3458764719995760641 1048576 0
563087392399360 4194816 0
6918092252505964546 6291968 0
6917529439991521282 2097152 0
1126174784798720 8389632 0
13836184505011929092 12583936 0
13835058879983042564 4194304 0
2252349569597440 16779264 0
9225624936314306568 25167873 0
9223373686256533512 8388609 0
4504699139194880 33558528 0
4505798919061520 50335747 0
3298803515408 16777219 0
9009398278389760 67117056 0
9011597838123040 100671494 0
6597607030816 33554438 0
18018796556779520 134234112 0
18023195676246080 201342988 0
13195214061632 67108876 0
36037593113559040 268468224 0
36046391352492160 402685976 0
26390428123264 134217752 0
72075186227118080 536936448 0
72092782704984320 805371952 0
52780856246528 268435504 0
144150372454236160 1073872896 0
144185565409968640 1610743904 0
105561712493056 536871008 0
0 0 0
0 0 0
0 0 0
0 0 0
0 0 0
0 0 0
0 0 0
0 0 0
0 0 0
0 0 0
0 0 0
0 0 0
0 0 0
0 0 0
0 0 0
0 0 0
0 0 0
0 0 0
0 0 0
0 0 0
0 0 0
0 0 0
0 0 0
0 0 0
0 0 0
0 0 0
0 0 0
0 0 0
0 0 0
0 0 0
0 0 0
0 0 0
0 0 0
0 0 0
0 0 0
0 0 0
0 0 0
0 0 0
0 0 0
0 0 0
0 0 0
0 0 0
0 0 0
0 0 0
0 0 0
0 0 0
0 0 0
0 0 0
0 0 0
0 0 0
0 0 0
0 0 0
0 0 0
0 0 0
0 0 0
0 0 0
0 0 0
0 0 0
0 0 0
0 0 0
0 0 0
0 0 0
0 0 0
0 0 0
0 0 0
0 0 0
0 0 0
0 0 0
0 0 0
0 0 0
0 0 0
0 0 0
0 0 0
0 0 0
0 0 0
0 0 0
0 0 0
0 0 0
0 0 0
0 0 0
0 0 0
0 0 0
0 0 0
0 0 0
0 0 0
0 0 0
0 0 0
0 0 0
0 0 0
0 0 0
0 0 0
0 0 0
0 0 0
0 0 0
0 0 0
0 0 0
0 0 0
0 0 0
0 0 0
0 0 0
0 0 0
0 0 0
0 0 0
0 0 0
0 0 0
0 0 0
0 0 0
0 0 0
0 0 0
0 0 0
0 0 0
0 0 0
0 0 0
0 0 0
0 0 0
0 0 0
0 0 0
0 0 0
0 0 0
0 0 0
0 0 0
0 0 0
0 0 0
0 0 0
0 0 0
0 0 0
0 0 0
0 0 0
0 0 0
0 0 0
0 0 0
0 0 0
0 0 0
0 0 0
0 0 0
0 0 0
0 0 0
0 0 0
0 0 0
0 0 0
0 0 0
0 0 0
0 0 0
0 0 0
0 0 0
0 0 0
0 0 0
0 0 0
0 0 0
0 0 0
0 0 0
0 0 0
0 0 0
0 0 0
0 0 0
0 0 0
0 0 0
0 0 0
0 0 0
0 0 0
0 0 0
0 0 0
0 0 0
0 0 0
0 0 0
0 0 0
0 0 0
0 0 0
0 0 0
0 0 0
0 0 0
0 0 0
0 0 0
0 0 0
0 0 0
0 0 0
0 0 0
0 0 0
0 0 0
0 0 0
0 0 0
0 0 0
0 0 0
0 0 0
0 0 0
0 0 0
0 0 0
0 0 0
0 0 0
0 0 0
0 0 0
0 0 0
0 0 0
0 0 0
0 0 0
0 0 0
0 0 0
0 0 0
0 0 0
0 0 0
0 0 0
0 0 0
0 0 0
0 0 0
0 0 0
0 0 0
0 0 0
0 0 0
0 0 0
0 0 0
0 0 0
0 0 0
0 0 0
0 0 0
0 0 0
0 0 0
0 0 0
0 0 0
0 0 0
0 0 0
0 0 0
0 0 0
0 0 0
0 0 0
0 0 0
0 0 0
0 0 0
0 0 0
0 0 0
0 0 0
0 0 0
0 0 0
0 0 0
0 0 0
0 0 0
0 0 0
0 0 0
0 0 0
0 0 0
0 0 0
0 0 0
0 0 0
0 0 0
0 0 0
0 0 0
0 0 0
0 0 0
0 0 0
0 0 0
0 0 0
0 0 0
0 0 0
0 0 0
0 0 0
0 0 0
0 0 0
0 0 0
0 0 0
0 0 0
0 0 0
0 0 0
0 0 0
0 0 0
0 0 0
0 0 0
0 0 0
0 0 0
0 0 0
0 0 0
0 0 0
0 0 0
0 0 0
0 0 0
0 0 0
0 0 0
0 0 0
0 0 0
0 0 0
0 0 0
0 0 0
0 0 0
0 0 0
0 0 0
0 0 0
0 0 0
0 0 0
0 0 0
0 0 0
0 0 0
0 0 0
0 0 0
0 0 0
0 0 0
0 0 0
0 0 0
0 0 0
0 0 0
0 0 0
0 0 0
0 0 0
0 0 0
0 0 0
0 0 0
0 0 0
0 0 0
0 0 0
0 0 0
0 0 0
0 0 0
0 0 0
0 0 0
0 0 0
0 0 0
0 0 0
0 0 0
0 0 0
0 0 0
0 0 0
0 0 0
0 0 0
0 0 0
0 0 0
0 0 0
0 0 0
0 0 0
0 0 0
0 0 0
0 0 0
0 0 0
0 0 0
0 0 0
0 0 0
0 0 0
0 0 0
0 0 0
0 0 0
0 0 0
0 0 0
0 0 0
0 0 0
0 0 0
0 0 0
0 0 0
0 0 0
0 0 0
0 0 0
0 0 0
0 0 0
0 0 0
0 0 0
0 0 0
0 0 0
0 0 0
0 0 0
0 0 0
0 0 0
0 0 0
0 0 0
0 0 0
0 0 0
0 0 0
0 0 0
0 0 0
0 0 0
0 0 0
0 0 0
0 0 0
0 0 0
0 0 0
0 0 0
0 0 0
0 0 0
0 0 0
0 0 0
0 0 0
0 0 0
0 0 0
0 0 0
0 0 0
0 0 0
0 0 0
0 0 0
0 0 0
0 0 0
0 0 0
0 0 0
0 0 0
0 0 0
0 0 0
0 0 0
0 0 0
0 0 0
0 0 0
0 0 0
0 0 0
0 0 0
0 0 0
0 0 0
0 0 0
0 0 0
0 0 0
0 0 0
0 0 0
0 0 0
0 0 0
0 0 0
0 0 0
0 0 0
0 0 0
0 0 0
0 0 0
0 0 0
0 0 0
0 0 0
0 0 0
0 0 0
0 0 0
0 0 0
0 0 0
0 0 0
0 0 0
0 0 0
0 0 0
0 0 0
0 0 0
0 0 0
0 0 0
0 0 0
0 0 0
0 0 0
0 0 0
0 0 0
0 54047593574957056 4611686843061157892
0 54043195528445952 9224497936828743680
0 4398046511104 13836184779889868804
0 108095191444881408 9223373686122250248
0 108086391056891904 2251799948001280
0 8800387989504 9225625486070185992
0 216190387184730112 3298534948880
0 216172786408751104 4503599895937024
0 17600775979008 4506898430885904
0 432380774369460224 6597069897760
0 432345572817502208 9007199791874048
0 35201551958016 9013796861771808
0 864761548738920448 13194139795520
0 864691145635004416 18014399583748096
0 70403103916032 18027593723543616
0 1729523097477840896 26388279591040
0 1729382291270008832 36028799167496192
0 140806207832064 36055187447087232
0 3459046194955681792 52776559182080
0 3458764582540017664 72057598334992384
0 281612415664128 72110374894174464
0 6918092389911363584 105553118364160
0 6917529165080035328 144115196669984768
0 563224831328256 144220749788348928
0 13836184779822727168 211106236728320
0 13835058330160070656 288230393339969536
0 1126449662656512 288441499576697856
0 9225625485935902720 422212473456641
0 9223372586610589696 576460786679939073
0 2252899325313024 576882999153395712
0 4506898162253824 844424946913283
0 1099511627776 1152921573359878147
0 4505798650626048 1153765998306791424
0 9013796324507648 1688849893826566
0 2199023255552 2305843146719756294
0 9011597301252096 2307531996613582848
0 18027592649015296 3377699787653132
0 4398046511104 4611686293439512588
0 18023194602504192 4615063993227165696
0 36055185298030592 6755399575306264
0 8796093022208 9223372586879025176
0 36046389205008384 9230127986454331392
0 72110374891028480 13510799150546992
0 17592186044416 1100048564272
0 72092782704984064 13511899199111168
0 144220749782056960 27021598301093984
0 35184372088832 2200097128544
0 144185565409968128 27023798398222336
0 288441499564113920 54043196602187968
0 70368744177664 4400194257088
0 288371130819936256 54047596796444672
0 576882999128227840 108086393204375936
0 140737488355328 8800388514176
0 576742261639872512 108095193592889344
0 1153765998256455680 216172786408751872
0 281474976710656 17600777028352
0 1153484523279745024 216190387185778688
0 2307531996512911360 432345572817503744
0 562949953421312 35201554056704
0 2306969046559490048 432380774371557376
0 4615063993025822720 864691145635007488
0 1125899906842624 70403108113408
0 4613938093118980096 864761548743114752
0 9230127986051645440 1729382291270014976
0 2251799813685248 140806216226816
0 9227876186237960192 1729523097486229504
0 13511898393739264 3458764582540029953
0 4503599627370496 281612432453632
0 9008298766368768 3459046194972459009
0 27023796787478528 6917529165080059906
0 9007199254740992 563224864907264
0 18016597532737536 6918092389944918018
0 54047593574957056 13835058330160119812
0 18014398509481984 1126449729814528
0 36033195065475072 13836184779889836036
0 108095191444881408 9223372586610688008
0 36028801313931264 2252899459563520
0 72066390130950144 9225625486070185992
0 216190387184730112 1099511824400
0 72057606922829824 4505798919061504
0 144132780261900288 4506898430885904
0 432380774369460224 2199023648800
0 144115213845659648 9011597838123008
0 288265560523800576 9013796861771808
0 864761548738920448 4398047297600
0 288230427691319296 18023195676246016
0 576531121047601152 18027593723543616
0 1729523097477840896 8796094595200
0 576460855382638592 36046391352492032
0 1153062242095202304 36055187447087232
0 3459046194955681792 17592189190400
0 1152921710765277184 72092782704984064
0 2306124484190404608 72110374894174464
0 6918092389911363584 35184378380800
0 2305843421530554368 144185565409968128
0 4612248968380809216 144220749788348928
0 13836184779822727168 70368756761600
0 4611686843061108736 288371130819936256
0 9224497936761618432 288441499576697856
0 9225625485935902720 140737513523201
0 9223373686122217472 576742261639872512
0 2251799813685248 576882999153395713
0 4506898162253824 281475027046403
0 3298534883328 1153484523279745025
0 4503599627370496 1153765998306791426
0 9013796324507648 562950054092806
0 6597069766656 2306969046559490050
0 9007199254740992 2307531996613582852
0 18027592649015296 1125900108185612
0 13194139533312 4613938093118980100
0 18014398509481984 4615063993227165704
0 36055185298030592 2251800216371224
0 26388279066624 9227876186237960200
0 36028797018963968 9230127986454331408
0 72110374891028480 4503600432676912
0 52776558133248 9008298766434320
0 72057598332895232 13511899199111200
0 144220749782056960 9007200865353824
0 105553116266496 18016597532868640
0 144115196665790464 27023798398222400
0 288441499564113920 18014401730707648
0 211106232532992 36033195065737280
0 288230393331580928 54047596796444800
0 576882999128227840 36028803461415296
0 422212465065984 72066390131474560
0 576460786663161856 108095193592889600
0 1153765998256455680 72057606922830592
0 844424930131968 144132780262949120
0 1152921573326323712 216190387185779200
0 2307531996512911360 144115213845661184
0 1688849860263936 288265560525898240
0 2305843146652647424 432380774371558400
0 4615063993025822720 288230427691322368
0 3377699720527872 576531121051796480
0 4611686293305294848 864761548743116800
0 9230127986051645440 576460855382644736
0 6755399441055744 1153062242103592960
0 9223372586610589696 1729523097486233600
0 13511898393739264 1152921710765289473
0 13510798882111488 2306124484207185920
0 1099511627776 3459046194972467201
0 27023796787478528 2305843421530578946
0 27021597764222976 4612248968414371840
0 2199023255552 6918092389944934402
