288 768
8 0 126 222 314 385 506 632 728
9 1 127 223 315 384 385 507 633 729
8 2 128 224 316 387 508 634 730
9 3 129 225 317 386 387 509 635 731
8 4 130 226 318 389 510 636 732
9 5 131 227 319 388 389 511 637 733
8 6 132 228 320 391 512 638 734
9 7 133 229 321 390 391 513 639 735
8 8 134 230 322 393 514 640 736
9 9 135 231 323 392 393 515 641 737
8 10 136 232 324 395 516 642 738
9 11 137 233 325 394 395 517 643 739
8 12 138 234 326 397 518 644 740
9 13 139 235 327 396 397 519 645 741
8 14 140 236 328 399 520 646 742
9 15 141 237 329 398 399 521 647 743
8 16 142 238 330 401 522 648 744
9 17 143 239 331 400 401 523 649 745
8 18 144 240 332 403 524 650 746
9 19 145 241 333 402 403 525 651 747
8 20 146 242 334 405 526 652 748
9 21 147 243 335 404 405 527 653 749
8 22 148 244 336 407 528 654 750
9 23 149 245 337 406 407 529 655 751
8 24 150 246 338 409 530 656 752
9 25 151 247 339 408 409 531 657 753
8 26 152 248 340 411 532 658 754
9 27 153 249 341 410 411 533 659 755
8 28 154 250 342 413 534 660 756
9 29 155 251 343 412 413 535 661 757
8 30 156 252 344 415 536 662 758
9 31 157 253 345 414 415 537 663 759
8 32 158 254 346 417 538 664 760
9 33 159 255 347 416 417 539 665 761
8 34 160 256 348 419 540 666 762
9 35 161 257 349 418 419 541 667 763
8 36 162 258 350 421 542 668 764
9 37 163 259 351 420 421 543 669 765
8 38 164 260 352 423 544 670 766
9 39 165 261 353 422 423 545 671 767
8 40 166 262 354 425 546 576 672
9 41 167 263 355 424 425 547 577 673
8 42 168 264 356 427 548 578 674
9 43 169 265 357 426 427 549 579 675
8 44 170 266 358 429 550 580 676
9 45 171 267 359 428 429 551 581 677
8 46 172 268 360 431 552 582 678
9 47 173 269 361 430 431 553 583 679
8 48 174 270 362 433 554 584 680
9 49 175 271 363 432 433 555 585 681
8 50 176 272 364 435 556 586 682
9 51 177 273 365 434 435 557 587 683
8 52 178 274 366 437 558 588 684
9 53 179 275 367 436 437 559 589 685
8 54 180 276 368 439 560 590 686
9 55 181 277 369 438 439 561 591 687
8 56 182 278 370 441 562 592 688
9 57 183 279 371 440 441 563 593 689
8 58 184 280 372 443 564 594 690
9 59 185 281 373 442 443 565 595 691
8 60 186 282 374 445 566 596 692
9 61 187 283 375 444 445 567 597 693
8 62 188 284 376 447 568 598 694
9 63 189 285 377 446 447 569 599 695
8 64 190 286 378 449 570 600 696
9 65 191 287 379 448 449 571 601 697
8 66 96 192 380 451 572 602 698
9 67 97 193 381 450 451 573 603 699
8 68 98 194 382 453 574 604 700
9 69 99 195 383 452 453 575 605 701
8 70 100 196 288 455 480 606 702
9 71 101 197 289 454 455 481 607 703
8 72 102 198 290 457 482 608 704
9 73 103 199 291 456 457 483 609 705
8 74 104 200 292 459 484 610 706
9 75 105 201 293 458 459 485 611 707
8 76 106 202 294 461 486 612 708
9 77 107 203 295 460 461 487 613 709
8 78 108 204 296 463 488 614 710
9 79 109 205 297 462 463 489 615 711
8 80 110 206 298 465 490 616 712
9 81 111 207 299 464 465 491 617 713
8 82 112 208 300 467 492 618 714
9 83 113 209 301 466 467 493 619 715
8 84 114 210 302 469 494 620 716
9 85 115 211 303 468 469 495 621 717
8 86 116 212 304 471 496 622 718
9 87 117 213 305 470 471 497 623 719
8 88 118 214 306 473 498 624 720
9 89 119 215 307 472 473 499 625 721
8 90 120 216 308 475 500 626 722
9 91 121 217 309 474 475 501 627 723
8 92 122 218 310 477 502 628 724
9 93 123 219 311 476 477 503 629 725
8 94 124 220 312 479 504 630 726
9 95 125 221 313 478 479 505 631 727
8 0 166 246 358 430 481 630 718
9 1 167 247 359 431 480 481 631 719
8 2 168 248 360 432 483 632 720
9 3 169 249 361 433 482 483 633 721
8 4 170 250 362 434 485 634 722
9 5 171 251 363 435 484 485 635 723
8 6 172 252 364 436 487 636 724
9 7 173 253 365 437 486 487 637 725
8 8 174 254 366 438 489 638 726
9 9 175 255 367 439 488 489 639 727
8 10 176 256 368 440 491 640 728
9 11 177 257 369 441 490 491 641 729
8 12 178 258 370 442 493 642 730
9 13 179 259 371 443 492 493 643 731
8 14 180 260 372 444 495 644 732
9 15 181 261 373 445 494 495 645 733
8 16 182 262 374 446 497 646 734
9 17 183 263 375 447 496 497 647 735
8 18 184 264 376 448 499 648 736
9 19 185 265 377 449 498 499 649 737
8 20 186 266 378 450 501 650 738
9 21 187 267 379 451 500 501 651 739
8 22 188 268 380 452 503 652 740
9 23 189 269 381 453 502 503 653 741
8 24 190 270 382 454 505 654 742
9 25 191 271 383 455 504 505 655 743
8 26 96 272 288 456 507 656 744
9 27 97 273 289 457 506 507 657 745
8 28 98 274 290 458 509 658 746
9 29 99 275 291 459 508 509 659 747
8 30 100 276 292 460 511 660 748
9 31 101 277 293 461 510 511 661 749
8 32 102 278 294 462 513 662 750
9 33 103 279 295 463 512 513 663 751
8 34 104 280 296 464 515 664 752
9 35 105 281 297 465 514 515 665 753
8 36 106 282 298 466 517 666 754
9 37 107 283 299 467 516 517 667 755
8 38 108 284 300 468 519 668 756
9 39 109 285 301 469 518 519 669 757
8 40 110 286 302 470 521 670 758
9 41 111 287 303 471 520 521 671 759
8 42 112 192 304 472 523 576 760
9 43 113 193 305 473 522 523 577 761
8 44 114 194 306 474 525 578 762
9 45 115 195 307 475 524 525 579 763
8 46 116 196 308 476 527 580 764
9 47 117 197 309 477 526 527 581 765
8 48 118 198 310 478 529 582 766
9 49 119 199 311 479 528 529 583 767
8 50 120 200 312 384 531 584 672
9 51 121 201 313 385 530 531 585 673
8 52 122 202 314 386 533 586 674
9 53 123 203 315 387 532 533 587 675
8 54 124 204 316 388 535 588 676
9 55 125 205 317 389 534 535 589 677
8 56 126 206 318 390 537 590 678
9 57 127 207 319 391 536 537 591 679
8 58 128 208 320 392 539 592 680
9 59 129 209 321 393 538 539 593 681
8 60 130 210 322 394 541 594 682
9 61 131 211 323 395 540 541 595 683
8 62 132 212 324 396 543 596 684
9 63 133 213 325 397 542 543 597 685
8 64 134 214 326 398 545 598 686
9 65 135 215 327 399 544 545 599 687
8 66 136 216 328 400 547 600 688
9 67 137 217 329 401 546 547 601 689
8 68 138 218 330 402 549 602 690
9 69 139 219 331 403 548 549 603 691
8 70 140 220 332 404 551 604 692
9 71 141 221 333 405 550 551 605 693
8 72 142 222 334 406 553 606 694
9 73 143 223 335 407 552 553 607 695
8 74 144 224 336 408 555 608 696
9 75 145 225 337 409 554 555 609 697
8 76 146 226 338 410 557 610 698
9 77 147 227 339 411 556 557 611 699
8 78 148 228 340 412 559 612 700
9 79 149 229 341 413 558 559 613 701
8 80 150 230 342 414 561 614 702
9 81 151 231 343 415 560 561 615 703
8 82 152 232 344 416 563 616 704
9 83 153 233 345 417 562 563 617 705
8 84 154 234 346 418 565 618 706
9 85 155 235 347 419 564 565 619 707
8 86 156 236 348 420 567 620 708
9 87 157 237 349 421 566 567 621 709
8 88 158 238 350 422 569 622 710
9 89 159 239 351 423 568 569 623 711
8 90 160 240 352 424 571 624 712
9 91 161 241 353 425 570 571 625 713
8 92 162 242 354 426 573 626 714
9 93 163 243 355 427 572 573 627 715
8 94 164 244 356 428 575 628 716
9 95 165 245 357 429 574 575 629 717
8 0 136 256 306 448 520 577 690
9 1 137 257 307 449 521 576 577 691
8 2 138 258 308 450 522 579 692
9 3 139 259 309 451 523 578 579 693
8 4 140 260 310 452 524 581 694
9 5 141 261 311 453 525 580 581 695
8 6 142 262 312 454 526 583 696
9 7 143 263 313 455 527 582 583 697
8 8 144 264 314 456 528 585 698
9 9 145 265 315 457 529 584 585 699
8 10 146 266 316 458 530 587 700
9 11 147 267 317 459 531 586 587 701
8 12 148 268 318 460 532 589 702
9 13 149 269 319 461 533 588 589 703
8 14 150 270 320 462 534 591 704
9 15 151 271 321 463 535 590 591 705
8 16 152 272 322 464 536 593 706
9 17 153 273 323 465 537 592 593 707
8 18 154 274 324 466 538 595 708
9 19 155 275 325 467 539 594 595 709
8 20 156 276 326 468 540 597 710
9 21 157 277 327 469 541 596 597 711
8 22 158 278 328 470 542 599 712
9 23 159 279 329 471 543 598 599 713
8 24 160 280 330 472 544 601 714
9 25 161 281 331 473 545 600 601 715
8 26 162 282 332 474 546 603 716
9 27 163 283 333 475 547 602 603 717
8 28 164 284 334 476 548 605 718
9 29 165 285 335 477 549 604 605 719
8 30 166 286 336 478 550 607 720
9 31 167 287 337 479 551 606 607 721
8 32 168 192 338 384 552 609 722
9 33 169 193 339 385 553 608 609 723
8 34 170 194 340 386 554 611 724
9 35 171 195 341 387 555 610 611 725
8 36 172 196 342 388 556 613 726
9 37 173 197 343 389 557 612 613 727
8 38 174 198 344 390 558 615 728
9 39 175 199 345 391 559 614 615 729
8 40 176 200 346 392 560 617 730
9 41 177 201 347 393 561 616 617 731
8 42 178 202 348 394 562 619 732
9 43 179 203 349 395 563 618 619 733
8 44 180 204 350 396 564 621 734
9 45 181 205 351 397 565 620 621 735
8 46 182 206 352 398 566 623 736
9 47 183 207 353 399 567 622 623 737
8 48 184 208 354 400 568 625 738
9 49 185 209 355 401 569 624 625 739
8 50 186 210 356 402 570 627 740
9 51 187 211 357 403 571 626 627 741
8 52 188 212 358 404 572 629 742
9 53 189 213 359 405 573 628 629 743
8 54 190 214 360 406 574 631 744
9 55 191 215 361 407 575 630 631 745
8 56 96 216 362 408 480 633 746
9 57 97 217 363 409 481 632 633 747
8 58 98 218 364 410 482 635 748
9 59 99 219 365 411 483 634 635 749
8 60 100 220 366 412 484 637 750
9 61 101 221 367 413 485 636 637 751
8 62 102 222 368 414 486 639 752
9 63 103 223 369 415 487 638 639 753
8 64 104 224 370 416 488 641 754
9 65 105 225 371 417 489 640 641 755
8 66 106 226 372 418 490 643 756
9 67 107 227 373 419 491 642 643 757
8 68 108 228 374 420 492 645 758
9 69 109 229 375 421 493 644 645 759
8 70 110 230 376 422 494 647 760
9 71 111 231 377 423 495 646 647 761
8 72 112 232 378 424 496 649 762
9 73 113 233 379 425 497 648 649 763
8 74 114 234 380 426 498 651 764
9 75 115 235 381 427 499 650 651 765
8 76 116 236 382 428 500 653 766
9 77 117 237 383 429 501 652 653 767
8 78 118 238 288 430 502 655 672
9 79 119 239 289 431 503 654 655 673
8 80 120 240 290 432 504 657 674
9 81 121 241 291 433 505 656 657 675
8 82 122 242 292 434 506 659 676
9 83 123 243 293 435 507 658 659 677
8 84 124 244 294 436 508 661 678
9 85 125 245 295 437 509 660 661 679
8 86 126 246 296 438 510 663 680
9 87 127 247 297 439 511 662 663 681
8 88 128 248 298 440 512 665 682
9 89 129 249 299 441 513 664 665 683
8 90 130 250 300 442 514 667 684
9 91 131 251 301 443 515 666 667 685
8 92 132 252 302 444 516 669 686
9 93 133 253 303 445 517 668 669 687
8 94 134 254 304 446 518 671 688
9 95 135 255 305 447 519 670 671 689
