640 240 5 80
0 1 80 1 160 1 2097152 68719476736 8589938688 844425735438848 52776608464912 3145728 137438953472 12884910080 281475245146880 17592202821664 1048576 206158430208 4294979584 562950490292480 35184405643312
1 1 81 1 161 1 8388608 274877906944 34359754752 3377702941755392 211106433859648 12582912 549755813888 51539640320 1125900980587520 70368811286656 4194304 824633720832 17179918336 2251801961169920 140737622573248
2 1 82 1 162 1 33554432 1099511627776 137439019008 13510811767021568 844425735438592 50331648 2199023255552 206158561280 4503603922350080 281475245146624 16777216 3298534883328 68719673344 9007207844679680 562950490292992
3 1 83 1 163 1 134217728 4398046511104 549756076032 54043247068086272 3377702941754368 201326592 8796093022208 824634245120 18014415689400320 1125900980586496 67108864 13194139533312 274878693376 36028831378718720 2251801961171968
4 1 84 1 164 1 536870912 17592186044416 2199024304128 216172988272345088 13510811767017472 805306368 35184372088832 3298536980480 72057662757601280 4503603922345984 268435456 52776558133248 1099514773504 144115325514874880 9007207844687872
5 1 85 1 165 1 2147483648 70368744177664 8796097216512 864691953089380352 54043247068069888 3221225472 140737488355328 13194147921920 288230651030405120 18014415689383936 1073741824 211106232532992 4398059094016 576461302059499520 36028831378751488
6 1 86 1 166 1 8589934592 281474976710656 35184388866048 3458767812357521408 216172988272279552 12884901888 562949953421312 52776591687680 1152922604121620480 72057662757535744 4294967296 844424930131968 17592236376064 2305845208237998080 144115325515005952
7 1 87 1 167 1 34359738368 1125899906842624 140737555464192 13835071249430085632 864691953089118208 51539607552 2251799813685248 211106366750720 4611690416486481920 288230651030142976 17179869184 3377699720527872 70368945504256 9223380832951992320 576461302060023808
8 1 88 1 168 1 137438953472 4503599627370496 562950221856768 52776591687680 3458767812356472835 206158430208 9007199254740992 844425467002880 17592236376064 1152922604120571905 68719476736 13510798882111488 281475782017024 35184388866048 2305845208240095234
9 1 89 1 169 1 549755813888 18014398509481984 2251800887427072 211106366750720 13835071249425891340 824633720832 36028797018963968 3377701868011520 70368945504256 4611690416482287620 274877906944 54043195528445952 1125903128068096 140737555464192 9223380832960380936
10 1 90 1 170 1 2199023255553 72057594037927936 9007212139642880 844425467002880 52776574910512 3298534883330 144115188075855872 13510803177078784 281475782017024 17592219598864 1099511627779 216172782113783808 4503608217305088 562950221856768 35184422420512
11 1 91 1 171 1 8796093022212 288230376151711744 36028848558571520 3377701868011520 211106299642048 13194139533320 576460752303423488 54043212708315136 1125903128068096 70368878395456 4398046511116 864691128455135232 18014432869220352 2251800887427072 140737689682048
12 1 92 1 172 1 35184372088848 1152921504606846976 144115394234286080 13510807472046080 844425198568192 52776558133280 2305843009213693952 216172850833260544 4503612512272384 281475513581824 17592186044464 3458764513820540928 72057731476881408 9007203549708288 562950758728192
13 1 93 1 173 1 140737488355392 4611686018427387904 576461576937144320 54043229888184320 3377700794272768 211106232533120 9223372036854775808 864691403333042176 18014450049089536 1125902054327296 70368744177856 13835058055282163712 288230925907525632 36028814198833152 2251803034912768
14 1 94 1 174 1 562949953421568 0 2305846307748577281 216172919552737280 13510803177091072 844424930132480 0 3458765613332168706 72057800196358144 4503608217309184 281474976711424 0 1152923703630102531 144115256795332608 9007212139651072
15 1 95 1 175 1 2251799813686272 0 9223385230994309124 864691678210949120 54043212708364288 3377699720529920 0 13835062453328674824 288231200785432576 18014432869236736 1125899906845696 0 4611694814520410124 576461027181330432 36028848558604288
16 1 96 1 176 1 9007199254745088 0 52776558133264 3458766712843796482 216172850833457152 13510798882119680 0 17592186044448 1152924803141730307 72057731476946944 4503599627382784 0 35184372088880 2305844108725321729 144115394234417152
17 1 97 1 177 1 36028797018980352 0 211106232533056 13835066851375185928 864691403333828608 54043195528478720 0 70368744177792 4611699212566921228 288230925907787776 18014398509531136 0 140737488355520 9223376434901286916 576461576937668608
18 1 98 1 178 1 144115188075921408 0 844424930132224 35184372088864 3458765613335314435 216172782113914880 0 281474976711168 52776558133296 1152923703631151105 72057594038124544 0 562949953422080 17592186044432 2305846307750674434
19 1 99 1 179 1 576460752303685632 0 3377699720528896 140737488355456 13835062453341257740 864691128455659520 0 1125899906844672 211106232533184 4611694814524604420 288230376152498176 0 2251799813688320 70368744177728 9223385231002697736
20 1 100 1 180 1 2305843009214742528 0 13510811767017472 562949953421824 17592236376112 3458764513822638080 0 4503603922345984 844424930132736 35184388866064 1152921504609992704 0 9007207844687872 281474976710912 52776591687712
21 1 101 1 181 1 9223372036858970112 0 54043247068069888 2251799813687296 70368945504448 13835058055290552320 0 18014415689383936 3377699720530944 140737555464256 4611686018439970816 0 36028831378751488 1125899906843648 211106366750848
22 1 102 1 182 1 16777216 2 216172988272279552 9007199254749184 281475782017792 33554432 3 72057662757535744 13510798882123776 562950221857024 50331648 1 144115325515005952 4503599627374592 844425467003392
23 1 103 1 183 1 67108864 8 864691953089118208 36028797018996736 1125903128071168 134217728 12 288230651030142976 54043195528495104 2251800887428096 201326592 4 576461302060023808 18014398509498368 3377701868013568
24 1 104 1 184 1 268435456 32 3458767812356472832 144115188075986944 4503612512284672 536870912 48 1152922604120571904 216172782113980416 9007203549712384 805306368 16 2305845208240095232 72057594037993472 13510807472054272
25 1 105 1 185 1 1073741824 128 13835071249425891328 576460752303947776 18014450049138688 2147483648 192 4611690416482287616 864691128455921664 36028814198849536 3221225472 64 9223380832960380928 288230376151973888 54043229888217088
26 1 106 1 186 1 4294967296 512 52776574910464 2305843009215791107 72057800196554752 8589934592 768 17592219598848 3458764513823686657 144115256795398144 12884901888 256 35184422420480 1152921504607895554 216172919552868352
27 1 107 1 187 1 17179869184 2048 211106299641856 9223372036863164428 288231200786219008 34359738368 3072 70368878395392 13835058055294746628 576461027181592576 51539607552 1024 140737689681920 4611686018431582216 864691678211473408
28 1 108 1 188 1 68719476736 8192 844425198567424 33554480 1152924803144876034 137438953472 12288 281475513581568 50331664 2305844108726370307 206158430208 4096 562950758727680 16777248 3458766712845893633
29 1 109 1 189 1 274877906944 32768 3377700794269696 134217920 4611699212579504136 549755813888 49152 1125902054326272 201326656 9223376434905481228 824633720832 16384 2251803034910720 67108992 13835066851383574532
30 1 110 1 190 1 1099511627777 131072 13510803177078784 536871680 52776608464928 2199023255554 196608 4503608217305088 805306624 17592202821680 3298534883331 65536 9007212139642880 268435968 35184405643280
31 1 111 1 191 1 4398046511108 524288 54043212708315136 2147486720 211106433859712 8796093022216 786432 18014432869220352 3221226496 70368811286720 13194139533324 262144 36028848558571520 1073743872 140737622573120
32 1 112 1 192 1 17592186044432 2097152 216172850833260544 8589946880 844425735438848 35184372088864 3145728 72057731476881408 12884905984 281475245146880 52776558133296 1048576 144115394234286080 4294975488 562950490292480
33 1 113 1 193 1 70368744177728 8388608 864691403333042176 34359787520 3377702941755392 140737488355456 12582912 288230925907525632 51539623936 1125900980587520 211106232533184 4194304 576461576937144320 17179901952 2251801961169920
34 1 114 1 194 1 281474976710912 33554432 3458765613332168704 137439150080 13510811767021568 562949953421824 50331648 1152923703630102528 206158495744 4503603922350080 844424930132736 16777216 2305846307748577280 68719607808 9007207844679680
35 1 115 1 195 1 1125899906843648 134217728 13835062453328674816 549756600320 54043247068086272 2251799813687296 201326592 4611694814520410112 824633982976 18014415689400320 3377699720530944 67108864 9223385230994309120 274878431232 36028831378718720
36 1 116 1 196 1 4503599627374592 536870912 17592186044416 2199026401283 216172988272345088 9007199254749184 805306368 35184372088832 3298535931905 72057662757601280 13510798882123776 268435456 52776558133248 1099513724930 144115325514874880
37 1 117 1 197 1 18014398509498368 2147483648 70368744177664 8796105605132 864691953089380352 36028797018996736 3221225472 140737488355328 13194143727620 288230651030405120 54043195528495104 1073741824 211106232532992 4398054899720 576461302059499520
38 1 118 1 198 1 72057594037993472 8589934592 281474976710656 35184422420528 3458767812357521408 144115188075986944 12884901888 562949953421312 52776574910480 1152922604121620480 216172782113980416 4294967296 844424930131968 17592219598880 2305845208237998080
39 1 119 1 199 1 288230376151973888 34359738368 1125899906842624 140737689682112 13835071249430085632 576460752303947776 51539607552 2251799813685248 211106299641920 4611690416486481920 864691128455921664 17179869184 3377699720527872 70368878395520 9223380832951992320
40 1 120 1 200 1 1152921504607895552 137438953472 4503612512272384 562950758728448 52776591687680 2305843009215791104 206158430208 9007203549708288 844425198567680 17592236376064 3458764513823686656 68719476736 13510807472046080 281475513582080 35184388866048
41 1 121 1 201 1 4611686018431582208 549755813888 18014450049089536 2251803034913792 211106366750720 9223372036863164416 824633720832 36028814198833152 3377700794270720 70368945504256 13835058055294746624 274877906944 54043229888184320 1125902054328320 140737555464192
42 1 122 1 202 1 16777216 2199023255553 72057800196358144 9007212139655168 844425467002880 33554432 3298534883330 144115256795332608 13510803177082880 281475782017024 50331648 1099511627779 216172919552737280 4503608217313280 562950221856768
43 1 123 1 203 1 67108864 8796093022212 288231200785432576 36028848558620672 3377701868011520 134217728 13194139533320 576461027181330432 54043212708331520 1125903128068096 201326592 4398046511116 864691678210949120 18014432869253120 2251800887427072
44 1 124 1 204 1 268435456 35184372088848 1152924803141730304 144115394234482688 13510807472046080 536870912 52776558133280 2305844108725321728 216172850833326080 4503612512272384 805306368 17592186044464 3458766712843796480 72057731477012480 9007203549708288
45 1 125 1 205 1 1073741824 140737488355392 4611699212566921216 576461576937930752 54043229888184320 2147483648 211106232533120 9223376434901286912 864691403333304320 18014450049089536 3221225472 70368744177856 13835066851375185920 288230925908049920 36028814198833152
46 1 126 1 206 1 4294967296 562949953421568 52776558133248 2305846307751723009 216172919552737280 8589934592 844424930132480 17592186044416 3458765613333217282 72057800196358144 12884901888 281474976711424 35184372088832 1152923703632199683 144115256795332608
47 1 127 1 207 1 17179869184 2251799813686272 211106232532992 9223385231006892036 864691678210949120 34359738368 3377699720529920 70368744177664 13835062453332869128 288231200785432576 51539607552 1125899906845696 140737488355328 4611694814528798732 576461027181330432
48 1 128 1 208 1 68719476736 9007199254745088 844424930131968 52776608464912 3458766712843796482 137438953472 13510798882119680 281474976710656 17592202821664 1152924803141730307 206158430208 4503599627382784 562949953421312 35184405643312 2305844108725321729
49 1 129 1 209 1 274877906944 36028797018980352 3377699720527872 211106433859648 13835066851375185928 549755813888 54043195528478720 1125899906842624 70368811286656 4611699212566921228 824633720832 18014398509531136 2251799813685248 140737622573248 9223376434901286916
50 1 130 1 210 1 1099511627776 144115188075921408 13510811767013376 844425735438592 35184372088864 2199023255552 216172782113914880 4503603922337792 281475245146624 52776558133296 3298534883328 72057594038124544 9007207844675584 562950490292992 17592186044432
51 1 131 1 211 1 4398046511104 576460752303685632 54043247068053504 3377702941754368 140737488355456 8796093022208 864691128455659520 18014415689351168 1125900980586496 211106232533184 13194139533312 288230376152498176 36028831378702336 2251801961171968 70368744177728
52 1 132 1 212 1 17592186044416 2305843009214742528 216172988272214016 13510811767017472 562949953421824 35184372088832 3458764513822638080 72057662757404672 4503603922345984 844424930132736 52776558133248 1152921504609992704 144115325514809344 9007207844687872 281474976710912
53 1 133 1 213 1 70368744177664 9223372036858970112 864691953088856064 54043247068069888 2251799813687296 140737488355328 13835058055290552320 288230651029618688 18014415689383936 3377699720530944 211106232532992 4611686018439970816 576461302059237376 36028831378751488 1125899906843648
54 1 134 1 214 1 281474976710656 16777216 3458767812355424258 216172988272279552 9007199254749184 562949953421312 33554432 1152922604118474755 72057662757535744 13510798882123776 844424930131968 50331648 2305845208236949505 144115325515005952 4503599627374592
55 1 135 1 215 1 1125899906842624 67108864 13835071249421697032 864691953089118208 36028797018996736 2251799813685248 134217728 4611690416473899020 288230651030142976 54043195528495104 3377699720527872 201326592 9223380832947798020 576461302060023808 18014398509498368
56 1 136 1 216 1 4503599627370496 268435456 52776558133280 3458767812356472835 144115188075986944 9007199254740992 536870912 17592186044464 1152922604120571905 216172782113980416 13510798882111488 805306368 35184372088848 2305845208240095234 72057594037993472
57 1 137 1 217 1 18014398509481984 1073741824 211106232533120 13835071249425891340 576460752303947776 36028797018963968 2147483648 70368744177856 4611690416482287620 864691128455921664 54043195528445952 3221225472 140737488355392 9223380832960380936 288230376151973888
58 1 138 1 218 1 72057594037927936 4294967296 844424930132480 52776574910512 2305843009215791107 144115188075855872 8589934592 281474976711424 17592219598864 3458764513823686657 216172782113783808 12884901888 562949953421568 35184422420512 1152921504607895554
59 1 139 1 219 1 288230376151711744 17179869184 3377699720529920 211106299642048 9223372036863164428 576460752303423488 34359738368 1125899906845696 70368878395456 13835058055294746628 864691128455135232 51539607552 2251799813686272 140737689682048 4611686018431582216
60 1 140 1 220 1 1152921504606846976 68719476736 13510807472054272 844425198568192 33554480 2305843009213693952 137438953472 4503612512284672 281475513581824 50331664 3458764513820540928 206158430208 9007203549712384 562950758728192 16777248
61 1 141 1 221 1 4611686018427387904 274877906944 54043229888217088 3377700794272768 134217920 9223372036854775808 549755813888 18014450049138688 1125902054327296 201326656 13835058055282163712 824633720832 36028814198849536 2251803034912768 67108992
62 1 142 1 222 1 0 1099511627777 216172919552868352 13510803177091072 536871680 0 2199023255554 72057800196554752 4503608217309184 805306624 0 3298534883331 144115256795398144 9007212139651072 268435968
63 1 143 1 223 1 0 4398046511108 864691678211473408 54043212708364288 2147486720 0 8796093022216 288231200786219008 18014432869236736 3221226496 0 13194139533324 576461027181592576 36028848558604288 1073743872
64 1 144 1 224 1 0 17592186044432 3458766712845893632 216172850833457152 8589946880 0 35184372088864 1152924803144876032 72057731476946944 12884905984 0 52776558133296 2305844108726370304 144115394234417152 4294975488
65 1 145 1 225 1 0 70368744177728 13835066851383574528 864691403333828608 34359787520 0 140737488355456 4611699212579504128 288230925907787776 51539623936 0 211106232533184 9223376434905481216 576461576937668608 17179901952
66 1 146 1 226 1 0 281474976710912 35184405643264 3458765613335314435 137439150080 0 562949953421824 52776608464896 1152923703631151105 206158495744 0 844424930132736 17592202821632 2305846307750674434 68719607808
67 1 147 1 227 1 0 1125899906843648 140737622573056 13835062453341257740 549756600320 0 2251799813687296 211106433859584 4611694814524604420 824633982976 0 3377699720530944 70368811286528 9223385231002697736 274878431232
68 1 148 1 228 1 0 4503599627374592 562950490292224 17592236376112 2199026401283 0 9007199254749184 844425735438336 35184388866064 3298535931905 0 13510798882123776 281475245146112 52776591687712 1099513724930
69 1 149 1 229 1 0 18014398509498368 2251801961168896 70368945504448 8796105605132 0 36028797018996736 3377702941753344 140737555464256 13194143727620 0 54043195528495104 1125900980584448 211106366750848 4398054899720
70 1 150 1 230 1 2 72057594037993472 9007199254740992 281475782017792 35184422420528 3 144115188075986944 13510798882111488 562950221857024 52776574910480 1 216172782113980416 4503599627370496 844425467003392 17592219598880
71 1 151 1 231 1 8 288230376151973888 36028797018963968 1125903128071168 140737689682112 12 576460752303947776 54043195528445952 2251800887428096 211106299641920 4 864691128455921664 18014398509481984 3377701868013568 70368878395520
72 1 152 1 232 1 32 1152921504607895552 144115188075855872 4503612512284672 562950758728448 48 2305843009215791104 216172782113783808 9007203549712384 844425198567680 16 3458764513823686656 72057594037927936 13510807472054272 281475513582080
73 1 153 1 233 1 128 4611686018431582208 576460752303423488 18014450049138688 2251803034913792 192 9223372036863164416 864691128455135232 36028814198849536 3377700794270720 64 13835058055294746624 288230376151711744 54043229888217088 1125902054328320
74 1 154 1 234 1 512 16777216 2305843009213693953 72057800196554752 9007212139655168 768 33554432 3458764513820540930 144115256795398144 13510803177082880 256 50331648 1152921504606846979 216172919552868352 4503608217313280
75 1 155 1 235 1 2048 67108864 9223372036854775812 288231200786219008 36028848558620672 3072 134217728 13835058055282163720 576461027181592576 54043212708331520 1024 201326592 4611686018427387916 864691678211473408 18014432869253120
76 1 156 1 236 1 8192 268435456 16 1152924803144876034 144115394234482688 12288 536870912 32 2305844108726370307 216172850833326080 4096 805306368 48 3458766712845893633 72057731477012480
77 1 157 1 237 1 32768 1073741824 64 4611699212579504136 576461576937930752 49152 2147483648 128 9223376434905481228 864691403333304320 16384 3221225472 192 13835066851383574532 288230925908049920
78 1 158 1 238 1 131072 4294967296 256 52776608464928 2305846307751723009 196608 8589934592 512 17592202821680 3458765613333217282 65536 12884901888 768 35184405643280 1152923703632199683
79 1 159 1 239 1 524288 17179869184 1024 211106433859712 9223385231006892036 786432 34359738368 2048 70368811286720 13835062453332869128 262144 51539607552 3072 140737622573120 4611694814528798732
73 1 137 1 230 1 1152924803142778881 144115256795529216 4503599627370496 536871168 52776558133248 2305844108727418882 216172919552802816 9007199254740992 805306880 17592186044416 3458766712846942211 72057800196489216 13510798882111488 268436224 35184372088832
74 1 138 1 231 1 4611699212571115524 576461027182116864 18014398509481984 2147484672 211106232532992 9223376434909675528 864691678211211264 36028797018963968 3221227520 70368744177664 13835066851387768844 288231200785956864 54043195528445952 1073744896 140737488355328
75 1 139 1 232 1 52776574910480 2305844108728467457 72057594037927936 8589938688 844424930131968 17592219598880 3458766712844845058 144115188075855872 12884910080 281474976710656 35184422420528 1152924803143827459 216172782113783808 4294979584 562949953421312
76 1 140 1 233 1 211106299641920 9223376434913869828 288230376151711744 34359754752 3377699720527872 70368878395520 13835066851379380232 576460752303423488 51539640320 1125899906842624 140737689682112 4611699212575309836 864691128455135232 17179918336 2251799813685248
77 1 141 1 234 1 844425198567680 17592236376080 1152921504606846978 137439019008 13510798882111488 281475513582080 35184388866080 2305843009213693955 206158561280 4503599627370496 562950758728448 52776591687728 3458764513820540929 68719673344 9007199254740992
78 1 142 1 235 1 3377700794270720 70368945504320 4611686018427387912 549756076032 54043195528445952 1125902054328320 140737555464320 9223372036854775820 824634245120 18014398509481984 2251803034913792 211106366750912 13835058055282163716 274878693376 36028797018963968
79 1 143 1 236 1 13510803177082880 281475782017280 32 2199024304129 216172782113783808 4503608217313280 562950221857280 48 3298536980482 72057594037927936 9007212139655168 844425467003648 16 1099514773507 144115188075855872
0 1 144 1 237 1 54043212708331520 1125903128069120 128 8796097216516 864691128455135232 18014432869253120 2251800887429120 192 13194147921928 288230376151711744 36028848558620672 3377701868014592 64 4398059094028 576460752303423488
1 1 145 1 238 1 216172850833326080 4503612512276480 512 35184388866064 3458764513820540928 72057731477012480 9007203549716480 768 52776591687712 1152921504606846976 144115394234482688 13510807472058368 256 17592236376112 2305843009213693952
2 1 146 1 239 1 864691403333304320 18014450049105920 2048 140737555464256 13835058055282163712 288230925908049920 36028814198865920 3072 211106366750848 4611686018427387904 576461576937930752 54043229888233472 1024 70368945504448 9223372036854775808
3 1 147 1 160 1 3458765613333217280 72057800196423680 12884910080 562950221857024 0 1152923703632199680 144115256795463680 4294979584 844425467003392 0 2305846307751723008 216172919552933888 8589938688 281475782017792 0
4 1 148 1 161 1 13835062453332869120 288231200785694720 51539640320 2251800887428096 0 4611694814528798720 576461027181854720 17179918336 3377701868013568 0 9223385231006892032 864691678211735552 34359754752 1125903128071168 0
5 1 149 1 162 1 17592202821632 1152924803142778883 206158561280 9007203549712384 0 35184405643264 2305844108727418881 68719673344 13510807472054272 0 52776608464896 3458766712846942210 137439019008 4503612512284672 0
6 1 150 1 163 1 70368811286528 4611699212571115532 824634245120 36028814198849536 0 140737622573056 9223376434909675524 274878693376 54043229888217088 0 211106433859584 13835066851387768840 549756076032 18014450049138688 0
7 1 151 1 164 1 281475245146112 52776574910512 3298536980481 144115256795398144 0 562950490292224 17592219598864 1099514773506 216172919552868352 0 844425735438336 35184422420512 2199024304131 72057800196554752 0
8 1 152 1 165 1 1125900980584448 211106299642048 13194147921924 576461027181592576 0 2251801961168896 70368878395456 4398059094024 864691678211473408 0 3377702941753344 140737689682048 8796097216524 288231200786219008 0
9 1 153 1 166 1 4503603922337792 844425198568192 52776591687696 2305844108726370304 0 9007207844675584 281475513581824 17592236376096 3458766712845893632 0 13510811767013376 562950758728192 35184388866096 1152924803144876032 0
10 1 154 1 167 1 18014415689351168 3377700794272768 211106366750784 9223376434905481216 0 36028831378702336 1125902054327296 70368945504384 13835066851383574528 0 54043247068053504 2251803034912768 140737555464384 4611699212579504128 0
11 1 155 1 168 1 72057662757404672 13510803177091072 844425467003136 17592202821632 2 144115325514809344 4503608217309184 281475782017536 35184405643264 3 216172988272214016 9007212139651072 562950221857536 52776608464896 1
12 1 156 1 169 1 288230651029618688 54043212708364288 3377701868012544 70368811286528 8 576461302059237376 18014432869236736 1125903128070144 140737622573056 12 864691953088856064 36028848558604288 2251800887430144 211106433859584 4
13 1 157 1 170 1 1152922604118474754 216172850833457152 13510798882115584 281475245146112 32 2305845208236949507 72057731476946944 4503599627378688 562950490292224 48 3458767812355424257 144115394234417152 9007199254753280 844425735438336 16
14 1 158 1 171 1 4611690416473899016 864691403333828608 54043195528462336 1125900980584448 128 9223380832947798028 288230925907787776 18014398509514752 2251801961168896 192 13835071249421697028 576461576937668608 36028797019013120 3377702941753344 64
15 1 159 1 172 1 17592186044448 3458765613335314433 216172782113849344 4503603922337792 512 35184372088880 1152923703631151106 72057594038059008 9007207844675584 768 52776558133264 2305846307750674435 144115188076052480 13510811767013376 256
16 1 80 1 173 1 70368744177792 13835062453341257732 864691128455397376 18014415689351168 2048 140737488355520 4611694814524604424 288230376152236032 36028831378702336 3072 211106232533056 9223385231002697740 576460752304209920 54043247068053504 1024
17 1 81 1 174 1 281474976711168 17592236376080 3458764513821589507 72057662757404672 8192 562949953422080 35184388866080 1152921504608944129 144115325514809344 12288 844424930132224 52776591687728 2305843009216839682 216172988272214016 4096
18 1 82 1 175 1 1125899906844672 70368945504320 13835058055286358028 288230651029618688 32768 2251799813688320 140737555464320 4611686018435776516 576461302059237376 49152 3377699720528896 211106366750912 9223372036867358728 864691953088856064 16384
19 1 83 1 176 1 4503599627378688 281475782017280 16777264 1152922604118474755 131072 9007199254753280 562950221857280 33554448 2305845208236949505 196608 13510798882115584 844425467003648 50331680 3458767812355424258 65536
20 1 84 1 177 1 18014398509514752 1125903128069120 67109056 4611690416473899020 524288 36028797019013120 2251800887429120 134217792 9223380832947798020 786432 54043195528462336 3377701868014592 201326720 13835071249421697032 262144
21 1 85 1 178 1 72057594038059008 4503612512276480 268436224 17592186044464 2097153 144115188076052480 9007203549716480 536871168 35184372088848 3145730 216172782113849344 13510807472058368 805306880 52776558133280 1048579
22 1 86 1 179 1 288230376152236032 18014450049105920 1073744896 70368744177856 8388612 576460752304209920 36028814198865920 2147484672 140737488355392 12582920 864691128455397376 54043229888233472 3221227520 211106232533120 4194316
23 1 87 1 180 1 1152921504608944129 72057800196423680 12288 281474976711424 33554448 2305843009216839682 144115256795463680 4096 562949953421568 50331680 3458764513821589507 216172919552933888 8192 844424930132480 16777264
24 1 88 1 181 1 4611686018435776516 288231200785694720 49152 1125899906845696 134217792 9223372036867358728 576461027181854720 16384 2251799813686272 201326720 13835058055286358028 864691678211735552 32768 3377699720529920 67109056
25 1 89 1 182 1 33554448 1152924803142778881 196608 4503599627382784 536871168 50331680 2305844108727418882 65536 9007199254745088 805306880 16777264 3458766712846942211 131072 13510798882119680 268436224
26 1 90 1 183 1 134217792 4611699212571115524 786432 18014398509531136 2147484672 201326720 9223376434909675528 262144 36028797018980352 3221227520 67109056 13835066851387768844 524288 54043195528478720 1073744896
27 1 91 1 184 1 536871168 52776574910480 3145729 72057594038124544 8589938688 805306880 17592219598880 1048578 144115188075921408 12884910080 268436224 35184422420528 2097155 216172782113914880 4294979584
28 1 92 1 185 1 2147484672 211106299641920 12582916 288230376152498176 34359754752 3221227520 70368878395520 4194312 576460752303685632 51539640320 1073744896 140737689682112 8388620 864691128455659520 17179918336
29 1 93 1 186 1 8589938688 844425198567680 50331664 1152921504609992704 137439019008 12884910080 281475513582080 16777248 2305843009214742528 206158561280 4294979584 562950758728448 33554480 3458764513822638080 68719673344
30 1 94 1 187 1 34359754752 3377700794270720 201326656 4611686018439970816 549756076032 51539640320 1125902054328320 67108992 9223372036858970112 824634245120 17179918336 2251803034913792 134217920 13835058055290552320 274878693376
31 1 95 1 188 1 137439019008 13510803177082880 805306624 50331648 2199024304129 206158561280 4503608217313280 268435968 16777216 3298536980482 68719673344 9007212139655168 536871680 33554432 1099514773507
32 1 96 1 189 1 549756076032 54043212708331520 3221226496 201326592 8796097216516 824634245120 18014432869253120 1073743872 67108864 13194147921928 274878693376 36028848558620672 2147486720 134217728 4398059094028
33 1 97 1 190 1 2199024304131 216172850833326080 4096 805306368 35184388866064 3298536980481 72057731477012480 8192 268435456 52776591687712 1099514773506 144115394234482688 12288 536870912 17592236376112
34 1 98 1 191 1 8796097216524 864691403333304320 16384 3221225472 140737555464256 13194147921924 288230925908049920 32768 1073741824 211106366750848 4398059094024 576461576937930752 49152 2147483648 70368945504448
35 1 99 1 192 1 35184388866096 3458765613333217280 65536 12884901888 562950221857024 52776591687696 1152923703632199680 131072 4294967296 844425467003392 17592236376096 2305846307751723008 196608 8589934592 281475782017792
36 1 100 1 193 1 140737555464384 13835062453332869120 262144 51539607552 2251800887428096 211106366750784 4611694814528798720 524288 17179869184 3377701868013568 70368945504384 9223385231006892032 786432 34359738368 1125903128071168
37 1 101 1 194 1 562950221857536 17592202821632 1048579 206158430208 9007203549712384 844425467003136 35184405643264 2097153 68719476736 13510807472054272 281475782017536 52776608464896 3145730 137438953472 4503612512284672
38 1 102 1 195 1 2251800887430144 70368811286528 4194316 824633720832 36028814198849536 3377701868012544 140737622573056 8388612 274877906944 54043229888217088 1125903128070144 211106433859584 12582920 549755813888 18014450049138688
39 1 103 1 196 1 9007203549720576 281475245146112 16777264 3298534883328 144115256795398144 13510807472050176 562950490292224 33554448 1099511627776 216172919552868352 4503612512280576 844425735438336 50331680 2199023255552 72057800196554752
40 1 104 1 197 1 36028814198882304 1125900980584448 67109056 13194139533312 576461027181592576 54043229888200704 2251801961168896 134217792 4398046511104 864691678211473408 18014450049122304 3377702941753344 201326720 8796093022208 288231200786219008
41 1 105 1 198 1 144115256795529216 4503603922337792 268436224 52776558133248 2305844108726370304 216172919552802816 9007207844675584 536871168 17592186044416 3458766712845893632 72057800196489216 13510811767013376 805306880 35184372088832 1152924803144876032
42 1 106 1 199 1 576461027182116864 18014415689351168 1073744896 211106232532992 9223376434905481216 864691678211211264 36028831378702336 2147484672 70368744177664 13835066851383574528 288231200785956864 54043247068053504 3221227520 140737488355328 4611699212579504128
43 1 107 1 200 1 2305844108728467457 72057662757404672 8589946880 844424930131968 17592202821632 3458766712844845058 144115325514809344 12884905984 281474976710656 35184405643264 1152924803143827459 216172988272214016 4294975488 562949953421312 52776608464896
44 1 108 1 201 1 9223376434913869828 288230651029618688 34359787520 3377699720527872 70368811286528 13835066851379380232 576461302059237376 51539623936 1125899906842624 140737622573056 4611699212575309836 864691953088856064 17179901952 2251799813685248 211106433859584
45 1 109 1 202 1 17592236376080 1152922604118474754 137439150080 13510798882111488 281475245146112 35184388866080 2305845208236949507 206158495744 4503599627370496 562950490292224 52776591687728 3458767812355424257 68719607808 9007199254740992 844425735438336
46 1 110 1 203 1 70368945504320 4611690416473899016 549756600320 54043195528445952 1125900980584448 140737555464320 9223380832947798028 824633982976 18014398509481984 2251801961168896 211106366750912 13835071249421697028 274878431232 36028797018963968 3377702941753344
47 1 111 1 204 1 281475782017280 17592186044448 2199026401281 216172782113783808 4503603922337792 562950221857280 35184372088880 3298535931906 72057594037927936 9007207844675584 844425467003648 52776558133264 1099513724931 144115188075855872 13510811767013376
48 1 112 1 205 1 1125903128069120 70368744177792 8796105605124 864691128455135232 18014415689351168 2251800887429120 140737488355520 13194143727624 288230376151711744 36028831378702336 3377701868014592 211106232533056 4398054899724 576460752303423488 54043247068053504
49 1 113 1 206 1 4503612512276480 281474976711168 35184422420496 3458764513820540928 72057662757404672 9007203549716480 562949953422080 52776574910496 1152921504606846976 144115325514809344 13510807472058368 844424930132224 17592219598896 2305843009213693952 216172988272214016
50 1 114 1 207 1 18014450049105920 1125899906844672 140737689681984 13835058055282163712 288230651029618688 36028814198865920 2251799813688320 211106299641984 4611686018427387904 576461302059237376 54043229888233472 3377699720528896 70368878395584 9223372036854775808 864691953088856064
51 1 115 1 208 1 72057800196423680 4503599627378688 562950758727936 0 1152922604118474755 144115256795463680 9007199254753280 844425198567936 0 2305845208236949505 216172919552933888 13510798882115584 281475513582336 0 3458767812355424258
52 1 116 1 209 1 288231200785694720 18014398509514752 2251803034911744 0 4611690416473899020 576461027181854720 36028797019013120 3377700794271744 0 9223380832947798020 864691678211735552 54043195528462336 1125902054329344 0 13835071249421697032
53 1 117 1 210 1 1152924803142778883 72057594038059008 9007203549712384 0 17592186044464 2305844108727418881 144115188076052480 13510807472054272 0 35184372088848 3458766712846942210 216172782113849344 4503612512284672 0 52776558133280
54 1 118 1 211 1 4611699212571115532 288230376152236032 36028814198849536 0 70368744177856 9223376434909675524 576460752304209920 54043229888217088 0 140737488355392 13835066851387768840 864691128455397376 18014450049138688 0 211106232533120
55 1 119 1 212 1 52776574910512 1152921504608944129 144115256795398144 0 281474976711424 17592219598864 2305843009216839682 216172919552868352 0 562949953421568 35184422420512 3458764513821589507 72057800196554752 0 844424930132480
56 1 120 1 213 1 211106299642048 4611686018435776516 576461027181592576 0 1125899906845696 70368878395456 9223372036867358728 864691678211473408 0 2251799813686272 140737689682048 13835058055286358028 288231200786219008 0 3377699720529920
57 1 121 1 214 1 844425198568192 33554448 2305844108726370305 0 4503599627382784 281475513581824 50331680 3458766712845893634 0 9007199254745088 562950758728192 16777264 1152924803144876035 0 13510798882119680
58 1 122 1 215 1 3377700794272768 134217792 9223376434905481220 0 18014398509531136 1125902054327296 201326720 13835066851383574536 0 36028797018980352 2251803034912768 67109056 4611699212579504140 0 54043195528478720
59 1 123 1 216 1 13510803177091072 536871168 17592202821648 2 72057594038124544 4503608217309184 805306880 35184405643296 3 144115188075921408 9007212139651072 268436224 52776608464944 1 216172782113914880
60 1 124 1 217 1 54043212708364288 2147484672 70368811286592 8 288230376152498176 18014432869236736 3221227520 140737622573184 12 576460752303685632 36028848558604288 1073744896 211106433859776 4 864691128455659520
61 1 125 1 218 1 216172850833457152 8589938688 281475245146368 32 1152921504609992704 72057731476946944 12884910080 562950490292736 48 2305843009214742528 144115394234417152 4294979584 844425735439104 16 3458764513822638080
62 1 126 1 219 1 864691403333828608 34359754752 1125900980585472 128 4611686018439970816 288230925907787776 51539640320 2251801961170944 192 9223372036858970112 576461576937668608 17179918336 3377702941756416 64 13835058055290552320
63 1 127 1 220 1 3458765613335314433 137439019008 4503603922341888 512 50331648 1152923703631151106 206158561280 9007207844683776 768 16777216 2305846307750674435 68719673344 13510811767025664 256 33554432
64 1 128 1 221 1 13835062453341257732 549756076032 18014415689367552 2048 201326592 4611694814524604424 824634245120 36028831378735104 3072 67108864 9223385231002697740 274878693376 54043247068102656 1024 134217728
65 1 129 1 222 1 17592236376080 2199024304131 72057662757470208 8192 805306368 35184388866080 3298536980481 144115325514940416 12288 268435456 52776591687728 1099514773506 216172988272410624 4096 536870912
66 1 130 1 223 1 70368945504320 8796097216524 288230651029880832 32768 3221225472 140737555464320 13194147921924 576461302059761664 49152 1073741824 211106366750912 4398059094024 864691953089642496 16384 2147483648
67 1 131 1 224 1 281475782017280 35184388866096 1152922604119523328 131072 12884901888 562950221857280 52776591687696 2305845208239046656 196608 4294967296 844425467003648 17592236376096 3458767812358569984 65536 8589934592
68 1 132 1 225 1 1125903128069120 140737555464384 4611690416478093312 524288 51539607552 2251800887429120 211106366750784 9223380832956186624 786432 17179869184 3377701868014592 70368945504384 13835071249434279936 262144 34359738368
69 1 133 1 226 1 4503612512276480 562950221857536 17592202821632 2097153 206158430208 9007203549716480 844425467003136 35184405643264 3145730 68719476736 13510807472058368 281475782017536 52776608464896 1048579 137438953472
70 1 134 1 227 1 18014450049105920 2251800887430144 70368811286528 8388612 824633720832 36028814198865920 3377701868012544 140737622573056 12582920 274877906944 54043229888233472 1125903128070144 211106433859584 4194316 549755813888
71 1 135 1 228 1 72057800196423680 9007203549720576 281475245146112 33554448 3298534883328 144115256795463680 13510807472050176 562950490292224 50331680 1099511627776 216172919552933888 4503612512280576 844425735438336 16777264 2199023255552
72 1 136 1 229 1 288231200785694720 36028814198882304 1125900980584448 134217792 13194139533312 576461027181854720 54043229888200704 2251801961168896 201326720 4398046511104 864691678211735552 18014450049122304 3377702941753344 67109056 8796093022208
73 1 120 1 197 1 1152924803143827458 144115394234482688 4503603922345984 281475782017536 35184388866080 2305844108728467459 216172850833326080 9007207844687872 562950221857536 52776591687728 3458766712844845057 72057731477012480 13510811767017472 844425467003136 17592236376080
74 1 121 1 198 1 4611699212575309832 576461576937930752 18014415689383936 1125903128070144 140737555464320 9223376434913869836 864691403333304320 36028831378751488 2251800887430144 211106366750912 13835066851379380228 288230925908049920 54043247068069888 3377701868012544 70368945504320
75 1 122 1 199 1 52776591687712 2305846307751723009 72057662757535744 4503612512280576 562950221857280 17592236376112 3458765613333217282 144115325515005952 9007203549720576 844425467003648 35184388866064 1152923703632199683 216172988272279552 13510807472050176 281475782017280
76 1 123 1 200 1 211106366750848 9223385231006892036 288230651030142976 18014450049122304 2251800887429120 70368945504448 13835062453332869128 576461302060023808 36028814198882304 3377701868014592 140737555464256 4611694814528798732 864691953089118208 54043229888200704 1125903128069120
77 1 124 1 201 1 844425467003392 52776608464912 1152922604120571906 72057800196489216 9007203549716480 281475782017792 17592202821664 2305845208240095235 144115256795529216 13510807472058368 562950221857024 35184405643312 3458767812356472833 216172919552802816 4503612512276480
78 1 125 1 202 1 3377701868013568 211106433859648 4611690416482287624 288231200785956864 36028814198865920 1125903128071168 70368811286656 9223380832960380940 576461027182116864 54043229888233472 2251800887428096 140737622573248 13835071249425891332 864691678211211264 18014450049105920
79 1 126 1 203 1 13510807472054272 844425735438592 17592219598880 1152924803143827457 144115256795463680 4503612512284672 281475245146624 35184422420528 2305844108728467458 216172919552933888 9007203549712384 562950490292992 52776574910480 3458766712844845059 72057800196423680
0 1 127 1 204 1 54043229888217088 3377702941754368 70368878395520 4611699212575309828 576461027181854720 18014450049138688 1125900980586496 140737689682112 9223376434913869832 864691678211735552 36028814198849536 2251801961171968 211106299641920 13835066851379380236 288231200785694720
1 1 128 1 205 1 216172919552868352 13510811767017472 281475513582080 52776591687696 2305844108727418881 72057800196554752 4503603922345984 562950758728448 17592236376096 3458766712846942210 144115256795398144 9007207844687872 844425198567680 35184388866096 1152924803142778883
2 1 129 1 206 1 864691678211473408 54043247068069888 1125902054328320 211106366750784 9223376434909675524 288231200786219008 18014415689383936 2251803034913792 70368945504384 13835066851387768840 576461027181592576 36028831378751488 3377700794270720 140737555464384 4611699212571115532
3 1 130 1 207 1 3458766712845893634 216172988272279552 4503608217313280 844425467003136 17592219598864 1152924803144876035 72057662757535744 9007212139655168 281475782017536 35184422420512 2305844108726370305 144115325515005952 13510803177082880 562950221857536 52776574910512
4 1 131 1 208 1 13835066851383574536 864691953089118208 18014432869253120 3377701868012544 70368878395456 4611699212579504140 288230651030142976 36028848558620672 1125903128070144 140737689682048 9223376434905481220 576461302060023808 54043212708331520 2251800887430144 211106299642048
5 1 132 1 209 1 35184405643296 3458767812356472835 72057731477012480 13510807472050176 281475513581824 52776608464944 1152922604120571905 144115394234482688 4503612512280576 562950758728192 17592202821648 2305845208240095234 216172850833326080 9007203549720576 844425198568192
6 1 133 1 210 1 140737622573184 13835071249425891340 288230925908049920 54043229888200704 1125902054327296 211106433859776 4611690416482287620 576461576937930752 18014450049122304 2251803034912768 70368811286592 9223380832960380936 864691403333304320 36028814198882304 3377700794272768
7 1 134 1 211 1 562950490292736 52776574910512 1152923703632199683 216172919552802816 4503608217309184 844425735439104 17592219598864 2305846307751723009 72057800196489216 9007212139651072 281475245146368 35184422420512 3458765613333217282 144115256795529216 13510803177091072
8 1 135 1 212 1 2251801961170944 211106299642048 4611694814528798732 864691678211211264 18014432869236736 3377702941756416 70368878395456 9223385231006892036 288231200785956864 36028848558604288 1125900980585472 140737689682048 13835062453332869128 576461027182116864 54043212708364288
9 1 136 1 213 1 9007207844683776 844425198568192 35184405643312 3458766712844845057 72057731476946944 13510811767025664 281475513581824 52776608464912 1152924803143827458 144115394234417152 4503603922341888 562950758728192 17592202821664 2305844108728467459 216172850833457152
10 1 137 1 214 1 36028831378735104 3377700794272768 140737622573248 13835066851379380228 288230925907787776 54043247068102656 1125902054327296 211106433859648 4611699212575309832 576461576937668608 18014415689367552 2251803034912768 70368811286656 9223376434913869836 864691403333828608
11 1 138 1 215 1 144115325514940416 13510803177091072 562950490292992 35184388866064 1152923703631151107 216172988272410624 4503608217309184 844425735438592 52776591687712 2305846307750674433 72057662757470208 9007212139651072 281475245146624 17592236376112 3458765613335314434
12 1 139 1 216 1 576461302059761664 54043212708364288 2251801961171968 140737555464256 4611694814524604428 864691953089642496 18014432869236736 3377702941754368 211106366750848 9223385231002697732 288230651029880832 36028848558604288 1125900980586496 70368945504448 13835062453341257736
13 1 140 1 217 1 2305845208239046658 216172850833457152 9007203549720576 562950221857024 35184388866096 3458767812358569987 72057731476946944 13510807472050176 844425467003392 52776591687696 1152922604119523329 144115394234417152 4503612512280576 281475782017792 17592236376096
14 1 141 1 218 1 9223380832956186632 864691403333828608 36028814198882304 2251800887428096 140737555464384 13835071249434279948 288230925907787776 54043229888200704 3377701868013568 211106366750784 4611690416478093316 576461576937668608 18014450049122304 1125903128071168 70368945504384
15 1 142 1 219 1 35184405643296 3458765613335314434 144115256795529216 9007203549712384 562950221857536 52776608464944 1152923703631151107 216172919552802816 13510807472054272 844425467003136 17592202821648 2305846307750674433 72057800196489216 4503612512284672 281475782017536
16 1 143 1 220 1 140737622573184 13835062453341257736 576461027182116864 36028814198849536 2251800887430144 211106433859776 4611694814524604428 864691678211211264 54043229888217088 3377701868012544 70368811286592 9223385231002697732 288231200785956864 18014450049138688 1125903128070144
17 1 144 1 221 1 562950490292736 17592236376096 2305844108728467459 144115256795398144 9007203549720576 844425735439104 35184388866096 3458766712844845057 216172919552868352 13510807472050176 281475245146368 52776591687696 1152924803143827458 72057800196554752 4503612512280576
18 1 145 1 222 1 2251801961170944 70368945504384 9223376434913869836 576461027181592576 36028814198882304 3377702941756416 140737555464384 13835066851379380228 864691678211473408 54043229888200704 1125900980585472 211106366750784 4611699212575309832 288231200786219008 18014450049122304
19 1 146 1 223 1 9007207844683776 281475782017536 17592236376112 2305844108726370306 144115256795529216 13510811767025664 562950221857536 35184388866064 3458766712845893635 216172919552802816 4503603922341888 844425467003136 52776591687712 1152924803144876033 72057800196489216
20 1 147 1 224 1 36028831378735104 1125903128070144 70368945504448 9223376434905481224 576461027182116864 54043247068102656 2251800887430144 140737555464256 13835066851383574540 864691678211211264 18014415689367552 3377701868012544 211106366750848 4611699212579504132 288231200785956864
21 1 148 1 225 1 144115325514940416 4503612512280576 281475782017792 17592202821664 2305844108728467458 216172988272410624 9007203549720576 562950221857024 35184405643312 3458766712844845059 72057662757470208 13510807472050176 844425467003392 52776608464912 1152924803143827457
22 1 149 1 226 1 576461302059761664 18014450049122304 1125903128071168 70368811286656 9223376434913869832 864691953089642496 36028814198882304 2251800887428096 140737622573248 13835066851379380236 288230651029880832 54043229888200704 3377701868013568 211106433859648 4611699212575309828
23 1 150 1 227 1 2305845208239046659 72057800196489216 4503608217317376 281475245146624 17592236376096 3458767812358569985 144115256795529216 9007212139646976 562950490292992 35184388866096 1152922604119523330 216172919552802816 13510803177086976 844425735438592 52776591687696
24 1 151 1 228 1 9223380832956186636 288231200785956864 18014432869269504 1125900980586496 70368945504384 13835071249434279940 576461027182116864 36028848558587904 2251801961171968 140737555464384 4611690416478093320 864691678211211264 54043212708347904 3377702941754368 211106366750784
25 1 152 1 229 1 35184405643312 1152924803143827458 72057731477078016 4503603922345984 281475782017536 52776608464912 2305844108728467459 144115394234351616 9007207844687872 562950221857536 17592202821664 3458766712844845057 216172850833391616 13510811767017472 844425467003136
26 1 153 1 230 1 140737622573248 4611699212575309832 288230925908312064 18014415689383936 1125903128070144 211106433859648 9223376434913869836 576461576937406464 36028831378751488 2251800887430144 70368811286656 13835066851379380228 864691403333566464 54043247068069888 3377701868012544
27 1 154 1 231 1 562950490292992 52776591687712 1152923703633248257 72057662757535744 4503612512280576 844425735438592 17592236376112 2305846307749625858 144115325515005952 9007203549720576 281475245146624 35184388866064 3458765613334265859 216172988272279552 13510807472050176
28 1 155 1 232 1 2251801961171968 211106366750848 4611694814532993028 288230651030142976 18014450049122304 3377702941754368 70368945504448 9223385230998503432 576461302060023808 36028814198882304 1125900980586496 140737555464256 13835062453337063436 864691953089118208 54043229888200704
29 1 156 1 233 1 9007207844687872 844425467003392 35184422420496 1152922604120571905 72057800196489216 13510811767017472 281475782017792 52776574910496 2305845208240095234 144115256795529216 4503603922345984 562950221857024 17592219598896 3458767812356472835 216172919552802816
30 1 157 1 234 1 36028831378751488 3377701868013568 140737689681984 4611690416482287620 288231200785956864 54043247068069888 1125903128071168 211106299641984 9223380832960380936 576461027182116864 18014415689383936 2251800887428096 70368878395584 13835071249425891340 864691678211211264
31 1 158 1 235 1 144115325515005952 13510807472054272 562950758727936 17592219598864 1152924803143827457 216172988272279552 4503612512284672 844425198567936 35184422420512 2305844108728467458 72057662757535744 9007203549712384 281475513582336 52776574910512 3458766712844845059
32 1 159 1 236 1 576461302060023808 54043229888217088 2251803034911744 70368878395456 4611699212575309828 864691953089118208 18014450049138688 3377700794271744 140737689682048 9223376434913869832 288230651030142976 36028814198849536 1125902054329344 211106299642048 13835066851379380236
33 1 80 1 237 1 2305845208240095235 216172919552868352 9007203549712384 281475513581824 52776591687696 3458767812356472833 72057800196554752 13510807472054272 562950758728192 17592236376096 1152922604120571906 144115256795398144 4503612512284672 844425198568192 35184388866096
34 1 81 1 238 1 9223380832960380940 864691678211473408 36028814198849536 1125902054327296 211106366750784 13835071249425891332 288231200786219008 54043229888217088 2251803034912768 70368945504384 4611690416482287624 576461027181592576 18014450049138688 3377700794272768 140737555464384
35 1 82 1 239 1 35184422420528 3458766712845893634 144115256795398144 4503608217309184 844425467003136 52776574910480 1152924803144876035 216172919552868352 9007212139651072 281475782017536 17592219598880 2305844108726370305 72057800196554752 13510803177091072 562950221857536
36 1 83 1 160 1 140737689682112 13835066851383574536 576461027181592576 18014432869236736 3377701868012544 211106299641920 4611699212579504140 864691678211473408 36028848558604288 1125903128070144 70368878395520 9223376434905481220 288231200786219008 54043212708364288 2251800887430144
37 1 84 1 161 1 562950758728448 35184405643296 2305844108726370307 72057731476946944 13510807472050176 844425198567680 52776608464944 3458766712845893633 144115394234417152 4503612512280576 281475513582080 17592202821648 1152924803144876034 216172850833457152 9007203549720576
38 1 85 1 162 1 2251803034913792 140737622573184 9223376434905481228 288230925907787776 54043229888200704 3377700794270720 211106433859776 13835066851383574532 576461576937668608 18014450049122304 1125902054328320 70368811286592 4611699212579504136 864691403333828608 36028814198882304
39 1 86 1 163 1 9007212139655168 562950490292736 17592202821680 1152923703631151106 216172919552802816 13510803177082880 844425735439104 35184405643280 2305846307750674435 72057800196489216 4503608217313280 281475245146368 52776608464928 3458765613335314433 144115256795529216
40 1 87 1 164 1 36028848558620672 2251801961170944 70368811286720 4611694814524604424 864691678211211264 54043212708331520 3377702941756416 140737622573120 9223385231002697740 288231200785956864 18014432869253120 1125900980585472 211106433859712 13835062453341257732 576461027182116864
41 1 88 1 165 1 144115394234482688 9007207844683776 281475245146880 35184388866080 3458766712844845057 216172850833326080 13510811767025664 562950490292480 52776591687728 1152924803143827458 72057731477012480 4503603922341888 844425735438848 17592236376080 2305844108728467459
42 1 89 1 166 1 576461576937930752 36028831378735104 1125900980587520 140737555464320 13835066851379380228 864691403333304320 54043247068102656 2251801961169920 211106366750912 4611699212575309832 288230925908049920 18014415689367552 3377702941755392 70368945504320 9223376434913869836
43 1 90 1 167 1 2305846307751723009 144115325514940416 4503612512284672 562950221857280 35184388866064 3458765613333217282 216172988272410624 9007203549712384 844425467003648 52776591687712 1152923703632199683 72057662757470208 13510807472054272 281475782017280 17592236376112
44 1 91 1 168 1 9223385231006892036 576461302059761664 18014450049138688 2251800887429120 140737555464256 13835062453332869128 864691953089642496 36028814198849536 3377701868014592 211106366750848 4611694814528798732 288230651029880832 54043229888217088 1125903128069120 70368945504448
45 1 92 1 169 1 52776608464912 2305845208239046658 72057800196554752 9007203549716480 562950221857024 17592202821664 3458767812358569987 144115256795398144 13510807472058368 844425467003392 35184405643312 1152922604119523329 216172919552868352 4503612512276480 281475782017792
46 1 93 1 170 1 211106433859648 9223380832956186632 288231200786219008 36028814198865920 2251800887428096 70368811286656 13835071249434279948 576461027181592576 54043229888233472 3377701868013568 140737622573248 4611690416478093316 864691678211473408 18014450049105920 1125903128071168
47 1 94 1 171 1 844425735438592 35184405643296 1152924803144876034 144115256795463680 9007203549712384 281475245146624 52776608464944 2305844108726370307 216172919552933888 13510807472054272 562950490292992 17592202821648 3458766712845893633 72057800196423680 4503612512284672
48 1 95 1 172 1 3377702941754368 140737622573184 4611699212579504136 576461027181854720 36028814198849536 1125900980586496 211106433859776 9223376434905481228 864691678211735552 54043229888217088 2251801961171968 70368811286592 13835066851383574532 288231200785694720 18014450049138688
49 1 96 1 173 1 13510811767017472 562950490292736 52776608464928 2305844108727418881 144115256795398144 4503603922345984 844425735439104 17592202821680 3458766712846942210 216172919552868352 9007207844687872 281475245146368 35184405643280 1152924803142778883 72057800196554752
50 1 97 1 174 1 54043247068069888 2251801961170944 211106433859712 9223376434909675524 576461027181592576 18014415689383936 3377702941756416 70368811286720 13835066851387768840 864691678211473408 36028831378751488 1125900980585472 140737622573120 4611699212571115532 288231200786219008
51 1 98 1 175 1 216172988272279552 9007207844683776 844425735438848 17592219598864 2305844108726370306 72057662757535744 13510811767025664 281475245146880 35184422420512 3458766712845893635 144115325515005952 4503603922341888 562950490292480 52776574910512 1152924803144876033
52 1 99 1 176 1 864691953089118208 36028831378735104 3377702941755392 70368878395456 9223376434905481224 288230651030142976 54043247068102656 1125900980587520 140737689682048 13835066851383574540 576461302060023808 18014415689367552 2251801961169920 211106299642048 4611699212579504132
53 1 100 1 177 1 3458767812356472835 144115325514940416 13510807472054272 281475513581824 17592202821664 1152922604120571905 216172988272410624 4503612512284672 562950758728192 35184405643312 2305845208240095234 72057662757470208 9007203549712384 844425198568192 52776608464912
54 1 101 1 178 1 13835071249425891340 576461302059761664 54043229888217088 1125902054327296 70368811286656 4611690416482287620 864691953089642496 18014450049138688 2251803034912768 140737622573248 9223380832960380936 288230651029880832 36028814198849536 3377700794272768 211106433859648
55 1 102 1 179 1 52776574910512 2305845208239046659 216172919552868352 4503608217309184 281475245146624 17592219598864 3458767812358569985 72057800196554752 9007212139651072 562950490292992 35184422420512 1152922604119523330 144115256795398144 13510803177091072 844425735438592
56 1 103 1 180 1 211106299642048 9223380832956186636 864691678211473408 18014432869236736 1125900980586496 70368878395456 13835071249434279940 288231200786219008 36028848558604288 2251801961171968 140737689682048 4611690416478093320 576461027181592576 54043212708364288 3377702941754368
57 1 104 1 181 1 844425198568192 35184405643312 3458766712845893634 72057731476946944 4503603922345984 281475513581824 52776608464912 1152924803144876035 144115394234417152 9007207844687872 562950758728192 17592202821664 2305844108726370305 216172850833457152 13510811767017472
58 1 105 1 182 1 3377700794272768 140737622573248 13835066851383574536 288230925907787776 18014415689383936 1125902054327296 211106433859648 4611699212579504140 576461576937668608 36028831378751488 2251803034912768 70368811286656 9223376434905481220 864691403333828608 54043247068069888
59 1 106 1 183 1 13510803177091072 562950490292992 35184405643296 1152923703631151107 72057662757535744 4503608217309184 844425735438592 52776608464944 2305846307750674433 144115325515005952 9007212139651072 281475245146624 17592202821648 3458765613335314434 216172988272279552
60 1 107 1 184 1 54043212708364288 2251801961171968 140737622573184 4611694814524604428 288230651030142976 18014432869236736 3377702941754368 211106433859776 9223385231002697732 576461302060023808 36028848558604288 1125900980586496 70368811286592 13835062453341257736 864691953089118208
61 1 108 1 185 1 216172850833457152 9007207844687872 562950490292736 35184388866096 1152922604120571905 72057731476946944 13510811767017472 844425735439104 52776591687696 2305845208240095234 144115394234417152 4503603922345984 281475245146368 17592236376096 3458767812356472835
62 1 109 1 186 1 864691403333828608 36028831378751488 2251801961170944 140737555464384 4611690416482287620 288230925907787776 54043247068069888 3377702941756416 211106366750784 9223380832960380936 576461576937668608 18014415689383936 1125900980585472 70368945504384 13835071249425891340
63 1 110 1 187 1 3458765613335314434 144115325515005952 9007203549716480 562950221857536 17592219598864 1152923703631151107 216172988272279552 13510807472058368 844425467003136 35184422420512 2305846307750674433 72057662757535744 4503612512276480 281475782017536 52776574910512
64 1 111 1 188 1 13835062453341257736 576461302060023808 36028814198865920 2251800887430144 70368878395456 4611694814524604428 864691953089118208 54043229888233472 3377701868012544 140737689682048 9223385231002697732 288230651030142976 18014450049105920 1125903128070144 211106299642048
65 1 112 1 189 1 17592236376096 2305845208240095235 144115256795463680 9007203549720576 281475513581824 35184388866096 3458767812356472833 216172919552933888 13510807472050176 562950758728192 52776591687696 1152922604120571906 72057800196423680 4503612512280576 844425198568192
66 1 113 1 190 1 70368945504384 9223380832960380940 576461027181854720 36028814198882304 1125902054327296 140737555464384 13835071249425891332 864691678211735552 54043229888200704 2251803034912768 211106366750784 4611690416482287624 288231200785694720 18014450049122304 3377700794272768
67 1 114 1 191 1 281475782017536 35184422420528 2305844108727418882 144115256795529216 4503608217309184 562950221857536 52776574910480 3458766712846942211 216172919552802816 9007212139651072 844425467003136 17592219598880 1152924803142778881 72057800196489216 13510803177091072
68 1 115 1 192 1 1125903128070144 140737689682112 9223376434909675528 576461027182116864 18014432869236736 2251800887430144 211106299641920 13835066851387768844 864691678211211264 36028848558604288 3377701868012544 70368878395520 4611699212571115524 288231200785956864 54043212708364288
69 1 116 1 193 1 4503612512280576 562950758728448 17592219598880 2305844108728467458 72057731476946944 9007203549720576 844425198567680 35184422420528 3458766712844845059 144115394234417152 13510807472050176 281475513582080 52776574910480 1152924803143827457 216172850833457152
70 1 117 1 194 1 18014450049122304 2251803034913792 70368878395520 9223376434913869832 288230925907787776 36028814198882304 3377700794270720 140737689682112 13835066851379380236 576461576937668608 54043229888200704 1125902054328320 211106299641920 4611699212575309828 864691403333828608
71 1 118 1 195 1 72057800196489216 9007212139655168 281475513582080 17592236376096 1152923703631151106 144115256795529216 13510803177082880 562950758728448 35184388866096 2305846307750674435 216172919552802816 4503608217313280 844425198567680 52776591687696 3458765613335314433
72 1 119 1 196 1 288231200785956864 36028848558620672 1125902054328320 70368945504384 4611694814524604424 576461027182116864 54043212708331520 2251803034913792 140737555464384 9223385231002697740 864691678211211264 18014432869253120 3377700794270720 211106366750784 13835062453341257732
3 2 150 2 170 2 1 0 0 0 0 2 0 0 0 0 3 0 0 0 0
4 2 151 2 171 2 4 0 0 0 0 8 0 0 0 0 12 0 0 0 0
5 2 152 2 172 2 16 0 0 0 0 32 0 0 0 0 48 0 0 0 0
6 2 153 2 173 2 64 0 0 0 0 128 0 0 0 0 192 0 0 0 0
7 2 154 2 174 2 256 0 0 0 0 512 0 0 0 0 768 0 0 0 0
8 2 155 2 175 2 1024 0 0 0 0 2048 0 0 0 0 3072 0 0 0 0
9 2 156 2 176 2 4096 0 0 0 0 8192 0 0 0 0 12288 0 0 0 0
10 2 157 2 177 2 16384 0 0 0 0 32768 0 0 0 0 49152 0 0 0 0
11 2 158 2 178 2 65536 0 0 0 0 131072 0 0 0 0 196608 0 0 0 0
12 2 159 2 179 2 262144 0 0 0 0 524288 0 0 0 0 786432 0 0 0 0
13 2 80 2 180 2 1048576 0 0 0 0 2097152 0 0 0 0 3145728 0 0 0 0
14 2 81 2 181 2 4194304 0 0 0 0 8388608 0 0 0 0 12582912 0 0 0 0
15 2 82 2 182 2 16777216 0 0 0 0 33554432 0 0 0 0 50331648 0 0 0 0
16 2 83 2 183 2 67108864 0 0 0 0 134217728 0 0 0 0 201326592 0 0 0 0
17 2 84 2 184 2 268435456 0 0 0 0 536870912 0 0 0 0 805306368 0 0 0 0
18 2 85 2 185 2 1073741824 0 0 0 0 2147483648 0 0 0 0 3221225472 0 0 0 0
19 2 86 2 186 2 4294967296 0 0 0 0 8589934592 0 0 0 0 12884901888 0 0 0 0
20 2 87 2 187 2 17179869184 0 0 0 0 34359738368 0 0 0 0 51539607552 0 0 0 0
21 2 88 2 188 2 68719476736 0 0 0 0 137438953472 0 0 0 0 206158430208 0 0 0 0
22 2 89 2 189 2 274877906944 0 0 0 0 549755813888 0 0 0 0 824633720832 0 0 0 0
23 2 90 2 190 2 1099511627776 0 0 0 0 2199023255552 0 0 0 0 3298534883328 0 0 0 0
24 2 91 2 191 2 4398046511104 0 0 0 0 8796093022208 0 0 0 0 13194139533312 0 0 0 0
25 2 92 2 192 2 17592186044416 0 0 0 0 35184372088832 0 0 0 0 52776558133248 0 0 0 0
26 2 93 2 193 2 70368744177664 0 0 0 0 140737488355328 0 0 0 0 211106232532992 0 0 0 0
27 2 94 2 194 2 281474976710656 0 0 0 0 562949953421312 0 0 0 0 844424930131968 0 0 0 0
28 2 95 2 195 2 1125899906842624 0 0 0 0 2251799813685248 0 0 0 0 3377699720527872 0 0 0 0
29 2 96 2 196 2 4503599627370496 0 0 0 0 9007199254740992 0 0 0 0 13510798882111488 0 0 0 0
30 2 97 2 197 2 18014398509481984 0 0 0 0 36028797018963968 0 0 0 0 54043195528445952 0 0 0 0
31 2 98 2 198 2 72057594037927936 0 0 0 0 144115188075855872 0 0 0 0 216172782113783808 0 0 0 0
32 2 99 2 199 2 288230376151711744 0 0 0 0 576460752303423488 0 0 0 0 864691128455135232 0 0 0 0
33 2 100 2 200 2 1152921504606846976 0 0 0 0 2305843009213693952 0 0 0 0 3458764513820540928 0 0 0 0
34 2 101 2 201 2 4611686018427387904 0 0 0 0 9223372036854775808 0 0 0 0 13835058055282163712 0 0 0 0
35 2 102 2 202 2 0 1 0 0 0 0 2 0 0 0 0 3 0 0 0
36 2 103 2 203 2 0 4 0 0 0 0 8 0 0 0 0 12 0 0 0
37 2 104 2 204 2 0 16 0 0 0 0 32 0 0 0 0 48 0 0 0
38 2 105 2 205 2 0 64 0 0 0 0 128 0 0 0 0 192 0 0 0
39 2 106 2 206 2 0 256 0 0 0 0 512 0 0 0 0 768 0 0 0
40 2 107 2 207 2 0 1024 0 0 0 0 2048 0 0 0 0 3072 0 0 0
41 2 108 2 208 2 0 4096 0 0 0 0 8192 0 0 0 0 12288 0 0 0
42 2 109 2 209 2 0 16384 0 0 0 0 32768 0 0 0 0 49152 0 0 0
43 2 110 2 210 2 0 65536 0 0 0 0 131072 0 0 0 0 196608 0 0 0
44 2 111 2 211 2 0 262144 0 0 0 0 524288 0 0 0 0 786432 0 0 0
45 2 112 2 212 2 0 1048576 0 0 0 0 2097152 0 0 0 0 3145728 0 0 0
46 2 113 2 213 2 0 4194304 0 0 0 0 8388608 0 0 0 0 12582912 0 0 0
47 2 114 2 214 2 0 16777216 0 0 0 0 33554432 0 0 0 0 50331648 0 0 0
48 2 115 2 215 2 0 67108864 0 0 0 0 134217728 0 0 0 0 201326592 0 0 0
49 2 116 2 216 2 0 268435456 0 0 0 0 536870912 0 0 0 0 805306368 0 0 0
50 2 117 2 217 2 0 1073741824 0 0 0 0 2147483648 0 0 0 0 3221225472 0 0 0
51 2 118 2 218 2 0 4294967296 0 0 0 0 8589934592 0 0 0 0 12884901888 0 0 0
52 2 119 2 219 2 0 17179869184 0 0 0 0 34359738368 0 0 0 0 51539607552 0 0 0
53 2 120 2 220 2 0 68719476736 0 0 0 0 137438953472 0 0 0 0 206158430208 0 0 0
54 2 121 2 221 2 0 274877906944 0 0 0 0 549755813888 0 0 0 0 824633720832 0 0 0
55 2 122 2 222 2 0 1099511627776 0 0 0 0 2199023255552 0 0 0 0 3298534883328 0 0 0
56 2 123 2 223 2 0 4398046511104 0 0 0 0 8796093022208 0 0 0 0 13194139533312 0 0 0
57 2 124 2 224 2 0 17592186044416 0 0 0 0 35184372088832 0 0 0 0 52776558133248 0 0 0
58 2 125 2 225 2 0 70368744177664 0 0 0 0 140737488355328 0 0 0 0 211106232532992 0 0 0
59 2 126 2 226 2 0 281474976710656 0 0 0 0 562949953421312 0 0 0 0 844424930131968 0 0 0
60 2 127 2 227 2 0 1125899906842624 0 0 0 0 2251799813685248 0 0 0 0 3377699720527872 0 0 0
61 2 128 2 228 2 0 4503599627370496 0 0 0 0 9007199254740992 0 0 0 0 13510798882111488 0 0 0
62 2 129 2 229 2 0 18014398509481984 0 0 0 0 36028797018963968 0 0 0 0 54043195528445952 0 0 0
63 2 130 2 230 2 0 72057594037927936 0 0 0 0 144115188075855872 0 0 0 0 216172782113783808 0 0 0
64 2 131 2 231 2 0 288230376151711744 0 0 0 0 576460752303423488 0 0 0 0 864691128455135232 0 0 0
65 2 132 2 232 2 0 1152921504606846976 0 0 0 0 2305843009213693952 0 0 0 0 3458764513820540928 0 0 0
66 2 133 2 233 2 0 4611686018427387904 0 0 0 0 9223372036854775808 0 0 0 0 13835058055282163712 0 0 0
67 2 134 2 234 2 0 0 1 0 0 0 0 2 0 0 0 0 3 0 0
68 2 135 2 235 2 0 0 4 0 0 0 0 8 0 0 0 0 12 0 0
69 2 136 2 236 2 0 0 16 0 0 0 0 32 0 0 0 0 48 0 0
70 2 137 2 237 2 0 0 64 0 0 0 0 128 0 0 0 0 192 0 0
71 2 138 2 238 2 0 0 256 0 0 0 0 512 0 0 0 0 768 0 0
72 2 139 2 239 2 0 0 1024 0 0 0 0 2048 0 0 0 0 3072 0 0
73 2 140 2 160 2 0 0 4096 0 0 0 0 8192 0 0 0 0 12288 0 0
74 2 141 2 161 2 0 0 16384 0 0 0 0 32768 0 0 0 0 49152 0 0
75 2 142 2 162 2 0 0 65536 0 0 0 0 131072 0 0 0 0 196608 0 0
76 2 143 2 163 2 0 0 262144 0 0 0 0 524288 0 0 0 0 786432 0 0
77 2 144 2 164 2 0 0 1048576 0 0 0 0 2097152 0 0 0 0 3145728 0 0
78 2 145 2 165 2 0 0 4194304 0 0 0 0 8388608 0 0 0 0 12582912 0 0
79 2 146 2 166 2 0 0 16777216 0 0 0 0 33554432 0 0 0 0 50331648 0 0
0 2 147 2 167 2 0 0 67108864 0 0 0 0 134217728 0 0 0 0 201326592 0 0
1 2 148 2 168 2 0 0 268435456 0 0 0 0 536870912 0 0 0 0 805306368 0 0
2 2 149 2 169 2 0 0 1073741824 0 0 0 0 2147483648 0 0 0 0 3221225472 0 0
0 2 137 1 197 1 0 0 0 0 0 0 0 0 0 0 0 0 0 0 0
1 2 138 1 198 1 0 0 0 0 0 0 0 0 0 0 0 0 0 0 0
2 2 139 1 199 1 0 0 0 0 0 0 0 0 0 0 0 0 0 0 0
3 2 140 1 200 1 0 0 0 0 0 0 0 0 0 0 0 0 0 0 0
4 2 141 1 201 1 0 0 0 0 0 0 0 0 0 0 0 0 0 0 0
5 2 142 1 202 1 0 0 0 0 0 0 0 0 0 0 0 0 0 0 0
6 2 143 1 203 1 0 0 0 0 0 0 0 0 0 0 0 0 0 0 0
7 2 144 1 204 1 0 0 0 0 0 0 0 0 0 0 0 0 0 0 0
8 2 145 1 205 1 0 0 0 0 0 0 0 0 0 0 0 0 0 0 0
9 2 146 1 206 1 0 0 0 0 0 0 0 0 0 0 0 0 0 0 0
10 2 147 1 207 1 0 0 0 0 0 0 0 0 0 0 0 0 0 0 0
11 2 148 1 208 1 0 0 0 0 0 0 0 0 0 0 0 0 0 0 0
12 2 149 1 209 1 0 0 0 0 0 0 0 0 0 0 0 0 0 0 0
13 2 150 1 210 1 0 0 0 0 0 0 0 0 0 0 0 0 0 0 0
14 2 151 1 211 1 0 0 0 0 0 0 0 0 0 0 0 0 0 0 0
15 2 152 1 212 1 0 0 0 0 0 0 0 0 0 0 0 0 0 0 0
16 2 153 1 213 1 0 0 0 0 0 0 0 0 0 0 0 0 0 0 0
17 2 154 1 214 1 0 0 0 0 0 0 0 0 0 0 0 0 0 0 0
18 2 155 1 215 1 0 0 0 0 0 0 0 0 0 0 0 0 0 0 0
19 2 156 1 216 1 0 0 0 0 0 0 0 0 0 0 0 0 0 0 0
20 2 157 1 217 1 0 0 0 0 0 0 0 0 0 0 0 0 0 0 0
21 2 158 1 218 1 0 0 0 0 0 0 0 0 0 0 0 0 0 0 0
22 2 159 1 219 1 0 0 0 0 0 0 0 0 0 0 0 0 0 0 0
23 2 80 1 220 1 0 0 0 0 0 0 0 0 0 0 0 0 0 0 0
24 2 81 1 221 1 0 0 0 0 0 0 0 0 0 0 0 0 0 0 0
25 2 82 1 222 1 0 0 0 0 0 0 0 0 0 0 0 0 0 0 0
26 2 83 1 223 1 0 0 0 0 0 0 0 0 0 0 0 0 0 0 0
27 2 84 1 224 1 0 0 0 0 0 0 0 0 0 0 0 0 0 0 0
28 2 85 1 225 1 0 0 0 0 0 0 0 0 0 0 0 0 0 0 0
29 2 86 1 226 1 0 0 0 0 0 0 0 0 0 0 0 0 0 0 0
30 2 87 1 227 1 0 0 0 0 0 0 0 0 0 0 0 0 0 0 0
31 2 88 1 228 1 0 0 0 0 0 0 0 0 0 0 0 0 0 0 0
32 2 89 1 229 1 0 0 0 0 0 0 0 0 0 0 0 0 0 0 0
33 2 90 1 230 1 0 0 0 0 0 0 0 0 0 0 0 0 0 0 0
34 2 91 1 231 1 0 0 0 0 0 0 0 0 0 0 0 0 0 0 0
35 2 92 1 232 1 0 0 0 0 0 0 0 0 0 0 0 0 0 0 0
36 2 93 1 233 1 0 0 0 0 0 0 0 0 0 0 0 0 0 0 0
37 2 94 1 234 1 0 0 0 0 0 0 0 0 0 0 0 0 0 0 0
38 2 95 1 235 1 0 0 0 0 0 0 0 0 0 0 0 0 0 0 0
39 2 96 1 236 1 0 0 0 0 0 0 0 0 0 0 0 0 0 0 0
40 2 97 1 237 1 0 0 0 0 0 0 0 0 0 0 0 0 0 0 0
41 2 98 1 238 1 0 0 0 0 0 0 0 0 0 0 0 0 0 0 0
42 2 99 1 239 1 0 0 0 0 0 0 0 0 0 0 0 0 0 0 0
43 2 100 1 160 1 0 0 0 0 0 0 0 0 0 0 0 0 0 0 0
44 2 101 1 161 1 0 0 0 0 0 0 0 0 0 0 0 0 0 0 0
45 2 102 1 162 1 0 0 0 0 0 0 0 0 0 0 0 0 0 0 0
46 2 103 1 163 1 0 0 0 0 0 0 0 0 0 0 0 0 0 0 0
47 2 104 1 164 1 0 0 0 0 0 0 0 0 0 0 0 0 0 0 0
48 2 105 1 165 1 0 0 0 0 0 0 0 0 0 0 0 0 0 0 0
49 2 106 1 166 1 0 0 0 0 0 0 0 0 0 0 0 0 0 0 0
50 2 107 1 167 1 0 0 0 0 0 0 0 0 0 0 0 0 0 0 0
51 2 108 1 168 1 0 0 0 0 0 0 0 0 0 0 0 0 0 0 0
52 2 109 1 169 1 0 0 0 0 0 0 0 0 0 0 0 0 0 0 0
53 2 110 1 170 1 0 0 0 0 0 0 0 0 0 0 0 0 0 0 0
54 2 111 1 171 1 0 0 0 0 0 0 0 0 0 0 0 0 0 0 0
55 2 112 1 172 1 0 0 0 0 0 0 0 0 0 0 0 0 0 0 0
56 2 113 1 173 1 0 0 0 0 0 0 0 0 0 0 0 0 0 0 0
57 2 114 1 174 1 0 0 0 0 0 0 0 0 0 0 0 0 0 0 0
58 2 115 1 175 1 0 0 0 0 0 0 0 0 0 0 0 0 0 0 0
59 2 116 1 176 1 0 0 0 0 0 0 0 0 0 0 0 0 0 0 0
60 2 117 1 177 1 0 0 0 0 0 0 0 0 0 0 0 0 0 0 0
61 2 118 1 178 1 0 0 0 0 0 0 0 0 0 0 0 0 0 0 0
62 2 119 1 179 1 0 0 0 0 0 0 0 0 0 0 0 0 0 0 0
63 2 120 1 180 1 0 0 0 0 0 0 0 0 0 0 0 0 0 0 0
64 2 121 1 181 1 0 0 0 0 0 0 0 0 0 0 0 0 0 0 0
65 2 122 1 182 1 0 0 0 0 0 0 0 0 0 0 0 0 0 0 0
66 2 123 1 183 1 0 0 0 0 0 0 0 0 0 0 0 0 0 0 0
67 2 124 1 184 1 0 0 0 0 0 0 0 0 0 0 0 0 0 0 0
68 2 125 1 185 1 0 0 0 0 0 0 0 0 0 0 0 0 0 0 0
69 2 126 1 186 1 0 0 0 0 0 0 0 0 0 0 0 0 0 0 0
70 2 127 1 187 1 0 0 0 0 0 0 0 0 0 0 0 0 0 0 0
71 2 128 1 188 1 0 0 0 0 0 0 0 0 0 0 0 0 0 0 0
72 2 129 1 189 1 0 0 0 0 0 0 0 0 0 0 0 0 0 0 0
73 2 130 1 190 1 0 0 0 0 0 0 0 0 0 0 0 0 0 0 0
74 2 131 1 191 1 0 0 0 0 0 0 0 0 0 0 0 0 0 0 0
75 2 132 1 192 1 0 0 0 0 0 0 0 0 0 0 0 0 0 0 0
76 2 133 1 193 1 0 0 0 0 0 0 0 0 0 0 0 0 0 0 0
77 2 134 1 194 1 0 0 0 0 0 0 0 0 0 0 0 0 0 0 0
78 2 135 1 195 1 0 0 0 0 0 0 0 0 0 0 0 0 0 0 0
79 2 136 1 196 1 0 0 0 0 0 0 0 0 0 0 0 0 0 0 0
3 1 80 2 230 1 0 0 0 0 0 0 0 0 0 0 0 0 0 0 0
4 1 81 2 231 1 0 0 0 0 0 0 0 0 0 0 0 0 0 0 0
5 1 82 2 232 1 0 0 0 0 0 0 0 0 0 0 0 0 0 0 0
6 1 83 2 233 1 0 0 0 0 0 0 0 0 0 0 0 0 0 0 0
7 1 84 2 234 1 0 0 0 0 0 0 0 0 0 0 0 0 0 0 0
8 1 85 2 235 1 0 0 0 0 0 0 0 0 0 0 0 0 0 0 0
9 1 86 2 236 1 0 0 0 0 0 0 0 0 0 0 0 0 0 0 0
10 1 87 2 237 1 0 0 0 0 0 0 0 0 0 0 0 0 0 0 0
11 1 88 2 238 1 0 0 0 0 0 0 0 0 0 0 0 0 0 0 0
12 1 89 2 239 1 0 0 0 0 0 0 0 0 0 0 0 0 0 0 0
13 1 90 2 160 1 0 0 0 0 0 0 0 0 0 0 0 0 0 0 0
14 1 91 2 161 1 0 0 0 0 0 0 0 0 0 0 0 0 0 0 0
15 1 92 2 162 1 0 0 0 0 0 0 0 0 0 0 0 0 0 0 0
16 1 93 2 163 1 0 0 0 0 0 0 0 0 0 0 0 0 0 0 0
17 1 94 2 164 1 0 0 0 0 0 0 0 0 0 0 0 0 0 0 0
18 1 95 2 165 1 0 0 0 0 0 0 0 0 0 0 0 0 0 0 0
19 1 96 2 166 1 0 0 0 0 0 0 0 0 0 0 0 0 0 0 0
20 1 97 2 167 1 0 0 0 0 0 0 0 0 0 0 0 0 0 0 0
21 1 98 2 168 1 0 0 0 0 0 0 0 0 0 0 0 0 0 0 0
22 1 99 2 169 1 0 0 0 0 0 0 0 0 0 0 0 0 0 0 0
23 1 100 2 170 1 0 0 0 0 0 0 0 0 0 0 0 0 0 0 0
24 1 101 2 171 1 0 0 0 0 0 0 0 0 0 0 0 0 0 0 0
25 1 102 2 172 1 0 0 0 0 0 0 0 0 0 0 0 0 0 0 0
26 1 103 2 173 1 0 0 0 0 0 0 0 0 0 0 0 0 0 0 0
27 1 104 2 174 1 0 0 0 0 0 0 0 0 0 0 0 0 0 0 0
28 1 105 2 175 1 0 0 0 0 0 0 0 0 0 0 0 0 0 0 0
29 1 106 2 176 1 0 0 0 0 0 0 0 0 0 0 0 0 0 0 0
30 1 107 2 177 1 0 0 0 0 0 0 0 0 0 0 0 0 0 0 0
31 1 108 2 178 1 0 0 0 0 0 0 0 0 0 0 0 0 0 0 0
32 1 109 2 179 1 0 0 0 0 0 0 0 0 0 0 0 0 0 0 0
33 1 110 2 180 1 0 0 0 0 0 0 0 0 0 0 0 0 0 0 0
34 1 111 2 181 1 0 0 0 0 0 0 0 0 0 0 0 0 0 0 0
35 1 112 2 182 1 0 0 0 0 0 0 0 0 0 0 0 0 0 0 0
36 1 113 2 183 1 0 0 0 0 0 0 0 0 0 0 0 0 0 0 0
37 1 114 2 184 1 0 0 0 0 0 0 0 0 0 0 0 0 0 0 0
38 1 115 2 185 1 0 0 0 0 0 0 0 0 0 0 0 0 0 0 0
39 1 116 2 186 1 0 0 0 0 0 0 0 0 0 0 0 0 0 0 0
40 1 117 2 187 1 0 0 0 0 0 0 0 0 0 0 0 0 0 0 0
41 1 118 2 188 1 0 0 0 0 0 0 0 0 0 0 0 0 0 0 0
42 1 119 2 189 1 0 0 0 0 0 0 0 0 0 0 0 0 0 0 0
43 1 120 2 190 1 0 0 0 0 0 0 0 0 0 0 0 0 0 0 0
44 1 121 2 191 1 0 0 0 0 0 0 0 0 0 0 0 0 0 0 0
45 1 122 2 192 1 0 0 0 0 0 0 0 0 0 0 0 0 0 0 0
46 1 123 2 193 1 0 0 0 0 0 0 0 0 0 0 0 0 0 0 0
47 1 124 2 194 1 0 0 0 0 0 0 0 0 0 0 0 0 0 0 0
48 1 125 2 195 1 0 0 0 0 0 0 0 0 0 0 0 0 0 0 0
49 1 126 2 196 1 0 0 0 0 0 0 0 0 0 0 0 0 0 0 0
50 1 127 2 197 1 0 0 0 0 0 0 0 0 0 0 0 0 0 0 0
51 1 128 2 198 1 0 0 0 0 0 0 0 0 0 0 0 0 0 0 0
52 1 129 2 199 1 0 0 0 0 0 0 0 0 0 0 0 0 0 0 0
53 1 130 2 200 1 0 0 0 0 0 0 0 0 0 0 0 0 0 0 0
54 1 131 2 201 1 0 0 0 0 0 0 0 0 0 0 0 0 0 0 0
55 1 132 2 202 1 0 0 0 0 0 0 0 0 0 0 0 0 0 0 0
56 1 133 2 203 1 0 0 0 0 0 0 0 0 0 0 0 0 0 0 0
57 1 134 2 204 1 0 0 0 0 0 0 0 0 0 0 0 0 0 0 0
58 1 135 2 205 1 0 0 0 0 0 0 0 0 0 0 0 0 0 0 0
59 1 136 2 206 1 0 0 0 0 0 0 0 0 0 0 0 0 0 0 0
60 1 137 2 207 1 0 0 0 0 0 0 0 0 0 0 0 0 0 0 0
61 1 138 2 208 1 0 0 0 0 0 0 0 0 0 0 0 0 0 0 0
62 1 139 2 209 1 0 0 0 0 0 0 0 0 0 0 0 0 0 0 0
63 1 140 2 210 1 0 0 0 0 0 0 0 0 0 0 0 0 0 0 0
64 1 141 2 211 1 0 0 0 0 0 0 0 0 0 0 0 0 0 0 0
65 1 142 2 212 1 0 0 0 0 0 0 0 0 0 0 0 0 0 0 0
66 1 143 2 213 1 0 0 0 0 0 0 0 0 0 0 0 0 0 0 0
67 1 144 2 214 1 0 0 0 0 0 0 0 0 0 0 0 0 0 0 0
68 1 145 2 215 1 0 0 0 0 0 0 0 0 0 0 0 0 0 0 0
69 1 146 2 216 1 0 0 0 0 0 0 0 0 0 0 0 0 0 0 0
70 1 147 2 217 1 0 0 0 0 0 0 0 0 0 0 0 0 0 0 0
71 1 148 2 218 1 0 0 0 0 0 0 0 0 0 0 0 0 0 0 0
72 1 149 2 219 1 0 0 0 0 0 0 0 0 0 0 0 0 0 0 0
73 1 150 2 220 1 0 0 0 0 0 0 0 0 0 0 0 0 0 0 0
74 1 151 2 221 1 0 0 0 0 0 0 0 0 0 0 0 0 0 0 0
75 1 152 2 222 1 0 0 0 0 0 0 0 0 0 0 0 0 0 0 0
76 1 153 2 223 1 0 0 0 0 0 0 0 0 0 0 0 0 0 0 0
77 1 154 2 224 1 0 0 0 0 0 0 0 0 0 0 0 0 0 0 0
78 1 155 2 225 1 0 0 0 0 0 0 0 0 0 0 0 0 0 0 0
79 1 156 2 226 1 0 0 0 0 0 0 0 0 0 0 0 0 0 0 0
0 1 157 2 227 1 0 0 0 0 0 0 0 0 0 0 0 0 0 0 0
1 1 158 2 228 1 0 0 0 0 0 0 0 0 0 0 0 0 0 0 0
2 1 159 2 229 1 0 0 0 0 0 0 0 0 0 0 0 0 0 0 0
33 1 150 1 160 2 0 0 0 0 0 0 0 0 0 0 0 0 0 0 0
34 1 151 1 161 2 0 0 0 0 0 0 0 0 0 0 0 0 0 0 0
35 1 152 1 162 2 0 0 0 0 0 0 0 0 0 0 0 0 0 0 0
36 1 153 1 163 2 0 0 0 0 0 0 0 0 0 0 0 0 0 0 0
37 1 154 1 164 2 0 0 0 0 0 0 0 0 0 0 0 0 0 0 0
38 1 155 1 165 2 0 0 0 0 0 0 0 0 0 0 0 0 0 0 0
39 1 156 1 166 2 0 0 0 0 0 0 0 0 0 0 0 0 0 0 0
40 1 157 1 167 2 0 0 0 0 0 0 0 0 0 0 0 0 0 0 0
41 1 158 1 168 2 0 0 0 0 0 0 0 0 0 0 0 0 0 0 0
42 1 159 1 169 2 0 0 0 0 0 0 0 0 0 0 0 0 0 0 0
43 1 80 1 170 2 0 0 0 0 0 0 0 0 0 0 0 0 0 0 0
44 1 81 1 171 2 0 0 0 0 0 0 0 0 0 0 0 0 0 0 0
45 1 82 1 172 2 0 0 0 0 0 0 0 0 0 0 0 0 0 0 0
46 1 83 1 173 2 0 0 0 0 0 0 0 0 0 0 0 0 0 0 0
47 1 84 1 174 2 0 0 0 0 0 0 0 0 0 0 0 0 0 0 0
48 1 85 1 175 2 0 0 0 0 0 0 0 0 0 0 0 0 0 0 0
49 1 86 1 176 2 0 0 0 0 0 0 0 0 0 0 0 0 0 0 0
50 1 87 1 177 2 0 0 0 0 0 0 0 0 0 0 0 0 0 0 0
51 1 88 1 178 2 0 0 0 0 0 0 0 0 0 0 0 0 0 0 0
52 1 89 1 179 2 0 0 0 0 0 0 0 0 0 0 0 0 0 0 0
53 1 90 1 180 2 0 0 0 0 0 0 0 0 0 0 0 0 0 0 0
54 1 91 1 181 2 0 0 0 0 0 0 0 0 0 0 0 0 0 0 0
55 1 92 1 182 2 0 0 0 0 0 0 0 0 0 0 0 0 0 0 0
56 1 93 1 183 2 0 0 0 0 0 0 0 0 0 0 0 0 0 0 0
57 1 94 1 184 2 0 0 0 0 0 0 0 0 0 0 0 0 0 0 0
58 1 95 1 185 2 0 0 0 0 0 0 0 0 0 0 0 0 0 0 0
59 1 96 1 186 2 0 0 0 0 0 0 0 0 0 0 0 0 0 0 0
60 1 97 1 187 2 0 0 0 0 0 0 0 0 0 0 0 0 0 0 0
61 1 98 1 188 2 0 0 0 0 0 0 0 0 0 0 0 0 0 0 0
62 1 99 1 189 2 0 0 0 0 0 0 0 0 0 0 0 0 0 0 0
63 1 100 1 190 2 0 0 0 0 0 0 0 0 0 0 0 0 0 0 0
64 1 101 1 191 2 0 0 0 0 0 0 0 0 0 0 0 0 0 0 0
65 1 102 1 192 2 0 0 0 0 0 0 0 0 0 0 0 0 0 0 0
66 1 103 1 193 2 0 0 0 0 0 0 0 0 0 0 0 0 0 0 0
67 1 104 1 194 2 0 0 0 0 0 0 0 0 0 0 0 0 0 0 0
68 1 105 1 195 2 0 0 0 0 0 0 0 0 0 0 0 0 0 0 0
69 1 106 1 196 2 0 0 0 0 0 0 0 0 0 0 0 0 0 0 0
70 1 107 1 197 2 0 0 0 0 0 0 0 0 0 0 0 0 0 0 0
71 1 108 1 198 2 0 0 0 0 0 0 0 0 0 0 0 0 0 0 0
72 1 109 1 199 2 0 0 0 0 0 0 0 0 0 0 0 0 0 0 0
73 1 110 1 200 2 0 0 0 0 0 0 0 0 0 0 0 0 0 0 0
74 1 111 1 201 2 0 0 0 0 0 0 0 0 0 0 0 0 0 0 0
75 1 112 1 202 2 0 0 0 0 0 0 0 0 0 0 0 0 0 0 0
76 1 113 1 203 2 0 0 0 0 0 0 0 0 0 0 0 0 0 0 0
77 1 114 1 204 2 0 0 0 0 0 0 0 0 0 0 0 0 0 0 0
78 1 115 1 205 2 0 0 0 0 0 0 0 0 0 0 0 0 0 0 0
79 1 116 1 206 2 0 0 0 0 0 0 0 0 0 0 0 0 0 0 0
0 1 117 1 207 2 0 0 0 0 0 0 0 0 0 0 0 0 0 0 0
1 1 118 1 208 2 0 0 0 0 0 0 0 0 0 0 0 0 0 0 0
2 1 119 1 209 2 0 0 0 0 0 0 0 0 0 0 0 0 0 0 0
3 1 120 1 210 2 0 0 0 0 0 0 0 0 0 0 0 0 0 0 0
4 1 121 1 211 2 0 0 0 0 0 0 0 0 0 0 0 0 0 0 0
5 1 122 1 212 2 0 0 0 0 0 0 0 0 0 0 0 0 0 0 0
6 1 123 1 213 2 0 0 0 0 0 0 0 0 0 0 0 0 0 0 0
7 1 124 1 214 2 0 0 0 0 0 0 0 0 0 0 0 0 0 0 0
8 1 125 1 215 2 0 0 0 0 0 0 0 0 0 0 0 0 0 0 0
9 1 126 1 216 2 0 0 0 0 0 0 0 0 0 0 0 0 0 0 0
10 1 127 1 217 2 0 0 0 0 0 0 0 0 0 0 0 0 0 0 0
11 1 128 1 218 2 0 0 0 0 0 0 0 0 0 0 0 0 0 0 0
12 1 129 1 219 2 0 0 0 0 0 0 0 0 0 0 0 0 0 0 0
13 1 130 1 220 2 0 0 0 0 0 0 0 0 0 0 0 0 0 0 0
14 1 131 1 221 2 0 0 0 0 0 0 0 0 0 0 0 0 0 0 0
15 1 132 1 222 2 0 0 0 0 0 0 0 0 0 0 0 0 0 0 0
16 1 133 1 223 2 0 0 0 0 0 0 0 0 0 0 0 0 0 0 0
17 1 134 1 224 2 0 0 0 0 0 0 0 0 0 0 0 0 0 0 0
18 1 135 1 225 2 0 0 0 0 0 0 0 0 0 0 0 0 0 0 0
19 1 136 1 226 2 0 0 0 0 0 0 0 0 0 0 0 0 0 0 0
20 1 137 1 227 2 0 0 0 0 0 0 0 0 0 0 0 0 0 0 0
21 1 138 1 228 2 0 0 0 0 0 0 0 0 0 0 0 0 0 0 0
22 1 139 1 229 2 0 0 0 0 0 0 0 0 0 0 0 0 0 0 0
23 1 140 1 230 2 0 0 0 0 0 0 0 0 0 0 0 0 0 0 0
24 1 141 1 231 2 0 0 0 0 0 0 0 0 0 0 0 0 0 0 0
25 1 142 1 232 2 0 0 0 0 0 0 0 0 0 0 0 0 0 0 0
26 1 143 1 233 2 0 0 0 0 0 0 0 0 0 0 0 0 0 0 0
27 1 144 1 234 2 0 0 0 0 0 0 0 0 0 0 0 0 0 0 0
28 1 145 1 235 2 0 0 0 0 0 0 0 0 0 0 0 0 0 0 0
29 1 146 1 236 2 0 0 0 0 0 0 0 0 0 0 0 0 0 0 0
30 1 147 1 237 2 0 0 0 0 0 0 0 0 0 0 0 0 0 0 0
31 1 148 1 238 2 0 0 0 0 0 0 0 0 0 0 0 0 0 0 0
32 1 149 1 239 2 0 0 0 0 0 0 0 0 0 0 0 0 0 0 0
33 3 120 3 170 3 0 0 4294967296 0 0 0 0 8589934592 0 0 0 0 12884901888 0 0
34 3 121 3 171 3 0 0 17179869184 0 0 0 0 34359738368 0 0 0 0 51539607552 0 0
35 3 122 3 172 3 0 0 68719476736 0 0 0 0 137438953472 0 0 0 0 206158430208 0 0
36 3 123 3 173 3 0 0 274877906944 0 0 0 0 549755813888 0 0 0 0 824633720832 0 0
37 3 124 3 174 3 0 0 1099511627776 0 0 0 0 2199023255552 0 0 0 0 3298534883328 0 0
38 3 125 3 175 3 0 0 4398046511104 0 0 0 0 8796093022208 0 0 0 0 13194139533312 0 0
39 3 126 3 176 3 0 0 17592186044416 0 0 0 0 35184372088832 0 0 0 0 52776558133248 0 0
40 3 127 3 177 3 0 0 70368744177664 0 0 0 0 140737488355328 0 0 0 0 211106232532992 0 0
41 3 128 3 178 3 0 0 281474976710656 0 0 0 0 562949953421312 0 0 0 0 844424930131968 0 0
42 3 129 3 179 3 0 0 1125899906842624 0 0 0 0 2251799813685248 0 0 0 0 3377699720527872 0 0
43 3 130 3 180 3 0 0 4503599627370496 0 0 0 0 9007199254740992 0 0 0 0 13510798882111488 0 0
44 3 131 3 181 3 0 0 18014398509481984 0 0 0 0 36028797018963968 0 0 0 0 54043195528445952 0 0
45 3 132 3 182 3 0 0 72057594037927936 0 0 0 0 144115188075855872 0 0 0 0 216172782113783808 0 0
46 3 133 3 183 3 0 0 288230376151711744 0 0 0 0 576460752303423488 0 0 0 0 864691128455135232 0 0
47 3 134 3 184 3 0 0 1152921504606846976 0 0 0 0 2305843009213693952 0 0 0 0 3458764513820540928 0 0
48 3 135 3 185 3 0 0 4611686018427387904 0 0 0 0 9223372036854775808 0 0 0 0 13835058055282163712 0 0
49 3 136 3 186 3 0 0 0 1 0 0 0 0 2 0 0 0 0 3 0
50 3 137 3 187 3 0 0 0 4 0 0 0 0 8 0 0 0 0 12 0
51 3 138 3 188 3 0 0 0 16 0 0 0 0 32 0 0 0 0 48 0
52 3 139 3 189 3 0 0 0 64 0 0 0 0 128 0 0 0 0 192 0
53 3 140 3 190 3 0 0 0 256 0 0 0 0 512 0 0 0 0 768 0
54 3 141 3 191 3 0 0 0 1024 0 0 0 0 2048 0 0 0 0 3072 0
55 3 142 3 192 3 0 0 0 4096 0 0 0 0 8192 0 0 0 0 12288 0
56 3 143 3 193 3 0 0 0 16384 0 0 0 0 32768 0 0 0 0 49152 0
57 3 144 3 194 3 0 0 0 65536 0 0 0 0 131072 0 0 0 0 196608 0
58 3 145 3 195 3 0 0 0 262144 0 0 0 0 524288 0 0 0 0 786432 0
59 3 146 3 196 3 0 0 0 1048576 0 0 0 0 2097152 0 0 0 0 3145728 0
60 3 147 3 197 3 0 0 0 4194304 0 0 0 0 8388608 0 0 0 0 12582912 0
61 3 148 3 198 3 0 0 0 16777216 0 0 0 0 33554432 0 0 0 0 50331648 0
62 3 149 3 199 3 0 0 0 67108864 0 0 0 0 134217728 0 0 0 0 201326592 0
63 3 150 3 200 3 0 0 0 268435456 0 0 0 0 536870912 0 0 0 0 805306368 0
64 3 151 3 201 3 0 0 0 1073741824 0 0 0 0 2147483648 0 0 0 0 3221225472 0
65 3 152 3 202 3 0 0 0 4294967296 0 0 0 0 8589934592 0 0 0 0 12884901888 0
66 3 153 3 203 3 0 0 0 17179869184 0 0 0 0 34359738368 0 0 0 0 51539607552 0
67 3 154 3 204 3 0 0 0 68719476736 0 0 0 0 137438953472 0 0 0 0 206158430208 0
68 3 155 3 205 3 0 0 0 274877906944 0 0 0 0 549755813888 0 0 0 0 824633720832 0
69 3 156 3 206 3 0 0 0 1099511627776 0 0 0 0 2199023255552 0 0 0 0 3298534883328 0
70 3 157 3 207 3 0 0 0 4398046511104 0 0 0 0 8796093022208 0 0 0 0 13194139533312 0
71 3 158 3 208 3 0 0 0 17592186044416 0 0 0 0 35184372088832 0 0 0 0 52776558133248 0
72 3 159 3 209 3 0 0 0 70368744177664 0 0 0 0 140737488355328 0 0 0 0 211106232532992 0
73 3 80 3 210 3 0 0 0 281474976710656 0 0 0 0 562949953421312 0 0 0 0 844424930131968 0
74 3 81 3 211 3 0 0 0 1125899906842624 0 0 0 0 2251799813685248 0 0 0 0 3377699720527872 0
75 3 82 3 212 3 0 0 0 4503599627370496 0 0 0 0 9007199254740992 0 0 0 0 13510798882111488 0
76 3 83 3 213 3 0 0 0 18014398509481984 0 0 0 0 36028797018963968 0 0 0 0 54043195528445952 0
77 3 84 3 214 3 0 0 0 72057594037927936 0 0 0 0 144115188075855872 0 0 0 0 216172782113783808 0
78 3 85 3 215 3 0 0 0 288230376151711744 0 0 0 0 576460752303423488 0 0 0 0 864691128455135232 0
79 3 86 3 216 3 0 0 0 1152921504606846976 0 0 0 0 2305843009213693952 0 0 0 0 3458764513820540928 0
0 3 87 3 217 3 0 0 0 4611686018427387904 0 0 0 0 9223372036854775808 0 0 0 0 13835058055282163712 0
1 3 88 3 218 3 0 0 0 0 1 0 0 0 0 2 0 0 0 0 3
2 3 89 3 219 3 0 0 0 0 4 0 0 0 0 8 0 0 0 0 12
3 3 90 3 220 3 0 0 0 0 16 0 0 0 0 32 0 0 0 0 48
4 3 91 3 221 3 0 0 0 0 64 0 0 0 0 128 0 0 0 0 192
5 3 92 3 222 3 0 0 0 0 256 0 0 0 0 512 0 0 0 0 768
6 3 93 3 223 3 0 0 0 0 1024 0 0 0 0 2048 0 0 0 0 3072
7 3 94 3 224 3 0 0 0 0 4096 0 0 0 0 8192 0 0 0 0 12288
8 3 95 3 225 3 0 0 0 0 16384 0 0 0 0 32768 0 0 0 0 49152
9 3 96 3 226 3 0 0 0 0 65536 0 0 0 0 131072 0 0 0 0 196608
10 3 97 3 227 3 0 0 0 0 262144 0 0 0 0 524288 0 0 0 0 786432
11 3 98 3 228 3 0 0 0 0 1048576 0 0 0 0 2097152 0 0 0 0 3145728
12 3 99 3 229 3 0 0 0 0 4194304 0 0 0 0 8388608 0 0 0 0 12582912
13 3 100 3 230 3 0 0 0 0 16777216 0 0 0 0 33554432 0 0 0 0 50331648
14 3 101 3 231 3 0 0 0 0 67108864 0 0 0 0 134217728 0 0 0 0 201326592
15 3 102 3 232 3 0 0 0 0 268435456 0 0 0 0 536870912 0 0 0 0 805306368
16 3 103 3 233 3 0 0 0 0 1073741824 0 0 0 0 2147483648 0 0 0 0 3221225472
17 3 104 3 234 3 0 0 0 0 4294967296 0 0 0 0 8589934592 0 0 0 0 12884901888
18 3 105 3 235 3 0 0 0 0 17179869184 0 0 0 0 34359738368 0 0 0 0 51539607552
19 3 106 3 236 3 0 0 0 0 68719476736 0 0 0 0 137438953472 0 0 0 0 206158430208
20 3 107 3 237 3 0 0 0 0 274877906944 0 0 0 0 549755813888 0 0 0 0 824633720832
21 3 108 3 238 3 0 0 0 0 1099511627776 0 0 0 0 2199023255552 0 0 0 0 3298534883328
22 3 109 3 239 3 0 0 0 0 4398046511104 0 0 0 0 8796093022208 0 0 0 0 13194139533312
23 3 110 3 160 3 0 0 0 0 17592186044416 0 0 0 0 35184372088832 0 0 0 0 52776558133248
24 3 111 3 161 3 0 0 0 0 70368744177664 0 0 0 0 140737488355328 0 0 0 0 211106232532992
25 3 112 3 162 3 0 0 0 0 281474976710656 0 0 0 0 562949953421312 0 0 0 0 844424930131968
26 3 113 3 163 3 0 0 0 0 1125899906842624 0 0 0 0 2251799813685248 0 0 0 0 3377699720527872
27 3 114 3 164 3 0 0 0 0 4503599627370496 0 0 0 0 9007199254740992 0 0 0 0 13510798882111488
28 3 115 3 165 3 0 0 0 0 18014398509481984 0 0 0 0 36028797018963968 0 0 0 0 54043195528445952
29 3 116 3 166 3 0 0 0 0 72057594037927936 0 0 0 0 144115188075855872 0 0 0 0 216172782113783808
30 3 117 3 167 3 0 0 0 0 288230376151711744 0 0 0 0 576460752303423488 0 0 0 0 864691128455135232
31 3 118 3 168 3 0 0 0 0 1152921504606846976 0 0 0 0 2305843009213693952 0 0 0 0 3458764513820540928
32 3 119 3 169 3 0 0 0 0 4611686018427387904 0 0 0 0 9223372036854775808 0 0 0 0 13835058055282163712
