160 60 2 20
0 2 20 1 40 1 0 0 0 0 0 0
1 2 21 1 41 1 0 0 0 0 0 0
2 2 22 1 42 1 0 0 0 0 0 0
3 2 23 1 43 1 0 0 0 0 0 0
4 2 24 1 44 1 0 0 0 0 0 0
5 2 25 1 45 1 0 0 0 0 0 0
6 2 26 1 46 1 0 0 0 0 0 0
7 2 27 1 47 1 0 0 0 0 0 0
8 2 28 1 48 1 0 0 0 0 0 0
9 2 29 1 49 1 0 0 0 0 0 0
10 2 30 1 50 1 0 0 0 0 0 0
11 2 31 1 51 1 0 0 0 0 0 0
12 2 32 1 52 1 0 0 0 0 0 0
13 2 33 1 53 1 0 0 0 0 0 0
14 2 34 1 54 1 0 0 0 0 0 0
15 2 35 1 55 1 0 0 0 0 0 0
16 2 36 1 56 1 0 0 0 0 0 0
17 2 37 1 57 1 0 0 0 0 0 0
18 2 38 1 58 1 0 0 0 0 0 0
19 2 39 1 59 1 0 0 0 0 0 0
0 1 25 2 55 1 0 0 0 0 0 0
1 1 26 2 56 1 0 0 0 0 0 0
2 1 27 2 57 1 0 0 0 0 0 0
3 1 28 2 58 1 0 0 0 0 0 0
4 1 29 2 59 1 0 0 0 0 0 0
5 1 30 2 40 1 0 0 0 0 0 0
6 1 31 2 41 1 0 0 0 0 0 0
7 1 32 2 42 1 0 0 0 0 0 0
8 1 33 2 43 1 0 0 0 0 0 0
9 1 34 2 44 1 0 0 0 0 0 0
10 1 35 2 45 1 0 0 0 0 0 0
11 1 36 2 46 1 0 0 0 0 0 0
12 1 37 2 47 1 0 0 0 0 0 0
13 1 38 2 48 1 0 0 0 0 0 0
14 1 39 2 49 1 0 0 0 0 0 0
15 1 20 2 50 1 0 0 0 0 0 0
16 1 21 2 51 1 0 0 0 0 0 0
17 1 22 2 52 1 0 0 0 0 0 0
18 1 23 2 53 1 0 0 0 0 0 0
19 1 24 2 54 1 0 0 0 0 0 0
0 1 26 1 41 2 0 0 0 0 0 0
1 1 27 1 42 2 0 0 0 0 0 0
2 1 28 1 43 2 0 0 0 0 0 0
3 1 29 1 44 2 0 0 0 0 0 0
4 1 30 1 45 2 0 0 0 0 0 0
5 1 31 1 46 2 0 0 0 0 0 0
6 1 32 1 47 2 0 0 0 0 0 0
7 1 33 1 48 2 0 0 0 0 0 0
8 1 34 1 49 2 0 0 0 0 0 0
9 1 35 1 50 2 0 0 0 0 0 0
10 1 36 1 51 2 0 0 0 0 0 0
11 1 37 1 52 2 0 0 0 0 0 0
12 1 38 1 53 2 0 0 0 0 0 0
13 1 39 1 54 2 0 0 0 0 0 0
14 1 20 1 55 2 0 0 0 0 0 0
15 1 21 1 56 2 0 0 0 0 0 0
16 1 22 1 57 2 0 0 0 0 0 0
17 1 23 1 58 2 0 0 0 0 0 0
18 1 24 1 59 2 0 0 0 0 0 0
19 1 25 1 40 2 0 0 0 0 0 0
0 1 30 1 56 1 274878693376 0 549756076032 0 824634245120 0
1 1 31 1 57 1 3145729 0 1048578 0 2097155 0
2 1 32 1 58 1 12582916 0 4194312 0 8388620 0
3 1 33 1 59 1 50331664 0 16777248 0 33554480 0
4 1 34 1 40 1 201326656 0 67108992 0 134217920 0
5 1 35 1 41 1 805306624 0 268435968 0 536871680 0
6 1 36 1 42 1 3221226496 0 1073743872 0 2147486720 0
7 1 37 1 43 1 12884905984 0 4294975488 0 8589946880 0
8 1 38 1 44 1 51539623936 0 17179901952 0 34359787520 0
9 1 39 1 45 1 206158495744 0 68719607808 0 137439150080 0
10 1 20 1 46 1 824633982976 0 274878431232 0 549756600320 0
11 1 21 1 47 1 1048579 0 2097153 0 3145730 0
12 1 22 1 48 1 4194316 0 8388612 0 12582920 0
13 1 23 1 49 1 16777264 0 33554448 0 50331680 0
14 1 24 1 50 1 67109056 0 134217792 0 201326720 0
15 1 25 1 51 1 268436224 0 536871168 0 805306880 0
16 1 26 1 52 1 1073744896 0 2147484672 0 3221227520 0
17 1 27 1 53 1 4294979584 0 8589938688 0 12884910080 0
18 1 28 1 54 1 17179918336 0 34359754752 0 51539640320 0
19 1 29 1 55 1 68719673344 0 137439019008 0 206158561280 0
0 1 32 1 48 1 4616189618109313028 3073 9232379236134719496 1026 13848568854210469900 2051
1 1 33 1 49 1 18014398727700496 12293 36028797119774752 4106 54043195713224752 8207
2 1 34 1 50 1 72057594910801984 49172 144115188479099008 16424 216172782852899008 32828
3 1 35 1 51 1 288233678178091264 80 576461853428023808 160 864693330434851584 240
4 1 36 1 52 1 1152934712712365056 320 2305847413712095232 640 3458773321739406336 960
5 1 37 1 53 1 4611738850849460224 1280 9223389654848380928 2560 13835093286957625344 3840
6 1 38 1 54 1 211329688289280 5121 70471974420480 10242 140926701846528 15363
7 1 39 1 55 1 845318753157120 20484 281887897681920 40968 563706807386112 61452
8 1 20 1 56 1 3379075989372931 16400 1128651102355457 32800 2255926741172226 49200
9 1 21 1 57 1 13516303957491725 64 4514604409421830 128 9023706964688907 192
10 1 22 1 58 1 54065215829966900 256 18058417637687320 512 36094827858755628 768
11 1 23 1 59 1 216260863319867600 1024 72233670550749280 2048 144379311435022512 3072
12 1 24 1 40 1 865043453279470400 4096 288934682202997120 8192 577517245740090048 12288
13 1 25 1 41 1 3460172713606253825 16384 1155736529788732930 32768 2310065684425476867 49152
14 1 26 1 42 1 13840688655401759751 0 4622947218666559497 0 9240263837213535246 0
15 1 27 1 43 1 22522400478384156 3 45044800956686372 1 67567201435037752 2
16 1 28 1 44 1 90089601913536624 12 180179203826745488 4 270268805740151008 8
17 1 29 1 45 1 360358407654146496 48 720716815306981952 16 1081075222960604032 32
18 1 30 1 46 1 1441433630616585984 192 2882867261227927808 64 4324300891842416128 128
19 1 31 1 47 1 5765733422954716161 768 11531466845888455682 256 17297200268834781187 512
0 1 29 1 51 1 3748131795733580801 64 1731650565504762882 128 3173917340316731395 192
1 1 30 1 52 1 14992527182934323204 256 6926602262019051528 512 12695669361266925580 768
2 1 31 1 53 1 4629876510608637968 1027 9259664974366654496 2049 13889189297648599088 3074
3 1 32 1 54 1 72761968725000256 4109 145171750047514752 8198 216524969465741504 12299
4 1 33 1 55 1 291045675876745474 16436 580683701655175683 32792 866098778351338241 49196
5 1 34 1 56 1 1164181603995354122 208 2322733707109074959 96 3464397312428608517 176
6 1 35 1 57 1 4656726415981416488 832 9290934828436299836 384 13857589249714434068 704
7 1 36 1 58 1 180161590216114336 3329 270251166326096112 1538 90124777729081424 2819
8 1 37 1 59 1 720646360864457344 13316 1081004665304384448 6152 360499110916325696 11276
9 1 38 1 40 1 2882585443457829376 53264 4324018661217537792 24608 1441996443665302784 45104
10 1 39 1 41 1 11530345072366200832 16448 17296075744381778944 32896 5767987973684466688 49344
11 1 20 1 42 1 9227889943022444547 258 13844071855910088705 515 4625208920539942914 769
12 1 21 1 43 1 18071624670674956 1034 36055202511699972 2063 54091608450220040 3077
13 1 22 1 44 1 72286498682699824 4136 144220810046799888 8252 216366433800880160 12308
14 1 23 1 45 1 289145994730799296 16544 576883240187199552 33008 865465735203520640 49232
15 1 24 1 46 1 1156581779899941635 640 2307534060260425985 960 3461864040325710338 320
16 1 25 1 47 1 4626327119599766540 2560 9230136241041703940 3840 13847456161302841352 1280
17 1 26 1 48 1 58564404689514544 10241 27056816747712528 15362 49592424082710560 5123
18 1 27 1 49 1 234257618758058176 40964 108227266990850112 61448 198369696330842240 20492
19 1 28 1 50 1 937032674055488256 32784 432912366498283776 49184 793479884834996736 16432
0 1 24 1 43 1 577377472070025728 49152 865115817371763456 16384 289008284588310784 32768
1 1 25 1 44 1 2309509888280102915 0 3460463269487053825 0 1156033138353243138 0
2 1 26 1 45 1 9238039553120411660 0 13841853077948215300 0 4624132553412972552 0
3 1 27 1 46 1 58670065062543408 2 27180090664206352 3 49786139942338592 1
4 1 28 1 47 1 234680260250173632 8 108720362656825408 12 199144559769354368 4
5 1 29 1 48 1 938719941489066753 32 434879251604046082 48 796574940542534147 16
6 1 30 1 49 1 3754876467421383687 128 1739515906904556553 192 3186297563146881038 64
7 1 31 1 50 1 15019504770173906973 512 6958061428594970662 768 12745186954052640827 256
8 1 32 1 51 1 4737786859566973044 2051 9385501640670331032 3073 14087259668791460076 1026
9 1 33 1 52 1 504403364558340560 8205 648518415262220896 12294 1008806454037185456 4107
10 1 34 1 53 1 2017613458233362240 32820 2594073661048883584 49176 4035225816148741824 16428
11 1 35 1 54 1 8070452733421821187 208 10376296843218789889 96 16140902165083339522 176
12 1 36 1 55 1 13835066859977733132 833 4611699225456056324 386 9223376439204703240 707
13 1 37 1 56 1 35218782277680 3335 52828114673680 1545 17609399709728 2830
14 1 38 1 57 1 140875129110720 13340 211312458694720 6180 70437598838912 11320
15 1 39 1 58 1 563500516442880 53360 845249834778880 24720 281750395355648 45280
16 1 20 1 59 1 2255101577399298 16832 3378800315859971 33344 1128101093050369 50048
17 1 21 1 40 1 9021505821224968 1792 13517400286695436 2304 4515702907084804 3584
18 1 22 1 41 1 36086023284899872 7168 54069601146781744 9216 18062811628339216 14336
19 1 23 1 42 1 144344093139599488 28672 216278404587126976 36864 72251246513356864 57344
0 1 36 1 50 1 288230376151711744 32768 576460752303423488 49152 864691128455135232 16384
1 1 37 1 51 1 1152923703630102528 0 2305846307748577280 0 3458765613332168704 0
2 1 38 1 52 1 4611694814520410112 0 9223385230994309120 0 13835062453328674816 0
3 1 39 1 53 1 35184372088832 1 52776558133248 2 17592186044416 3
4 1 20 1 54 1 140737488355328 4 211106232532992 8 70368744177664 12
5 1 21 1 55 1 562949953421312 16 844424930131968 32 281474976710656 48
6 1 22 1 56 1 2251799813685248 64 3377699720527872 128 1125899906842624 192
7 1 23 1 57 1 9007199254740992 256 13510798882111488 512 4503599627370496 768
8 1 24 1 58 1 36028797018963968 1024 54043195528445952 2048 18014398509481984 3072
9 1 25 1 59 1 144115188075855872 4096 216172782113783808 8192 72057594037927936 12288
10 1 26 1 40 1 576460752303423488 16384 864691128455135232 32768 288230376151711744 49152
11 1 27 1 41 1 2305844108725321728 0 3458766712843796480 0 1152924803141730304 0
12 1 28 1 42 1 9223376434901286912 0 13835066851375185920 0 4611699212566921216 0
13 1 29 1 43 1 17592186044416 2 35184372088832 3 52776558133248 1
14 1 30 1 44 1 70368744177664 8 140737488355328 12 211106232532992 4
15 1 31 1 45 1 281474976710656 32 562949953421312 48 844424930131968 16
16 1 32 1 46 1 1125899906842624 128 2251799813685248 192 3377699720527872 64
17 1 33 1 47 1 4503599627370496 512 9007199254740992 768 13510798882111488 256
18 1 34 1 48 1 18014398509481984 2048 36028797018963968 3072 54043195528445952 1024
19 1 35 1 49 1 72057594037927936 8192 144115188075855872 12288 216172782113783808 4096
