160 60 2 20
0 1 20 1 40 1 522629144178065616 8204 684618130781110368 12292 1062991211687575728 4104
1 1 21 1 41 1 2090515477200634689 32816 2738470324101185922 49168 4251961548215419587 16416
2 1 22 1 42 1 8362060809290910983 192 10953883495427999241 64 17007845093350050574 128
3 1 23 1 43 1 15001499163454092316 769 6922045834292893732 258 12691148152271547448 515
4 1 24 1 44 1 4665764432687714416 3079 9241439263462023312 1033 13871104461667086560 2062
5 1 25 1 45 1 216313657041306048 12317 72268906428990016 4134 144185625539691392 8251
6 1 26 1 46 1 865254628165224192 49268 289075625715960064 16536 576742502158765568 33004
7 1 27 1 47 1 3461019612172524546 464 1156300303840584707 608 2306971108146690049 944
8 1 28 1 48 1 13844078448690098184 1856 4625201215362338828 2432 9227884432586760196 3776
9 1 29 1 49 1 36081573631737888 7427 54060787739803696 9729 18049582927937552 15106
10 1 30 1 50 1 144326294526951552 29708 216243150959214784 38916 72198331711750208 60424
11 1 31 1 51 1 577306277619433984 53296 864974802860114688 24592 288796625381884160 45088
12 1 32 1 52 1 2309228409012619264 16576 3459900310952086528 32832 1155188700550792192 49280
13 1 33 1 53 1 9236914735562104832 768 13839603442831601664 256 4620758100738052096 512
14 1 34 1 54 1 54170794829316096 3074 18181550197751808 1027 36288329242656768 2049
15 1 35 1 55 1 216683179317264384 12296 72726200791007232 4108 145153316970627072 8196
16 1 36 1 56 1 866732717269057536 49184 290904803164028928 16432 580613267882508288 32784
17 1 37 1 57 1 3466930869076230147 128 1163619212656115713 192 2322453071530033154 64
18 1 38 1 58 1 13867722376793292813 512 4654474651601207302 768 9289808987585249291 256
19 1 39 1 59 1 130657286044516404 2051 171154532695277592 3073 265747802921893932 1026
13 1 36 1 41 1 180214423028301984 12336 270356853173649648 4112 90283305878093904 8224
14 1 37 1 42 1 720857692113207936 49344 1081427412694598592 16448 361133223512375616 32896
15 1 38 1 43 1 2883432967476087297 768 4325708551266766594 256 1444531794537874691 512
16 1 39 1 44 1 11533731869904349188 3072 17302834205067066376 1024 5778127178151498764 2048
17 1 20 1 45 1 9241439332198293520 12290 13871104599139610656 4099 4665764638896443440 8193
18 1 21 1 46 1 72269181374070848 49162 144186175429787776 16399 216314481876222144 32773
19 1 22 1 47 1 289078924519538945 40 576743602207523330 60 865256827993260803 20
0 1 23 1 48 1 1156312399543272455 160 2306973309318465545 240 3461025112949787662 80
1 1 24 1 49 1 4625249598173089820 640 9227893237273862180 960 13844100451799150648 320
2 1 25 1 50 1 54254318982807664 2561 18084801676345488 3842 36169586067947744 1283
3 1 26 1 51 1 217017275931230656 10244 72339206705381952 15368 144678344271790976 5132
4 1 27 1 52 1 868069103724922624 40976 289356826821527808 61472 578713377087163904 20528
5 1 28 1 53 1 3472277514411318273 32832 1157428406797739010 49280 2314851309325400067 16576
6 1 29 1 54 1 13889112256668528644 256 4629716925725839368 512 9259406336813228044 768
7 1 30 1 55 1 216216805545459728 1027 72123629193805856 2049 144137199833808944 3074
8 1 31 1 56 1 864867222181838912 4108 288494516775223424 8196 576548799335235776 12296
9 1 32 1 57 1 3459468888727355648 16432 1153978067100893696 32784 2306195197340943104 49184
10 1 33 1 58 1 13837874455397794818 192 4615911168891947011 64 9224782988387027969 128
11 1 34 1 59 1 11263401439268874 771 16897303323353103 257 5642706617380869 514
12 1 35 1 40 1 45053605757075496 3084 67589213293412412 1028 22570826469523476 2056
13 1 30 1 58 1 504403158534258880 16436 648518346878877760 32792 1008806317337280640 49196
14 1 31 1 59 1 2017613733648663296 208 2594075586538766592 96 4035228567884005888 176
15 1 32 1 40 1 8070454934594653184 832 10376302346155066368 384 16140914271536023552 704
16 1 33 1 41 1 13835075664669061120 3329 4611721237201162240 1538 9223424865015439360 2819
17 1 34 1 42 1 70437547589632 13319 140875095097344 6153 211312642654208 11278
18 1 35 1 43 1 281750190358528 53276 563500380389376 24612 845250570616832 45112
19 1 36 1 44 1 1129199784689665 16496 2252902009929730 32912 3379902770839555 49376
0 1 37 1 45 1 4517898650386436 448 9013807062974472 576 13522909618241548 896
1 1 38 1 46 1 18071594601545744 1792 36055228251897888 2304 54091638472966192 3584
2 1 39 1 47 1 72286378406182976 7168 144220913007591552 9216 216366553891864768 14336
3 1 20 1 48 1 289145513624731904 28672 576883652030366208 36864 865466215567459072 57344
4 1 21 1 49 1 1156582054498927617 49152 2307534608121464834 16384 3461864862269836291 32768
5 1 22 1 50 1 4626330417018966021 0 9230137332974231562 0 13847458349567717391 0
6 1 23 1 51 1 58577594366312468 1 27061184477823016 2 49601177142214716 3
7 1 24 1 52 1 234310377465249872 4 108244737911292064 8 198404708568858864 12
8 1 25 1 53 1 937241509860999488 16 432978951645168256 32 793618834275435456 48
9 1 26 1 54 1 3748966039443997952 64 1731915806580673024 128 3174475337101741824 192
10 1 27 1 55 1 14995860859241108483 256 6927662126811064321 512 12697899149383711746 768
11 1 28 1 56 1 4643211215835779084 1027 9263904433534705668 2049 13898108450115743752 3074
12 1 29 1 57 1 126100789633564720 4109 162129586719719440 8198 252201579334320160 12299
9 1 24 1 56 1 549756076032 0 824634245120 0 274878693376 0
10 1 25 1 57 1 1048578 0 2097155 0 3145729 0
11 1 26 1 58 1 4194312 0 8388620 0 12582916 0
12 1 27 1 59 1 16777248 0 33554480 0 50331664 0
13 1 28 1 40 1 67108992 0 134217920 0 201326656 0
14 1 29 1 41 1 268435968 0 536871680 0 805306624 0
15 1 30 1 42 1 1073743872 0 2147486720 0 3221226496 0
16 1 31 1 43 1 4294975488 0 8589946880 0 12884905984 0
17 1 32 1 44 1 17179901952 0 34359787520 0 51539623936 0
18 1 33 1 45 1 68719607808 0 137439150080 0 206158495744 0
19 1 34 1 46 1 274878431232 0 549756600320 0 824633982976 0
0 1 35 1 47 1 2097153 0 3145730 0 1048579 0
1 1 36 1 48 1 8388612 0 12582920 0 4194316 0
2 1 37 1 49 1 33554448 0 50331680 0 16777264 0
3 1 38 1 50 1 134217792 0 201326720 0 67109056 0
4 1 39 1 51 1 536871168 0 805306880 0 268436224 0
5 1 20 1 52 1 2147484672 0 3221227520 0 1073744896 0
6 1 21 1 53 1 8589938688 0 12884910080 0 4294979584 0
7 1 22 1 54 1 34359754752 0 51539640320 0 17179918336 0
8 1 23 1 55 1 137439019008 0 206158561280 0 68719673344 0
0 2 36 1 58 1 0 0 0 0 0 0
1 2 37 1 59 1 0 0 0 0 0 0
2 2 38 1 40 1 0 0 0 0 0 0
3 2 39 1 41 1 0 0 0 0 0 0
4 2 20 1 42 1 0 0 0 0 0 0
5 2 21 1 43 1 0 0 0 0 0 0
6 2 22 1 44 1 0 0 0 0 0 0
7 2 23 1 45 1 0 0 0 0 0 0
8 2 24 1 46 1 0 0 0 0 0 0
9 2 25 1 47 1 0 0 0 0 0 0
10 2 26 1 48 1 0 0 0 0 0 0
11 2 27 1 49 1 0 0 0 0 0 0
12 2 28 1 50 1 0 0 0 0 0 0
13 2 29 1 51 1 0 0 0 0 0 0
14 2 30 1 52 1 0 0 0 0 0 0
15 2 31 1 53 1 0 0 0 0 0 0
16 2 32 1 54 1 0 0 0 0 0 0
17 2 33 1 55 1 0 0 0 0 0 0
18 2 34 1 56 1 0 0 0 0 0 0
19 2 35 1 57 1 0 0 0 0 0 0
9 1 20 2 41 1 0 0 0 0 0 0
10 1 21 2 42 1 0 0 0 0 0 0
11 1 22 2 43 1 0 0 0 0 0 0
12 1 23 2 44 1 0 0 0 0 0 0
13 1 24 2 45 1 0 0 0 0 0 0
14 1 25 2 46 1 0 0 0 0 0 0
15 1 26 2 47 1 0 0 0 0 0 0
16 1 27 2 48 1 0 0 0 0 0 0
17 1 28 2 49 1 0 0 0 0 0 0
18 1 29 2 50 1 0 0 0 0 0 0
19 1 30 2 51 1 0 0 0 0 0 0
0 1 31 2 52 1 0 0 0 0 0 0
1 1 32 2 53 1 0 0 0 0 0 0
2 1 33 2 54 1 0 0 0 0 0 0
3 1 34 2 55 1 0 0 0 0 0 0
4 1 35 2 56 1 0 0 0 0 0 0
5 1 36 2 57 1 0 0 0 0 0 0
6 1 37 2 58 1 0 0 0 0 0 0
7 1 38 2 59 1 0 0 0 0 0 0
8 1 39 2 40 1 0 0 0 0 0 0
3 1 24 1 40 2 0 0 0 0 0 0
4 1 25 1 41 2 0 0 0 0 0 0
5 1 26 1 42 2 0 0 0 0 0 0
6 1 27 1 43 2 0 0 0 0 0 0
7 1 28 1 44 2 0 0 0 0 0 0
8 1 29 1 45 2 0 0 0 0 0 0
9 1 30 1 46 2 0 0 0 0 0 0
10 1 31 1 47 2 0 0 0 0 0 0
11 1 32 1 48 2 0 0 0 0 0 0
12 1 33 1 49 2 0 0 0 0 0 0
13 1 34 1 50 2 0 0 0 0 0 0
14 1 35 1 51 2 0 0 0 0 0 0
15 1 36 1 52 2 0 0 0 0 0 0
16 1 37 1 53 2 0 0 0 0 0 0
17 1 38 1 54 2 0 0 0 0 0 0
18 1 39 1 55 2 0 0 0 0 0 0
19 1 20 1 56 2 0 0 0 0 0 0
0 1 21 1 57 2 0 0 0 0 0 0
1 1 22 1 58 2 0 0 0 0 0 0
2 1 23 1 59 2 0 0 0 0 0 0
3 1 30 1 56 1 864691128455135232 16384 288230376151711744 32768 576460752303423488 49152
4 1 31 1 57 1 3458765613332168704 0 1152923703630102528 0 2305846307748577280 0
5 1 32 1 58 1 13835062453328674816 0 4611694814520410112 0 9223385230994309120 0
6 1 33 1 59 1 17592186044416 3 35184372088832 1 52776558133248 2
7 1 34 1 40 1 70368744177664 12 140737488355328 4 211106232532992 8
8 1 35 1 41 1 281474976710656 48 562949953421312 16 844424930131968 32
9 1 36 1 42 1 1125899906842624 192 2251799813685248 64 3377699720527872 128
10 1 37 1 43 1 4503599627370496 768 9007199254740992 256 13510798882111488 512
11 1 38 1 44 1 18014398509481984 3072 36028797018963968 1024 54043195528445952 2048
12 1 39 1 45 1 72057594037927936 12288 144115188075855872 4096 216172782113783808 8192
13 1 20 1 46 1 288230376151711744 49152 576460752303423488 16384 864691128455135232 32768
14 1 21 1 47 1 1152924803141730304 0 2305844108725321728 0 3458766712843796480 0
15 1 22 1 48 1 4611699212566921216 0 9223376434901286912 0 13835066851375185920 0
16 1 23 1 49 1 52776558133248 1 17592186044416 2 35184372088832 3
17 1 24 1 50 1 211106232532992 4 70368744177664 8 140737488355328 12
18 1 25 1 51 1 844424930131968 16 281474976710656 32 562949953421312 48
19 1 26 1 52 1 3377699720527872 64 1125899906842624 128 2251799813685248 192
0 1 27 1 53 1 13510798882111488 256 4503599627370496 512 9007199254740992 768
1 1 28 1 54 1 54043195528445952 1024 18014398509481984 2048 36028797018963968 3072
2 1 29 1 55 1 216172782113783808 4096 72057594037927936 8192 144115188075855872 12288
