176 66 2 22
0 1 22 2 44 3 13839561656272683808 4496 4620693220408426800 8928 9236882839826334224 13168
1 1 23 2 45 3 18014403962080384 17987 36028807924155584 35713 54043211886233664 52674
2 1 24 2 46 3 72057615848321536 71948 144115231696622336 142852 216172847544934656 210696
3 1 25 2 47 3 288230463393286144 287792 576460926786489344 571408 864691390179738624 842784
4 1 26 2 48 3 1152921853573144576 1151168 2305843707145957376 2285632 3458765560718954496 3371136
5 1 27 2 49 3 4611687414292578304 4604672 9223374828583829504 9142528 13835062242875817984 13484544
6 1 28 2 50 3 23175646806016 1641473 46351288303616 3015682 69526932750336 3606531
7 1 29 2 51 3 75110401179649 6565892 150220781125634 12062728 225331172868099 14426124
8 1 30 2 52 3 300441604718597 9486352 600883124502538 14696480 901324691472399 7372848
9 1 31 2 53 3 1236950790963220 4390976 2456309056143400 8454272 3622890951934012 12714176
10 1 32 2 54 3 4947803163852881 786688 9825236224573602 262656 14491563807736051 525056
11 1 33 2 55 3 19773620469367109 3146752 39265760526205578 1050624 57913478672810959 2100224
12 1 34 2 56 3 79094481877468436 12587008 157063042104822312 4202496 231653914691243836 8400896
13 1 35 2 57 3 316430704068006992 16384 628269760605333664 32768 926650843137064176 49152
14 1 36 2 58 3 1265722816272027968 65536 2513079042421334656 131072 3706603372548256704 196608
15 1 37 2 59 3 5062891265088111872 262144 10052316169685338624 524288 14826413490193026816 786432
16 1 38 2 60 3 1804820986642895872 1048577 3315776531322251264 2097154 3965421739643452416 3145731
17 1 39 2 61 3 7219283946571583488 4194308 13263106125289005056 8388616 15861686958573809664 12582924
18 1 40 2 62 3 10430356528204693507 17 16158953945922961409 34 8106533205352628226 51
19 1 41 2 63 3 4827937965399670796 70 9295583562563190788 139 13979388747700961288 205
20 1 42 2 64 3 864972603517042738 281 288793326275526675 558 577305177489145889 823
21 1 43 2 65 3 3459890414068170952 1124 1155173305102106700 2232 2309220709956583556 3292
18 3 23 1 64 1 10173631579302183424 131584 14271907255577232128 197376 5413326806122004736 65792
19 3 24 1 65 1 3801038169789630464 526338 1747396801180273664 789507 3206563150778467328 263169
20 3 25 1 44 1 15204152679158521856 2105352 6989587204721094656 3158028 12826252603113869312 1052676
21 3 26 1 45 1 5476378495505432576 8421411 9511604745174827008 12632113 14411522265036374016 4210706
0 3 27 1 46 1 3458805092684267520 131213 1152983609838338048 196806 2305874431202885632 65611
1 3 28 1 47 1 13835202778551025665 524852 4611899254981263362 787224 9223444948253409283 262444
2 3 29 1 48 1 578893075447812 2099411 852946215501832 3148897 291645594533900 1049778
3 3 30 1 49 1 2262795743658003 8397644 3394192675962913 12595588 1131398006046770 4199112
4 3 31 1 50 1 9051182974632014 36144 13576770703851655 50704 4525592024187081 19232
5 3 32 1 51 1 36169547526439226 144576 54254306257273375 202816 18084775910703909 76928
6 3 33 1 52 1 144678190105756904 578304 217017225029093500 811264 72339103642815636 307712
7 3 34 1 53 1 578712760423027616 2313216 868068900116374000 3245056 289356414571262544 1230848
8 3 35 1 54 1 2314851041692110464 9252864 3472275600465496000 12980224 1157425658285050176 4923392
9 3 36 1 55 1 9259439351140530688 3457024 13889155178420117248 1589248 4629720225326245120 2916352
10 3 37 1 56 1 144269257143019520 13828098 216388492551814144 6356995 72136827595428864 11665409
11 3 38 1 57 1 577077028572078083 4980744 865553970207256577 8650764 288547310381715458 13107204
12 3 39 1 58 1 2308325706474356748 3145760 3462251065201115140 1048624 1154242018084995080 2097168
13 3 40 1 59 1 9233302825897426992 12583040 13849004260804460560 4194496 4616968072339980320 8388672
14 3 41 1 60 1 39740748356649154 514 55749637717098563 771 21145807836414081 257
15 3 42 1 61 1 158962993426596616 2056 222998550868394252 3084 84583231345656324 1028
16 3 43 1 62 1 635851973706386464 8224 891994203473577008 12336 338332925382625296 4112
17 3 22 1 63 1 2543407894825545856 32896 3567976813894308032 49344 1353331701530501184 16448
8 2 28 1 63 1 216313572022550584 74688 72268717865566236 143680 144185591922163748 201344
9 2 29 1 64 1 865254288090202336 298752 289074871462264944 574720 576742367688654992 805376
10 2 30 1 65 1 3461017152360809344 1195008 1156299485849059776 2298880 2306969470754619968 3221504
11 2 31 1 44 1 13844068609443237376 4780032 4625197943396239104 9195520 9227877883018479872 12886016
12 2 32 1 45 1 36059808830339072 2342915 54082884247493632 3227649 18076161212949504 1212418
13 2 33 1 46 1 144186458763223043 9371660 216313944803930113 12910596 72269460479709186 4849672
14 2 34 1 47 1 576781019424981004 3932208 865308555773853700 1310736 289095434104881160 2621472
15 2 35 1 48 1 2307124077699924016 15728832 3461234223095414800 5242944 1156381736419524640 10485888
16 2 36 1 49 1 9228496310799696067 12583680 13844936892381659201 4194560 4625526945678098562 8389120
17 2 37 1 50 1 20532280151769869 3074 39497756211937542 1027 55346116816798219 2049
18 2 38 1 51 1 82129120607079476 12296 157991024847750168 4108 221384467267192876 8196
19 2 39 1 52 1 328481298056229074 49184 631911322832867427 16432 885520276882727089 32784
20 2 40 1 53 1 1313925192224916296 196736 2527645291331469708 65728 3542081107530908356 131136
21 2 41 1 54 1 5255700768899665184 786944 10110581165325878832 262912 14168324430123633424 524544
0 2 42 1 55 1 2576059001889109120 3147777 3548836513884412096 1051650 1333065499365878848 2098179
1 2 43 1 56 1 10304236007556436480 12591108 14195346055537648384 4206600 5332261997463515392 8392716
2 2 22 1 57 1 4323508659364775936 32786 1441169593207983104 49187 2882339100516598784 16433
3 2 23 1 58 1 17294034637459103744 131144 5764678372831932416 196748 11529356402066395136 65732
4 2 24 1 59 1 13835906328707760128 524579 4611969417618178048 786993 9223937460846477312 262930
5 2 25 1 60 1 3393093702385664 2098319 1133596763160576 3147973 2261695966806016 1051722
6 2 26 1 61 1 13519598251409411 8393276 4516794866597889 12591892 9011599495135234 4206888
7 2 27 1 62 1 54078393005637646 18672 18067179466391559 35920 36046397980540937 50336
4 1 39 3 47 2 16793604 0 33587208 0 50380812 0
5 1 40 3 48 2 67174416 0 134348832 0 201523248 0
6 1 41 3 49 2 268697664 0 537395328 0 806092992 0
7 1 42 3 50 2 1074790656 0 2149581312 0 3224371968 0
8 1 43 3 51 2 4299162624 0 8598325248 0 12897487872 0
9 1 22 3 52 2 17196650496 0 34393300992 0 51589951488 0
10 1 23 3 53 2 68786601984 0 137573203968 0 206359805952 0
11 1 24 3 54 2 275146407936 0 550292815872 0 825439223808 0
12 1 25 3 55 2 1100585631744 0 2201171263488 0 3301756895232 0
13 1 26 3 56 2 4402342526976 0 8804685053952 0 13207027580928 0
14 1 27 3 57 2 17184063489 0 34368126978 0 51552190467 0
15 1 28 3 58 2 68736253956 0 137472507912 0 206208761868 0
16 1 29 3 59 2 274945015824 0 549890031648 0 824835047472 0
17 1 30 3 60 2 1099780063296 0 2199560126592 0 3299340189888 0
18 1 31 3 61 2 4399120253184 0 8798240506368 0 13197360759552 0
19 1 32 3 62 2 4294968321 0 8589936642 0 12884904963 0
20 1 33 3 63 2 17179873284 0 34359746568 0 51539619852 0
21 1 34 3 64 2 68719493136 0 137438986272 0 206158479408 0
0 1 35 3 65 2 274877972544 0 549755945088 0 824633917632 0
1 1 36 3 44 2 1099511890176 0 2199023780352 0 3298535670528 0
2 1 37 3 45 2 4398047560704 0 8796095121408 0 13194142682112 0
3 1 38 3 46 2 4198401 0 8396802 0 12595203 0
8 3 22 1 47 1 0 0 0 0 0 0
9 3 23 1 48 1 0 0 0 0 0 0
10 3 24 1 49 1 0 0 0 0 0 0
11 3 25 1 50 1 0 0 0 0 0 0
12 3 26 1 51 1 0 0 0 0 0 0
13 3 27 1 52 1 0 0 0 0 0 0
14 3 28 1 53 1 0 0 0 0 0 0
15 3 29 1 54 1 0 0 0 0 0 0
16 3 30 1 55 1 0 0 0 0 0 0
17 3 31 1 56 1 0 0 0 0 0 0
18 3 32 1 57 1 0 0 0 0 0 0
19 3 33 1 58 1 0 0 0 0 0 0
20 3 34 1 59 1 0 0 0 0 0 0
21 3 35 1 60 1 0 0 0 0 0 0
0 3 36 1 61 1 0 0 0 0 0 0
1 3 37 1 62 1 0 0 0 0 0 0
2 3 38 1 63 1 0 0 0 0 0 0
3 3 39 1 64 1 0 0 0 0 0 0
4 3 40 1 65 1 0 0 0 0 0 0
5 3 41 1 44 1 0 0 0 0 0 0
6 3 42 1 45 1 0 0 0 0 0 0
7 3 43 1 46 1 0 0 0 0 0 0
0 1 23 2 63 3 0 0 0 0 0 0
1 1 24 2 64 3 0 0 0 0 0 0
2 1 25 2 65 3 0 0 0 0 0 0
3 1 26 2 44 3 0 0 0 0 0 0
4 1 27 2 45 3 0 0 0 0 0 0
5 1 28 2 46 3 0 0 0 0 0 0
6 1 29 2 47 3 0 0 0 0 0 0
7 1 30 2 48 3 0 0 0 0 0 0
8 1 31 2 49 3 0 0 0 0 0 0
9 1 32 2 50 3 0 0 0 0 0 0
10 1 33 2 51 3 0 0 0 0 0 0
11 1 34 2 52 3 0 0 0 0 0 0
12 1 35 2 53 3 0 0 0 0 0 0
13 1 36 2 54 3 0 0 0 0 0 0
14 1 37 2 55 3 0 0 0 0 0 0
15 1 38 2 56 3 0 0 0 0 0 0
16 1 39 2 57 3 0 0 0 0 0 0
17 1 40 2 58 3 0 0 0 0 0 0
18 1 41 2 59 3 0 0 0 0 0 0
19 1 42 2 60 3 0 0 0 0 0 0
20 1 43 2 61 3 0 0 0 0 0 0
21 1 22 2 62 3 0 0 0 0 0 0
4 1 28 3 64 2 288300744895889408 16 576601489791778816 32 864902234687668224 48
5 1 29 3 65 2 1153202979583557632 64 2306405959167115264 128 3459608938750672896 192
6 1 30 3 44 2 4612811918334230528 256 9225623836668461056 512 13838435755002691584 768
7 1 31 3 45 2 4503599627370496 1025 9007199254740992 2050 13510798882111488 3075
8 1 32 3 46 2 18014398509481984 4100 36028797018963968 8200 54043195528445952 12300
9 1 33 3 47 2 72057594037927936 16400 144115188075855872 32800 216172782113783808 49200
10 1 34 3 48 2 288230376151711744 65600 576460752303423488 131200 864691128455135232 196800
11 1 35 3 49 2 1152921504606846976 262400 2305843009213693952 524800 3458764513820540928 787200
12 1 36 3 50 2 4611686018427387904 1049600 9223372036854775808 2099200 13835058055282163712 3148800
13 1 37 3 51 2 0 4198401 0 8396802 0 12595203
14 1 38 3 52 2 17592186044416 16388 35184372088832 32776 52776558133248 49164
15 1 39 3 53 2 70368744177664 65552 140737488355328 131104 211106232532992 196656
16 1 40 3 54 2 281474976710656 262208 562949953421312 524416 844424930131968 786624
17 1 41 3 55 2 1125899906842624 1048832 2251799813685248 2097664 3377699720527872 3146496
18 1 42 3 56 2 4503599627370496 4195328 9007199254740992 8390656 13510798882111488 12585984
19 1 43 3 57 2 18031990695526400 4096 36063981391052800 8192 54095972086579200 12288
20 1 22 3 58 2 72127962782105600 16384 144255925564211200 32768 216383888346316800 49152
21 1 23 3 59 2 288511851128422400 65536 577023702256844800 131072 865535553385267200 196608
0 1 24 3 60 2 1154047404513689600 262144 2308094809027379200 524288 3462142213541068800 786432
1 1 25 3 61 2 4616189618054758400 1048576 9232379236109516800 2097152 13848568854164275200 3145728
2 1 26 3 62 2 18014398509481984 4194305 36028797018963968 8388610 54043195528445952 12582915
3 1 27 3 63 2 72075186223972352 4 144150372447944704 8 216225558671917056 12
18 2 39 1 44 1 0 0 0 0 0 0
19 2 40 1 45 1 0 0 0 0 0 0
20 2 41 1 46 1 0 0 0 0 0 0
21 2 42 1 47 1 0 0 0 0 0 0
0 2 43 1 48 1 0 0 0 0 0 0
1 2 22 1 49 1 0 0 0 0 0 0
2 2 23 1 50 1 0 0 0 0 0 0
3 2 24 1 51 1 0 0 0 0 0 0
4 2 25 1 52 1 0 0 0 0 0 0
5 2 26 1 53 1 0 0 0 0 0 0
6 2 27 1 54 1 0 0 0 0 0 0
7 2 28 1 55 1 0 0 0 0 0 0
8 2 29 1 56 1 0 0 0 0 0 0
9 2 30 1 57 1 0 0 0 0 0 0
10 2 31 1 58 1 0 0 0 0 0 0
11 2 32 1 59 1 0 0 0 0 0 0
12 2 33 1 60 1 0 0 0 0 0 0
13 2 34 1 61 1 0 0 0 0 0 0
14 2 35 1 62 1 0 0 0 0 0 0
15 2 36 1 63 1 0 0 0 0 0 0
16 2 37 1 64 1 0 0 0 0 0 0
17 2 38 1 65 1 0 0 0 0 0 0
