288 768
8 1 96 192 288 384 480 576 672
9 0 1 97 193 289 385 481 577 673
8 3 98 194 290 386 482 578 674
9 2 3 99 195 291 387 483 579 675
8 5 100 196 292 388 484 580 676
9 4 5 101 197 293 389 485 581 677
8 7 102 198 294 390 486 582 678
9 6 7 103 199 295 391 487 583 679
8 9 104 200 296 392 488 584 680
9 8 9 105 201 297 393 489 585 681
8 11 106 202 298 394 490 586 682
9 10 11 107 203 299 395 491 587 683
8 13 108 204 300 396 492 588 684
9 12 13 109 205 301 397 493 589 685
8 15 110 206 302 398 494 590 686
9 14 15 111 207 303 399 495 591 687
8 17 112 208 304 400 496 592 688
9 16 17 113 209 305 401 497 593 689
8 19 114 210 306 402 498 594 690
9 18 19 115 211 307 403 499 595 691
8 21 116 212 308 404 500 596 692
9 20 21 117 213 309 405 501 597 693
8 23 118 214 310 406 502 598 694
9 22 23 119 215 311 407 503 599 695
8 25 120 216 312 408 504 600 696
9 24 25 121 217 313 409 505 601 697
8 27 122 218 314 410 506 602 698
9 26 27 123 219 315 411 507 603 699
8 29 124 220 316 412 508 604 700
9 28 29 125 221 317 413 509 605 701
8 31 126 222 318 414 510 606 702
9 30 31 127 223 319 415 511 607 703
8 33 128 224 320 416 512 608 704
9 32 33 129 225 321 417 513 609 705
8 35 130 226 322 418 514 610 706
9 34 35 131 227 323 419 515 611 707
8 37 132 228 324 420 516 612 708
9 36 37 133 229 325 421 517 613 709
8 39 134 230 326 422 518 614 710
9 38 39 135 231 327 423 519 615 711
8 41 136 232 328 424 520 616 712
9 40 41 137 233 329 425 521 617 713
8 43 138 234 330 426 522 618 714
9 42 43 139 235 331 427 523 619 715
8 45 140 236 332 428 524 620 716
9 44 45 141 237 333 429 525 621 717
8 47 142 238 334 430 526 622 718
9 46 47 143 239 335 431 527 623 719
8 49 144 240 336 432 528 624 720
9 48 49 145 241 337 433 529 625 721
8 51 146 242 338 434 530 626 722
9 50 51 147 243 339 435 531 627 723
8 53 148 244 340 436 532 628 724
9 52 53 149 245 341 437 533 629 725
8 55 150 246 342 438 534 630 726
9 54 55 151 247 343 439 535 631 727
8 57 152 248 344 440 536 632 728
9 56 57 153 249 345 441 537 633 729
8 59 154 250 346 442 538 634 730
9 58 59 155 251 347 443 539 635 731
8 61 156 252 348 444 540 636 732
9 60 61 157 253 349 445 541 637 733
8 63 158 254 350 446 542 638 734
9 62 63 159 255 351 447 543 639 735
8 65 160 256 352 448 544 640 736
9 64 65 161 257 353 449 545 641 737
8 67 162 258 354 450 546 642 738
9 66 67 163 259 355 451 547 643 739
8 69 164 260 356 452 548 644 740
9 68 69 165 261 357 453 549 645 741
8 71 166 262 358 454 550 646 742
9 70 71 167 263 359 455 551 647 743
8 73 168 264 360 456 552 648 744
9 72 73 169 265 361 457 553 649 745
8 75 170 266 362 458 554 650 746
9 74 75 171 267 363 459 555 651 747
8 77 172 268 364 460 556 652 748
9 76 77 173 269 365 461 557 653 749
8 79 174 270 366 462 558 654 750
9 78 79 175 271 367 463 559 655 751
8 81 176 272 368 464 560 656 752
9 80 81 177 273 369 465 561 657 753
8 83 178 274 370 466 562 658 754
9 82 83 179 275 371 467 563 659 755
8 85 180 276 372 468 564 660 756
9 84 85 181 277 373 469 565 661 757
8 87 182 278 374 470 566 662 758
9 86 87 183 279 375 471 567 663 759
8 89 184 280 376 472 568 664 760
9 88 89 185 281 377 473 569 665 761
8 91 186 282 378 474 570 666 762
9 90 91 187 283 379 475 571 667 763
8 93 188 284 380 476 572 668 764
9 92 93 189 285 381 477 573 669 765
8 95 190 286 382 478 574 670 766
9 94 95 191 287 383 479 575 671 767
8 0 163 286 334 452 556 602 764
9 1 162 163 287 335 453 557 603 765
8 2 165 192 336 454 558 604 766
9 3 164 165 193 337 455 559 605 767
8 4 167 194 338 456 560 606 672
9 5 166 167 195 339 457 561 607 673
8 6 169 196 340 458 562 608 674
9 7 168 169 197 341 459 563 609 675
8 8 171 198 342 460 564 610 676
9 9 170 171 199 343 461 565 611 677
8 10 173 200 344 462 566 612 678
9 11 172 173 201 345 463 567 613 679
8 12 175 202 346 464 568 614 680
9 13 174 175 203 347 465 569 615 681
8 14 177 204 348 466 570 616 682
9 15 176 177 205 349 467 571 617 683
8 16 179 206 350 468 572 618 684
9 17 178 179 207 351 469 573 619 685
8 18 181 208 352 470 574 620 686
9 19 180 181 209 353 471 575 621 687
8 20 183 210 354 472 480 622 688
9 21 182 183 211 355 473 481 623 689
8 22 185 212 356 474 482 624 690
9 23 184 185 213 357 475 483 625 691
8 24 187 214 358 476 484 626 692
9 25 186 187 215 359 477 485 627 693
8 26 189 216 360 478 486 628 694
9 27 188 189 217 361 479 487 629 695
8 28 191 218 362 384 488 630 696
9 29 190 191 219 363 385 489 631 697
8 30 97 220 364 386 490 632 698
9 31 96 97 221 365 387 491 633 699
8 32 99 222 366 388 492 634 700
9 33 98 99 223 367 389 493 635 701
8 34 101 224 368 390 494 636 702
9 35 100 101 225 369 391 495 637 703
8 36 103 226 370 392 496 638 704
9 37 102 103 227 371 393 497 639 705
8 38 105 228 372 394 498 640 706
9 39 104 105 229 373 395 499 641 707
8 40 107 230 374 396 500 642 708
9 41 106 107 231 375 397 501 643 709
8 42 109 232 376 398 502 644 710
9 43 108 109 233 377 399 503 645 711
8 44 111 234 378 400 504 646 712
9 45 110 111 235 379 401 505 647 713
8 46 113 236 380 402 506 648 714
9 47 112 113 237 381 403 507 649 715
8 48 115 238 382 404 508 650 716
9 49 114 115 239 383 405 509 651 717
8 50 117 240 288 406 510 652 718
9 51 116 117 241 289 407 511 653 719
8 52 119 242 290 408 512 654 720
9 53 118 119 243 291 409 513 655 721
8 54 121 244 292 410 514 656 722
9 55 120 121 245 293 411 515 657 723
8 56 123 246 294 412 516 658 724
9 57 122 123 247 295 413 517 659 725
8 58 125 248 296 414 518 660 726
9 59 124 125 249 297 415 519 661 727
8 60 127 250 298 416 520 662 728
9 61 126 127 251 299 417 521 663 729
8 62 129 252 300 418 522 664 730
9 63 128 129 253 301 419 523 665 731
8 64 131 254 302 420 524 666 732
9 65 130 131 255 303 421 525 667 733
8 66 133 256 304 422 526 668 734
9 67 132 133 257 305 423 527 669 735
8 68 135 258 306 424 528 670 736
9 69 134 135 259 307 425 529 671 737
8 70 137 260 308 426 530 576 738
9 71 136 137 261 309 427 531 577 739
8 72 139 262 310 428 532 578 740
9 73 138 139 263 311 429 533 579 741
8 74 141 264 312 430 534 580 742
9 75 140 141 265 313 431 535 581 743
8 76 143 266 314 432 536 582 744
9 77 142 143 267 315 433 537 583 745
8 78 145 268 316 434 538 584 746
9 79 144 145 269 317 435 539 585 747
8 80 147 270 318 436 540 586 748
9 81 146 147 271 319 437 541 587 749
8 82 149 272 320 438 542 588 750
9 83 148 149 273 321 439 543 589 751
8 84 151 274 322 440 544 590 752
9 85 150 151 275 323 441 545 591 753
8 86 153 276 324 442 546 592 754
9 87 152 153 277 325 443 547 593 755
8 88 155 278 326 444 548 594 756
9 89 154 155 279 327 445 549 595 757
8 90 157 280 328 446 550 596 758
9 91 156 157 281 329 447 551 597 759
8 92 159 282 330 448 552 598 760
9 93 158 159 283 331 449 553 599 761
8 94 161 284 332 450 554 600 762
9 95 160 161 285 333 451 555 601 763
8 0 136 213 364 406 558 644 700
9 1 137 212 213 365 407 559 645 701
8 2 138 215 366 408 560 646 702
9 3 139 214 215 367 409 561 647 703
8 4 140 217 368 410 562 648 704
9 5 141 216 217 369 411 563 649 705
8 6 142 219 370 412 564 650 706
9 7 143 218 219 371 413 565 651 707
8 8 144 221 372 414 566 652 708
9 9 145 220 221 373 415 567 653 709
8 10 146 223 374 416 568 654 710
9 11 147 222 223 375 417 569 655 711
8 12 148 225 376 418 570 656 712
9 13 149 224 225 377 419 571 657 713
8 14 150 227 378 420 572 658 714
9 15 151 226 227 379 421 573 659 715
8 16 152 229 380 422 574 660 716
9 17 153 228 229 381 423 575 661 717
8 18 154 231 382 424 480 662 718
9 19 155 230 231 383 425 481 663 719
8 20 156 233 288 426 482 664 720
9 21 157 232 233 289 427 483 665 721
8 22 158 235 290 428 484 666 722
9 23 159 234 235 291 429 485 667 723
8 24 160 237 292 430 486 668 724
9 25 161 236 237 293 431 487 669 725
8 26 162 239 294 432 488 670 726
9 27 163 238 239 295 433 489 671 727
8 28 164 241 296 434 490 576 728
9 29 165 240 241 297 435 491 577 729
8 30 166 243 298 436 492 578 730
9 31 167 242 243 299 437 493 579 731
8 32 168 245 300 438 494 580 732
9 33 169 244 245 301 439 495 581 733
8 34 170 247 302 440 496 582 734
9 35 171 246 247 303 441 497 583 735
8 36 172 249 304 442 498 584 736
9 37 173 248 249 305 443 499 585 737
8 38 174 251 306 444 500 586 738
9 39 175 250 251 307 445 501 587 739
8 40 176 253 308 446 502 588 740
9 41 177 252 253 309 447 503 589 741
8 42 178 255 310 448 504 590 742
9 43 179 254 255 311 449 505 591 743
8 44 180 257 312 450 506 592 744
9 45 181 256 257 313 451 507 593 745
8 46 182 259 314 452 508 594 746
9 47 183 258 259 315 453 509 595 747
8 48 184 261 316 454 510 596 748
9 49 185 260 261 317 455 511 597 749
8 50 186 263 318 456 512 598 750
9 51 187 262 263 319 457 513 599 751
8 52 188 265 320 458 514 600 752
9 53 189 264 265 321 459 515 601 753
8 54 190 267 322 460 516 602 754
9 55 191 266 267 323 461 517 603 755
8 56 96 269 324 462 518 604 756
9 57 97 268 269 325 463 519 605 757
8 58 98 271 326 464 520 606 758
9 59 99 270 271 327 465 521 607 759
8 60 100 273 328 466 522 608 760
9 61 101 272 273 329 467 523 609 761
8 62 102 275 330 468 524 610 762
9 63 103 274 275 331 469 525 611 763
8 64 104 277 332 470 526 612 764
9 65 105 276 277 333 471 527 613 765
8 66 106 279 334 472 528 614 766
9 67 107 278 279 335 473 529 615 767
8 68 108 281 336 474 530 616 672
9 69 109 280 281 337 475 531 617 673
8 70 110 283 338 476 532 618 674
9 71 111 282 283 339 477 533 619 675
8 72 112 285 340 478 534 620 676
9 73 113 284 285 341 479 535 621 677
8 74 114 287 342 384 536 622 678
9 75 115 286 287 343 385 537 623 679
8 76 116 193 344 386 538 624 680
9 77 117 192 193 345 387 539 625 681
8 78 118 195 346 388 540 626 682
9 79 119 194 195 347 389 541 627 683
8 80 120 197 348 390 542 628 684
9 81 121 196 197 349 391 543 629 685
8 82 122 199 350 392 544 630 686
9 83 123 198 199 351 393 545 631 687
8 84 124 201 352 394 546 632 688
9 85 125 200 201 353 395 547 633 689
8 86 126 203 354 396 548 634 690
9 87 127 202 203 355 397 549 635 691
8 88 128 205 356 398 550 636 692
9 89 129 204 205 357 399 551 637 693
8 90 130 207 358 400 552 638 694
9 91 131 206 207 359 401 553 639 695
8 92 132 209 360 402 554 640 696
9 93 133 208 209 361 403 555 641 697
8 94 134 211 362 404 556 642 698
9 95 135 210 211 363 405 557 643 699
