384 144 192 48
0 2 48 1 96 1
1 2 49 1 97 1
2 2 50 1 98 1
3 2 51 1 99 1
4 2 52 1 100 1
5 2 53 1 101 1
6 2 54 1 102 1
7 2 55 1 103 1
8 2 56 1 104 1
9 2 57 1 105 1
10 2 58 1 106 1
11 2 59 1 107 1
12 2 60 1 108 1
13 2 61 1 109 1
14 2 62 1 110 1
15 2 63 1 111 1
16 2 64 1 112 1
17 2 65 1 113 1
18 2 66 1 114 1
19 2 67 1 115 1
20 2 68 1 116 1
21 2 69 1 117 1
22 2 70 1 118 1
23 2 71 1 119 1
24 2 72 1 120 1
25 2 73 1 121 1
26 2 74 1 122 1
27 2 75 1 123 1
28 2 76 1 124 1
29 2 77 1 125 1
30 2 78 1 126 1
31 2 79 1 127 1
32 2 80 1 128 1
33 2 81 1 129 1
34 2 82 1 130 1
35 2 83 1 131 1
36 2 84 1 132 1
37 2 85 1 133 1
38 2 86 1 134 1
39 2 87 1 135 1
40 2 88 1 136 1
41 2 89 1 137 1
42 2 90 1 138 1
43 2 91 1 139 1
44 2 92 1 140 1
45 2 93 1 141 1
46 2 94 1 142 1
47 2 95 1 143 1
0 1 63 2 124 1
1 1 64 2 125 1
2 1 65 2 126 1
3 1 66 2 127 1
4 1 67 2 128 1
5 1 68 2 129 1
6 1 69 2 130 1
7 1 70 2 131 1
8 1 71 2 132 1
9 1 72 2 133 1
10 1 73 2 134 1
11 1 74 2 135 1
12 1 75 2 136 1
13 1 76 2 137 1
14 1 77 2 138 1
15 1 78 2 139 1
16 1 79 2 140 1
17 1 80 2 141 1
18 1 81 2 142 1
19 1 82 2 143 1
20 1 83 2 96 1
21 1 84 2 97 1
22 1 85 2 98 1
23 1 86 2 99 1
24 1 87 2 100 1
25 1 88 2 101 1
26 1 89 2 102 1
27 1 90 2 103 1
28 1 91 2 104 1
29 1 92 2 105 1
30 1 93 2 106 1
31 1 94 2 107 1
32 1 95 2 108 1
33 1 48 2 109 1
34 1 49 2 110 1
35 1 50 2 111 1
36 1 51 2 112 1
37 1 52 2 113 1
38 1 53 2 114 1
39 1 54 2 115 1
40 1 55 2 116 1
41 1 56 2 117 1
42 1 57 2 118 1
43 1 58 2 119 1
44 1 59 2 120 1
45 1 60 2 121 1
46 1 61 2 122 1
47 1 62 2 123 1
0 1 49 1 134 2
1 1 50 1 135 2
2 1 51 1 136 2
3 1 52 1 137 2
4 1 53 1 138 2
5 1 54 1 139 2
6 1 55 1 140 2
7 1 56 1 141 2
8 1 57 1 142 2
9 1 58 1 143 2
10 1 59 1 96 2
11 1 60 1 97 2
12 1 61 1 98 2
13 1 62 1 99 2
14 1 63 1 100 2
15 1 64 1 101 2
16 1 65 1 102 2
17 1 66 1 103 2
18 1 67 1 104 2
19 1 68 1 105 2
20 1 69 1 106 2
21 1 70 1 107 2
22 1 71 1 108 2
23 1 72 1 109 2
24 1 73 1 110 2
25 1 74 1 111 2
26 1 75 1 112 2
27 1 76 1 113 2
28 1 77 1 114 2
29 1 78 1 115 2
30 1 79 1 116 2
31 1 80 1 117 2
32 1 81 1 118 2
33 1 82 1 119 2
34 1 83 1 120 2
35 1 84 1 121 2
36 1 85 1 122 2
37 1 86 1 123 2
38 1 87 1 124 2
39 1 88 1 125 2
40 1 89 1 126 2
41 1 90 1 127 2
42 1 91 1 128 2
43 1 92 1 129 2
44 1 93 1 130 2
45 1 94 1 131 2
46 1 95 1 132 2
47 1 48 1 133 2
0 1 73 1 106 1
1 1 74 1 107 1
2 1 75 1 108 1
3 1 76 1 109 1
4 1 77 1 110 1
5 1 78 1 111 1
6 1 79 1 112 1
7 1 80 1 113 1
8 1 81 1 114 1
9 1 82 1 115 1
10 1 83 1 116 1
11 1 84 1 117 1
12 1 85 1 118 1
13 1 86 1 119 1
14 1 87 1 120 1
15 1 88 1 121 1
16 1 89 1 122 1
17 1 90 1 123 1
18 1 91 1 124 1
19 1 92 1 125 1
20 1 93 1 126 1
21 1 94 1 127 1
22 1 95 1 128 1
23 1 48 1 129 1
24 1 49 1 130 1
25 1 50 1 131 1
26 1 51 1 132 1
27 1 52 1 133 1
28 1 53 1 134 1
29 1 54 1 135 1
30 1 55 1 136 1
31 1 56 1 137 1
32 1 57 1 138 1
33 1 58 1 139 1
34 1 59 1 140 1
35 1 60 1 141 1
36 1 61 1 142 1
37 1 62 1 143 1
38 1 63 1 96 1
39 1 64 1 97 1
40 1 65 1 98 1
41 1 66 1 99 1
42 1 67 1 100 1
43 1 68 1 101 1
44 1 69 1 102 1
45 1 70 1 103 1
46 1 71 1 104 1
47 1 72 1 105 1
0 1 62 1 133 1
1 1 63 1 134 1
2 1 64 1 135 1
3 1 65 1 136 1
4 1 66 1 137 1
5 1 67 1 138 1
6 1 68 1 139 1
7 1 69 1 140 1
8 1 70 1 141 1
9 1 71 1 142 1
10 1 72 1 143 1
11 1 73 1 96 1
12 1 74 1 97 1
13 1 75 1 98 1
14 1 76 1 99 1
15 1 77 1 100 1
16 1 78 1 101 1
17 1 79 1 102 1
18 1 80 1 103 1
19 1 81 1 104 1
20 1 82 1 105 1
21 1 83 1 106 1
22 1 84 1 107 1
23 1 85 1 108 1
24 1 86 1 109 1
25 1 87 1 110 1
26 1 88 1 111 1
27 1 89 1 112 1
28 1 90 1 113 1
29 1 91 1 114 1
30 1 92 1 115 1
31 1 93 1 116 1
32 1 94 1 117 1
33 1 95 1 118 1
34 1 48 1 119 1
35 1 49 1 120 1
36 1 50 1 121 1
37 1 51 1 122 1
38 1 52 1 123 1
39 1 53 1 124 1
40 1 54 1 125 1
41 1 55 1 126 1
42 1 56 1 127 1
43 1 57 1 128 1
44 1 58 1 129 1
45 1 59 1 130 1
46 1 60 1 131 1
47 1 61 1 132 1
0 1 58 1 105 1
1 1 59 1 106 1
2 1 60 1 107 1
3 1 61 1 108 1
4 1 62 1 109 1
5 1 63 1 110 1
6 1 64 1 111 1
7 1 65 1 112 1
8 1 66 1 113 1
9 1 67 1 114 1
10 1 68 1 115 1
11 1 69 1 116 1
12 1 70 1 117 1
13 1 71 1 118 1
14 1 72 1 119 1
15 1 73 1 120 1
16 1 74 1 121 1
17 1 75 1 122 1
18 1 76 1 123 1
19 1 77 1 124 1
20 1 78 1 125 1
21 1 79 1 126 1
22 1 80 1 127 1
23 1 81 1 128 1
24 1 82 1 129 1
25 1 83 1 130 1
26 1 84 1 131 1
27 1 85 1 132 1
28 1 86 1 133 1
29 1 87 1 134 1
30 1 88 1 135 1
31 1 89 1 136 1
32 1 90 1 137 1
33 1 91 1 138 1
34 1 92 1 139 1
35 1 93 1 140 1
36 1 94 1 141 1
37 1 95 1 142 1
38 1 48 1 143 1
39 1 49 1 96 1
40 1 50 1 97 1
41 1 51 1 98 1
42 1 52 1 99 1
43 1 53 1 100 1
44 1 54 1 101 1
45 1 55 1 102 1
46 1 56 1 103 1
47 1 57 1 104 1
0 1 83 1 110 1
1 1 84 1 111 1
2 1 85 1 112 1
3 1 86 1 113 1
4 1 87 1 114 1
5 1 88 1 115 1
6 1 89 1 116 1
7 1 90 1 117 1
8 1 91 1 118 1
9 1 92 1 119 1
10 1 93 1 120 1
11 1 94 1 121 1
12 1 95 1 122 1
13 1 48 1 123 1
14 1 49 1 124 1
15 1 50 1 125 1
16 1 51 1 126 1
17 1 52 1 127 1
18 1 53 1 128 1
19 1 54 1 129 1
20 1 55 1 130 1
21 1 56 1 131 1
22 1 57 1 132 1
23 1 58 1 133 1
24 1 59 1 134 1
25 1 60 1 135 1
26 1 61 1 136 1
27 1 62 1 137 1
28 1 63 1 138 1
29 1 64 1 139 1
30 1 65 1 140 1
31 1 66 1 141 1
32 1 67 1 142 1
33 1 68 1 143 1
34 1 69 1 96 1
35 1 70 1 97 1
36 1 71 1 98 1
37 1 72 1 99 1
38 1 73 1 100 1
39 1 74 1 101 1
40 1 75 1 102 1
41 1 76 1 103 1
42 1 77 1 104 1
43 1 78 1 105 1
44 1 79 1 106 1
45 1 80 1 107 1
46 1 81 1 108 1
47 1 82 1 109 1
0 1 50 1 130 1
1 1 51 1 131 1
2 1 52 1 132 1
3 1 53 1 133 1
4 1 54 1 134 1
5 1 55 1 135 1
6 1 56 1 136 1
7 1 57 1 137 1
8 1 58 1 138 1
9 1 59 1 139 1
10 1 60 1 140 1
11 1 61 1 141 1
12 1 62 1 142 1
13 1 63 1 143 1
14 1 64 1 96 1
15 1 65 1 97 1
16 1 66 1 98 1
17 1 67 1 99 1
18 1 68 1 100 1
19 1 69 1 101 1
20 1 70 1 102 1
21 1 71 1 103 1
22 1 72 1 104 1
23 1 73 1 105 1
24 1 74 1 106 1
25 1 75 1 107 1
26 1 76 1 108 1
27 1 77 1 109 1
28 1 78 1 110 1
29 1 79 1 111 1
30 1 80 1 112 1
31 1 81 1 113 1
32 1 82 1 114 1
33 1 83 1 115 1
34 1 84 1 116 1
35 1 85 1 117 1
36 1 86 1 118 1
37 1 87 1 119 1
38 1 88 1 120 1
39 1 89 1 121 1
40 1 90 1 122 1
41 1 91 1 123 1
42 1 92 1 124 1
43 1 93 1 125 1
44 1 94 1 126 1
45 1 95 1 127 1
46 1 48 1 128 1
47 1 49 1 129 1
288371113648455713 36028797018964104 9800431473239525378
297519050392077312 2341871808380141576 9223407221226899458
9429411720332321 2305843011361177728 577024252012691456
576460752320200771 72057594037928208 1154118872769564676
595319575760865280 4683743616760283152 70368744247300
18858823440664643 4611686022722355456 1154048504025317376
1152921504640401542 144115188075856416 2308237745539129352
1190639151521730560 9367487233520566304 140737488494600
37717646881329286 9223372045444710912 2308097008050634752
2305843009280803084 288230376151712832 4616475491078258704
2381278303043461120 288230393331580992 281474976989201
75435293762658572 17179870208 4616194016101269505
4611686018561606168 576460752303425664 9232950982156517408
4762556606086922240 576460786663161984 562949953978402
150870587525317144 34359740416 9232388032202539010
9223372037123212336 1152921508901818624 19157890603483200
9525113212173844480 1152921577621291264 1125899907891268
301741175050634288 68719480832 18031990695591940
536873056 2305843017803637249 38315781206966400
603482350638137344 2305843155242582529 2251799815782536
603482350101268576 137438961664 36063981391183880
1073746112 4611686035607274498 76631562413932800
1206964701276274688 4611686310485165058 4503599631565072
1206964700202537152 274877923328 72127962782367760
2147492224 9223372071214548996 153263124827865600
2413929402552549376 9223372620970330116 9007199263130144
2413929400405074304 549755846656 144255925564735520
4294984448 68719546376 306526249655731201
4827858805105098752 1168231108616 18014398526260289
4827858800810148608 1099511693312 288511851129471040
8589968896 137439092752 613052499311462402
9655717610210197504 2336462217232 36028797052520578
9655717601620297216 2199023386624 577023702258942080
17179937792 274878185504 1226104998622924804
864691146710843392 4672924434465 72057594105041156
864691129531042816 4398046773249 1154047404517884160
34359875584 549756371008 2452209997245849608
1729382293421686784 9345848868930 144115188210082312
1729382259062085632 8796093546498 2308094809035768320
68719751168 1099512742016 4904419994491699216
3458764586843373568 18691697737860 288230376420164624
3458764518124171264 17592187092996 4616189618071536640
137439502336 2199025484032 9808839988983398432
6917529173686747136 37383395475720 576460752840329248
6917529036248342528 35184374185992 9232379236143073280
274879004672 4402345935360 1170935904257245248
13835058347373494272 74771085918736 1152921505680592960
13835058072496685056 70368748371984 18014398576660480
549758009344 8804691870720 2341871808514490496
9223372621037436928 149542171837473 2305843011361185920
9223372071283818496 140737496743969 36028797153320960
1099516018688 17609383741440 4683743617028980992
1168365322240 299084343674947 4611686022722371840
68858085376 281474993487939 72057594306641920
2199032037376 35218767482880 9367487234057961984
2336730644480 598168687349894 9223372045444743680
137716170752 562949986975878 144115188613283840
4398064074752 70437534965760 288230394406437888
4673461288960 1196341669667084 17179935744
275432341504 1125904268919052 288230377226502144
8796128149504 140875069931520 576460788812875776
9346922577920 2392683339334168 34359871488
550864683008 2251808537838104 576460754453004288
17592256299008 281750139863040 1152921577625751552
18693845155840 4785366678668336 68719742976
1101729366016 4503617075676208 1152921508906008576
35184512598016 563500279726080 2305843155251503104
37387690311680 9570733357336672 137439485952
2203458732032 9007234151352416 2305843017812017152
70369025196032 1127000559452160 4611686310503006208
74775380623360 19141466714673344 274878971904
4406917464064 18014468302704832 4611686035624034304
140738050392064 2254001118904320 9223372621006012416
149550761246720 38282933429346688 549757943808
8813834928128 36028936605409664 9223372071248068608
281476100784129 4508002237808640 1168302473216
17626545782785 76565871153660672 1099515822080
299102646566912 72057868915852032 68786651136
562952201568258 9016004475617280 2336604946432
35253091565570 153131742307321344 2199031644160
598205293133824 144115737831704064 137573302272
1125904403136516 18032008951234560 4673209892864
70506183131140 306263484614642688 4398063288320
1196410586267648 288231475663408128 275146604544
2251808806273032 36064017902469120 9346419785728
141012366262280 612526969229285376 8796126576640
2392821172535296 576462951326816256 550293209088
4785092589256720 72128031509970944 18692839571456
282024732524561 1225053934163603456 17592253153280
4504167368359937 1152925902653632512 1100586418176
9570185178513440 144256063019941888 37385679142912
564049465049122 2450107868327206912 35184506306560
9008334736719874 2305851805307265024 2201172836352
19140370357026880 288512126039883776 74771358285824
1128098930098244 4900215736654413824 70369012613120
18016669473439748 4611703610614530048 4402345672704
38280740714053760 577024252079767552 149542716571648
2256197860196488 9800431473308827648 140738025226240
36033338946879496 9223407221229060096 8804691345408
76561481428107520 1154048504159535104 299085433143296
4512395720392976 1154118872908103680 281476050452481
72066677893758992 70368748568576 17609382690817
153122962856215040 2308097008319070208 598170866286592
9024791440785952 2308237745816207360 562952100904962
144133355787517984 140737497137152 35218765381634
306245925712430080 4616194016638140416 1196341732573184
18049582881571904 4616475491632414720 1125904201809924
288266711575035968 281474994274304 70437530763268
612491851424860160 9232388033276280832 2392683465146368
36099165763143808 9232950983264829440 2251808403619848
576533423150071936 562949988548608 140875061526536
1224983702849720320 18031992843010048 4785366930292737
72198331526287616 19157892820107264 4503616807239697
1153066846300143872 1125899977097216 281750123053072
2450248880676151296 36063981391052800 9570733860585474
144396663052575233 38315781345247232 9007233614479394
2305852217623577089 2251799954194432 563500246106144
4900497761352302592 72127962782105600 19141467721170948
288793326105150466 76631562690494464 18014467228958788
4611704435247154178 4503599908388864 1127000492212288
9800995522704605184 144255925564211200 38282935442341896
577586652210300932 153263125380988928 36028934457917576
9223408870494308356 9007199816777728 2254000984424576
1155246971699658752 288511851128422401 76565870884683792
1155173304420601864 306526250761977856 72057868915835152
73667279065096 18014399633555457 4508001968849152
2310493943399317504 577023702256844802 153131741769367584
2310346608841203728 613052501523955712 144115737831670304
147334558130192 36028799267110914 9016003937698304
4620706411821924353 1154047404513689604 306263483538735168
4620974692659118112 1226104998752944128 288231475663340608
294669116260385 72057594239254532 18032007875396608
9241412823643848706 2308094809027379208 612526967077470336
9241949385318236224 2452209997505888256 576462951326681216
589338232520770 144115188478509064 36064015750793216
36081573578145796 4616189618054758417 1225053934154940672
37154696926920832 4904419995011776513 1152925902653362432
1178676465041540 288230376957018128 72128031501586432
72163147156291592 9232379236109516834 2450107868309881344
74309393853841664 9808839990023553026 2305851805306724864
2357352930083080 576460753914036256 144256063003172864
144326294312583184 18014398509482052 4900215736619762689
148618787707683328 1170935906337554436 4611703610613449729
4714705860166160 1152921507828072512 288512126006345728
0 0 0
0 0 0
0 0 0
0 0 0
0 0 0
0 0 0
0 0 0
0 0 0
0 0 0
0 0 0
0 0 0
0 0 0
0 0 0
0 0 0
0 0 0
0 0 0
0 0 0
0 0 0
0 0 0
0 0 0
0 0 0
0 0 0
0 0 0
0 0 0
0 0 0
0 0 0
0 0 0
0 0 0
0 0 0
0 0 0
0 0 0
0 0 0
0 0 0
0 0 0
0 0 0
0 0 0
0 0 0
0 0 0
0 0 0
0 0 0
0 0 0
0 0 0
0 0 0
0 0 0
0 0 0
0 0 0
0 0 0
0 0 0
0 0 0
0 0 0
0 0 0
0 0 0
0 0 0
0 0 0
0 0 0
0 0 0
0 0 0
0 0 0
0 0 0
0 0 0
0 0 0
0 0 0
0 0 0
0 0 0
0 0 0
0 0 0
0 0 0
0 0 0
0 0 0
0 0 0
0 0 0
0 0 0
0 0 0
0 0 0
0 0 0
0 0 0
0 0 0
0 0 0
0 0 0
0 0 0
0 0 0
0 0 0
0 0 0
0 0 0
0 0 0
0 0 0
0 0 0
0 0 0
0 0 0
0 0 0
0 0 0
0 0 0
0 0 0
0 0 0
0 0 0
0 0 0
0 0 0
0 0 0
0 0 0
0 0 0
0 0 0
0 0 0
0 0 0
0 0 0
0 0 0
0 0 0
0 0 0
0 0 0
0 0 0
0 0 0
0 0 0
0 0 0
0 0 0
0 0 0
0 0 0
0 0 0
0 0 0
0 0 0
0 0 0
0 0 0
0 0 0
0 0 0
0 0 0
0 0 0
0 0 0
0 0 0
0 0 0
0 0 0
0 0 0
0 0 0
0 0 0
0 0 0
0 0 0
0 0 0
0 0 0
0 0 0
0 0 0
0 0 0
0 0 0
0 0 0
0 0 0
0 0 0
0 0 0
0 0 0
0 0 0
0 0 0
0 0 0
0 0 0
0 0 0
0 0 0
0 0 0
0 0 0
0 0 0
0 0 0
0 0 0
0 0 0
0 0 0
0 0 0
0 0 0
0 0 0
0 0 0
0 0 0
0 0 0
0 0 0
0 0 0
0 0 0
0 0 0
0 0 0
0 0 0
0 0 0
0 0 0
0 0 0
0 0 0
0 0 0
0 0 0
0 0 0
0 0 0
0 0 0
0 0 0
0 0 0
0 0 0
0 0 0
0 0 0
0 0 0
0 0 0
0 0 0
0 0 0
0 0 0
0 0 0
0 0 0
0 0 0
0 0 0
0 0 0
0 0 0
0 0 0
0 0 0
0 0 0
0 0 0
0 0 0
0 0 0
0 0 0
0 0 0
0 0 0
0 0 0
0 0 0
0 0 0
0 0 0
0 0 0
0 0 0
0 0 0
0 0 0
0 0 0
0 0 0
0 0 0
0 0 0
0 0 0
0 0 0
0 0 0
0 0 0
0 0 0
0 0 0
0 0 0
0 0 0
0 0 0
0 0 0
0 0 0
0 0 0
0 0 0
0 0 0
0 0 0
0 0 0
0 0 0
0 0 0
0 0 0
0 0 0
0 0 0
0 0 0
0 0 0
0 0 0
0 0 0
0 0 0
0 0 0
0 0 0
0 0 0
0 0 0
0 0 0
0 0 0
0 0 0
0 0 0
0 0 0
0 0 0
0 0 0
0 0 0
0 0 0
0 0 0
0 0 0
0 0 0
0 0 0
0 0 0
0 0 0
0 0 0
0 0 0
0 0 0
0 0 0
0 0 0
0 0 0
0 0 0
0 0 0
0 0 0
0 0 0
0 0 0
0 0 0
0 0 0
0 0 0
0 0 0
0 0 0
0 0 0
0 0 0
0 0 0
0 0 0
0 0 0
0 0 0
0 0 0
0 0 0
0 0 0
0 0 0
0 0 0
0 0 0
281474993487873 272 0
17825793 16 0
281474977759232 256 0
562949986975746 544 0
35651586 32 0
562949955518464 512 0
1125899973951492 1088 0
71303172 64 0
1125899911036928 1024 0
2251799947902984 2176 0
142606344 128 0
2251799822073856 2048 0
4503599895805968 4352 0
285212688 256 0
4503599644147712 4096 0
9007199791611936 8704 0
570425376 512 0
9007199288295424 8192 0
18014399583223872 17408 0
1140850752 1024 0
18014398576590848 16384 0
36028799166447744 34816 0
2281701504 2048 0
36028797153181696 32768 0
72057598332895488 69632 0
4563403008 4096 0
72057594306363392 65536 0
144115196665790976 139264 0
9126806016 8192 0
144115188612726784 131072 0
288230393331581952 278528 0
18253612032 16384 0
288230377225453568 262144 0
576460786663163904 557056 0
36507224064 32768 0
576460754450907136 524288 0
1152921573326327808 1114112 0
73014448128 65536 0
1152921508901814272 1048576 0
2305843146652655616 2228224 0
146028896256 131072 0
2305843017803628544 2097152 0
4611686293305311232 4456448 0
292057792512 262144 0
4611686035607257088 4194304 0
9223372586610622464 8912896 0
584115585024 524288 0
9223372071214514176 8388608 0
1099511693312 17825793 0
1168231170048 1048576 0
68719476736 16777217 0
2199023386624 35651586 0
2336462340096 2097152 0
137438953472 33554434 0
4398046773248 71303172 0
4672924680192 4194304 0
274877906944 67108868 0
8796093546496 142606344 0
9345849360384 8388608 0
549755813888 134217736 0
17592187092992 285212688 0
18691698720768 16777216 0
1099511627776 268435472 0
35184374185984 570425376 0
37383397441536 33554432 0
2199023255552 536870944 0
70368748371968 1140850752 0
74766794883072 67108864 0
4398046511104 1073741888 0
140737496743936 2281701504 0
149533589766144 134217728 0
8796093022208 2147483776 0
281474993487873 268435712 0
17592202821633 268435456 0
299067162755072 256 0
562949986975746 536871424 0
35184405643266 536870912 0
598134325510144 512 0
1125899973951492 1073742848 0
70368811286532 1073741824 0
1196268651020288 1024 0
2251799947902984 2147485696 0
140737622573064 2147483648 0
2392537302040576 2048 0
4785074872516624 4096 0
281475245146129 0 0
4503599627370497 4096 0
9570149745033248 8192 0
562950490292258 0 0
9007199254740994 8192 0
19140299490066496 16384 0
1125900980584516 0 0
18014398509481988 16384 0
38280598980132992 32768 0
2251801961169032 0 0
36028797018963976 32768 0
76561197960265984 65536 0
4503603922338064 0 0
72057594037927952 65536 0
153122395920531968 131072 0
9007207844676128 0 0
144115188075855904 131072 0
306244791841063936 262144 0
18014415689352256 0 0
288230376151711808 262144 0
612489583682127872 524288 0
36028831378704512 0 0
576460752303423616 524288 0
1224979167364255744 1048576 0
72057662757409024 0 0
1152921504606847232 1048576 0
2449958334728511488 2097152 0
144115325514818048 0 0
2305843009213694464 2097152 0
4899916669457022976 4194304 0
288230651029636096 0 0
4611686018427388928 4194304 0
9799833338914045952 8388608 0
576461302059272192 0 0
9223372036854777856 8388608 0
1152922604118540288 16777217 0
1152922604118544384 0 0
4096 16777217 0
2305845208237080576 33554434 0
2305845208237088768 0 0
8192 33554434 0
4611690416474161152 67108868 0
4611690416474177536 0 0
16384 67108868 0
9223380832948322304 134217736 0
9223380832948355072 0 0
32768 134217736 0
17592187092992 268435473 0
17592187158528 1 0
65536 268435472 0
35184374185984 536870946 0
35184374317056 2 0
131072 536870944 0
70368748371968 1073741892 0
70368748634112 4 0
262144 1073741888 0
140737496743936 2147483784 0
140737497268224 8 0
524288 2147483776 0
8590483456 36063981395247232 585468501347532800
6917529302527377408 36030996046545032 585467952128591904
6917529311117860864 37383395475464 550292686880
17180966912 72127962790494464 1170937002695065600
13835058605054754816 72061992093090064 1170935904257183808
13835058622235721728 74766790950928 1100585373760
34361933824 144255925580988928 2341874005390131200
9223373136399958016 144123984186180129 2341871808514367616
9223373170761891840 149533581901857 2201170747520
68723867648 288511851161977856 4683748010780262400
2199090364416 288247968372360259 4683743617028735232
2267814232064 299067163803715 4402341495040
137447735296 577023702323955712 9367496021560524800
4398180728832 576495936744720518 9367487234057470464
4535628464128 598134327607430 8804682990080
274895470592 1154047404647911424 288247969411563520
8796361457664 1152991877784408332 288230394405389312
9071256928256 1196272950182156 17609365914624
549790941184 2308094809295822848 576495938823127040
17592722915328 2305983755568816664 576460788810778624
18142513856512 2392545900364312 35218731829248
1099581882368 4616189618591645696 1152991877646254080
35185445830656 4611967511137633328 1152921577621557248
36285027713024 4785091800728624 70437463658496
2199163764736 9232379237183291392 2305983755292508160
70370891661312 9223935022275266656 2305843155243114496
72570055426048 9570183601457248 140874927316992
4398327529472 18014400657031168 4611967510585016321
140741783322624 1125970840981696 4611686310486228993
145140110852096 19140367202914496 281749854633984
290271631769600 36028797019095040 9223935021170032642
281483566645249 2251937386996096 9223372620972457986
8805244993537 38280734405828992 563499709267968
580543263539200 72057594038190080 1125968630579204
562967133290498 4503879068959488 1168235364356
17610489987074 76561473106625280 1126999418470400
1161086527078400 144115188076380160 2251937261158408
1125934266580996 9007758137918976 2336470728712
35220979974148 153122946213250560 2253998836940800
2322173054156800 288230376152760320 4503874522316816
2251868533161992 18015516275837952 4672941457424
70441959948296 306245892426501120 4507997673881600
4644346108313600 576460752305520640 9007749044633632
4503737066323984 36031032551675904 9345882914848
140883919896592 612491784853002240 9015995347763200
9007217239916545 1152921504611041280 18015498089267264
9288949109358624 72062060808384512 18691765829696
281767839793185 1224983565411037184 18031990695526400
18014434479833090 2305843009222082560 36030996178534528
18577898218717248 144124121616769024 37383531659392
563535679586370 2449967130822074368 36063981391052800
36028868959666180 4611686018444165120 72061992357069056
37155796437434496 288248243233538048 74767063318784
1127071359172740 4899934261644148736 72127962782105600
72057737919332360 9223372036888330240 144123984714138112
74311592874868992 576496486467076096 149534126637568
2254142718345480 9799868523288297472 144255925564211200
144115475838664720 67108864 288247969428276225
148623185749737984 1152992972934152192 299068253275136
4508285436690960 1152992972867043328 288511851128422401
288230951677329440 134217728 576495938856552450
297246371499475968 2305985945868304384 598136506550272
9016570873381920 2305985945734086656 577023702256844802
576461903354658880 268435456 1152991877713104900
594492742998951936 4611971891736608768 1196273013100544
18033141746763840 4611971891468173312 1154047404513689604
1152923806709317760 536870912 2305983755426209800
1188985485997903872 9223943783473217536 2392546026201088
36066283493527680 9223943782936346624 2308094809027379208
2305847613418635520 1073741824 4611967510852419600
2377970971995807744 1143493236883456 4785092052402177
72132566987055360 1143492163141632 4616189618054758417
4611695226837271040 2147483648 9223935021704839200
4755941943991615488 2286986473766912 9570184104804354
144265133974110720 2286984326283264 9232379236109516834
9223671928651252736 4294967296 1125969700126784
9511883887983230977 4573972947533824 19140368209543172
288248792971510785 4573968652566528 18014398509547588
599783592953856 8589934593 2251939400253568
577023702256910338 9147945895067649 38280736419086344
576497585943021570 9147937305133056 36028797019095176
1199567185907712 17179869186 4503878800507136
1154047404513820676 18295891790135298 76561472838172688
1152995171886043140 18295874610266112 72057594038190352
2399134371815424 34359738372 9007757601014272
2308094809027641352 36591783580270596 153122945676345376
2305990343772086280 36591749220532224 144115188076380704
4516793766920193 68719476744 18015515202028544
4616471093031993360 73183562865573896 306245891352690752
4611980687544172561 73183494146097152 288230376152761408
9033587533840386 137438953488 36031030404057088
9232942186063986720 146367125731147792 612491782705381504
9223961375088345122 146366988292194304 576460752305522816
18067175067680772 274877906976 72062060808114176
19140298418421824 292734251462295585 1224983565410763008
1178676467138628 292733976584388609 1152921504611045632
36134350135361544 549755813952 144124121616228352
38280596836843648 585468502924591170 2449967130821526016
2357352934277256 585467953168777218 2305843009222091264
72268700270723088 1099511627904 288248243232456704
76561193673687296 1170937005849182340 4899934261643052032
4714705868554512 1170935906337554436 4611686018444182528
144255925564735521 2199023255808 576496486464913408
153403862324085248 2341874007403397384 9799868523286104064
9429411737109025 2341871808380141576 9223372036888365056
288230376152760387 4402341478912 1152992972929761280
307089199624881152 4683748010511827472 1152992972862722048
18858823474218051 4683743616760283152 67178496
576460752305520774 8804682957824 2305985945859522560
614178399249762304 9367496021023654944 2305985945725444096
37717646948436102 9367487233520566304 134356992
1152921504611041548 17609365915648 4611971891719045120
1228356798499524608 288247968337758272 4611971891450888193
75435293896872204 288230393331580992 268713985
2305843009222083096 35218731831296 9223943783438090240
2456713596999049216 576495936675516544 9223943782901776386
150870587793744408 576460786663161984 537427970
4611686018444166192 70437463662592 1143493166694400
4913427193998098432 1152991877646000384 1143492094001156
301741175587488816 1152921577621291264 1074790404
9223372036888332384 140874927325184 2286986333388800
9826854387996196864 2305983755292000768 2286984188002312
603482351174977632 2305843155242582528 2149580808
67113152 281749854650369 4573972666777600
1206964702282842112 4611967510584001537 4573968376004624
1206964702349955264 4611686310485165056 4299161616
134226304 563499709300738 9147945333555200
2413929404565684224 9223935021168003074 9147936752009248
2413929404699910528 9223372620970330112 8598323232
268452608 1126999418601476 18295890667110400
4827858809131368448 1125968626454532 18295873504018497
4827858809399821056 1168231108608 17196646465
536905216 2253998837202952 36591781334220800
9655717618262736896 2251937252909064 36591747008036994
9655717618799642112 2336462217216 34393292930
1073810432 4507997674405904 73183562668441600
864691162815922176 4503874505818129 73183494016073988
864691163889732608 4672924434433 68786585860
2147620864 9015995348811808 146367125336883200
1729382325631844352 9007749011636258 146366988032147976
1729382327779465216 9345848868866 137573171720
4295241728 18031990697623616 292734250673766400
3458764651263688704 18015498023272516 292733976064295952
3458764655558930432 18691697737732 275146343440
16811520 38280596966867072 9259964367976267776
9655726397183754240 38282795990122880 9259963783860748418
9655726397200565760 2199023255808 584115585154
33623040 76561193933734144 73184662243049472
864708720657956864 76565596275213057 73183494011945220
864708720691579904 4402341478913 1168231104772
67246080 153122387867468288 146369324486098944
1729417441315913728 153131192550426114 146366988023890440
1729417441383159808 8804682957826 2336462209544
134492160 306244775734936576 292738648972197888
3458834882631827456 306262385100852228 292733976047780880
3458834882766319616 17609365915652 4672924419088
268984320 612489551469873152 585477297944395776
6917669765263654912 612524770201704456 585467952095561760
6917669765532639232 35218731831304 9345848838176
281475514679296 1224979098644779008 1170954595888791552
13835339530527309825 1225049536108441616 1170935904191123520
13835058056088567809 70437463662608 18691697676352
562951029358592 2449958197289558016 2341909191777583104
9223934987345068034 2450099072216883233 2341871808382247040
9223372038467584002 140874927325217 37383395352704
1125902058717184 4899916394579116032 4683818383555166208
1125900980584452 4900198144433766467 4683743616764494080
3225616388 281749854650435 74766790705408
2251804117434368 9799832789158232064 9367636767110332416
2251801961168904 9800396288867532934 9367487233528988160
6451232776 563499709300870 149533581410816
4503608234868736 1152921504606912512 288529460511178753
4503603922337808 1154048508320481548 288230393348424705
12902465552 1127003713569036 299067162756096
9007216469737472 2305843009213825024 577058921022357506
9007207844675616 2308097016640963096 576460786696849410
25804931104 2254007427138072 598134325512192
18014432939474944 4611686018427650048 1154117842044715012
18014415689351232 4616194033281926192 1152921573393698820
51609862208 4508014854276144 1196268651024384
36028865878949888 9223372036855300096 2308235684089430024
36028831378702464 9232388066563852384 2305843146787397640
103219724416 9016029708552288 2392537302048768
72057731757899776 1048576 4616471368178860049
72057662757404928 18032059418153152 4611686293574795281
206439448832 18032059417104576 4785074604097536
144115463515799552 2097152 9232942736357720098
144115325514809856 36064118836306304 9223372587149590562
412878897664 36064118834209152 9570149208195072
288230927031599104 4194304 19141399005954116
288230651029619712 72128241967579904 1100589629508
825757795328 72128241963385600 19140298416324608
576461854063198208 8388608 38282798011908232
576461302059239424 144256483935159808 2201179259016
1651515590656 144256483926771200 38280596832649216
1152923708126396416 16777216 76565596023816464
1152922604118478848 288512967870319616 4402358518032
3303031181312 288512967853542400 76561193665298432
2305847416252792832 33554432 153131192047632928
2305845208236957696 577025935740639232 8804717036064
6606062362624 577025935707084800 153122387330596864
4611694832505585664 67108864 306262384095265856
4611690416473915392 1154051871481278464 17609434072128
13212124725248 1154051871414169600 306244774661193728
9223389665011171328 134217728 612524768190531712
9223380832947830784 2308103742962556928 35218868144256
26424249450496 2308103742828339200 612489549322387456
35256312791040 268435457 1225049536381063424
17592186109952 4616207485925113857 70437736288512
52848498900992 4616207485656678400 1224979098644774912
70512625582080 536870914 2450099072762126848
35184372219904 9232414971850227714 140875472577024
105696997801984 9232414971313356800 2449958197289549824
141025251164160 1073741828 4900198145524253696
70368744439808 18085869990903812 281750945154049
211393995603968 18085868917161984 4899916394579099649
575525617665 2147483656 9800396291048507392
422212465590272 36171735686840328 563501890308098
422787991207937 36171733539356672 9799832789158199298
282626027945986 4294967312 1154048508387463168
844424931180545 72343471373680656 1127003780550660
564101005705219 72343467078713344 1152921504606912516
565252055891972 8589934624 2308097016774926336
1688849862361090 144686942747361312 2254007561101320
1128202011410438 144686934157426688 2305843009213825032
1130504111783944 17179869248 4616194033549852672
3377699724722180 289373885494722624 4508015122202640
2256404022820876 289373868314853376 4611686018427650064
2261008223567888 34359738496 9232388067099705344
6755399449444360 578747770989445248 9016030244405280
4512808045641752 578747736629706752 9223372036855300128
4522016447135776 73014444288 18032060489859072
13510798898888720 1157495546273857792 18032060488745024
9025616091283504 1157495473259413504 1114176
9044032894271552 146028888576 36064120979718144
27021597797777440 2314991092547715584 36064120977490048
18051232182567008 2314990946518827008 2228352
18088065788543104 292057777152 72128241959436288
54043195595554880 4629982185095431168 72128241954980096
36102464365134016 4629981893037654016 4456704
36176131577086208 584115554304 144256483918872576
108086391191109760 9259964370190862336 144256483909960192
72204928730268032 9259963786075308032 8913408
72070788177461761 1168231108608 288512967837745152
216454257358930176 73184662377205760 288512967819920385
144409857460536065 73183494146097152 17826817
144141576354923522 2336462217216 577025935675490304
432908514717860352 146369324754411520 577025935639840770
288819714921072130 146366988292194304 35653634
288283152709847044 4672924434432 1154051871350980608
865817029435720704 292738649508823040 1154051871279681540
577639429842144260 292733976584388608 71307268
576566305419694088 9345848868864 2308103742701961216
1731634058871441408 585477299017646080 2308103742559363080
1155278859684288520 585467953168777216 142614536
1153132610839388176 18691697737728 4616207485403922432
3463268117742882816 1170954598035292160 4616207485118726160
2310557719368577040 1170935906337554432 285229072
2305983746702065697 37383395475456 9232414970807844864
6926817710462476288 2341909191775617024 9232414970237452320
4621115438737154081 2341871808380141568 570458144
4611686018427420739 74766790950912 18085867906203648
13853916895901663232 4683818383551234048 18085866765353024
9242230877474308163 4683743616760283136 1140850752
9223372036854841478 149533581901824 36171735812407296
9261089718093774848 9367636767102468097 36171733530706048
37717681239064710 9367487233520566273 2281701504
131340 299067163803649 72343471624814592
75435362477998080 288529460495384579 72343467061412097
75435362478129420 288230393331580930 4563403009
262680 598134327607298 144686943249629184
150870724955996160 577058920990769158 144686934122824194
150870724956258840 576460786663161860 9126806018
525360 1196268655214596 289373886499258368
301741449911992320 1154117841981538316 289373868245648388
301741449912517680 1152921573326323720 18253612036
1050720 2392537310429192 578747772998516736
603482899823984640 2308235683963076632 578747736491296776
603482899825035360 2305843146652647440 36507224072
2101440 4785074620858384 1157495545997033472
1206965799647969280 4616471367926153264 1157495472982593552
1206965799650070720 4611686293305294880 73014448144
4202880 9570149241716768 2314991091994066944
2413931599295938560 9232942735852306528 2314990945965187104
2413931599300141440 9223372586610589760 146028896288
8405760 19140298483433536 4629982183988133888
4827863198591877120 19141397995061440 4629981891930374209
4827863198600282880 1099511627904 292057792577
0 0 0
0 0 0
0 0 0
0 0 0
0 0 0
0 0 0
0 0 0
0 0 0
0 0 0
0 0 0
0 0 0
0 0 0
0 0 0
0 0 0
0 0 0
0 0 0
0 0 0
0 0 0
0 0 0
0 0 0
0 0 0
0 0 0
0 0 0
0 0 0
0 0 0
0 0 0
0 0 0
0 0 0
0 0 0
0 0 0
0 0 0
0 0 0
0 0 0
0 0 0
0 0 0
0 0 0
0 0 0
0 0 0
0 0 0
0 0 0
0 0 0
0 0 0
0 0 0
0 0 0
0 0 0
0 0 0
0 0 0
0 0 0
0 0 0
0 0 0
0 0 0
0 0 0
0 0 0
0 0 0
0 0 0
0 0 0
0 0 0
0 0 0
0 0 0
0 0 0
0 0 0
0 0 0
0 0 0
0 0 0
0 0 0
0 0 0
0 0 0
0 0 0
0 0 0
0 0 0
0 0 0
0 0 0
0 0 0
0 0 0
0 0 0
0 0 0
0 0 0
0 0 0
0 0 0
0 0 0
0 0 0
0 0 0
0 0 0
0 0 0
0 0 0
0 0 0
0 0 0
0 0 0
0 0 0
0 0 0
0 0 0
0 0 0
0 0 0
0 0 0
0 0 0
0 0 0
0 0 0
0 0 0
0 0 0
0 0 0
0 0 0
0 0 0
0 0 0
0 0 0
0 0 0
0 0 0
0 0 0
0 0 0
0 0 0
0 0 0
0 0 0
0 0 0
0 0 0
0 0 0
0 0 0
0 0 0
0 0 0
0 0 0
0 0 0
0 0 0
0 0 0
0 0 0
0 0 0
0 0 0
0 0 0
0 0 0
0 0 0
0 0 0
0 0 0
0 0 0
0 0 0
0 0 0
0 0 0
0 0 0
0 0 0
0 0 0
0 0 0
0 0 0
0 0 0
0 0 0
0 0 0
0 0 0
0 0 0
0 0 0
0 76561197960265728 68719476736
0 4503599627370496 1099511693312
0 72057598332895232 1168231170048
0 153122395920531456 137438953472
0 9007199254740992 2199023386624
0 144115196665790464 2336462340096
0 306244791841062912 274877906944
0 18014398509481984 4398046773248
0 288230393331580928 4672924680192
0 612489583682125824 549755813888
0 36028797018963968 8796093546496
0 576460786663161856 9345849360384
0 1224979167364251648 1099511627776
0 72057594037927936 17592187092992
0 1152921573326323712 18691698720768
0 2449958334728503296 2199023255552
0 144115188075855872 35184374185984
0 2305843146652647424 37383397441536
0 4899916669457006592 4398046511104
0 288230376151711744 70368748371968
0 4611686293305294848 74766794883072
0 9799833338914013184 8796093022208
0 576460752303423488 140737496743936
0 9223372586610589696 149533589766144
0 1152922604118474752 17592186044417
0 1152921504606846976 281474993487872
0 1099511627776 299067179532289
0 2305845208236949504 35184372088834
0 2305843009213693952 562949986975744
0 2199023255552 598134359064578
0 4611690416473899008 70368744177668
0 4611686018427387904 1125899973951488
0 4398046511104 1196268718129156
0 9223380832947798016 140737488355336
0 9223372036854775808 2251799947902976
0 8796093022208 2392537436258312
0 17592186044416 281474976710673
0 0 4503599895805953
0 17592186044416 4785074872516624
0 35184372088832 562949953421346
0 0 9007199791611906
0 35184372088832 9570149745033248
0 70368744177664 1125899906842692
0 0 18014399583223812
0 70368744177664 19140299490066496
0 140737488355328 2251799813685384
0 0 36028799166447624
0 140737488355328 38280598980132992
0 281474976710656 4503599627370768
0 0 72057598332895248
0 281474976710656 76561197960265984
0 562949953421312 9007199254741536
0 0 144115196665790496
0 562949953421312 153122395920531968
0 1125899906842624 18014398509483072
0 0 288230393331580992
0 1125899906842624 306244791841063936
0 2251799813685248 36028797018966144
0 0 576460786663161984
0 2251799813685248 612489583682127872
0 4503599627370496 72057594037932288
0 0 1152921573326323968
0 4503599627370496 1224979167364255744
0 9007199254740992 144115188075864576
0 0 2305843146652647936
0 9007199254740992 2449958334728511488
0 18014398509481984 288230376151729152
0 0 4611686293305295872
0 18014398509481984 4899916669457022976
0 36028797018963968 576460752303458304
0 0 9223372586610591744
0 36028797018963968 9799833338914045952
0 72057598332895232 1152921504606851072
0 0 1099511697408
0 72057598332895232 1152922604118540288
0 144115196665790464 2305843009213702144
0 0 2199023394816
0 144115196665790464 2305845208237080576
0 288230393331580928 4611686018427404288
0 0 4398046789632
0 288230393331580928 4611690416474161152
0 576460786663161856 9223372036854808576
0 0 8796093579264
0 576460786663161856 9223380832948322304
0 1152921577621291008 65536
0 4294967296 17592187092992
0 1152921573326323712 17592187158528
0 2305843155242582016 131072
0 8589934592 35184374185984
0 2305843146652647424 35184374317056
0 4611686310485164032 262144
0 17179869184 70368748371968
0 4611686293305294848 70368748634112
0 9223372620970328064 524288
0 34359738368 140737496743936
0 9223372586610589696 140737497268224
0 1168231104512 1048577
0 68719476736 281474993487872
0 1099511627776 281474994536449
0 2336462209024 2097154
0 137438953472 562949986975744
0 2199023255552 562949989072898
0 4672924418048 4194308
0 274877906944 1125899973951488
0 4398046511104 1125899978145796
0 9345848836096 8388616
0 549755813888 2251799947902976
0 8796093022208 2251799956291592
0 18691697672192 16777232
0 1099511627776 4503599895805952
0 17592186044416 4503599912583184
0 37383395344384 33554464
0 2199023255552 9007199791611904
0 35184372088832 9007199825166368
0 74766790688768 67108928
0 4398046511104 18014399583223808
0 70368744177664 18014399650332736
0 149533581377536 134217856
0 8796093022208 36028799166447616
0 140737488355328 36028799300665472
0 299067162755072 268435712
0 17592186044416 72057598332895232
0 281474976710656 72057598601330944
0 598134325510144 536871424
0 35184372088832 144115196665790464
0 562949953421312 144115197202661888
0 1196268651020288 1073742848
0 70368744177664 288230393331580928
0 1125899906842624 288230394405323776
0 2392537302040576 2147485696
0 140737488355328 576460786663161856
0 2251799813685248 576460788810647552
0 4785074604081152 4294971392
0 281474976710656 1152921573326323712
0 4503599627370496 1152921577621295104
0 9570149208162304 8589942784
0 562949953421312 2305843146652647424
0 9007199254740992 2305843155242590208
0 19140298416324608 17179885568
0 1125899906842624 4611686293305294848
0 18014398509481984 4611686310485180416
0 38280596832649216 34359771136
0 2251799813685248 9223372586610589696
0 36028797018963968 9223372620970360832
