352 132 176 44
0 2 44 1 88 1
1 2 45 1 89 1
2 2 46 1 90 1
3 2 47 1 91 1
4 2 48 1 92 1
5 2 49 1 93 1
6 2 50 1 94 1
7 2 51 1 95 1
8 2 52 1 96 1
9 2 53 1 97 1
10 2 54 1 98 1
11 2 55 1 99 1
12 2 56 1 100 1
13 2 57 1 101 1
14 2 58 1 102 1
15 2 59 1 103 1
16 2 60 1 104 1
17 2 61 1 105 1
18 2 62 1 106 1
19 2 63 1 107 1
20 2 64 1 108 1
21 2 65 1 109 1
22 2 66 1 110 1
23 2 67 1 111 1
24 2 68 1 112 1
25 2 69 1 113 1
26 2 70 1 114 1
27 2 71 1 115 1
28 2 72 1 116 1
29 2 73 1 117 1
30 2 74 1 118 1
31 2 75 1 119 1
32 2 76 1 120 1
33 2 77 1 121 1
34 2 78 1 122 1
35 2 79 1 123 1
36 2 80 1 124 1
37 2 81 1 125 1
38 2 82 1 126 1
39 2 83 1 127 1
40 2 84 1 128 1
41 2 85 1 129 1
42 2 86 1 130 1
43 2 87 1 131 1
0 1 66 2 121 1
1 1 67 2 122 1
2 1 68 2 123 1
3 1 69 2 124 1
4 1 70 2 125 1
5 1 71 2 126 1
6 1 72 2 127 1
7 1 73 2 128 1
8 1 74 2 129 1
9 1 75 2 130 1
10 1 76 2 131 1
11 1 77 2 88 1
12 1 78 2 89 1
13 1 79 2 90 1
14 1 80 2 91 1
15 1 81 2 92 1
16 1 82 2 93 1
17 1 83 2 94 1
18 1 84 2 95 1
19 1 85 2 96 1
20 1 86 2 97 1
21 1 87 2 98 1
22 1 44 2 99 1
23 1 45 2 100 1
24 1 46 2 101 1
25 1 47 2 102 1
26 1 48 2 103 1
27 1 49 2 104 1
28 1 50 2 105 1
29 1 51 2 106 1
30 1 52 2 107 1
31 1 53 2 108 1
32 1 54 2 109 1
33 1 55 2 110 1
34 1 56 2 111 1
35 1 57 2 112 1
36 1 58 2 113 1
37 1 59 2 114 1
38 1 60 2 115 1
39 1 61 2 116 1
40 1 62 2 117 1
41 1 63 2 118 1
42 1 64 2 119 1
43 1 65 2 120 1
0 1 72 1 110 2
1 1 73 1 111 2
2 1 74 1 112 2
3 1 75 1 113 2
4 1 76 1 114 2
5 1 77 1 115 2
6 1 78 1 116 2
7 1 79 1 117 2
8 1 80 1 118 2
9 1 81 1 119 2
10 1 82 1 120 2
11 1 83 1 121 2
12 1 84 1 122 2
13 1 85 1 123 2
14 1 86 1 124 2
15 1 87 1 125 2
16 1 44 1 126 2
17 1 45 1 127 2
18 1 46 1 128 2
19 1 47 1 129 2
20 1 48 1 130 2
21 1 49 1 131 2
22 1 50 1 88 2
23 1 51 1 89 2
24 1 52 1 90 2
25 1 53 1 91 2
26 1 54 1 92 2
27 1 55 1 93 2
28 1 56 1 94 2
29 1 57 1 95 2
30 1 58 1 96 2
31 1 59 1 97 2
32 1 60 1 98 2
33 1 61 1 99 2
34 1 62 1 100 2
35 1 63 1 101 2
36 1 64 1 102 2
37 1 65 1 103 2
38 1 66 1 104 2
39 1 67 1 105 2
40 1 68 1 106 2
41 1 69 1 107 2
42 1 70 1 108 2
43 1 71 1 109 2
0 1 50 1 131 1
1 1 51 1 88 1
2 1 52 1 89 1
3 1 53 1 90 1
4 1 54 1 91 1
5 1 55 1 92 1
6 1 56 1 93 1
7 1 57 1 94 1
8 1 58 1 95 1
9 1 59 1 96 1
10 1 60 1 97 1
11 1 61 1 98 1
12 1 62 1 99 1
13 1 63 1 100 1
14 1 64 1 101 1
15 1 65 1 102 1
16 1 66 1 103 1
17 1 67 1 104 1
18 1 68 1 105 1
19 1 69 1 106 1
20 1 70 1 107 1
21 1 71 1 108 1
22 1 72 1 109 1
23 1 73 1 110 1
24 1 74 1 111 1
25 1 75 1 112 1
26 1 76 1 113 1
27 1 77 1 114 1
28 1 78 1 115 1
29 1 79 1 116 1
30 1 80 1 117 1
31 1 81 1 118 1
32 1 82 1 119 1
33 1 83 1 120 1
34 1 84 1 121 1
35 1 85 1 122 1
36 1 86 1 123 1
37 1 87 1 124 1
38 1 44 1 125 1
39 1 45 1 126 1
40 1 46 1 127 1
41 1 47 1 128 1
42 1 48 1 129 1
43 1 49 1 130 1
0 1 45 1 113 1
1 1 46 1 114 1
2 1 47 1 115 1
3 1 48 1 116 1
4 1 49 1 117 1
5 1 50 1 118 1
6 1 51 1 119 1
7 1 52 1 120 1
8 1 53 1 121 1
9 1 54 1 122 1
10 1 55 1 123 1
11 1 56 1 124 1
12 1 57 1 125 1
13 1 58 1 126 1
14 1 59 1 127 1
15 1 60 1 128 1
16 1 61 1 129 1
17 1 62 1 130 1
18 1 63 1 131 1
19 1 64 1 88 1
20 1 65 1 89 1
21 1 66 1 90 1
22 1 67 1 91 1
23 1 68 1 92 1
24 1 69 1 93 1
25 1 70 1 94 1
26 1 71 1 95 1
27 1 72 1 96 1
28 1 73 1 97 1
29 1 74 1 98 1
30 1 75 1 99 1
31 1 76 1 100 1
32 1 77 1 101 1
33 1 78 1 102 1
34 1 79 1 103 1
35 1 80 1 104 1
36 1 81 1 105 1
37 1 82 1 106 1
38 1 83 1 107 1
39 1 84 1 108 1
40 1 85 1 109 1
41 1 86 1 110 1
42 1 87 1 111 1
43 1 44 1 112 1
0 1 85 1 97 1
1 1 86 1 98 1
2 1 87 1 99 1
3 1 44 1 100 1
4 1 45 1 101 1
5 1 46 1 102 1
6 1 47 1 103 1
7 1 48 1 104 1
8 1 49 1 105 1
9 1 50 1 106 1
10 1 51 1 107 1
11 1 52 1 108 1
12 1 53 1 109 1
13 1 54 1 110 1
14 1 55 1 111 1
15 1 56 1 112 1
16 1 57 1 113 1
17 1 58 1 114 1
18 1 59 1 115 1
19 1 60 1 116 1
20 1 61 1 117 1
21 1 62 1 118 1
22 1 63 1 119 1
23 1 64 1 120 1
24 1 65 1 121 1
25 1 66 1 122 1
26 1 67 1 123 1
27 1 68 1 124 1
28 1 69 1 125 1
29 1 70 1 126 1
30 1 71 1 127 1
31 1 72 1 128 1
32 1 73 1 129 1
33 1 74 1 130 1
34 1 75 1 131 1
35 1 76 1 88 1
36 1 77 1 89 1
37 1 78 1 90 1
38 1 79 1 91 1
39 1 80 1 92 1
40 1 81 1 93 1
41 1 82 1 94 1
42 1 83 1 95 1
43 1 84 1 96 1
0 1 57 1 92 1
1 1 58 1 93 1
2 1 59 1 94 1
3 1 60 1 95 1
4 1 61 1 96 1
5 1 62 1 97 1
6 1 63 1 98 1
7 1 64 1 99 1
8 1 65 1 100 1
9 1 66 1 101 1
10 1 67 1 102 1
11 1 68 1 103 1
12 1 69 1 104 1
13 1 70 1 105 1
14 1 71 1 106 1
15 1 72 1 107 1
16 1 73 1 108 1
17 1 74 1 109 1
18 1 75 1 110 1
19 1 76 1 111 1
20 1 77 1 112 1
21 1 78 1 113 1
22 1 79 1 114 1
23 1 80 1 115 1
24 1 81 1 116 1
25 1 82 1 117 1
26 1 83 1 118 1
27 1 84 1 119 1
28 1 85 1 120 1
29 1 86 1 121 1
30 1 87 1 122 1
31 1 44 1 123 1
32 1 45 1 124 1
33 1 46 1 125 1
34 1 47 1 126 1
35 1 48 1 127 1
36 1 49 1 128 1
37 1 50 1 129 1
38 1 51 1 130 1
39 1 52 1 131 1
40 1 53 1 88 1
41 1 54 1 89 1
42 1 55 1 90 1
43 1 56 1 91 1
0 1 55 1 114 1
1 1 56 1 115 1
2 1 57 1 116 1
3 1 58 1 117 1
4 1 59 1 118 1
5 1 60 1 119 1
6 1 61 1 120 1
7 1 62 1 121 1
8 1 63 1 122 1
9 1 64 1 123 1
10 1 65 1 124 1
11 1 66 1 125 1
12 1 67 1 126 1
13 1 68 1 127 1
14 1 69 1 128 1
15 1 70 1 129 1
16 1 71 1 130 1
17 1 72 1 131 1
18 1 73 1 88 1
19 1 74 1 89 1
20 1 75 1 90 1
21 1 76 1 91 1
22 1 77 1 92 1
23 1 78 1 93 1
24 1 79 1 94 1
25 1 80 1 95 1
26 1 81 1 96 1
27 1 82 1 97 1
28 1 83 1 98 1
29 1 84 1 99 1
30 1 85 1 100 1
31 1 86 1 101 1
32 1 87 1 102 1
33 1 44 1 103 1
34 1 45 1 104 1
35 1 46 1 105 1
36 1 47 1 106 1
37 1 48 1 107 1
38 1 49 1 108 1
39 1 50 1 109 1
40 1 51 1 110 1
41 1 52 1 111 1
42 1 53 1 112 1
43 1 54 1 113 1
0 0 0
0 0 0
0 0 0
0 0 0
0 0 0
0 0 0
0 0 0
0 0 0
0 0 0
0 0 0
0 0 0
0 0 0
0 0 0
0 0 0
0 0 0
0 0 0
0 0 0
0 0 0
0 0 0
0 0 0
0 0 0
0 0 0
0 0 0
0 0 0
0 0 0
0 0 0
0 0 0
0 0 0
0 0 0
0 0 0
0 0 0
0 0 0
0 0 0
0 0 0
0 0 0
0 0 0
0 0 0
0 0 0
0 0 0
0 0 0
0 0 0
0 0 0
0 0 0
0 0 0
0 0 0
0 0 0
0 0 0
0 0 0
0 0 0
0 0 0
0 0 0
0 0 0
0 0 0
0 0 0
0 0 0
0 0 0
0 0 0
0 0 0
0 0 0
0 0 0
0 0 0
0 0 0
0 0 0
0 0 0
0 0 0
0 0 0
0 0 0
0 0 0
0 0 0
0 0 0
0 0 0
0 0 0
0 0 0
0 0 0
0 0 0
0 0 0
0 0 0
0 0 0
0 0 0
0 0 0
0 0 0
0 0 0
0 0 0
0 0 0
0 0 0
0 0 0
0 0 0
0 0 0
0 0 0
0 0 0
0 0 0
0 0 0
0 0 0
0 0 0
0 0 0
0 0 0
0 0 0
0 0 0
0 0 0
0 0 0
0 0 0
0 0 0
0 0 0
0 0 0
0 0 0
0 0 0
0 0 0
0 0 0
0 0 0
0 0 0
0 0 0
0 0 0
0 0 0
0 0 0
0 0 0
0 0 0
0 0 0
0 0 0
0 0 0
0 0 0
0 0 0
0 0 0
0 0 0
0 0 0
0 0 0
0 0 0
0 0 0
0 0 0
0 0 0
0 0 0
0 0 0
0 0 0
0 0 0
0 0 0
0 0 0
0 0 0
0 0 0
0 0 0
0 0 0
0 0 0
0 0 0
0 0 0
0 0 0
0 0 0
0 0 0
0 0 0
0 0 0
0 0 0
0 0 0
0 0 0
0 0 0
0 0 0
0 0 0
0 0 0
0 0 0
0 0 0
0 0 0
0 0 0
0 0 0
0 0 0
0 0 0
0 0 0
0 0 0
0 0 0
0 0 0
0 0 0
0 0 0
0 0 0
0 0 0
0 0 0
0 0 0
0 0 0
0 0 0
0 0 0
0 0 0
0 0 0
0 0 0
0 0 0
0 0 0
0 0 0
0 0 0
0 0 0
0 0 0
0 0 0
0 0 0
0 0 0
0 0 0
0 0 0
0 0 0
0 0 0
0 0 0
0 0 0
0 0 0
0 0 0
0 0 0
0 0 0
0 0 0
0 0 0
0 0 0
0 0 0
0 0 0
0 0 0
0 0 0
0 0 0
0 0 0
0 0 0
0 0 0
0 0 0
0 0 0
0 0 0
0 0 0
0 0 0
0 0 0
0 0 0
0 0 0
0 0 0
0 0 0
0 0 0
0 0 0
0 0 0
0 0 0
0 0 0
0 0 0
0 0 0
0 0 0
0 0 0
0 0 0
0 0 0
0 0 0
0 0 0
0 0 0
0 0 0
0 0 0
0 0 0
0 0 0
0 0 0
0 0 0
0 0 0
0 0 0
0 0 0
0 0 0
0 0 0
0 0 0
0 0 0
0 0 0
0 0 0
0 0 0
0 0 0
0 0 0
0 0 0
0 0 0
0 0 0
0 0 0
0 0 0
0 0 0
0 0 0
0 0 0
0 0 0
0 0 0
0 0 0
0 0 0
0 0 0
0 0 0
0 0 0
17600843089936 68 0
36327864253022209 8196 0
36310280589805585 8256 0
35201686179872 136 0
72655728506044418 16392 0
72620561179611170 16512 0
70403372359744 272 0
145311457012088836 32784 0
145241122359222340 33024 0
140806744719488 544 0
290622914024177672 65568 0
290482244718444680 66048 0
281613489438976 1088 0
581245828048355344 131136 0
580964489436889360 132096 0
563226978877952 2176 0
1162491656096710688 262272 0
1161928978873778720 264192 0
1126453957755904 4352 0
2324983312193421376 524544 0
2323857957747557440 528384 0
2252907915511808 8704 0
4649966624386842752 1049088 0
4647715915495114880 1056768 0
4505815831023616 17408 0
9299933248773685504 2098176 0
9295431830990229760 2113536 0
9011631662047232 34816 0
153122423837819392 4196353 0
144119588270907904 4227073 0
18023263324094464 69632 0
306244847675638784 8392706 0
288239176541815808 8454146 0
36028934462144513 139264 0
612507287537321984 8196 0
576478353083631617 131076 0
72057868924289026 278528 0
1225014575074643968 16392 0
1152956706167263234 262152 0
144115737848578052 557056 0
2450029150149287936 32784 0
2305913412334526468 524304 0
288231475697156104 1114112 0
4900058300298575872 65568 0
4611826824669052936 1048608 0
576462951394312208 2228224 0
9800116600597151744 131136 0
9223653649338105872 2097216 0
1152925902788624416 4456448 0
1153489127484751872 262273 0
563224966660128 4194433 0
2305851805577248832 8912896 0
2306978254969503744 524546 0
1126449933320256 8388866 0
4611703611154497665 1048576 0
4613938917752963073 1049092 0
2270492052684928 516 0
9223407222308995330 2097152 0
9227877835505926146 2098184 0
4540984105369856 1032 0
70370908439044 4194305 0
9011597302300676 4196369 0
9081968210739712 2064 0
140741816878088 8388610 0
18023194604601352 8392738 0
18163936421479424 4128 0
299075819800592 4 0
36046389209202705 8260 0
36310280656914433 8256 0
598151639601184 8 0
72092778418405410 16520 0
72620561313828866 16512 0
1196303279202368 16 0
144185556836810820 33040 0
145241122627657732 33024 0
2392606558404736 32 0
288371113673621640 66080 0
290482245255315464 66048 0
4785213116809472 64 0
576742227347243280 132160 0
580964490510630928 132096 0
9570426233618944 128 0
1153484454694486560 264320 0
1161928981021261856 264192 0
19140852467237888 256 0
2306968909388973120 528640 0
2323857962042523712 528384 0
38281704934475776 512 0
4613937818777946240 1057280 0
4647715924085047424 1056768 0
76563409868951552 1024 0
9227875637555892480 2114560 0
9295431848170094848 2113536 0
153126819737903104 2048 0
9007201402233344 4229121 0
144119622630638080 4227073 0
306253639475806208 4096 0
18014402804466688 8458242 0
288239245261276160 8454146 0
612489686765568001 8192 0
36046397794977792 139268 0
576478490522552321 131076 0
1224979373531136002 16384 0
72092795589955584 278536 0
1152956981045104642 262152 0
2449958747062272004 32768 0
144185591179911168 557072 0
2305913962090209284 524304 0
4899917494124544008 65536 0
288371182359822336 1114144 0
4611827924180418568 1048608 0
9799834988249088016 131072 0
576742364719644672 2228288 0
9223655848360837136 2097216 0
1152925902788624416 262145 0
1153484729439289344 4456576 0
567623012122656 4194433 0
2305851805577248832 524290 0
2306969458878578688 8913152 0
1135246024245312 8388866 0
4611686018968453249 1048580 0
4613956509943201792 1049088 0
2270492048490625 516 0
9223372037936906498 2097160 0
9227913019886403584 2098176 0
4540984096981250 1032 0
2164261380 4194321 0
9081966063255552 4196353 0
9081968193962500 2064 0
4328522760 8388642 0
18163932126511104 8392706 0
18163936387925000 4128 0
70377401229328 2199023255620 141736017936
144467031868047364 148620986743267332 141733920784
144396671646703636 148618787720011840 2097152
140754802458656 4398046511240 283472035872
288934063736094728 297241973486534664 283467841568
288793343293407272 297237575440023680 4194304
281509604917312 8796093022480 566944071744
577868127472189456 594483946973069328 566935683136
577586686586814544 594475150880047360 8388608
563019209834624 17592186044960 1133888143488
1155736254944378912 1188967893946138656 1133871366272
1155173373173629088 1188950301760094720 16777216
1126038419669248 35184372089920 2267776286976
2311472509888757824 2377935787892277312 2267742732544
2310346746347258176 2377900603520189440 33554432
2252076839338496 70368744179840 4535552573952
4622945019777515648 4755871575784554624 4535485465088
4620693492694516352 4755801207040378880 67108864
4504153678676992 140737488359680 9071105147904
9245890039555031296 9511743151569109248 9070970930176
9241386985389032704 9511602414080757760 134217728
9008307357353984 281474976719360 18142210295808
45036005400510976 576742229428666881 18141941860353
36029897068513792 576460754451963905 268435457
18016614714707968 562949953438720 36284420591616
90072010801021952 1153484458857333762 36283883720706
72059794137027584 1152921508903927810 536870914
36033229429415936 1125899906877440 72568841183232
180144021602043904 2306968917714667524 72567767441412
144119588274055168 2305843017807855620 1073741828
72066458858831872 2251799813754880 145137682366464
360288043204087808 4613937835429335048 145135534882824
288239176548110336 4611686035615711240 2147483656
144115325531619329 4503599627509760 8800388022288
720593678594220032 9227875670858670096 8796093054992
576478353096220673 9223372071231422480 4294967296
288230651063238658 9007199255019520 17600776044576
1441187357188440064 9007268007788576 17592186109985
1152956706192441346 68753293344 8589934593
576461302126477316 18014398510039040 35201552089152
2882374714376880128 18014536015577152 35184372219970
2305913412384882692 137506586688 17179869186
1152922604252954632 36028797020078080 70403104178304
5764749428753760256 36029072031154304 70368744439940
4611826824769765384 275013173376 34359738372
2305845208505909264 72057594040156160 140806208356608
11529498857507520512 72058144062308608 140737488879880
9223653649539530768 550026346752 68719476744
4611690417011818528 144115188080312320 137440002576
4612253641305489408 144116288141394433 1049104
563225369509920 1100069470721 137438953472
9223380834023637056 288230376160624640 274880005152
9224507282610978816 288232576282788866 2098208
1126450739019840 2200138941442 274877906944
17594337722497 576460752304472065 549760010304
2252899326361601 576465152565577733 4196416
2270493664084096 4400261105668 549755813888
35188675444994 1152921504608944130 1099520020608
4505798652723202 1152930305131155466 8392832
4540987328168192 8800522211336 1099511627776
70377350889988 2305843009217888260 2199040041216
9011597305446404 2305860610262310932 16785664
9081974656336384 17601044422672 2199023255552
140754701779976 4611686018435776520 4398080082432
18023194610892808 4611721220524621864 33571328
18163949312672768 35202088845344 4398046511104
299101589604368 9223372036854775824 8796160164864
36046389221785617 9223442441032466512 67142656
36310306439301121 70404177690688 8796093022208
598203179208736 32 17592320329729
72092778443571234 140808355381408 134285313
72620612878602242 140808355381376 17592186044416
1196406358417472 64 35184640659458
144185556887142468 281616710762816 268570626
145241225757204484 281616710762752 35184372088832
2392812716834944 128 70369281318916
288371113774284936 563233421525632 537141252
290482451514408968 563233421525504 70368744177664
4785625433669888 256 140738562637832
576742227548569872 1126466843051264 1074282504
580964903028817936 1126466843051008 140737488355328
9571250867339776 16777728 2148565008
1153484455097139744 2252933702879744 2148564992
1161929806057635872 2252933686102016 16
19142501734679552 33555456 4297130016
2306968910194279488 4505867405759488 4297129984
2323859612115271744 4505867372204032 32
38285003469359104 67110912 8594260032
4613937820388558976 9011734811518976 8594259968
4647719224230543488 9011734744408064 64
76570006938718208 134221824 17188520064
9227875640777117952 18023469623037952 17188519936
9295438448461086976 18023469488816128 128
153122421691392001 268443648 34377040128
9024800030728704 36046939229298689 34377039872
144132823212622337 36046938960855041 256
306244843382784002 536887296 68754080256
18049600061457408 72093878458597378 68754079744
288265646425244674 72093877921710082 512
612489686765568004 1073774592 137508160512
36099200122914816 144187756917194756 137508159488
576531292850489348 144187755843420164 1024
1224979373531136008 2147549184 275016321024
72198400245829632 288375513834389512 275016318976
1153062585700978696 288375511686840328 2048
2449958747062272016 4295098368 550032642048
144396800491659264 576751027668779024 550032637952
2306125171401957392 576751023373680656 4096
4899917494124544032 8590196736 1100065284096
288793600983318528 1153502055337558048 1100065275904
4612250342803914784 1153502046747361312 8192
9799834988249088064 17180393472 2200130568192
577587201966637056 2307004110675116096 2200130551808
9224500685607829568 2307004093494722624 16384
1152925902788624512 34360786945 4400261136384
1155174403933274112 4614008221350232192 4400261103616
2257297506107520 4614008186989445249 32768
2305851805577249024 68721573890 8800522272768
2310348807866548224 9228016442700464384 8800522207232
4514595012215040 9228016373978890498 65536
4611686018968453633 137443147780 17601044545536
4620715207919140864 9288811674599936 17601044414465
9029190024430081 9288674231452164 131073
9223372037936907266 274886295560 35202089091072
9241430415838281728 18577623349199872 35202088828930
18058380048860162 18577348462904328 262146
17594350307332 549755813905 70404178182144
36116757967011841 37155246681622529 70404177657860
36099167911675909 37154696925808656 524292
35188700614664 1099511627810 140808356364288
72233515934023682 74310493363245058 140808355315720
72198335823351818 74309393851617312 1048584
563224831393802 140806224609792 5308464
1153660376957583392 5566328209920 139460640
1153097701882134570 146235080310784 134283280
1126449662787604 281612449219584 10616928
2307320753915166784 11132656419840 278921280
2306195403764269140 292470160621568 268566560
2252899325575208 563224898439168 21233856
4614641507830333568 22265312839680 557842560
4612390807528538280 584940321243136 537133120
4505798651150416 1126449796878336 42467712
9229283015660667136 44530625679360 1115685120
9224781615057076560 1169880642486272 1074266240
9011597302300832 2252899593756672 84935424
11821957611782656 89061251358721 2231370240
2819156404601504 2339761284972545 2148532480
18023194604601664 4505799187513344 169870848
23643915223565312 178122502717442 4462740480
5638312809203008 4679522569945090 4297064960
36028797023158913 9011598375026688 339741696
47305422633175040 356244988657668 8925480960
11276625618406017 9359045123112964 8594129920
72057594046317826 18023196750053376 679483392
94610845266350080 712489977315336 17850961920
22553251236812034 18718090246225928 17188259840
144115188092635652 36046393500106752 1358966784
189221690532700160 1424979954630672 35701923840
45106502473624068 37436180492451856 34376519680
288230376185271304 72092787000213504 2717933568
378443381065400320 2849959909261344 71403847680
90213004947248136 74872360984903712 68753039360
576460752370542608 144185574000427008 5435867136
756886762130800640 5699919818522688 142807695360
180426009894496272 149744721969807424 137506078720
1152921504741085216 288371148000854016 10871734272
1513773524261601280 11399839637045376 285615390720
360852019788992544 299489443939614848 275012157440
2305843009482170432 576742296001708032 21743468544
3027547048523202560 22799679274090752 571230781440
721704039577985088 598978887879229696 550024314880
4611686018964340864 1153484592003416064 43486937088
6055094097046405120 45599358548181504 1142461562880
1443408079155970176 1197957775758459392 1100048629760
9223372037928681728 2306969184006832128 86973874176
12110188194092810240 91198717096363008 2284923125760
2886816158311940352 2395915551516918784 2200097259520
17594333856256 4613938367996887041 173947748352
5773632314476068865 182397434175948801 4569846251520
5773614724437836289 4791831103033837568 4400194519040
35188667712512 9227876735993774082 347895496704
11547264628952137730 364794868351897602 9139692503040
11547229448875672578 9583662206067675136 8800389038080
70377335425024 9009398277996548 695790993409
4647785184194723844 729589736703795205 18279385006080
4647714824041793540 720580338425798657 17600778076161
140754670850048 18018796555993096 1391581986818
9295570368389447688 1459179473407590410 36558770012160
9295429648083587080 1441160676851597314 35201556152322
281509341700096 36037593111986192 2783163973636
144396663069343760 2918358946815180821 73117540024320
144115222457622544 2882321353703194629 70403112304644
563018683400192 72075186223972384 5566327947272
288793326138687520 5836717893630361642 146235080048640
288230444915245088 5764642707406389258 140806224609288
1126037366800384 144150372464721984 11132655894528
577586652277375040 11673435787260723284 10995183386640
576460889830490176 11529285414829555732 137472507920
2252074733600768 288300744929443968 22265311789056
1155173304554750080 4900127500811894952 21990366773281
1152921779660980352 4611826755949559848 274945015841
4504149467201536 576601489858887936 44530623578112
2310346609109500160 9800255001623789904 43980733546562
2305843559321960704 9223653511899119696 549890031682
9008298934403072 1153202979717775872 89061247156224
4620693218219000320 1153765929538028192 87961467093125
4611687118643921408 562950088687776 1099780063365
18016597868806144 2306405959435551744 178122494312448
9241386436438000640 2307531859076056384 175922934186250
9223374237287842816 1125900177375552 2199560126730
36033195737612288 4612811918871103488 74770011914256
36028799166449664 4615063718168889985 70370891661844
4400866134016 2251800371528321 4399120253444
72066391475224576 9225623837742206976 149540023828512
72057598332899328 9230127436337779970 140741783323688
8801732268032 4503600743056642 8798240506888
144115190764404737 4503601774862336 17605070946385
144132788851843072 13510798966008324 8589936721
17603464536065 9007201486113284 17596481013760
288230381528809474 9007203549724672 35210141892770
288265577703686144 27021597932016648 17179873442
35206929072130 18014402972226568 35192962027520
576460763057618948 18014407099449344 70420283785540
576531155407372288 54043195864033296 34359746884
70413858144260 36028805944453136 70385924055040
1152921526115237896 36028814198898688 140840567571080
1153062310814744576 108086391728066592 68719493768
140827716288520 72057611888906272 140771848110080
2305843052230475792 72057628414574592 206158431504
2306124621629489152 216172783472910400 137438987520
281655432577040 144115223777812544 68719509520
4611686104460951584 144115256829149184 412316863008
4612249243258978304 432345566945820800 274877975040
563310865154080 288230447555625088 137439019040
9223372208921903168 288230513658298368 824633726016
9224498486517956608 864691133891641600 549755950080
1126621730308160 576460895111250176 274878038080
344134254720 576461027316596737 1649267452032
2252899326361600 1729382267783283201 1099511900160
2253243460616320 1152921790222500352 549756076160
688268509440 1152922054633193474 3298534904064
4505798652723200 3458764535566566402 2199023800320
4506486921232640 2305843580445000704 1099512152320
1376537018880 2305844109266386948 6597069808128
9011597305446400 6917529071133132804 4398047600640
9012973842465280 4611687160890001408 2199024304640
2753074037760 4611688218532773896 13194139616256
18023194610892800 13835058142266265608 8796095201280
18025947684930560 9223374321780002816 4398048609280
23098334119936 9223376437048770576 26388279232512
36046389221785601 9223372210806202384 17592190402561
36034303183816705 4569850454016 8796097218561
46196668239872 8800387989536 52776558465025
72092778443571202 347902853152 35184380805123
72068606367633410 9139700908032 17592194437122
74801150435329 17600775979072 105553116930050
144203149073186820 695788929088 70368761610246
144137212735266821 18279385038848 35184388874244
149602300870658 35201551958144 211106233860100
288406298146373640 1391577858176 140737523220492
288274425470533642 36558770077696 70368777748488
281612415696901 70403103916288 140737491009560
576830188478791696 2783155716352 69730328
576548850941067285 73117540155392 140737555496960
144115188092635664 146028920832 70369826447364
189432693686018048 1134842028785680 1082130436
45317505626941968 1134695999864848 70368744316928
288230376185271328 292057841664 140739652894728
378865387372036096 2269684057571360 2164260872
90635011253883936 2269391999729696 140737488633856
576460752370542656 584132460544 4329078800
757730774744072192 4539368131919936 4328521728
181270022507767872 4538783999459392 557072
1152921504741085312 1168264921088 8658157600
1515461549488144384 9078736263839872 8657043456
362540045015535744 9077567998918784 1114144
2305843009482170624 2336529842176 17316315200
3030923098976288768 18157472527679744 17314086912
725080090031071488 18155135997837568 2228288
4611686018964341248 4673059684352 34632630400
6061846197952577536 36314945055359488 34628173824
1450160180062142976 36310271995675136 4456576
9223372037928682496 9346119368704 69265260800
12123692395905155072 72629890110718976 69256347648
2900320360124285952 72620543991350272 8913152
2147813376 18692238737409 138530521600
5800640718100758528 145259780221437953 138512695296
5800640720248571904 145241087982700544 17826304
4295626752 37384477474818 277061043200
11601281436201517056 290519560442875906 277025390592
11601281440497143808 290482175965401088 35652608
17600777297920 74768938172420 554122086400
4755818798693482497 581039120868974597 554050781184
4755801215098691585 580964351930802177 71305216
35201554595840 149537876344840 1108244172800
9511637597386964994 1162078241737949194 1108101562368
9511602430197383170 1161928703861604354 142610432
70403109191680 299075752689680 2216488345600
576531121064378372 2324156483475898389 2216203124736
576460786685214724 2323857407723208709 285220864
140806218383360 598151505379360 4432976691200
1153062242128756744 4648312966951796778 4432406249472
1152921573370429448 4647714815446417418 570441728
281612436766720 1196303010758720 8865953382400
2306124484257513488 9296625933903593556 8864812498944
2305843146740858896 9295429630892834836 1140883456
563224873533440 2392606021517440 17731906764800
4612248968515026976 146507794097635496 17729624997889
4611686293481717792 144115188076118056 2281766913
1126449747066880 4785212043034880 35463813529600
9224497937030053952 293015588195270992 35459249995778
9223372586963435584 288230376152236112 4563533826
2252899494133760 9570424086069760 70927627059200
2251800350556288 586031176390541985 70918499991556
1100217319552 576460752304472225 9127067652
4505798988267520 19140848172139520 141855254118400
4503600701112576 1172062352781083970 141836999983112
2200434639104 1152921504608944450 18254135304
9011597976535040 38281696344279040 2235531526160
9007201402225152 2344124705578945156 2199023255568
4400869278208 2305843009234666116 36508270592
18023195953070080 76563392688558080 4471063052320
18014402804450304 4688249411157890312 4398046511136
8801738556416 4611686018469332232 73016541184
36028799720095745 153126785377116160 8942126104640
36046397794945024 9376498822299003408 8796093022272
17603477112833 9223372036921887248 146033082368
72057599440191490 306253570754232320 17884252209280
72092795589890048 306253570888455200 17592186044545
35206954225666 134222880 292066164737
144115198880382980 612507141508464640 35768504418560
144185591179780096 612507141776910400 35184372089090
70413908451332 268445760 584132329474
288230397760765960 1225014283016929280 71537008837120
288371182359560192 1225014283553820800 70368744178180
140827816902664 536891520 1168264658948
576460795521531920 2450028566033858560 143074017674240
576742364719120384 2450028567107641600 140737488356360
281655633805328 1073783040 2336529317896
1152921591043063840 4900057132067717120 4673058637840
1153484729438240768 4900057134232060416 2064
563311267610656 2164343296 4673058635776
2305843182086127680 9800114264135434240 9346117275680
2306969458876481536 9800114268464120832 4128
1126622535221312 4328686592 9346117271552
4611686364172255360 1153484454561316864 18692234551361
4613938917752963072 1153484463218690048 8257
2253245070442624 8657373184 18692234543104
9223372728344510720 2306968909122633728 37384469102722
9227877835505926144 2306968926437380096 16514
4506490140885248 17314746368 37384469086208
1382979469824 4613937818245267457 74768938205444
9011597302300672 4613937852874760193 33028
9012980281770496 34629492736 74768938172416
2765958939648 9227875636490534914 149537876410888
18023194604601344 9227875705749520386 66056
18025960563540992 69258985472 149537876344832
23124103923712 9007199271518212 17600776111121
36046389209202689 9007337789489156 132097
36034328941037569 138517970944 17600775979024
46248207847424 18014398543036424 35201552222242
72092778418405378 18014675578978312 264194
72068657882075138 277035941888 35201551958048
74904229650433 36028797086072848 70403104444484
144203149022855172 36029351141179408 528388
144137315764150277 554055106560 70403103916096
149808459300866 72057594172145696 140806208888968
288406298045710344 72058702282358816 1056776
288274631528300554 1108110213120 140806207832192
282024732557317 144115188361068608 137441067280
576830188277465104 144117404564717632 2113536
576549263056601109 2216203649024 137438953744
564049465114634 288230376722137216 274882134560
1153660376554930208 288234809129435264 4227072
1153098526113202218 4432407298048 274877907488
1128098930229268 576460753444274432 549764269120
2307320753109860416 576469618258870528 8454144
2306197052226404436 8864814596096 549755814976
2256197860458536 1152921506888548864 1099528538240
4614641506219720832 1152939236517741056 16908288
4612394104452808872 17729629192192 1099511629952
4512395720917072 2305843013777097728 2199057076480
9229283012439441664 2305878473035482112 33816576
9224788208905617744 35459258384384 2199023259904
9007199255789729 4611686027554195456 4398114152960
11839543355376128 4611756946054187009 67633152
2832344101683873 70918499991553 4398046519808
18014398511579458 9223372055108390912 8796228305920
23679086710752256 9223513892108374018 135266304
5664688203367746 141836999983106 8796093039616
36028797023158916 36507230208 17592456611841
47358173421504512 283710507196420 270532609
11329376406735492 283673999966212 17592186079232
72057594046317832 73014460416 35184913223682
94716346843009024 567421014392840 541065218
22658752813470984 567347999932424 35184372158464
0 1196268667797504 137506095376
0 144185591464984576 138512728320
0 145241122610872320 1140850704
0 2392537335595008 275012190752
0 288371182929969152 277025456640
0 290482245221744640 2281701408
0 4785074671190016 550024381504
0 576742365859938304 554050913280
0 580964490443489280 4563402816
0 9570149342380032 1100048763008
0 1153484731719876608 1108101826560
0 1161928980886978560 9126805632
0 19140298684760064 2200097526016
0 2306969463439753216 2216203653120
0 2323857961773957120 18253611264
0 38280597369520128 4400195052032
0 4613938926879506432 4432407306240
0 4647715923547914240 36507222528
0 76561194739040256 8800390104064
0 9227877853759012864 8864814612480
0 9295431847095828480 73014445056
0 153122389478080512 17600780208128
0 9011633808474112 17729629224961
0 144119620482105344 146028890113
0 306244778956161024 35201560416256
0 18023267616948224 35459258449922
0 288239240964210688 292057780226
0 612489557912322048 70403120832512
0 36046535233896448 70918516899844
0 576478481928421376 584115560452
0 1224979115824644096 140806241665024
0 72093070467792896 141837033799688
0 1152956963856842752 1168231120904
0 2449958231649288192 137506619408
0 144186140952363008 2199090888720
0 2305913927730462720 2336462241792
0 4899916463298576384 275013238816
0 288372281904726016 4398181777440
0 4611827855460925440 4672924483584
0 9799832926597152768 550026477632
0 576744563809452032 8796363554880
0 9223655710921850880 9345848967168
0 1152921779484753920 1100052955265
0 1153489127618904064 17592727109760
0 567348134150144 18691697934337
0 2305843558969507840 2200105910530
0 2306978255237808128 35185454219520
0 1134696268300288 37383395868674
0 4611687117939015680 4400211821060
0 4613956510475616256 70370908439040
0 2269392536600576 74766791737348
0 9223374235878031360 8800423642120
0 9227913020951232512 140741816878080
0 4538785073201152 149533583474696
0 4398063288320 17600847284225
0 9081968192913408 8657045521
0 9077570163179520 17592190238736
0 8796126576640 35201694568450
0 18163936385826816 17314091042
0 18155140326359040 35184380477472
0 17592253153280 70403389136900
0 36327872771653632 34628182084
0 36310280652718080 70368760954944
0 35184506306560 140806778273800
0 72655745543307264 69256364168
0 72620561305436160 140737521909888
0 70369029390336 138579836944
0 145311491103391744 138512728320
0 145241122610872320 67109136
0 140738058780672 277159673888
0 290622982206783488 277025456640
0 290482245221744640 134218272
0 281476117561344 554319347776
0 581245964413566976 554050913280
0 580964490443489280 268436544
0 562952235122688 1108638695552
0 1162491928827133952 1108101826560
0 1161928980886978560 536873088
0 1125904470245376 2217277391104
0 2324983857654267904 2216203653120
0 2323857961773957120 1073746176
0 2251808940490752 4434554782208
0 4649967715308535808 4432407306240
0 4647715923547914240 2147492352
0 4503617880981504 8869109564416
0 9299935430617071616 8864814612480
0 9295431847095828480 4294984704
0 9007235761963008 17738219128832
0 153126787524591616 17729629224961
0 144119620482105344 8589969409
0 18014471523926016 35476438257664
0 306253575049183232 35459258449922
0 288239240964210688 17179938818
0 36028943047852032 70952876515328
0 612507150098366464 70918516899844
0 576478481928421376 34359877636
0 72057886095704064 141905753030656
0 1225014300196732928 141837033799688
0 1152956963856842752 68719755272
0 144115772191408128 2336529350672
0 2450028600410243072 2199090888720
0 2305913927730462720 137439510528
0 288231544382816256 4673058701344
0 4900057200820486144 4398181777440
0 4611827855460925440 274879021056
0 576463088765632512 9346117402688
0 9800114401640972288 8796363554880
0 9223655710921850880 549758042112
0 1152926177531265024 18692234805376
0 1153484729572392960 17592727109761
0 567348134150144 1099516084225
0 2305852355062530048 37384469610752
0 2306969459144785920 35185454219522
0 1134696268300288 2199032168450
0 4611704710125060096 74768939221504
0 4613938918289571840 70370908439044
0 2269392536600576 4398064336900
0 9223409420250120192 149537878443008
0 9227877836579143680 140741816878088
0 4538785073201152 8796128673800
0 74766790688768 17600780175377
0 9011599465512960 8657045521
0 9077570163179520 17592257347584
0 149533581377536 35201560350754
0 18023198931025920 17314091042
0 18155140326359040 35184514695168
0 299067162755072 70403120701508
0 36046397862051840 34628182084
0 36310280652718080 70369029390336
0 598134325510144 140806241403016
0 72092795724103680 69256364168
0 72620561305436160 140738058780672
0 0 0
0 0 0
0 0 0
0 0 0
0 0 0
0 0 0
0 0 0
0 0 0
0 0 0
0 0 0
0 0 0
0 0 0
0 0 0
0 0 0
0 0 0
0 0 0
0 0 0
0 0 0
0 0 0
0 0 0
0 0 0
0 0 0
0 0 0
0 0 0
0 0 0
0 0 0
0 0 0
0 0 0
0 0 0
0 0 0
0 0 0
0 0 0
0 0 0
0 0 0
0 0 0
0 0 0
0 0 0
0 0 0
0 0 0
0 0 0
0 0 0
0 0 0
0 0 0
0 0 0
0 0 0
0 0 0
0 0 0
0 0 0
0 0 0
0 0 0
0 0 0
0 0 0
0 0 0
0 0 0
0 0 0
0 0 0
0 0 0
0 0 0
0 0 0
0 0 0
0 0 0
0 0 0
0 0 0
0 0 0
0 0 0
0 0 0
0 0 0
0 0 0
0 0 0
0 0 0
0 0 0
0 0 0
0 0 0
0 0 0
0 0 0
0 0 0
0 0 0
0 0 0
0 0 0
0 0 0
0 0 0
0 0 0
0 0 0
0 0 0
0 0 0
0 0 0
0 0 0
0 0 0
0 0 0
0 0 0
0 0 0
0 0 0
0 0 0
0 0 0
0 0 0
0 0 0
0 0 0
0 0 0
0 0 0
0 0 0
0 0 0
0 0 0
0 0 0
0 0 0
0 0 0
0 0 0
0 0 0
0 0 0
0 0 0
0 0 0
0 0 0
0 0 0
0 0 0
0 0 0
0 0 0
0 0 0
0 0 0
0 0 0
0 0 0
0 0 0
0 0 0
0 0 0
0 0 0
0 0 0
0 0 0
0 0 0
0 0 0
0 0 0
0 0 0
0 0 0
0 0 0
0 0 0
