256 96 2 32
0 2 32 1 64 1 0 0 0 0 0 0
1 2 33 1 65 1 0 0 0 0 0 0
2 2 34 1 66 1 0 0 0 0 0 0
3 2 35 1 67 1 0 0 0 0 0 0
4 2 36 1 68 1 0 0 0 0 0 0
5 2 37 1 69 1 0 0 0 0 0 0
6 2 38 1 70 1 0 0 0 0 0 0
7 2 39 1 71 1 0 0 0 0 0 0
8 2 40 1 72 1 0 0 0 0 0 0
9 2 41 1 73 1 0 0 0 0 0 0
10 2 42 1 74 1 0 0 0 0 0 0
11 2 43 1 75 1 0 0 0 0 0 0
12 2 44 1 76 1 0 0 0 0 0 0
13 2 45 1 77 1 0 0 0 0 0 0
14 2 46 1 78 1 0 0 0 0 0 0
15 2 47 1 79 1 0 0 0 0 0 0
16 2 48 1 80 1 0 0 0 0 0 0
17 2 49 1 81 1 0 0 0 0 0 0
18 2 50 1 82 1 0 0 0 0 0 0
19 2 51 1 83 1 0 0 0 0 0 0
20 2 52 1 84 1 0 0 0 0 0 0
21 2 53 1 85 1 0 0 0 0 0 0
22 2 54 1 86 1 0 0 0 0 0 0
23 2 55 1 87 1 0 0 0 0 0 0
24 2 56 1 88 1 0 0 0 0 0 0
25 2 57 1 89 1 0 0 0 0 0 0
26 2 58 1 90 1 0 0 0 0 0 0
27 2 59 1 91 1 0 0 0 0 0 0
28 2 60 1 92 1 0 0 0 0 0 0
29 2 61 1 93 1 0 0 0 0 0 0
30 2 62 1 94 1 0 0 0 0 0 0
31 2 63 1 95 1 0 0 0 0 0 0
0 1 40 2 88 1 0 0 0 0 0 0
1 1 41 2 89 1 0 0 0 0 0 0
2 1 42 2 90 1 0 0 0 0 0 0
3 1 43 2 91 1 0 0 0 0 0 0
4 1 44 2 92 1 0 0 0 0 0 0
5 1 45 2 93 1 0 0 0 0 0 0
6 1 46 2 94 1 0 0 0 0 0 0
7 1 47 2 95 1 0 0 0 0 0 0
8 1 48 2 64 1 0 0 0 0 0 0
9 1 49 2 65 1 0 0 0 0 0 0
10 1 50 2 66 1 0 0 0 0 0 0
11 1 51 2 67 1 0 0 0 0 0 0
12 1 52 2 68 1 0 0 0 0 0 0
13 1 53 2 69 1 0 0 0 0 0 0
14 1 54 2 70 1 0 0 0 0 0 0
15 1 55 2 71 1 0 0 0 0 0 0
16 1 56 2 72 1 0 0 0 0 0 0
17 1 57 2 73 1 0 0 0 0 0 0
18 1 58 2 74 1 0 0 0 0 0 0
19 1 59 2 75 1 0 0 0 0 0 0
20 1 60 2 76 1 0 0 0 0 0 0
21 1 61 2 77 1 0 0 0 0 0 0
22 1 62 2 78 1 0 0 0 0 0 0
23 1 63 2 79 1 0 0 0 0 0 0
24 1 32 2 80 1 0 0 0 0 0 0
25 1 33 2 81 1 0 0 0 0 0 0
26 1 34 2 82 1 0 0 0 0 0 0
27 1 35 2 83 1 0 0 0 0 0 0
28 1 36 2 84 1 0 0 0 0 0 0
29 1 37 2 85 1 0 0 0 0 0 0
30 1 38 2 86 1 0 0 0 0 0 0
31 1 39 2 87 1 0 0 0 0 0 0
0 1 38 1 94 2 0 0 0 0 0 0
1 1 39 1 95 2 0 0 0 0 0 0
2 1 40 1 64 2 0 0 0 0 0 0
3 1 41 1 65 2 0 0 0 0 0 0
4 1 42 1 66 2 0 0 0 0 0 0
5 1 43 1 67 2 0 0 0 0 0 0
6 1 44 1 68 2 0 0 0 0 0 0
7 1 45 1 69 2 0 0 0 0 0 0
8 1 46 1 70 2 0 0 0 0 0 0
9 1 47 1 71 2 0 0 0 0 0 0
10 1 48 1 72 2 0 0 0 0 0 0
11 1 49 1 73 2 0 0 0 0 0 0
12 1 50 1 74 2 0 0 0 0 0 0
13 1 51 1 75 2 0 0 0 0 0 0
14 1 52 1 76 2 0 0 0 0 0 0
15 1 53 1 77 2 0 0 0 0 0 0
16 1 54 1 78 2 0 0 0 0 0 0
17 1 55 1 79 2 0 0 0 0 0 0
18 1 56 1 80 2 0 0 0 0 0 0
19 1 57 1 81 2 0 0 0 0 0 0
20 1 58 1 82 2 0 0 0 0 0 0
21 1 59 1 83 2 0 0 0 0 0 0
22 1 60 1 84 2 0 0 0 0 0 0
23 1 61 1 85 2 0 0 0 0 0 0
24 1 62 1 86 2 0 0 0 0 0 0
25 1 63 1 87 2 0 0 0 0 0 0
26 1 32 1 88 2 0 0 0 0 0 0
27 1 33 1 89 2 0 0 0 0 0 0
28 1 34 1 90 2 0 0 0 0 0 0
29 1 35 1 91 2 0 0 0 0 0 0
30 1 36 1 92 2 0 0 0 0 0 0
31 1 37 1 93 2 0 0 0 0 0 0
0 1 48 1 86 1 68719476768 0 137438953520 0 206158430224 0
1 1 49 1 87 1 274877907072 0 549755814080 0 824633720896 0
2 1 50 1 88 1 1099511628288 0 2199023256320 0 3298534883584 0
3 1 51 1 89 1 4398046513152 0 8796093025280 0 13194139534336 0
4 1 52 1 90 1 17592186052608 0 35184372101120 0 52776558137344 0
5 1 53 1 91 1 70368744210432 0 140737488404480 0 211106232549376 0
6 1 54 1 92 1 281474976841728 0 562949953617920 0 844424930197504 0
7 1 55 1 93 1 1125899907366912 0 2251799814471680 0 3377699720790016 0
8 1 56 1 94 1 4503599629467648 0 9007199257886720 0 13510798883160064 0
9 1 57 1 95 1 18014398517870592 0 36028797031546880 0 54043195532640256 0
10 1 58 1 64 1 72057594071482368 0 144115188126187520 0 216172782130561024 0
11 1 59 1 65 1 288230376285929472 0 576460752504750080 0 864691128522244096 0
12 1 60 1 66 1 1152921505143717888 0 2305843010019000320 0 3458764514088976384 0
13 1 61 1 67 1 4611686020574871552 0 9223372040076001280 0 13835058056355905536 0
14 1 62 1 68 1 8589934593 0 12884901890 0 4294967299 0
15 1 63 1 69 1 34359738372 0 51539607560 0 17179869196 0
16 1 32 1 70 1 137438953488 0 206158430240 0 68719476784 0
17 1 33 1 71 1 549755813952 0 824633720960 0 274877907136 0
18 1 34 1 72 1 2199023255808 0 3298534883840 0 1099511628544 0
19 1 35 1 73 1 8796093023232 0 13194139535360 0 4398046514176 0
20 1 36 1 74 1 35184372092928 0 52776558141440 0 17592186056704 0
21 1 37 1 75 1 140737488371712 0 211106232565760 0 70368744226816 0
22 1 38 1 76 1 562949953486848 0 844424930263040 0 281474976907264 0
23 1 39 1 77 1 2251799813947392 0 3377699721052160 0 1125899907629056 0
24 1 40 1 78 1 9007199255789568 0 13510798884208640 0 4503599630516224 0
25 1 41 1 79 1 36028797023158272 0 54043195536834560 0 18014398522064896 0
26 1 42 1 80 1 144115188092633088 0 216172782147338240 0 72057594088259584 0
27 1 43 1 81 1 576460752370532352 0 864691128589352960 0 288230376353038336 0
28 1 44 1 82 1 2305843009482129408 0 3458764514357411840 0 1152921505412153344 0
29 1 45 1 83 1 9223372037928517632 0 13835058057429647360 0 4611686021648613376 0
30 1 46 1 84 1 4294967298 0 8589934595 0 12884901889 0
31 1 47 1 85 1 17179869192 0 34359738380 0 51539607556 0
0 1 61 1 83 1 5116099074445017088 14699960289969833984 9871905779580141568 4899986763323280384 14843872069468291072 9799973526646555648
1 1 62 1 84 1 2017652224070516737 3459608938750681091 2594134970901463042 1153202979583569921 4035256056744509443 2306405959167119362
2 1 63 1 85 1 8070608896282066948 13838435755002724364 10376539883605852168 4612811918334279684 16141024226978037772 9225623836668477448
3 1 32 1 86 1 13835691511418716177 13510798882242611 4612671387004305442 4503599627567121 9223864686783496243 9007199254806562
4 1 33 1 87 1 2533824546209863 54043195528970444 3941474307670153 18014398510268484 1970599714881742 36028797019226248
5 1 34 1 88 1 10135298184839452 216172782115881776 15765897230680612 72057594041073936 7882398859526968 144115188076904992
6 1 35 1 89 1 40541192739357808 864691128463527104 63063588922722448 288230376164295744 31529595438107872 576460752307619968
7 1 36 1 90 1 162164770957431232 3458764513854108416 252254355690889792 1152921504657182976 126118381752431488 2305843009230479872
8 1 37 1 91 1 648659083829724928 13835058055416433664 1009017422763559168 4611686018628731904 504473527009725952 9223372036921919488
9 1 38 1 92 1 2594636335318899712 537079811 4036069691054236672 805376001 2017894108038903808 268574722
10 1 39 1 93 1 10378545341275598848 2148319244 16144278764216946688 3221504004 8071576432155615232 1074298888
11 1 40 1 94 1 4620693217683292162 8593276976 9236882835739131907 12886016016 13839561654912909313 4297195552
12 1 41 1 95 1 36028797023617033 34373107904 54043195537424398 51544064064 18014398522982407 17188782208
13 1 42 1 64 1 144115188094468132 137492431616 216172782149697592 206176256256 72057594091929628 68755128832
14 1 43 1 65 1 576460752377872528 549969726464 864691128598790368 824705025024 288230376367718512 275020515328
15 1 44 1 66 1 2305843009511490112 2199878905856 3458764514395161472 3298820100096 1152921505470874048 1100082061312
16 1 45 1 67 1 9223372038045960448 8799515623424 13835058057580645888 13195280400384 4611686021883496192 4400328245248
17 1 46 1 68 1 4764738562 35198062493696 9193928707 52781121601536 13824433153 17601312980992
18 1 47 1 69 1 19058954248 140792249974784 36775714828 211124486406144 55297732612 70405251923968
19 1 48 1 70 1 76235816992 563168999899136 147102859312 844497945624576 221190930448 281621007695872
20 1 49 1 71 1 304943267968 2252675999596544 588411437248 3377991782498304 884763721792 1126484030783488
21 1 50 1 72 1 1219773071872 9010703998386176 2353645748992 13511967129993216 3539054887168 4505936123133952
22 1 51 1 73 1 4879092287488 36042815993544704 9414582995968 54047868519972864 14156219548672 18023744492535808
23 1 52 1 74 1 19516369149952 144171263974178816 37658331983872 216191474079891456 56624878194688 72094977970143232
24 1 53 1 75 1 78065476599808 576685055896715264 150633327935488 864765896319565824 226499512778752 288379911880572928
25 1 54 1 76 1 312261906399232 2306740223586861056 602533311741952 3459063585278263296 905998051115008 1153519647522291712
26 1 55 1 77 1 1249047625596928 9226960894347444224 2410133246967808 13836254341113053184 3623992204460032 4614078590089166848
27 1 56 1 78 1 4996190502387712 14355429970673666 9640532987871232 4785143323557891 14495968817840128 9570286647115777
28 1 57 1 79 1 19984762009550848 57421719882694664 38562131951484928 19140573294231564 57983875271360512 38281146588463108
29 1 58 1 80 1 79939048038203392 229686879530778656 154248527805939712 76562293176926256 231935501085442048 153124586353852432
30 1 59 1 81 1 319756192152813568 918747518123114624 616994111223758848 306249172707705024 927742004341768192 612498345415409728
31 1 60 1 82 1 1279024768611254272 3674990072492458496 2467976444895035392 1224996690830820096 3710968017367072768 2449993381661638912
0 1 36 1 81 1 21955116907102336 54056939436376132 37999259303280832 18019621193908360 56576676489855040 36037867998281932
1 1 37 1 82 1 87820467628409344 216227757745504528 151997037213123328 72078484775633440 226306705959420160 144151471993127728
2 1 38 1 83 1 351281870513637376 864911030982018112 607988148852493312 288313939102533760 905226823837680640 576605887972510912
3 1 39 1 84 1 1405127482054549504 3459644123928072448 2431952595409973248 1153255756410135040 3620907295350722560 2306423551890043648
4 1 40 1 85 1 5620509928218198016 13838576495712289792 9727810381639892992 4613023025640540160 14483629181402890240 9225694207560174592
5 1 41 1 86 1 4035295639163240449 14073761720504323 2017753379140468738 5348028852609025 2594284504482906115 9288682821595138
6 1 42 1 87 1 16141182556652961796 56295046882017292 8071013516561874952 21392115410436100 10377138017931624460 37154731286380552
7 1 43 1 88 1 9224498005483192339 225180187528069168 13837309992537948193 85568461641744400 4615063924307394610 148618925145522208
8 1 44 1 89 1 4503874513666126 900720750112276672 9007749023137927 342273846566977600 13511623520026825 594475700582088832
9 1 45 1 90 1 18015498054664504 3602883000449106688 36030996092551708 1369095386267910400 54046494080107300 2377902802328355328
10 1 46 1 91 1 72061992218658016 14411532001796426752 144123984370206832 5476381545071641600 216185976320429200 9511611209313421312
11 1 47 1 92 1 288247968874632064 2305895786057052163 576495937480827328 3458782106577014785 864743905281716800 1152956689834582018
12 1 48 1 93 1 1152991875498528256 9223583144228208652 2305983749923309312 13835128426308059140 3458975621126867200 4611826759338328072
13 1 49 1 94 1 4611967501994113024 844429493731378 9223934999693237248 281484103581715 13835902484507468800 562963643760673
14 1 50 1 95 1 1125934266900481 3377717974925512 2251851353845762 1125936414326860 3377716901220355 2251854575042692
15 1 51 1 64 1 4503737067601924 13510871899702048 9007405415383048 4503745657307440 13510867604881420 9007418300170768
16 1 52 1 65 1 18014948270407696 54043487598808192 36029621661532192 18014982629229760 54043470419525680 36029673200683072
17 1 53 1 66 1 72059793081630784 216173950395232768 144118486646128768 72059930516919040 216173881678102720 144118692802732288
18 1 54 1 67 1 288239172326523136 864695801580931072 576473946584515072 288239722067676160 864695526712410880 576474771210929152
19 1 55 1 68 1 1152956689306092544 3458783206323724288 2305895786338060288 1152958888270704640 3458782106849643520 2305899084843716608
20 1 56 1 69 1 4611826757224370176 13835132825294897152 9223583145352241152 4611835553082818560 13835128427398574080 9223596339374866432
21 1 57 1 70 1 562955187929089 299080050933763 844433989861378 598138621722625 281488465641475 897210080362498
22 1 58 1 71 1 2251820751716356 1196320203735052 3377735959445512 2392554486890500 1125953862565900 3588840321449992
23 1 59 1 72 1 9007283006865424 4785280814940208 13510943837782048 9570217947562000 4503815450263600 14355361285799968
24 1 60 1 73 1 36029132027461696 19141123259760832 54043775351128192 38280871790248000 18015261801054400 57421445143199872
25 1 61 1 74 1 144116528109846784 76564493039043328 216175101404512768 153123487160992000 72061047204217600 229685780572799488
26 1 62 1 75 1 576466112439387136 306257972156173312 864700405618051072 612493948643968000 288244188816870400 918743122291197952
27 1 63 1 76 1 2305864449757548544 1225031888624693248 3458801622472204288 2449975794575872000 1152976755267481600 3674972489164791808
28 1 32 1 77 1 9223457799030194176 4900127554498772992 13835206489888817152 9799903178303488000 4611907021069926400 14699889956659167232
29 1 33 1 78 1 343048701673474 1153766144285540353 593738426613763 2306124565794848770 884010570153985 3459327605508014083
30 1 34 1 79 1 1372194806693896 4615064577142161412 2374953706455052 9224498263179395080 3536042280615940 13837310422032056332
31 1 35 1 80 1 5488779226775584 13514234859094033 9499814825820208 4504905298477090 14144169122463760 9009466999570483
0 1 39 1 91 1 2885187233906704 68771905571 4362999579017248 137458876465 1618687276613680 206193033234
1 1 40 1 92 1 11540748935626816 275087622284 17451998316068992 549835505860 6474749106454720 824772132936
2 1 41 1 93 1 46162995742507264 1100350489136 69807993264275968 2199342023440 25898996425818880 3299088531744
3 1 42 1 94 1 184651982970029056 4401401956544 279231973057103872 8797368093760 103595985703275520 13196354126976
4 1 43 1 95 1 738607931880116224 17605607826176 1116927892228415488 35189472375040 414383942813102080 52785416507904
5 1 44 1 64 1 2954431727520464896 70422431304704 4467711568913661952 140757889500160 1657535771252408320 211141666031616
6 1 45 1 65 1 11817726910081859584 281689725218816 17870846275654647808 563031558000640 6630143085009633280 844566664126464
7 1 46 1 66 1 10377419492908335106 1126758900875264 16143152881489936387 2252126232002560 8073828266328981505 3378266656505856
8 1 47 1 67 1 4616189824214237194 4507035603501056 9232379304831090703 9008504928010240 13848568991606374405 13513066626023424
9 1 48 1 68 1 18015223147397161 18028142414004224 36029071905259582 36034019712040960 54043745296842775 54052266504093696
10 1 49 1 69 1 72060892589588644 72112569656016896 144116287621038328 144136078848163840 216174981187371100 216209066016374784
11 1 50 1 70 1 288243570358354576 288450278624067584 576465150484153312 576544315392655360 864699924749484400 864836264065499136
12 1 51 1 71 1 1152974281433418304 1153801114496270336 2305860601936613248 2306177261570621440 3458799698997937600 3459345056261996544
13 1 52 1 72 1 4611897125733673216 4615204457985081344 9223442407746452992 9224709046282485760 13835198795991750400 13837380225047986176
14 1 53 1 73 1 844429225141249 14073758230773761 281483566708738 5348037710839810 562962838346755 9288679063289859
15 1 54 1 74 1 3377716900564996 56295032923095044 1125934266834952 21392150843359240 2251851353387020 37154716253159436
16 1 55 1 75 1 13510867602259984 225180131692380176 4503737067339808 85568603373436960 9007405413548080 148618865012637744
17 1 56 1 76 1 54043470409039936 900720526769520704 18014948269359232 342274413493747840 36029621654192320 594475460050550976
18 1 57 1 77 1 216173881636159744 3602882107078082816 72059793077436928 1369097653974991360 144118486616769280 2377901840202203904
19 1 58 1 78 1 864695526544638976 14411528428312331264 288239172309747712 5476390615899965440 576473946467077120 9511607360808815616
20 1 59 1 79 1 3458782106178555904 2305881492120670211 1152956689238990848 3458818389890310145 2305895785868308480 1152941295816159234
21 1 60 1 80 1 13835128424714223616 9223525968482680844 4611826756955963392 13835273559561240580 9223583143473233920 4611765183264636936
22 1 61 1 81 1 281477728239619 615726511620146 562954114301953 862017116307475 844426473832450 316659348996129
23 1 62 1 82 1 1125910912958476 2462906046480584 2251816457207812 3448068465229900 3377705895329800 1266637395984516
24 1 63 1 83 1 4503643651833904 9851624185922336 9007265828831248 13792273860919600 13510823581319200 5066549583938064
25 1 32 1 84 1 18014574607335616 39406496743689344 36029063315324992 55169095443678400 54043294325276800 20266198335752256
26 1 33 1 85 1 72058298429342464 157625986974757376 144116253261299968 220676381774713600 216173177301107200 81064793343009024
27 1 34 1 86 1 288233193717369856 630503947899029504 576465013045199872 882705527098854400 864692709204428800 324259173372036096
28 1 35 1 87 1 1152932774869479424 2522015791596118016 2305860052180799488 3530822108395417600 3458770836817715200 1297036693488144384
29 1 36 1 88 1 4611731099477917696 10088063166384472064 9223440208723197952 14123288433581670400 13835083347270860800 5188146773952577536
30 1 37 1 89 1 180324202119169 3458764518118785026 272687473688578 1152921513198026755 101167954788355 2305843022100758529
31 1 38 1 90 1 721296808476676 13835058072475140104 1090749894754312 4611686052792107020 404671819153420 9223372088403034116
0 1 54 1 77 1 0 206158430224 0 68719476768 0 137438953520
1 1 55 1 78 1 0 824633720896 0 274877907072 0 549755814080
2 1 56 1 79 1 0 3298534883584 0 1099511628288 0 2199023256320
3 1 57 1 80 1 0 13194139534336 0 4398046513152 0 8796093025280
4 1 58 1 81 1 0 52776558137344 0 17592186052608 0 35184372101120
5 1 59 1 82 1 0 211106232549376 0 70368744210432 0 140737488404480
6 1 60 1 83 1 0 844424930197504 0 281474976841728 0 562949953617920
7 1 61 1 84 1 0 3377699720790016 0 1125899907366912 0 2251799814471680
8 1 62 1 85 1 0 13510798883160064 0 4503599629467648 0 9007199257886720
9 1 63 1 86 1 0 54043195532640256 0 18014398517870592 0 36028797031546880
10 1 32 1 87 1 0 216172782130561024 0 72057594071482368 0 144115188126187520
11 1 33 1 88 1 0 864691128522244096 0 288230376285929472 0 576460752504750080
12 1 34 1 89 1 0 3458764514088976384 0 1152921505143717888 0 2305843010019000320
13 1 35 1 90 1 0 13835058056355905536 0 4611686020574871552 0 9223372040076001280
14 1 36 1 91 1 0 4294967299 0 8589934593 0 12884901890
15 1 37 1 92 1 0 17179869196 0 34359738372 0 51539607560
16 1 38 1 93 1 0 68719476784 0 137438953488 0 206158430240
17 1 39 1 94 1 0 274877907136 0 549755813952 0 824633720960
18 1 40 1 95 1 0 1099511628544 0 2199023255808 0 3298534883840
19 1 41 1 64 1 0 4398046514176 0 8796093023232 0 13194139535360
20 1 42 1 65 1 0 17592186056704 0 35184372092928 0 52776558141440
21 1 43 1 66 1 0 70368744226816 0 140737488371712 0 211106232565760
22 1 44 1 67 1 0 281474976907264 0 562949953486848 0 844424930263040
23 1 45 1 68 1 0 1125899907629056 0 2251799813947392 0 3377699721052160
24 1 46 1 69 1 0 4503599630516224 0 9007199255789568 0 13510798884208640
25 1 47 1 70 1 0 18014398522064896 0 36028797023158272 0 54043195536834560
26 1 48 1 71 1 0 72057594088259584 0 144115188092633088 0 216172782147338240
27 1 49 1 72 1 0 288230376353038336 0 576460752370532352 0 864691128589352960
28 1 50 1 73 1 0 1152921505412153344 0 2305843009482129408 0 3458764514357411840
29 1 51 1 74 1 0 4611686021648613376 0 9223372037928517632 0 13835058057429647360
30 1 52 1 75 1 0 12884901889 0 4294967298 0 8589934595
31 1 53 1 76 1 0 51539607556 0 17179869192 0 34359738380
