256 96 2 32
0 1 32 1 64 1 72057594876789296 72171943263994624 144115188394623760 144321896295432448 216172782667432224 216405878629204480
1 1 33 1 65 1 288230379507157184 288687773055978496 576460753578495040 577287585181729792 864691130669728896 865623514516817920
2 1 34 1 66 1 1152921518028628736 1154751092223913984 2305843014313980160 2309150340726919168 3458764522678915584 3462494058067271680
3 1 35 1 67 1 4611686072114514944 4619004368895655936 9223372057255920640 9236601362907676672 13835058090715662336 13849976232269086720
4 1 36 1 68 1 214748508161 29273401873072129 81604579330 52917304211603458 141733994499 59672707947692035
5 1 37 1 69 1 858994032644 117093607492288516 326418317320 211669216846413832 566935977996 238690831790768140
6 1 38 1 70 1 3435976130576 468374429969154064 1305673269280 846676867385655328 2267743911984 954763327163072560
7 1 39 1 71 1 13743904522304 1873497719876616256 5222693077120 3386707469542621312 9070975647936 3819053308652290240
8 1 40 1 72 1 54975618089216 7493990879506465024 20890772308480 13546829878170485248 36283902591744 15276213234609160960
9 1 41 1 73 1 219902472356864 11529219444316308481 83563089233920 17293831365262837762 145135610366976 5764620717307988995
10 1 42 1 74 1 879609889427456 9223389629846130694 334252356935680 13835093239922696203 580542441467904 4611738795522404365
11 1 43 1 75 1 3518439557709824 70371965419546 1337009427742720 140738562129967 2322169765871616 211108380065845
12 1 44 1 76 1 14073758230839296 281487861678184 5348037710970880 562954248519868 9288679063486464 844433520263380
13 1 45 1 77 1 56295032923357184 1125951446712736 21392150843883520 2251816994079472 37154716253945856 3377734081053520
14 1 46 1 78 1 225180131693428736 4503805786850944 85568603375534080 9007267976317888 148618865015783424 13510936324214080
15 1 47 1 79 1 900720526773714944 18015223147403776 342274413502136320 36029071905271552 594475460063133696 54043745296856320
16 1 48 1 80 1 3602882107094859776 72060892589615104 1369097654008545280 144116287621086208 2377901840252534784 216174981187425280
17 1 49 1 81 1 14411528428379439104 288243570358460416 5476390616034181120 576465150484344832 9511607361010139136 864699924749701120
18 1 50 1 82 1 2305881492389101571 1152974281433841664 3458818390427172865 2305860601937379328 1152941296621453314 3458799698998804480
19 1 51 1 83 1 9223525969556406284 4611897125735366656 13835273561708691460 9223442407749517312 4611765186485813256 13835198795995217920
20 1 52 1 84 1 615730806521906 844429231915009 862025706110995 281483578966018 316672233701409 562962852216835
21 1 53 1 85 1 2462923226087624 3377716927660036 3448102824443980 1125934315864072 1266688934805636 2251851408867340
22 1 54 1 86 1 9851692904350496 13510867710640144 13792411297775920 4503737263456288 5066755739222544 9007405635469360
23 1 55 1 87 1 39406771617401984 54043470842560576 55169645191103680 18014949053825152 20267022956890176 36029622541877440
24 1 56 1 88 1 157627086469607936 216173883370242304 220678580764414720 72059796215300608 81068091827560704 144118490167509760
25 1 57 1 89 1 630508345878431744 864695533480969216 882714323057658880 288239184861202432 324272367310242816 576473960670039040
26 1 58 1 90 1 2522033383513726976 3458782133923876864 3530857292230635520 1152956739444809728 1297089469240971264 2305895842680156160
27 1 59 1 91 1 10088133534054907904 13835128535695507456 14123429168922542080 4611826957779238912 5188357876963885056 9223583370720624640
28 1 60 1 92 1 3459045988800528386 281921653374979 1153484454561513475 563757407404033 2306687434145988609 845335463395330
29 1 61 1 93 1 13836183955202113544 1127686613499916 4613937818246053900 2255029629616132 9226749736583954436 3381341853581320
30 1 62 1 94 1 4503599679799331 4510746453999664 9007199274663985 9020118518464528 13510798916714514 13525367414325280
31 1 63 1 95 1 18014398719197324 18042985815998656 36028797098655940 36080474073858112 54043195666858056 54101469657301120
11 1 36 1 65 1 157629285778064128 288424989743382784 220677481823207680 576691649795588608 81066993171563008 864799980123063040
12 1 37 1 66 1 630517143112256512 1153699958973531136 882709927292830720 2306766599182354432 324267972686252032 3459199920492252160
13 1 38 1 67 1 2522068572449026048 4614799835894124544 3530839709171322880 9227066396729417728 1297071890745008128 13836799681969008640
14 1 39 1 68 1 10088274289796104192 12455269866946561 14123358836685291520 14777439498567682 5188287562980032512 6966506747379715
15 1 40 1 69 1 3459609011765313538 49821079467786244 1153203125612511235 59109757994270728 2306406178210578433 27866026989518860
16 1 41 1 70 1 13838436047061254152 199284317871144976 4612812502450044940 236439031977082912 9225624712842313732 111464107958075440
17 1 42 1 71 1 13511967116361763 797137271484579904 4505936090628145 945756127908331648 9010703950151698 445856431832301760
18 1 43 1 72 1 54047868465447052 3188549085938319616 18023744362512580 3783024511633326592 36042815800606792 1783425727329207040
19 1 44 1 73 1 216191473861788208 12754196343753278464 72094977450050320 15132098046533306368 144171263202427168 7133702909316828160
20 1 45 1 74 1 864765895447152832 14123297227594010626 288379909800201280 5188159965004570627 576685052809708672 10088067563557761025
21 1 46 1 75 1 3459063581788611328 1152956689247387659 1153519639200805120 2305895786308730893 2306740211238834688 3458782106811940870
22 1 47 1 76 1 13836254327154445312 4611826756989550636 4614078556803220480 9223583145234923572 9226960844955338752 13835128427247763480
23 1 48 1 77 1 4785087489126403 562954248650929 9570153503330305 844433520591058 14355232402251778 281487862399075
24 1 49 1 78 1 19140349956505612 2251816994603716 38280614013321220 3377734082364232 57420929609007112 1125951449596300
25 1 50 1 79 1 76561399826022448 9007267978414864 153122456053284880 13510936329456928 229683718436028448 4503805798385200
26 1 51 1 80 1 306245599304089792 36029071913659456 612489824213139520 54043745317827712 918734873744113792 18015223193540800
27 1 52 1 81 1 1224982397216359168 144116287654637824 2449959296852558080 216174981271310848 3674939494976455168 72060892774163200
28 1 53 1 82 1 4899929588865436672 576465150618551296 9799837187410232320 864699925085243392 14699757979905820672 288243571096652800
29 1 54 1 83 1 1152974281752195073 2305860602474205184 2305860602221826050 3458799700340973568 3458799698494627843 1152974284386611200
30 1 55 1 84 1 4611897127008780292 9223442409896820736 9223442408887304200 13835198801363894272 13835198793978511372 4611897137546444800
31 1 56 1 85 1 844434325569553 281492168179714 281488130113570 562984326922243 562954785390643 844476476227585
0 1 57 1 86 1 3377737302278212 1125968672718856 1125952520454280 2251937307688972 2251819141562572 3377905904910340
1 1 58 1 87 1 13510949209112848 4503874690875424 4503810081817120 9007749230755888 9007276566250288 13511623619641360
2 1 59 1 88 1 54043796836451392 18015498763501696 18015240327268480 36030996923023552 36029106265001152 54046494478565440
3 1 60 1 89 1 216175187345805568 72061995054006784 72060961309073920 144123987692094208 144116425060004608 216185977914261760
4 1 61 1 90 1 864700749383222272 288247980216027136 288243845236295680 576495950768376832 576465700240018432 864743911657047040
5 1 62 1 91 1 3458802997532889088 1152991920864108544 1152975380945182720 2305983803073507328 2305862800960073728 3458975646628188160
6 1 63 1 92 1 13835211990131556352 4611967683456434176 4611901523780730880 9223935212294029312 9223451203840294912 13835902586512752640
7 1 32 1 93 1 615739397570563 1126660116185089 862021413371905 2252701757014018 316667942076418 3378124922355715
8 1 33 1 94 1 2462957590282252 4506640464740356 3448085653487620 9010807028056072 1266671768305672 13512499689422860
9 1 34 1 95 1 9851830361129008 18026561858961424 13792342613950480 36043228112224288 5066687073222688 54049998757691440
10 1 35 1 64 1 39407321444516032 72106247435845696 55169370455801920 144172912448897152 20266748292890752 216199995030765760
11 1 45 1 67 1 13514303608979456 432359926598205472 4504767908806656 792640268925927472 9009535733727232 936761023279398928
12 1 46 1 68 1 54057214435917824 1729439706392821888 18019071635226624 3170561075703709888 36038142934908928 3747044093117595712
13 1 47 1 69 1 216228857743671296 6917758825571287552 72076286540906496 12682244302814839552 144152571739635712 14988176372470382848
14 1 48 1 70 1 864915430974685184 9224291228575598593 288305146163625984 13835489063840254978 576610286958542848 4612473268752876547
15 1 49 1 71 1 3459661723898740736 3676766883291142 1153220584654503936 1724034232365067 2306441147834171392 3149001301954573
16 1 50 1 72 1 13838646895594962944 14707067533164568 4612882338618015744 6896136929460268 9225764591336685568 12596005207818292
17 1 51 1 73 1 14355361251196931 58828270132658272 4785280762511361 27584547717841072 9570217927639042 50384020831273168
18 1 52 1 74 1 57421445004787724 235313080530633088 19141123050045444 110338190871364288 38280871710556168 201536083325092672
19 1 53 1 75 1 229685780019150896 941252322122532352 76564492200181776 441352763485457152 153123486842224672 806144333300370688
20 1 54 1 76 1 918743120076603584 3765009288490129408 306257968800727104 1765411053941828608 612493947368898688 3224577333201482752
21 1 55 1 77 1 3674972480306414336 15060037153960517632 1225031875202908416 7061644215767314432 2449975789475594752 12898309332805931008
22 1 56 1 78 1 14699889921225657344 4899916394713415683 4900127500811633664 9799832789359706113 9799903157902379008 14699749183804620802
23 1 57 1 79 1 3459327463773974531 1152921505144111117 1153765929536983041 2305843010019721222 2306124484190412802 3458764514089828363
24 1 58 1 80 1 13837309855095898124 4611686020576444468 4615063718147932164 9223372040078884888 9224497936761651208 13835058056359313452
25 1 59 1 81 1 9007199254937651 8596226257 13510798882177041 12896436322 4503599627501602 4308598963
26 1 60 1 82 1 36028797019750604 34384905028 54043195528708164 51585745288 18014398510006408 17234395852
27 1 61 1 83 1 144115188079002416 137539620112 216172782114832656 206342981152 72057594040025632 68937583408
28 1 62 1 84 1 576460752316009664 550158480448 864691128459330624 825371924608 288230376160102528 275750333632
29 1 63 1 85 1 2305843009264038656 2200633921792 3458764513837322496 3301487698432 1152921504640410112 1103001334528
30 1 32 1 86 1 9223372037056154624 8802535687168 13835058055349289984 13205950793728 4611686018561640448 4412005338112
31 1 33 1 87 1 805515266 35210142748672 268505091 52823803174912 537010177 17648021352448
0 1 34 1 88 1 3222061064 140840570994688 1074020364 211295212699648 2148040708 70592085409792
1 1 35 1 89 1 12888244256 563362283978752 4296081456 845180850798592 8592162832 282368341639168
2 1 36 1 90 1 51552977024 2253449135915008 17184325824 3380723403194368 34368651328 1129473366556672
3 1 37 1 91 1 206211908096 9013796543660032 68737303296 13522893612777472 137474605312 4517893466226688
4 1 38 1 92 1 824847632384 36055186174640128 274949213184 54091574451109888 549898421248 18071573864906752
5 1 39 1 93 1 3299390529536 144220744698560512 1099796852736 216366297804439552 2199593684992 72286295459627008
6 1 40 1 94 1 13197562118144 576882978794242048 4399187410944 865465191217758208 8798374739968 289145181838508032
7 1 41 1 95 1 52790248472576 2307531915176968192 17596749643776 3461860764871032832 35193498959872 1156580727354032128
8 1 42 1 64 1 211160993890304 9230127660707872768 70386998575104 13847443059484131328 140773995839488 4626322909416128512
9 1 43 1 65 1 844643975561216 27022495412387842 281547994300416 49540016807870467 563095983357952 58547563954962433
10 1 44 1 66 1 3378575902244864 108089981649551368 1126191977201664 198160067231481868 2252383933431808 234190255819849732
4 1 39 1 86 1 206158430224 0 68719476768 0 137438953520 0
5 1 40 1 87 1 824633720896 0 274877907072 0 549755814080 0
6 1 41 1 88 1 3298534883584 0 1099511628288 0 2199023256320 0
7 1 42 1 89 1 13194139534336 0 4398046513152 0 8796093025280 0
8 1 43 1 90 1 52776558137344 0 17592186052608 0 35184372101120 0
9 1 44 1 91 1 211106232549376 0 70368744210432 0 140737488404480 0
10 1 45 1 92 1 844424930197504 0 281474976841728 0 562949953617920 0
11 1 46 1 93 1 3377699720790016 0 1125899907366912 0 2251799814471680 0
12 1 47 1 94 1 13510798883160064 0 4503599629467648 0 9007199257886720 0
13 1 48 1 95 1 54043195532640256 0 18014398517870592 0 36028797031546880 0
14 1 49 1 64 1 216172782130561024 0 72057594071482368 0 144115188126187520 0
15 1 50 1 65 1 864691128522244096 0 288230376285929472 0 576460752504750080 0
16 1 51 1 66 1 3458764514088976384 0 1152921505143717888 0 2305843010019000320 0
17 1 52 1 67 1 13835058056355905536 0 4611686020574871552 0 9223372040076001280 0
18 1 53 1 68 1 4294967299 0 8589934593 0 12884901890 0
19 1 54 1 69 1 17179869196 0 34359738372 0 51539607560 0
20 1 55 1 70 1 68719476784 0 137438953488 0 206158430240 0
21 1 56 1 71 1 274877907136 0 549755813952 0 824633720960 0
22 1 57 1 72 1 1099511628544 0 2199023255808 0 3298534883840 0
23 1 58 1 73 1 4398046514176 0 8796093023232 0 13194139535360 0
24 1 59 1 74 1 17592186056704 0 35184372092928 0 52776558141440 0
25 1 60 1 75 1 70368744226816 0 140737488371712 0 211106232565760 0
26 1 61 1 76 1 281474976907264 0 562949953486848 0 844424930263040 0
27 1 62 1 77 1 1125899907629056 0 2251799813947392 0 3377699721052160 0
28 1 63 1 78 1 4503599630516224 0 9007199255789568 0 13510798884208640 0
29 1 32 1 79 1 18014398522064896 0 36028797023158272 0 54043195536834560 0
30 1 33 1 80 1 72057594088259584 0 144115188092633088 0 216172782147338240 0
31 1 34 1 81 1 288230376353038336 0 576460752370532352 0 864691128589352960 0
0 1 35 1 82 1 1152921505412153344 0 2305843009482129408 0 3458764514357411840 0
1 1 36 1 83 1 4611686021648613376 0 9223372037928517632 0 13835058057429647360 0
2 1 37 1 84 1 12884901889 0 4294967298 0 8589934595 0
3 1 38 1 85 1 51539607556 0 17179869192 0 34359738380 0
0 2 36 1 67 1 0 0 0 0 0 0
1 2 37 1 68 1 0 0 0 0 0 0
2 2 38 1 69 1 0 0 0 0 0 0
3 2 39 1 70 1 0 0 0 0 0 0
4 2 40 1 71 1 0 0 0 0 0 0
5 2 41 1 72 1 0 0 0 0 0 0
6 2 42 1 73 1 0 0 0 0 0 0
7 2 43 1 74 1 0 0 0 0 0 0
8 2 44 1 75 1 0 0 0 0 0 0
9 2 45 1 76 1 0 0 0 0 0 0
10 2 46 1 77 1 0 0 0 0 0 0
11 2 47 1 78 1 0 0 0 0 0 0
12 2 48 1 79 1 0 0 0 0 0 0
13 2 49 1 80 1 0 0 0 0 0 0
14 2 50 1 81 1 0 0 0 0 0 0
15 2 51 1 82 1 0 0 0 0 0 0
16 2 52 1 83 1 0 0 0 0 0 0
17 2 53 1 84 1 0 0 0 0 0 0
18 2 54 1 85 1 0 0 0 0 0 0
19 2 55 1 86 1 0 0 0 0 0 0
20 2 56 1 87 1 0 0 0 0 0 0
21 2 57 1 88 1 0 0 0 0 0 0
22 2 58 1 89 1 0 0 0 0 0 0
23 2 59 1 90 1 0 0 0 0 0 0
24 2 60 1 91 1 0 0 0 0 0 0
25 2 61 1 92 1 0 0 0 0 0 0
26 2 62 1 93 1 0 0 0 0 0 0
27 2 63 1 94 1 0 0 0 0 0 0
28 2 32 1 95 1 0 0 0 0 0 0
29 2 33 1 64 1 0 0 0 0 0 0
30 2 34 1 65 1 0 0 0 0 0 0
31 2 35 1 66 1 0 0 0 0 0 0
4 1 32 2 65 1 0 0 0 0 0 0
5 1 33 2 66 1 0 0 0 0 0 0
6 1 34 2 67 1 0 0 0 0 0 0
7 1 35 2 68 1 0 0 0 0 0 0
8 1 36 2 69 1 0 0 0 0 0 0
9 1 37 2 70 1 0 0 0 0 0 0
10 1 38 2 71 1 0 0 0 0 0 0
11 1 39 2 72 1 0 0 0 0 0 0
12 1 40 2 73 1 0 0 0 0 0 0
13 1 41 2 74 1 0 0 0 0 0 0
14 1 42 2 75 1 0 0 0 0 0 0
15 1 43 2 76 1 0 0 0 0 0 0
16 1 44 2 77 1 0 0 0 0 0 0
17 1 45 2 78 1 0 0 0 0 0 0
18 1 46 2 79 1 0 0 0 0 0 0
19 1 47 2 80 1 0 0 0 0 0 0
20 1 48 2 81 1 0 0 0 0 0 0
21 1 49 2 82 1 0 0 0 0 0 0
22 1 50 2 83 1 0 0 0 0 0 0
23 1 51 2 84 1 0 0 0 0 0 0
24 1 52 2 85 1 0 0 0 0 0 0
25 1 53 2 86 1 0 0 0 0 0 0
26 1 54 2 87 1 0 0 0 0 0 0
27 1 55 2 88 1 0 0 0 0 0 0
28 1 56 2 89 1 0 0 0 0 0 0
29 1 57 2 90 1 0 0 0 0 0 0
30 1 58 2 91 1 0 0 0 0 0 0
31 1 59 2 92 1 0 0 0 0 0 0
0 1 60 2 93 1 0 0 0 0 0 0
1 1 61 2 94 1 0 0 0 0 0 0
2 1 62 2 95 1 0 0 0 0 0 0
3 1 63 2 64 1 0 0 0 0 0 0
27 1 39 1 64 2 0 0 0 0 0 0
28 1 40 1 65 2 0 0 0 0 0 0
29 1 41 1 66 2 0 0 0 0 0 0
30 1 42 1 67 2 0 0 0 0 0 0
31 1 43 1 68 2 0 0 0 0 0 0
0 1 44 1 69 2 0 0 0 0 0 0
1 1 45 1 70 2 0 0 0 0 0 0
2 1 46 1 71 2 0 0 0 0 0 0
3 1 47 1 72 2 0 0 0 0 0 0
4 1 48 1 73 2 0 0 0 0 0 0
5 1 49 1 74 2 0 0 0 0 0 0
6 1 50 1 75 2 0 0 0 0 0 0
7 1 51 1 76 2 0 0 0 0 0 0
8 1 52 1 77 2 0 0 0 0 0 0
9 1 53 1 78 2 0 0 0 0 0 0
10 1 54 1 79 2 0 0 0 0 0 0
11 1 55 1 80 2 0 0 0 0 0 0
12 1 56 1 81 2 0 0 0 0 0 0
13 1 57 1 82 2 0 0 0 0 0 0
14 1 58 1 83 2 0 0 0 0 0 0
15 1 59 1 84 2 0 0 0 0 0 0
16 1 60 1 85 2 0 0 0 0 0 0
17 1 61 1 86 2 0 0 0 0 0 0
18 1 62 1 87 2 0 0 0 0 0 0
19 1 63 1 88 2 0 0 0 0 0 0
20 1 32 1 89 2 0 0 0 0 0 0
21 1 33 1 90 2 0 0 0 0 0 0
22 1 34 1 91 2 0 0 0 0 0 0
23 1 35 1 92 2 0 0 0 0 0 0
24 1 36 1 93 2 0 0 0 0 0 0
25 1 37 1 94 2 0 0 0 0 0 0
26 1 38 1 95 2 0 0 0 0 0 0
27 1 45 1 86 1 0 68719476768 0 137438953520 0 206158430224
28 1 46 1 87 1 0 274877907072 0 549755814080 0 824633720896
29 1 47 1 88 1 0 1099511628288 0 2199023256320 0 3298534883584
30 1 48 1 89 1 0 4398046513152 0 8796093025280 0 13194139534336
31 1 49 1 90 1 0 17592186052608 0 35184372101120 0 52776558137344
0 1 50 1 91 1 0 70368744210432 0 140737488404480 0 211106232549376
1 1 51 1 92 1 0 281474976841728 0 562949953617920 0 844424930197504
2 1 52 1 93 1 0 1125899907366912 0 2251799814471680 0 3377699720790016
3 1 53 1 94 1 0 4503599629467648 0 9007199257886720 0 13510798883160064
4 1 54 1 95 1 0 18014398517870592 0 36028797031546880 0 54043195532640256
5 1 55 1 64 1 0 72057594071482368 0 144115188126187520 0 216172782130561024
6 1 56 1 65 1 0 288230376285929472 0 576460752504750080 0 864691128522244096
7 1 57 1 66 1 0 1152921505143717888 0 2305843010019000320 0 3458764514088976384
8 1 58 1 67 1 0 4611686020574871552 0 9223372040076001280 0 13835058056355905536
9 1 59 1 68 1 0 8589934593 0 12884901890 0 4294967299
10 1 60 1 69 1 0 34359738372 0 51539607560 0 17179869196
11 1 61 1 70 1 0 137438953488 0 206158430240 0 68719476784
12 1 62 1 71 1 0 549755813952 0 824633720960 0 274877907136
13 1 63 1 72 1 0 2199023255808 0 3298534883840 0 1099511628544
14 1 32 1 73 1 0 8796093023232 0 13194139535360 0 4398046514176
15 1 33 1 74 1 0 35184372092928 0 52776558141440 0 17592186056704
16 1 34 1 75 1 0 140737488371712 0 211106232565760 0 70368744226816
17 1 35 1 76 1 0 562949953486848 0 844424930263040 0 281474976907264
18 1 36 1 77 1 0 2251799813947392 0 3377699721052160 0 1125899907629056
19 1 37 1 78 1 0 9007199255789568 0 13510798884208640 0 4503599630516224
20 1 38 1 79 1 0 36028797023158272 0 54043195536834560 0 18014398522064896
21 1 39 1 80 1 0 144115188092633088 0 216172782147338240 0 72057594088259584
22 1 40 1 81 1 0 576460752370532352 0 864691128589352960 0 288230376353038336
23 1 41 1 82 1 0 2305843009482129408 0 3458764514357411840 0 1152921505412153344
24 1 42 1 83 1 0 9223372037928517632 0 13835058057429647360 0 4611686021648613376
25 1 43 1 84 1 0 4294967298 0 8589934595 0 12884901889
26 1 44 1 85 1 0 17179869192 0 34359738380 0 51539607556
