512 192 4 64
0 3 64 3 128 3 283673999966466 562949953421827 1099513934592 1099512815872 566248488305155 844424930132737 2199026471168 2199025562112 845524441760513 281474976710914 3298536071680 3298538099456
1 3 65 3 129 3 1134695999865864 2251799813687308 4398055738368 4398051263488 2264993953220620 3377699720530948 8796105884672 8796102248448 3382097767042052 1125899906843656 13194144286720 13194152397824
2 3 66 3 130 3 4538783999463456 9007199254749232 17592222953472 17592205053952 9059975812882480 13510798882123792 35184423538688 35184408993792 13528391068168208 4503599627374624 52776577146880 52776609591296
3 3 67 3 131 3 18155135997853824 36028797018996928 70368891813888 70368820215808 36239903251529920 54043195528495168 140737694154752 140737635975168 54113564272672832 18014398509498496 211106308587520 211106438365184
4 3 68 3 132 3 72620543991415296 144115188075987712 281475567255552 281475280863232 144959613006119680 216172782113980672 562950776619008 562950543900672 216454257090691328 72057594037993984 844425234350080 844425753460736
5 3 69 3 133 3 290482175965661184 576460752303950848 1125902269022208 1125901123452928 579838452024478720 864691128455922688 2251803106476032 2251802175602688 865817028362765312 288230376151975936 3377700937400320 3377703013842944
6 3 70 3 134 3 1161928703862644736 2305843009215803392 4503609076088832 4503604493811712 2319353808097914880 3458764513823690752 9007212425904128 9007208702410752 3463268113451061248 1152921504607903744 13510803749601280 13510812055371776
7 3 71 3 135 3 4647714815450578944 9223372036863213568 18014436304355328 18014417975246848 9277415232391659520 13835058055294763008 36028849703616512 36028834809643008 13853072453804244992 4611686018431614976 54043214998405120 54043248221487104
8 3 72 3 136 3 144115188092764162 33751041 72057745217421312 72057671900987392 216172782147534851 50397186 144115398814466048 144115339238572032 72057594088325121 16908291 216172859993620480 216172992885948416
9 3 73 3 137 3 576460752371056648 135004164 288230980869685248 288230687603949568 864691128590139404 201588744 576461595257864192 576461356954288128 288230376353300484 67633164 864691439974481920 864691971543793664
10 3 74 3 138 3 2305843009484226592 540016656 1152923923478740992 1152922750415798272 3458764514360557616 806354976 2305846381031456768 2305845427817152512 1152921505413201936 270532656 3458765759897927680 3458767886175174656
11 3 75 3 139 3 9223372037936906368 2160066624 4611695693914963968 4611691001663193088 13835058057442230464 3225419904 9223385524125827072 9223381711268610048 4611686021652807744 1082130624 13835063039591710720 13835071544700698624
12 3 76 3 140 3 4328522240 8640266498 38701950304257 19932943220737 8640267008 12901679619 53949084205058 38697655336962 12901679360 4328522497 19937238188035 53957674139651
13 3 77 3 141 3 17314088960 34561065992 154807801217028 79731772882948 34561068032 51606718476 215796336820232 154790621347848 51606717440 17314089988 79748952752140 215830696558604
14 3 78 3 142 3 69256355840 138244263968 619231204868112 318927091531792 138244272128 206426873904 863185347280928 619162485391392 206426869760 69256359952 318995811008560 863322786234416
15 3 79 3 143 3 277025423360 552977055872 2476924819472448 1275708366127168 552977088512 825707495616 3452741389123712 2476649941565568 825707479040 277025439808 1275983244034240 3453291144937664
16 3 80 3 144 3 1108101693440 2211908223488 9907699277889792 5102833464508672 2211908354048 3302829982464 13810965556494848 9906599766262272 3302829916160 1108101759232 5103932976136960 13813164579750656
17 3 81 3 145 3 4432406773760 8847632893952 39630797111559168 20411333858034688 8847633416192 13211319929856 55243862225979392 39626399065049088 13211319664640 4432407036928 20415731904547840 55252658319002624
18 3 82 3 146 3 17729627095040 35390531575808 158523188446236672 81645335432138752 35390533664768 52845279719424 220975448903917568 158505596260196352 52845278658560 17729628147712 81662927618191360 221010633276010496
19 3 83 3 147 3 70918508380160 141562126303232 634092753784946688 326581341728555008 141562134659072 211381118877696 883901795615670272 634022385040785408 211381114634240 70918512590848 326651710472765440 884042533104041984
20 3 84 3 148 3 283674033520640 566248505212928 2536371015139786752 1306325366914220032 566248538636288 845524475510784 3535607182462681088 2536089540163141632 845524458536960 283674050363392 1306606841891061760 3536170132416167936
21 3 85 3 149 3 1134696134082560 2264994020851712 10145484060559147008 5225301467656880128 2264994154545152 3382097902043136 14142428729850724352 10144358160652566528 3382097834147840 1134696201453568 5226427367564247040 14144680529664671744
22 3 86 3 150 3 4538784536330240 9059976083406848 3688448094817484801 2454461796917968898 9059976618180608 13528391608172544 1229482698274242562 3683944495191162883 13528391336591360 4538784805814272 2458965396547436547 1238489897530032129
23 3 87 3 151 3 18155138145320960 36239904333627392 14753792379269939204 9817847187671875592 36239906472722432 54113566432690176 4917930793096970248 14735777980764651532 54113565346365440 18155139223257088 9835861586189746188 4953959590120128516
24 3 88 3 152 3 72620552581283840 144959617334509568 3674937295951101970 2377900603268399139 144959625890889728 216454265730760704 1224979098678329379 3602879701929951281 216454261385461760 72620556893028352 2449958197339881521 1369094286770962450
25 3 89 3 153 3 290482210325135360 579838469338038272 14699749183804407880 9511602413073596556 579838503563558912 865817062923042816 4899916394713317516 14411518807719805124 865817045541847040 290482227572113408 9799832789359526084 5476377147083849800
26 3 90 3 154 3 1161928841300541440 2319353877352153088 3458764514088976674 1152921504875282995 2319354014254235648 3463268251692171264 1152921505143718451 2305843009750565649 3463268182167388160 1161928910288453632 2305843010019001105 3458764514625847586
27 3 91 3 155 3 4647715365202165760 9277415509408612352 13835058056355906696 4611686019501131980 9277416057016942592 13853073006768685056 4611686020574873804 9223372039002262596 13853072728669552640 4647715641153814528 9223372040076004420 13835058058503390344
28 3 92 3 156 3 144117387099111426 216173890215346177 4294971937 4294976307 216176080648667139 72059805946085378 8589943602 8589947153 72058693549555713 144118490905706499 12884914451 12884906530
29 3 93 3 157 3 576469548396445704 864695560861384708 17179887748 17179905228 864704322594668556 288239223784341512 34359774408 34359788612 288234774198222852 576473963622825996 51539657804 51539626120
30 3 94 3 158 3 2305878193585782816 3458782243445538832 68719550992 68719620912 3458817290378674224 1152956895137366048 137439097632 137439154448 1152939096792891408 2305895854491303984 206158631216 206158504480
31 3 95 3 159 3 9223512774343131264 13835128973782155328 274878203968 274878483648 13835269161514696896 4611827580549464192 549756390528 549756617792 4611756387171565632 9223583417965215936 824634524864 824634017920
32 3 96 3 160 3 562949953421827 283673999966466 1099512815872 1099513934592 844424930132737 566248488305155 2199025562112 2199026471168 281474976710914 845524441760513 3298538099456 3298536071680
33 3 97 3 161 3 2251799813687308 1134695999865864 4398051263488 4398055738368 3377699720530948 2264993953220620 8796102248448 8796105884672 1125899906843656 3382097767042052 13194152397824 13194144286720
34 3 98 3 162 3 9007199254749232 4538783999463456 17592205053952 17592222953472 13510798882123792 9059975812882480 35184408993792 35184423538688 4503599627374624 13528391068168208 52776609591296 52776577146880
35 3 99 3 163 3 36028797018996928 18155135997853824 70368820215808 70368891813888 54043195528495168 36239903251529920 140737635975168 140737694154752 18014398509498496 54113564272672832 211106438365184 211106308587520
36 3 100 3 164 3 144115188075987712 72620543991415296 281475280863232 281475567255552 216172782113980672 144959613006119680 562950543900672 562950776619008 72057594037993984 216454257090691328 844425753460736 844425234350080
37 3 101 3 165 3 576460752303950848 290482175965661184 1125901123452928 1125902269022208 864691128455922688 579838452024478720 2251802175602688 2251803106476032 288230376151975936 865817028362765312 3377703013842944 3377700937400320
38 3 102 3 166 3 2305843009215803392 1161928703862644736 4503604493811712 4503609076088832 3458764513823690752 2319353808097914880 9007208702410752 9007212425904128 1152921504607903744 3463268113451061248 13510812055371776 13510803749601280
39 3 103 3 167 3 9223372036863213568 4647714815450578944 18014417975246848 18014436304355328 13835058055294763008 9277415232391659520 36028834809643008 36028849703616512 4611686018431614976 13853072453804244992 54043248221487104 54043214998405120
40 3 104 3 168 3 33751041 144115188092764162 72057671900987392 72057745217421312 50397186 216172782147534851 144115339238572032 144115398814466048 16908291 72057594088325121 216172992885948416 216172859993620480
41 3 105 3 169 3 135004164 576460752371056648 288230687603949568 288230980869685248 201588744 864691128590139404 576461356954288128 576461595257864192 67633164 288230376353300484 864691971543793664 864691439974481920
42 3 106 3 170 3 540016656 2305843009484226592 1152922750415798272 1152923923478740992 806354976 3458764514360557616 2305845427817152512 2305846381031456768 270532656 1152921505413201936 3458767886175174656 3458765759897927680
43 3 107 3 171 3 2160066624 9223372037936906368 4611691001663193088 4611695693914963968 3225419904 13835058057442230464 9223381711268610048 9223385524125827072 1082130624 4611686021652807744 13835071544700698624 13835063039591710720
44 3 108 3 172 3 8640266498 4328522240 19932943220737 38701950304257 12901679619 8640267008 38697655336962 53949084205058 4328522497 12901679360 53957674139651 19937238188035
45 3 109 3 173 3 34561065992 17314088960 79731772882948 154807801217028 51606718476 34561068032 154790621347848 215796336820232 17314089988 51606717440 215830696558604 79748952752140
46 3 110 3 174 3 138244263968 69256355840 318927091531792 619231204868112 206426873904 138244272128 619162485391392 863185347280928 69256359952 206426869760 863322786234416 318995811008560
47 3 111 3 175 3 552977055872 277025423360 1275708366127168 2476924819472448 825707495616 552977088512 2476649941565568 3452741389123712 277025439808 825707479040 3453291144937664 1275983244034240
48 3 112 3 176 3 2211908223488 1108101693440 5102833464508672 9907699277889792 3302829982464 2211908354048 9906599766262272 13810965556494848 1108101759232 3302829916160 13813164579750656 5103932976136960
49 3 113 3 177 3 8847632893952 4432406773760 20411333858034688 39630797111559168 13211319929856 8847633416192 39626399065049088 55243862225979392 4432407036928 13211319664640 55252658319002624 20415731904547840
50 3 114 3 178 3 35390531575808 17729627095040 81645335432138752 158523188446236672 52845279719424 35390533664768 158505596260196352 220975448903917568 17729628147712 52845278658560 221010633276010496 81662927618191360
51 3 115 3 179 3 141562126303232 70918508380160 326581341728555008 634092753784946688 211381118877696 141562134659072 634022385040785408 883901795615670272 70918512590848 211381114634240 884042533104041984 326651710472765440
52 3 116 3 180 3 566248505212928 283674033520640 1306325366914220032 2536371015139786752 845524475510784 566248538636288 2536089540163141632 3535607182462681088 283674050363392 845524458536960 3536170132416167936 1306606841891061760
53 3 117 3 181 3 2264994020851712 1134696134082560 5225301467656880128 10145484060559147008 3382097902043136 2264994154545152 10144358160652566528 14142428729850724352 1134696201453568 3382097834147840 14144680529664671744 5226427367564247040
54 3 118 3 182 3 9059976083406848 4538784536330240 2454461796917968898 3688448094817484801 13528391608172544 9059976618180608 3683944495191162883 1229482698274242562 4538784805814272 13528391336591360 1238489897530032129 2458965396547436547
55 3 119 3 183 3 36239904333627392 18155138145320960 9817847187671875592 14753792379269939204 54113566432690176 36239906472722432 14735777980764651532 4917930793096970248 18155139223257088 54113565346365440 4953959590120128516 9835861586189746188
56 3 120 3 184 3 144959617334509568 72620552581283840 2377900603268399139 3674937295951101970 216454265730760704 144959625890889728 3602879701929951281 1224979098678329379 72620556893028352 216454261385461760 1369094286770962450 2449958197339881521
57 3 121 3 185 3 579838469338038272 290482210325135360 9511602413073596556 14699749183804407880 865817062923042816 579838503563558912 14411518807719805124 4899916394713317516 290482227572113408 865817045541847040 5476377147083849800 9799832789359526084
58 3 122 3 186 3 2319353877352153088 1161928841300541440 1152921504875282995 3458764514088976674 3463268251692171264 2319354014254235648 2305843009750565649 1152921505143718451 1161928910288453632 3463268182167388160 3458764514625847586 2305843010019001105
59 3 123 3 187 3 9277415509408612352 4647715365202165760 4611686019501131980 13835058056355906696 13853073006768685056 9277416057016942592 9223372039002262596 4611686020574873804 4647715641153814528 13853072728669552640 13835058058503390344 9223372040076004420
60 3 124 3 188 3 216173890215346177 144117387099111426 4294976307 4294971937 72059805946085378 216176080648667139 8589947153 8589943602 144118490905706499 72058693549555713 12884906530 12884914451
61 3 125 3 189 3 864695560861384708 576469548396445704 17179905228 17179887748 288239223784341512 864704322594668556 34359788612 34359774408 576473963622825996 288234774198222852 51539626120 51539657804
62 3 126 3 190 3 3458782243445538832 2305878193585782816 68719620912 68719550992 1152956895137366048 3458817290378674224 137439154448 137439097632 2305895854491303984 1152939096792891408 206158504480 206158631216
63 3 127 3 191 3 13835128973782155328 9223512774343131264 274878483648 274878203968 4611827580549464192 13835269161514696896 549756617792 549756390528 9223583417965215936 4611756387171565632 824634017920 824634524864
11 1 83 1 130 1 844437815034368 283682589901312 18691698852096 54975584600320 281479271678720 566261373207296 37383397638656 20890722107904 562958543356160 845528736727296 56075096228608 36283886011136
12 1 84 1 131 1 3377751260137472 1134730359605248 74766795408384 219902338401280 1125917086714880 2265045492829184 149533590554624 83562888431616 2251834173424640 3382114946909184 224300384914432 145135544044544
13 1 85 1 132 1 13511005040549888 4538921438420992 299067181633536 879609353605120 4503668346859520 9060181971316736 598134362218496 334251553726464 9007336693698560 13528459787636736 897201539657728 580542176178176
14 1 86 1 133 1 54044020162199552 18155685753683968 1196268726534144 3518437414420480 18014673387438080 36240727885266944 2392537448873984 1337006214905856 36029346774794240 54113839150546944 3588806158630912 2322168704712704
15 1 87 1 134 1 216176080648798208 72622743014735872 4785074906136576 14073749657681920 72058693549752320 144962911541067776 9570149795495936 5348024859623424 144117387099176960 216455356602187776 14355224634523648 9288674818850816
16 1 88 1 135 1 864704322595192832 290490972058943488 19140299624546304 56294998630727680 288234774199009280 579851646164271104 38280599181983744 21392099438493696 576469548396707840 865821426408751104 57420898538094592 37154699275403264
17 1 89 1 136 1 3458817290380771328 1161963888235773952 76561198498185216 225179994522910720 1152939096796037120 2319406584657084416 153122396727934976 85568397753974784 2305878193586831360 3463285705635004416 229683594152378368 148618797101613056
18 1 90 1 137 1 13835269161523085312 4647855552943095808 306244793992740864 900719978091642880 4611756387184148480 9277626338628337664 612489586911739904 342273591015899136 9223512774347325440 13853142822540017664 918734376609513472 594475188406452224
19 1 91 1 138 1 844424963686401 144678138062831619 1224979175970963456 3602879912366571520 281475027042306 217017207094247425 2449958347646959616 1369094364063596544 562949970198531 72339069031415810 3674937506438053888 2377900753625808896
20 1 92 1 139 1 3377699854745604 578712552251326476 4899916703883853824 14411519649466286080 1125900108169224 868068828376989700 9799833390587838464 5476377456254386176 2251799880794124 289356276125663240 14699750025752215552 9511603014503235584
21 1 93 1 140 1 13510799418982416 2314850209005305904 1152922741825863683 2305846376736489473 4503600432676896 3472275313507958800 2305845414932250625 3458765751307993090 9007199523176496 1157425104502652960 3458767881880207362 1152923910593839107
22 1 94 1 141 1 54043197675929664 9259400836021223616 4611690967303454732 9223385506945957892 18014401730707584 13889101254031835200 9223381659729002500 13835063005231972360 36028798092705984 4629700418010611840 13835071527520829448 4611695642375356428
23 1 95 1 142 1 216172790703718658 144115196665791232 19795504267314 53880364728337 72057606922830339 216172794998685952 38491496906771 19799799234594 144115192370823937 72057598332895744 53888954662945 38495791874099
24 1 96 1 143 1 864691162814874632 576460786663164928 79182017069256 215521458913348 288230427691321356 864691179994743808 153965987627084 79199196938376 576460769483295748 288230393331582976 215555818651780 153983167496396
25 1 97 1 144 1 3458764651259498528 2305843146652659712 316728068277024 862085835653392 1152921710765285424 3458764719978975232 615863950508336 316796787753504 2305843077933182992 1152921573326331904 862223274607120 615932669985584
26 1 98 1 145 1 13835058605037994112 9223372586610638848 1266912273108096 3448343342613568 4611686843061141696 13835058879915900928 2463455802033344 1267187151014016 9223372311732731968 4611686293305327616 3448893098428480 2463730679942336
27 1 99 1 146 1 2199023321602 2199023452163 5067649092432384 13793373370454272 3298535015171 3298534948865 9853823208133376 5068748604056064 1099511824641 1099511758850 13795572393713920 9854922719769344
28 1 100 1 147 1 8796093286408 8796093808652 20270596369729536 55173493481817088 13194140060684 13194139795460 39415292832533504 20274994416224256 4398047298564 4398047035400 55182289574855680 39419690879077376
29 1 101 1 148 1 35184373145632 35184375234608 81082385478918144 220693973927268352 52776560242736 52776559181840 157661171330134016 81099977664897024 17592189194256 17592188141600 220729158299422720 157678763516309504
30 1 102 1 149 1 140737492582528 140737500938432 324329541915672576 882775895709073408 211106240970944 211106236727360 630644685320536064 324399910659588096 70368756777024 70368752566400 882916633197690880 630715054065238016
31 1 103 1 150 1 562949970330112 562950003753728 1297318167662690304 3531103582836293632 844424963883776 844424946909440 2522578741282144256 1297599642638352384 281475027108096 281475010265600 3531666532790763520 2522860216260952064
32 1 104 1 151 1 2251799881320448 2251800015014912 5189272670650761216 14124414331345174528 3377699855535104 3377699787637760 10090314965128577024 5190398570553409536 1125900108432384 1125900041062400 14126666131163054080 10091440865043808256
33 1 105 1 152 1 9007199525281792 9007200060059648 2310346608893493251 1157425104252043265 13510799422140416 13510799150551040 3467771713095204865 2314850208504086530 4503600433729536 4503600164249600 1166432303523561474 3472275312756129795
34 1 106 1 153 1 36028798101127168 36028800240238592 9241386435573973004 4629700417008173060 54043197688561664 54043196602204160 13871086852380819460 9259400834016346120 18014401734918144 18014400656998400 4665729214094245896 13889101251024519180
35 1 107 1 154 1 144115192404508672 144115200960954368 72057594876788785 72057594323140626 216172790754246656 216172786408816640 144115188394622994 144115188646281251 72057606939672576 72057602627993600 216172782667431971 216172782969421873
36 1 108 1 155 1 576460769618034688 576460803843817472 288230379507155140 288230377292562504 864691163016986624 864691145635266560 576460753578491976 576460754585125004 288230427758690304 288230410511974400 864691130669727884 864691131877687492
37 1 109 1 156 1 2305843078472138752 2305843215375269888 1152921518028620560 1152921509170250016 3458764652067946496 3458764582541066240 2305843014313967904 2305843018340500016 1152921711034761216 1152921642047897600 3458764522678911536 3458764527510749968
38 1 110 1 157 1 9223372313888555008 9223372861501079552 4611686072114482240 4611686036681000064 13835058608271785984 13835058330164264960 9223372057255871616 9223372073362000064 4611686844139044864 4611686568191590400 13835058090715646144 13835058110042999872
39 1 111 1 158 1 1108135116802 3298585214978 214748377345 73014448641 2211958489091 1099528404995 81604383234 146028897026 3302846627841 2199056809985 141733929731 219043344643
40 1 112 1 159 1 4432540467208 13194340859912 858993509380 292057794564 8847833956364 4398113619980 326417532936 584115588104 13211386511364 8796227239940 566935718924 876173378572
41 1 113 1 160 1 17730161868832 52777363439648 3435974037520 1168231178256 35391335825456 17592454479920 1305670131744 2336462352416 52845546045456 35184908959760 2267742875696 3504693514288
42 1 114 1 161 1 70920647475328 211109453758592 13743896150080 4672924713024 141565343301824 70369817919680 5222680526976 9345849409664 211382184181824 140739635839040 9070971502784 14018774057152
43 1 115 1 162 1 283682589901312 844437815034368 54975584600320 18691698852096 566261373207296 281479271678720 20890722107904 37383397638656 845528736727296 562958543356160 36283886011136 56075096228608
44 1 116 1 163 1 1134730359605248 3377751260137472 219902338401280 74766795408384 2265045492829184 1125917086714880 83562888431616 149533590554624 3382114946909184 2251834173424640 145135544044544 224300384914432
45 1 117 1 164 1 4538921438420992 13511005040549888 879609353605120 299067181633536 9060181971316736 4503668346859520 334251553726464 598134362218496 13528459787636736 9007336693698560 580542176178176 897201539657728
46 1 118 1 165 1 18155685753683968 54044020162199552 3518437414420480 1196268726534144 36240727885266944 18014673387438080 1337006214905856 2392537448873984 54113839150546944 36029346774794240 2322168704712704 3588806158630912
47 1 119 1 166 1 72622743014735872 216176080648798208 14073749657681920 4785074906136576 144962911541067776 72058693549752320 5348024859623424 9570149795495936 216455356602187776 144117387099176960 9288674818850816 14355224634523648
48 1 120 1 167 1 290490972058943488 864704322595192832 56294998630727680 19140299624546304 579851646164271104 288234774199009280 21392099438493696 38280599181983744 865821426408751104 576469548396707840 37154699275403264 57420898538094592
49 1 121 1 168 1 1161963888235773952 3458817290380771328 225179994522910720 76561198498185216 2319406584657084416 1152939096796037120 85568397753974784 153122396727934976 3463285705635004416 2305878193586831360 148618797101613056 229683594152378368
50 1 122 1 169 1 4647855552943095808 13835269161523085312 900719978091642880 306244793992740864 9277626338628337664 4611756387184148480 342273591015899136 612489586911739904 13853142822540017664 9223512774347325440 594475188406452224 918734376609513472
51 1 123 1 170 1 144678138062831619 844424963686401 3602879912366571520 1224979175970963456 217017207094247425 281475027042306 1369094364063596544 2449958347646959616 72339069031415810 562949970198531 2377900753625808896 3674937506438053888
52 1 124 1 171 1 578712552251326476 3377699854745604 14411519649466286080 4899916703883853824 868068828376989700 1125900108169224 5476377456254386176 9799833390587838464 289356276125663240 2251799880794124 9511603014503235584 14699750025752215552
53 1 125 1 172 1 2314850209005305904 13510799418982416 2305846376736489473 1152922741825863683 3472275313507958800 4503600432676896 3458765751307993090 2305845414932250625 1157425104502652960 9007199523176496 1152923910593839107 3458767881880207362
54 1 126 1 173 1 9259400836021223616 54043197675929664 9223385506945957892 4611690967303454732 13889101254031835200 18014401730707584 13835063005231972360 9223381659729002500 4629700418010611840 36028798092705984 4611695642375356428 13835071527520829448
55 1 127 1 174 1 144115196665791232 216172790703718658 53880364728337 19795504267314 216172794998685952 72057606922830339 19799799234594 38491496906771 72057598332895744 144115192370823937 38495791874099 53888954662945
56 1 64 1 175 1 576460786663164928 864691162814874632 215521458913348 79182017069256 864691179994743808 288230427691321356 79199196938376 153965987627084 288230393331582976 576460769483295748 153983167496396 215555818651780
57 1 65 1 176 1 2305843146652659712 3458764651259498528 862085835653392 316728068277024 3458764719978975232 1152921710765285424 316796787753504 615863950508336 1152921573326331904 2305843077933182992 615932669985584 862223274607120
58 1 66 1 177 1 9223372586610638848 13835058605037994112 3448343342613568 1266912273108096 13835058879915900928 4611686843061141696 1267187151014016 2463455802033344 4611686293305327616 9223372311732731968 2463730679942336 3448893098428480
59 1 67 1 178 1 2199023452163 2199023321602 13793373370454272 5067649092432384 3298534948865 3298535015171 5068748604056064 9853823208133376 1099511758850 1099511824641 9854922719769344 13795572393713920
60 1 68 1 179 1 8796093808652 8796093286408 55173493481817088 20270596369729536 13194139795460 13194140060684 20274994416224256 39415292832533504 4398047035400 4398047298564 39419690879077376 55182289574855680
61 1 69 1 180 1 35184375234608 35184373145632 220693973927268352 81082385478918144 52776559181840 52776560242736 81099977664897024 157661171330134016 17592188141600 17592189194256 157678763516309504 220729158299422720
62 1 70 1 181 1 140737500938432 140737492582528 882775895709073408 324329541915672576 211106236727360 211106240970944 324399910659588096 630644685320536064 70368752566400 70368756777024 630715054065238016 882916633197690880
63 1 71 1 182 1 562950003753728 562949970330112 3531103582836293632 1297318167662690304 844424946909440 844424963883776 1297599642638352384 2522578741282144256 281475010265600 281475027108096 2522860216260952064 3531666532790763520
0 1 72 1 183 1 2251800015014912 2251799881320448 14124414331345174528 5189272670650761216 3377699787637760 3377699855535104 5190398570553409536 10090314965128577024 1125900041062400 1125900108432384 10091440865043808256 14126666131163054080
1 1 73 1 184 1 9007200060059648 9007199525281792 1157425104252043265 2310346608893493251 13510799150551040 13510799422140416 2314850208504086530 3467771713095204865 4503600164249600 4503600433729536 3472275312756129795 1166432303523561474
2 1 74 1 185 1 36028800240238592 36028798101127168 4629700417008173060 9241386435573973004 54043196602204160 54043197688561664 9259400834016346120 13871086852380819460 18014400656998400 18014401734918144 13889101251024519180 4665729214094245896
3 1 75 1 186 1 144115200960954368 144115192404508672 72057594323140626 72057594876788785 216172786408816640 216172790754246656 144115188646281251 144115188394622994 72057602627993600 72057606939672576 216172782969421873 216172782667431971
4 1 76 1 187 1 576460803843817472 576460769618034688 288230377292562504 288230379507155140 864691145635266560 864691163016986624 576460754585125004 576460753578491976 288230410511974400 288230427758690304 864691131877687492 864691130669727884
5 1 77 1 188 1 2305843215375269888 2305843078472138752 1152921509170250016 1152921518028620560 3458764582541066240 3458764652067946496 2305843018340500016 2305843014313967904 1152921642047897600 1152921711034761216 3458764527510749968 3458764522678911536
6 1 78 1 189 1 9223372861501079552 9223372313888555008 4611686036681000064 4611686072114482240 13835058330164264960 13835058608271785984 9223372073362000064 9223372057255871616 4611686568191590400 4611686844139044864 13835058110042999872 13835058090715646144
7 1 79 1 190 1 3298585214978 1108135116802 73014448641 214748377345 1099528404995 2211958489091 146028897026 81604383234 2199056809985 3302846627841 219043344643 141733929731
8 1 80 1 191 1 13194340859912 4432540467208 292057794564 858993509380 4398113619980 8847833956364 584115588104 326417532936 8796227239940 13211386511364 876173378572 566935718924
9 1 81 1 128 1 52777363439648 17730161868832 1168231178256 3435974037520 17592454479920 35391335825456 2336462352416 1305670131744 35184908959760 52845546045456 3504693514288 2267742875696
10 1 82 1 129 1 211109453758592 70920647475328 4672924713024 13743896150080 70369817919680 141565343301824 9345849409664 5222680526976 140739635839040 211382184181824 14018774057152 9070971502784
11 3 90 3 145 3 3307124818690 1103806595585 53876069765635 38482906984704 1112396529923 2207613190914 19791209308929 53876069765632 2203318223361 3311419785475 38482906984706 19791209308928
12 3 91 3 146 3 13228499274760 4415226382340 215504279062540 153931627938816 4449586119692 8830452763656 79164837235716 215504279062528 8813272893444 13245679141900 153931627938824 79164837235712
13 3 92 3 147 3 52913997099040 17660905529360 862017116250160 615726511755264 17798344478768 35321811054624 316659348942864 862017116250112 35253091573776 52982716567600 615726511755296 316659348942848
14 3 93 3 148 3 211655988396160 70643622117440 3448068465000640 2462906047021056 71193377915072 141287244218496 1266637395771456 3448068465000448 141012366295104 211930866270400 2462906047021184 1266637395771392
15 3 94 3 149 3 846623953584640 282574488469760 13792273860002560 9851624188084224 284773511660288 565148976873984 5066549583085824 13792273860001792 564049465180416 847723465081600 9851624188084736 5066549583085568
16 3 95 3 150 3 3386495814338560 1130297953879040 55169095440010240 39406496752336896 1139094046641152 2260595907495936 20266198332343296 55169095440007168 2256197860721664 3390893860326400 39406496752338944 20266198332342272
17 3 96 3 151 3 13545983257354240 4521191815516160 220676381760040960 157625987009347584 4556376186564608 9042383629983744 81064793329373184 220676381760028672 9024791442886656 13563575441305600 157625987009355776 81064793329369088
18 3 97 3 152 3 54183933029416960 18084767262064640 882705527040163840 630503948037390336 18225504746258432 36169534519934976 324259173317492736 882705527040114688 36099165771546624 54254301765222400 630503948037423104 324259173317476352
19 3 98 3 153 3 216735732117667840 72339069048258560 3530822108160655360 2522015792149561344 72902018985033728 144678138079739904 1297036693269970944 3530822108160458752 144396663086186496 217017207060889600 2522015792149692416 1297036693269905408
20 3 99 3 154 3 866942928470671360 289356276193034240 14123288432642621440 10088063168598245376 291608075940134912 578712552318959616 5188146773079883776 14123288432641835008 577586652344745984 868068828243558400 10088063168598769664 5188146773079621632
21 3 100 3 155 3 3467771713882685440 1157425104772136960 1152921509441830914 3458764526973878275 1166432303760539648 2314850209275838464 2305843018609983491 1152921509438685185 2310346609378983936 3472275312974233600 3458764526975975425 2305843018608934914
22 3 101 3 156 3 13871086855530741760 4629700419088547840 4611686037767323656 13835058107895513100 4665729215042158592 9259400837103353856 9223372074439933964 4611686037754740740 9241386437515935744 13889101251896934400 13835058107903901700 9223372074435739656
23 3 102 3 157 3 144115200994312193 72057602644639747 77359743011 210453397553 216172786459082754 144115200994312193 150340632625 77309411346 72057602644639747 216172786459082754 210486951954 150323855395
24 3 103 3 158 3 576460803977248772 288230410578558988 309438972044 841813590212 864691145836331016 576460803977248772 601362530500 309237645384 288230410578558988 864691145836331016 841947807816 601295421580
25 3 104 3 159 3 2305843215908995088 1152921642314235952 1237755888176 3367254360848 3458764583345324064 2305843215908995088 2405450122000 1236950581536 1152921642314235952 3458764583345324064 3367791231264 2405181686320
26 3 105 3 160 3 9223372863635980352 4611686569256943808 4951023552704 13469017443392 13835058333381296256 9223372863635980352 9621800488000 4947802326144 4611686569256943808 13835058333381296256 13471164925056 9620726745280
27 3 106 3 161 3 3307124818177 2203318223618 19804094210816 53876069773568 1112396530178 3307124818179 38487201952000 19791209304576 2203318223619 1112396530177 53884659700224 38482906981120
28 3 107 3 162 3 13228499272708 8813272894472 79216376843264 215504279094272 4449586120712 13228499272716 153948807808000 79164837218304 8813272894476 4449586120708 215538638800896 153931627924480
29 3 108 3 163 3 52913997090832 35253091577888 316865507373056 862017116377088 17798344482848 52913997090864 615795231232000 316659348873216 35253091577904 17798344482832 862154555203584 615726511697920
30 3 109 3 164 3 211655988363328 141012366311552 1267462029492224 3448068465508352 71193377931392 211655988363456 2463180924928000 1266637395492864 141012366311616 71193377931328 3448618220814336 2462906046791680
31 3 110 3 165 3 846623953453312 564049465246208 5069848117968896 13792273862033408 284773511725568 846623953453824 9852723699712000 5066549581971456 564049465246464 284773511725312 13794472883257344 9851624187166720
32 3 111 3 166 3 3386495813813248 2256197860984832 20279392471875584 55169095448133632 1139094046902272 3386495813815296 39410894798848000 20266198327885824 2256197860985856 1139094046901248 55177891533029376 39406496748666880
33 3 112 3 167 3 13545983255252992 9024791443939328 81117569887502336 220676381792534528 4556376187609088 13545983255261184 157643579195392000 81064793311543296 9024791443943424 4556376187604992 220711566132117504 157625986994667520
34 3 113 3 168 3 54183933021011968 36099165775757312 324470279550009344 882705527170138112 18225504750436352 54183933021044736 630574316781568000 324259173246173184 36099165775773696 18225504750419968 882846264528470016 630503947978670080
35 3 114 3 169 3 216735732084047872 144396663103029248 1297881118200037376 3530822108680552448 72902019001745408 216735732084178944 2522297267126272000 1297036692984692736 144396663103094784 72902019001679872 3531385058113880064 2522015791914680320
36 3 115 3 170 3 866942928336191488 577586652412116992 5191524472800149504 14123288434722209792 291608076006981632 866942928336715776 10089189068505088000 5188146771938770944 577586652412379136 291608076006719488 14125540232455520256 10088063167658721280
37 3 116 3 171 3 3467771713344765952 2310346609648467968 2319353817491046403 1152921517760184321 1166432304027926528 3467771713346863104 3463268126601248769 2305843014045532162 2310346609649516544 1166432304026877952 1161928708693426178 3458764523215781891
38 3 117 3 172 3 13871086853379063808 9241386438593871872 9277415269964185612 4611686071040737284 4665729216111706112 13871086853387452416 13853072506404995076 9223372056182128648 9241386438598066176 4665729216107511808 4647714834773704712 13835058092863127564
39 3 118 3 173 3 144115192387600386 72057606956384259 216172932437639217 210453397522 216172790737272835 144115192421154817 72057804491325458 77309411363 72057606973161473 216172790720495618 144115265385267235 150323855409
40 3 119 3 174 3 576460769550401544 288230427825537036 864691729750556868 841813590088 864691162949091340 576460769684619268 288231217965301832 309237645452 288230427892645892 864691162881982472 576461061541068940 601295421636
41 3 120 3 175 3 2305843078201606176 1152921711302148144 3458766919002227472 3367254360352 3458764651796365360 2305843078738477072 1152924871861207328 1236950581808 1152921711570583568 3458764651527929888 2305844246164275760 2405181686544
42 3 121 3 176 3 9223372312806424704 4611686845208592576 13835067676008909888 13469017441408 13835058607185461440 9223372314953908288 4611699487444829312 4947802327232 4611686846282334272 13835058606111719552 9223376984657103040 9620726746176
43 3 122 3 177 3 1103806595585 3307124818690 38482906984704 53876069765635 2207613190914 1112396529923 53876069765632 19791209308929 3311419785475 2203318223361 19791209308928 38482906984706
44 3 123 3 178 3 4415226382340 13228499274760 153931627938816 215504279062540 8830452763656 4449586119692 215504279062528 79164837235716 13245679141900 8813272893444 79164837235712 153931627938824
45 3 124 3 179 3 17660905529360 52913997099040 615726511755264 862017116250160 35321811054624 17798344478768 862017116250112 316659348942864 52982716567600 35253091573776 316659348942848 615726511755296
46 3 125 3 180 3 70643622117440 211655988396160 2462906047021056 3448068465000640 141287244218496 71193377915072 3448068465000448 1266637395771456 211930866270400 141012366295104 1266637395771392 2462906047021184
47 3 126 3 181 3 282574488469760 846623953584640 9851624188084224 13792273860002560 565148976873984 284773511660288 13792273860001792 5066549583085824 847723465081600 564049465180416 5066549583085568 9851624188084736
48 3 127 3 182 3 1130297953879040 3386495814338560 39406496752336896 55169095440010240 2260595907495936 1139094046641152 55169095440007168 20266198332343296 3390893860326400 2256197860721664 20266198332342272 39406496752338944
49 3 64 3 183 3 4521191815516160 13545983257354240 157625987009347584 220676381760040960 9042383629983744 4556376186564608 220676381760028672 81064793329373184 13563575441305600 9024791442886656 81064793329369088 157625987009355776
50 3 65 3 184 3 18084767262064640 54183933029416960 630503948037390336 882705527040163840 36169534519934976 18225504746258432 882705527040114688 324259173317492736 54254301765222400 36099165771546624 324259173317476352 630503948037423104
51 3 66 3 185 3 72339069048258560 216735732117667840 2522015792149561344 3530822108160655360 144678138079739904 72902018985033728 3530822108160458752 1297036693269970944 217017207060889600 144396663086186496 1297036693269905408 2522015792149692416
52 3 67 3 186 3 289356276193034240 866942928470671360 10088063168598245376 14123288432642621440 578712552318959616 291608075940134912 14123288432641835008 5188146773079883776 868068828243558400 577586652344745984 5188146773079621632 10088063168598769664
53 3 68 3 187 3 1157425104772136960 3467771713882685440 3458764526973878275 1152921509441830914 2314850209275838464 1166432303760539648 1152921509438685185 2305843018609983491 3472275312974233600 2310346609378983936 2305843018608934914 3458764526975975425
54 3 69 3 188 3 4629700419088547840 13871086855530741760 13835058107895513100 4611686037767323656 9259400837103353856 4665729215042158592 4611686037754740740 9223372074439933964 13889101251896934400 9241386437515935744 9223372074435739656 13835058107903901700
55 3 70 3 189 3 72057602644639747 144115200994312193 210453397553 77359743011 144115200994312193 216172786459082754 77309411346 150340632625 216172786459082754 72057602644639747 150323855395 210486951954
56 3 71 3 190 3 288230410578558988 576460803977248772 841813590212 309438972044 576460803977248772 864691145836331016 309237645384 601362530500 864691145836331016 288230410578558988 601295421580 841947807816
57 3 72 3 191 3 1152921642314235952 2305843215908995088 3367254360848 1237755888176 2305843215908995088 3458764583345324064 1236950581536 2405450122000 3458764583345324064 1152921642314235952 2405181686320 3367791231264
58 3 73 3 128 3 4611686569256943808 9223372863635980352 13469017443392 4951023552704 9223372863635980352 13835058333381296256 4947802326144 9621800488000 13835058333381296256 4611686569256943808 9620726745280 13471164925056
59 3 74 3 129 3 2203318223618 3307124818177 53876069773568 19804094210816 3307124818179 1112396530178 19791209304576 38487201952000 1112396530177 2203318223619 38482906981120 53884659700224
60 3 75 3 130 3 8813272894472 13228499272708 215504279094272 79216376843264 13228499272716 4449586120712 79164837218304 153948807808000 4449586120708 8813272894476 153931627924480 215538638800896
61 3 76 3 131 3 35253091577888 52913997090832 862017116377088 316865507373056 52913997090864 17798344482848 316659348873216 615795231232000 17798344482832 35253091577904 615726511697920 862154555203584
62 3 77 3 132 3 141012366311552 211655988363328 3448068465508352 1267462029492224 211655988363456 71193377931392 1266637395492864 2463180924928000 71193377931328 141012366311616 2462906046791680 3448618220814336
63 3 78 3 133 3 564049465246208 846623953453312 13792273862033408 5069848117968896 846623953453824 284773511725568 5066549581971456 9852723699712000 284773511725312 564049465246464 9851624187166720 13794472883257344
0 3 79 3 134 3 2256197860984832 3386495813813248 55169095448133632 20279392471875584 3386495813815296 1139094046902272 20266198327885824 39410894798848000 1139094046901248 2256197860985856 39406496748666880 55177891533029376
1 3 80 3 135 3 9024791443939328 13545983255252992 220676381792534528 81117569887502336 13545983255261184 4556376187609088 81064793311543296 157643579195392000 4556376187604992 9024791443943424 157625986994667520 220711566132117504
2 3 81 3 136 3 36099165775757312 54183933021011968 882705527170138112 324470279550009344 54183933021044736 18225504750436352 324259173246173184 630574316781568000 18225504750419968 36099165775773696 630503947978670080 882846264528470016
3 3 82 3 137 3 144396663103029248 216735732084047872 3530822108680552448 1297881118200037376 216735732084178944 72902019001745408 1297036692984692736 2522297267126272000 72902019001679872 144396663103094784 2522015791914680320 3531385058113880064
4 3 83 3 138 3 577586652412116992 866942928336191488 14123288434722209792 5191524472800149504 866942928336715776 291608076006981632 5188146771938770944 10089189068505088000 291608076006719488 577586652412379136 10088063167658721280 14125540232455520256
5 3 84 3 139 3 2310346609648467968 3467771713344765952 1152921517760184321 2319353817491046403 3467771713346863104 1166432304027926528 2305843014045532162 3463268126601248769 1166432304026877952 2310346609649516544 3458764523215781891 1161928708693426178
6 3 85 3 140 3 9241386438593871872 13871086853379063808 4611686071040737284 9277415269964185612 13871086853387452416 4665729216111706112 9223372056182128648 13853072506404995076 4665729216107511808 9241386438598066176 13835058092863127564 4647714834773704712
7 3 86 3 141 3 72057606956384259 144115192387600386 210453397522 216172932437639217 144115192421154817 216172790737272835 77309411363 72057804491325458 216172790720495618 72057606973161473 150323855409 144115265385267235
8 3 87 3 142 3 288230427825537036 576460769550401544 841813590088 864691729750556868 576460769684619268 864691162949091340 309237645452 288231217965301832 864691162881982472 288230427892645892 601295421636 576461061541068940
9 3 88 3 143 3 1152921711302148144 2305843078201606176 3367254360352 3458766919002227472 2305843078738477072 3458764651796365360 1236950581808 1152924871861207328 3458764651527929888 1152921711570583568 2405181686544 2305844246164275760
10 3 89 3 144 3 4611686845208592576 9223372312806424704 13469017441408 13835067676008909888 9223372314953908288 13835058607185461440 4947802327232 4611699487444829312 13835058606111719552 4611686846282334272 9620726746176 9223376984657103040
61 1 78 1 172 1 1 0 0 0 2 0 0 0 3 0 0 0
62 1 79 1 173 1 4 0 0 0 8 0 0 0 12 0 0 0
63 1 80 1 174 1 16 0 0 0 32 0 0 0 48 0 0 0
0 1 81 1 175 1 64 0 0 0 128 0 0 0 192 0 0 0
1 1 82 1 176 1 256 0 0 0 512 0 0 0 768 0 0 0
2 1 83 1 177 1 1024 0 0 0 2048 0 0 0 3072 0 0 0
3 1 84 1 178 1 4096 0 0 0 8192 0 0 0 12288 0 0 0
4 1 85 1 179 1 16384 0 0 0 32768 0 0 0 49152 0 0 0
5 1 86 1 180 1 65536 0 0 0 131072 0 0 0 196608 0 0 0
6 1 87 1 181 1 262144 0 0 0 524288 0 0 0 786432 0 0 0
7 1 88 1 182 1 1048576 0 0 0 2097152 0 0 0 3145728 0 0 0
8 1 89 1 183 1 4194304 0 0 0 8388608 0 0 0 12582912 0 0 0
9 1 90 1 184 1 16777216 0 0 0 33554432 0 0 0 50331648 0 0 0
10 1 91 1 185 1 67108864 0 0 0 134217728 0 0 0 201326592 0 0 0
11 1 92 1 186 1 268435456 0 0 0 536870912 0 0 0 805306368 0 0 0
12 1 93 1 187 1 1073741824 0 0 0 2147483648 0 0 0 3221225472 0 0 0
13 1 94 1 188 1 4294967296 0 0 0 8589934592 0 0 0 12884901888 0 0 0
14 1 95 1 189 1 17179869184 0 0 0 34359738368 0 0 0 51539607552 0 0 0
15 1 96 1 190 1 68719476736 0 0 0 137438953472 0 0 0 206158430208 0 0 0
16 1 97 1 191 1 274877906944 0 0 0 549755813888 0 0 0 824633720832 0 0 0
17 1 98 1 128 1 1099511627776 0 0 0 2199023255552 0 0 0 3298534883328 0 0 0
18 1 99 1 129 1 4398046511104 0 0 0 8796093022208 0 0 0 13194139533312 0 0 0
19 1 100 1 130 1 17592186044416 0 0 0 35184372088832 0 0 0 52776558133248 0 0 0
20 1 101 1 131 1 70368744177664 0 0 0 140737488355328 0 0 0 211106232532992 0 0 0
21 1 102 1 132 1 281474976710656 0 0 0 562949953421312 0 0 0 844424930131968 0 0 0
22 1 103 1 133 1 1125899906842624 0 0 0 2251799813685248 0 0 0 3377699720527872 0 0 0
23 1 104 1 134 1 4503599627370496 0 0 0 9007199254740992 0 0 0 13510798882111488 0 0 0
24 1 105 1 135 1 18014398509481984 0 0 0 36028797018963968 0 0 0 54043195528445952 0 0 0
25 1 106 1 136 1 72057594037927936 0 0 0 144115188075855872 0 0 0 216172782113783808 0 0 0
26 1 107 1 137 1 288230376151711744 0 0 0 576460752303423488 0 0 0 864691128455135232 0 0 0
27 1 108 1 138 1 1152921504606846976 0 0 0 2305843009213693952 0 0 0 3458764513820540928 0 0 0
28 1 109 1 139 1 4611686018427387904 0 0 0 9223372036854775808 0 0 0 13835058055282163712 0 0 0
29 1 110 1 140 1 0 1 0 0 0 2 0 0 0 3 0 0
30 1 111 1 141 1 0 4 0 0 0 8 0 0 0 12 0 0
31 1 112 1 142 1 0 16 0 0 0 32 0 0 0 48 0 0
32 1 113 1 143 1 0 64 0 0 0 128 0 0 0 192 0 0
33 1 114 1 144 1 0 256 0 0 0 512 0 0 0 768 0 0
34 1 115 1 145 1 0 1024 0 0 0 2048 0 0 0 3072 0 0
35 1 116 1 146 1 0 4096 0 0 0 8192 0 0 0 12288 0 0
36 1 117 1 147 1 0 16384 0 0 0 32768 0 0 0 49152 0 0
37 1 118 1 148 1 0 65536 0 0 0 131072 0 0 0 196608 0 0
38 1 119 1 149 1 0 262144 0 0 0 524288 0 0 0 786432 0 0
39 1 120 1 150 1 0 1048576 0 0 0 2097152 0 0 0 3145728 0 0
40 1 121 1 151 1 0 4194304 0 0 0 8388608 0 0 0 12582912 0 0
41 1 122 1 152 1 0 16777216 0 0 0 33554432 0 0 0 50331648 0 0
42 1 123 1 153 1 0 67108864 0 0 0 134217728 0 0 0 201326592 0 0
43 1 124 1 154 1 0 268435456 0 0 0 536870912 0 0 0 805306368 0 0
44 1 125 1 155 1 0 1073741824 0 0 0 2147483648 0 0 0 3221225472 0 0
45 1 126 1 156 1 0 4294967296 0 0 0 8589934592 0 0 0 12884901888 0 0
46 1 127 1 157 1 0 17179869184 0 0 0 34359738368 0 0 0 51539607552 0 0
47 1 64 1 158 1 0 68719476736 0 0 0 137438953472 0 0 0 206158430208 0 0
48 1 65 1 159 1 0 274877906944 0 0 0 549755813888 0 0 0 824633720832 0 0
49 1 66 1 160 1 0 1099511627776 0 0 0 2199023255552 0 0 0 3298534883328 0 0
50 1 67 1 161 1 0 4398046511104 0 0 0 8796093022208 0 0 0 13194139533312 0 0
51 1 68 1 162 1 0 17592186044416 0 0 0 35184372088832 0 0 0 52776558133248 0 0
52 1 69 1 163 1 0 70368744177664 0 0 0 140737488355328 0 0 0 211106232532992 0 0
53 1 70 1 164 1 0 281474976710656 0 0 0 562949953421312 0 0 0 844424930131968 0 0
54 1 71 1 165 1 0 1125899906842624 0 0 0 2251799813685248 0 0 0 3377699720527872 0 0
55 1 72 1 166 1 0 4503599627370496 0 0 0 9007199254740992 0 0 0 13510798882111488 0 0
56 1 73 1 167 1 0 18014398509481984 0 0 0 36028797018963968 0 0 0 54043195528445952 0 0
57 1 74 1 168 1 0 72057594037927936 0 0 0 144115188075855872 0 0 0 216172782113783808 0 0
58 1 75 1 169 1 0 288230376151711744 0 0 0 576460752303423488 0 0 0 864691128455135232 0 0
59 1 76 1 170 1 0 1152921504606846976 0 0 0 2305843009213693952 0 0 0 3458764513820540928 0 0
60 1 77 1 171 1 0 4611686018427387904 0 0 0 9223372036854775808 0 0 0 13835058055282163712 0 0
0 2 83 1 145 1 0 0 0 0 0 0 0 0 0 0 0 0
1 2 84 1 146 1 0 0 0 0 0 0 0 0 0 0 0 0
2 2 85 1 147 1 0 0 0 0 0 0 0 0 0 0 0 0
3 2 86 1 148 1 0 0 0 0 0 0 0 0 0 0 0 0
4 2 87 1 149 1 0 0 0 0 0 0 0 0 0 0 0 0
5 2 88 1 150 1 0 0 0 0 0 0 0 0 0 0 0 0
6 2 89 1 151 1 0 0 0 0 0 0 0 0 0 0 0 0
7 2 90 1 152 1 0 0 0 0 0 0 0 0 0 0 0 0
8 2 91 1 153 1 0 0 0 0 0 0 0 0 0 0 0 0
9 2 92 1 154 1 0 0 0 0 0 0 0 0 0 0 0 0
10 2 93 1 155 1 0 0 0 0 0 0 0 0 0 0 0 0
11 2 94 1 156 1 0 0 0 0 0 0 0 0 0 0 0 0
12 2 95 1 157 1 0 0 0 0 0 0 0 0 0 0 0 0
13 2 96 1 158 1 0 0 0 0 0 0 0 0 0 0 0 0
14 2 97 1 159 1 0 0 0 0 0 0 0 0 0 0 0 0
15 2 98 1 160 1 0 0 0 0 0 0 0 0 0 0 0 0
16 2 99 1 161 1 0 0 0 0 0 0 0 0 0 0 0 0
17 2 100 1 162 1 0 0 0 0 0 0 0 0 0 0 0 0
18 2 101 1 163 1 0 0 0 0 0 0 0 0 0 0 0 0
19 2 102 1 164 1 0 0 0 0 0 0 0 0 0 0 0 0
20 2 103 1 165 1 0 0 0 0 0 0 0 0 0 0 0 0
21 2 104 1 166 1 0 0 0 0 0 0 0 0 0 0 0 0
22 2 105 1 167 1 0 0 0 0 0 0 0 0 0 0 0 0
23 2 106 1 168 1 0 0 0 0 0 0 0 0 0 0 0 0
24 2 107 1 169 1 0 0 0 0 0 0 0 0 0 0 0 0
25 2 108 1 170 1 0 0 0 0 0 0 0 0 0 0 0 0
26 2 109 1 171 1 0 0 0 0 0 0 0 0 0 0 0 0
27 2 110 1 172 1 0 0 0 0 0 0 0 0 0 0 0 0
28 2 111 1 173 1 0 0 0 0 0 0 0 0 0 0 0 0
29 2 112 1 174 1 0 0 0 0 0 0 0 0 0 0 0 0
30 2 113 1 175 1 0 0 0 0 0 0 0 0 0 0 0 0
31 2 114 1 176 1 0 0 0 0 0 0 0 0 0 0 0 0
32 2 115 1 177 1 0 0 0 0 0 0 0 0 0 0 0 0
33 2 116 1 178 1 0 0 0 0 0 0 0 0 0 0 0 0
34 2 117 1 179 1 0 0 0 0 0 0 0 0 0 0 0 0
35 2 118 1 180 1 0 0 0 0 0 0 0 0 0 0 0 0
36 2 119 1 181 1 0 0 0 0 0 0 0 0 0 0 0 0
37 2 120 1 182 1 0 0 0 0 0 0 0 0 0 0 0 0
38 2 121 1 183 1 0 0 0 0 0 0 0 0 0 0 0 0
39 2 122 1 184 1 0 0 0 0 0 0 0 0 0 0 0 0
40 2 123 1 185 1 0 0 0 0 0 0 0 0 0 0 0 0
41 2 124 1 186 1 0 0 0 0 0 0 0 0 0 0 0 0
42 2 125 1 187 1 0 0 0 0 0 0 0 0 0 0 0 0
43 2 126 1 188 1 0 0 0 0 0 0 0 0 0 0 0 0
44 2 127 1 189 1 0 0 0 0 0 0 0 0 0 0 0 0
45 2 64 1 190 1 0 0 0 0 0 0 0 0 0 0 0 0
46 2 65 1 191 1 0 0 0 0 0 0 0 0 0 0 0 0
47 2 66 1 128 1 0 0 0 0 0 0 0 0 0 0 0 0
48 2 67 1 129 1 0 0 0 0 0 0 0 0 0 0 0 0
49 2 68 1 130 1 0 0 0 0 0 0 0 0 0 0 0 0
50 2 69 1 131 1 0 0 0 0 0 0 0 0 0 0 0 0
51 2 70 1 132 1 0 0 0 0 0 0 0 0 0 0 0 0
52 2 71 1 133 1 0 0 0 0 0 0 0 0 0 0 0 0
53 2 72 1 134 1 0 0 0 0 0 0 0 0 0 0 0 0
54 2 73 1 135 1 0 0 0 0 0 0 0 0 0 0 0 0
55 2 74 1 136 1 0 0 0 0 0 0 0 0 0 0 0 0
56 2 75 1 137 1 0 0 0 0 0 0 0 0 0 0 0 0
57 2 76 1 138 1 0 0 0 0 0 0 0 0 0 0 0 0
58 2 77 1 139 1 0 0 0 0 0 0 0 0 0 0 0 0
59 2 78 1 140 1 0 0 0 0 0 0 0 0 0 0 0 0
60 2 79 1 141 1 0 0 0 0 0 0 0 0 0 0 0 0
61 2 80 1 142 1 0 0 0 0 0 0 0 0 0 0 0 0
62 2 81 1 143 1 0 0 0 0 0 0 0 0 0 0 0 0
63 2 82 1 144 1 0 0 0 0 0 0 0 0 0 0 0 0
61 2 64 2 130 1 0 0 0 0 0 0 0 0 0 0 0 0
62 2 65 2 131 1 0 0 0 0 0 0 0 0 0 0 0 0
63 2 66 2 132 1 0 0 0 0 0 0 0 0 0 0 0 0
0 2 67 2 133 1 0 0 0 0 0 0 0 0 0 0 0 0
1 2 68 2 134 1 0 0 0 0 0 0 0 0 0 0 0 0
2 2 69 2 135 1 0 0 0 0 0 0 0 0 0 0 0 0
3 2 70 2 136 1 0 0 0 0 0 0 0 0 0 0 0 0
4 2 71 2 137 1 0 0 0 0 0 0 0 0 0 0 0 0
5 2 72 2 138 1 0 0 0 0 0 0 0 0 0 0 0 0
6 2 73 2 139 1 0 0 0 0 0 0 0 0 0 0 0 0
7 2 74 2 140 1 0 0 0 0 0 0 0 0 0 0 0 0
8 2 75 2 141 1 0 0 0 0 0 0 0 0 0 0 0 0
9 2 76 2 142 1 0 0 0 0 0 0 0 0 0 0 0 0
10 2 77 2 143 1 0 0 0 0 0 0 0 0 0 0 0 0
11 2 78 2 144 1 0 0 0 0 0 0 0 0 0 0 0 0
12 2 79 2 145 1 0 0 0 0 0 0 0 0 0 0 0 0
13 2 80 2 146 1 0 0 0 0 0 0 0 0 0 0 0 0
14 2 81 2 147 1 0 0 0 0 0 0 0 0 0 0 0 0
15 2 82 2 148 1 0 0 0 0 0 0 0 0 0 0 0 0
16 2 83 2 149 1 0 0 0 0 0 0 0 0 0 0 0 0
17 2 84 2 150 1 0 0 0 0 0 0 0 0 0 0 0 0
18 2 85 2 151 1 0 0 0 0 0 0 0 0 0 0 0 0
19 2 86 2 152 1 0 0 0 0 0 0 0 0 0 0 0 0
20 2 87 2 153 1 0 0 0 0 0 0 0 0 0 0 0 0
21 2 88 2 154 1 0 0 0 0 0 0 0 0 0 0 0 0
22 2 89 2 155 1 0 0 0 0 0 0 0 0 0 0 0 0
23 2 90 2 156 1 0 0 0 0 0 0 0 0 0 0 0 0
24 2 91 2 157 1 0 0 0 0 0 0 0 0 0 0 0 0
25 2 92 2 158 1 0 0 0 0 0 0 0 0 0 0 0 0
26 2 93 2 159 1 0 0 0 0 0 0 0 0 0 0 0 0
27 2 94 2 160 1 0 0 0 0 0 0 0 0 0 0 0 0
28 2 95 2 161 1 0 0 0 0 0 0 0 0 0 0 0 0
29 2 96 2 162 1 0 0 0 0 0 0 0 0 0 0 0 0
30 2 97 2 163 1 0 0 0 0 0 0 0 0 0 0 0 0
31 2 98 2 164 1 0 0 0 0 0 0 0 0 0 0 0 0
32 2 99 2 165 1 0 0 0 0 0 0 0 0 0 0 0 0
33 2 100 2 166 1 0 0 0 0 0 0 0 0 0 0 0 0
34 2 101 2 167 1 0 0 0 0 0 0 0 0 0 0 0 0
35 2 102 2 168 1 0 0 0 0 0 0 0 0 0 0 0 0
36 2 103 2 169 1 0 0 0 0 0 0 0 0 0 0 0 0
37 2 104 2 170 1 0 0 0 0 0 0 0 0 0 0 0 0
38 2 105 2 171 1 0 0 0 0 0 0 0 0 0 0 0 0
39 2 106 2 172 1 0 0 0 0 0 0 0 0 0 0 0 0
40 2 107 2 173 1 0 0 0 0 0 0 0 0 0 0 0 0
41 2 108 2 174 1 0 0 0 0 0 0 0 0 0 0 0 0
42 2 109 2 175 1 0 0 0 0 0 0 0 0 0 0 0 0
43 2 110 2 176 1 0 0 0 0 0 0 0 0 0 0 0 0
44 2 111 2 177 1 0 0 0 0 0 0 0 0 0 0 0 0
45 2 112 2 178 1 0 0 0 0 0 0 0 0 0 0 0 0
46 2 113 2 179 1 0 0 0 0 0 0 0 0 0 0 0 0
47 2 114 2 180 1 0 0 0 0 0 0 0 0 0 0 0 0
48 2 115 2 181 1 0 0 0 0 0 0 0 0 0 0 0 0
49 2 116 2 182 1 0 0 0 0 0 0 0 0 0 0 0 0
50 2 117 2 183 1 0 0 0 0 0 0 0 0 0 0 0 0
51 2 118 2 184 1 0 0 0 0 0 0 0 0 0 0 0 0
52 2 119 2 185 1 0 0 0 0 0 0 0 0 0 0 0 0
53 2 120 2 186 1 0 0 0 0 0 0 0 0 0 0 0 0
54 2 121 2 187 1 0 0 0 0 0 0 0 0 0 0 0 0
55 2 122 2 188 1 0 0 0 0 0 0 0 0 0 0 0 0
56 2 123 2 189 1 0 0 0 0 0 0 0 0 0 0 0 0
57 2 124 2 190 1 0 0 0 0 0 0 0 0 0 0 0 0
58 2 125 2 191 1 0 0 0 0 0 0 0 0 0 0 0 0
59 2 126 2 128 1 0 0 0 0 0 0 0 0 0 0 0 0
60 2 127 2 129 1 0 0 0 0 0 0 0 0 0 0 0 0
43 1 78 2 128 2 0 0 0 0 0 0 0 0 0 0 0 0
44 1 79 2 129 2 0 0 0 0 0 0 0 0 0 0 0 0
45 1 80 2 130 2 0 0 0 0 0 0 0 0 0 0 0 0
46 1 81 2 131 2 0 0 0 0 0 0 0 0 0 0 0 0
47 1 82 2 132 2 0 0 0 0 0 0 0 0 0 0 0 0
48 1 83 2 133 2 0 0 0 0 0 0 0 0 0 0 0 0
49 1 84 2 134 2 0 0 0 0 0 0 0 0 0 0 0 0
50 1 85 2 135 2 0 0 0 0 0 0 0 0 0 0 0 0
51 1 86 2 136 2 0 0 0 0 0 0 0 0 0 0 0 0
52 1 87 2 137 2 0 0 0 0 0 0 0 0 0 0 0 0
53 1 88 2 138 2 0 0 0 0 0 0 0 0 0 0 0 0
54 1 89 2 139 2 0 0 0 0 0 0 0 0 0 0 0 0
55 1 90 2 140 2 0 0 0 0 0 0 0 0 0 0 0 0
56 1 91 2 141 2 0 0 0 0 0 0 0 0 0 0 0 0
57 1 92 2 142 2 0 0 0 0 0 0 0 0 0 0 0 0
58 1 93 2 143 2 0 0 0 0 0 0 0 0 0 0 0 0
59 1 94 2 144 2 0 0 0 0 0 0 0 0 0 0 0 0
60 1 95 2 145 2 0 0 0 0 0 0 0 0 0 0 0 0
61 1 96 2 146 2 0 0 0 0 0 0 0 0 0 0 0 0
62 1 97 2 147 2 0 0 0 0 0 0 0 0 0 0 0 0
63 1 98 2 148 2 0 0 0 0 0 0 0 0 0 0 0 0
0 1 99 2 149 2 0 0 0 0 0 0 0 0 0 0 0 0
1 1 100 2 150 2 0 0 0 0 0 0 0 0 0 0 0 0
2 1 101 2 151 2 0 0 0 0 0 0 0 0 0 0 0 0
3 1 102 2 152 2 0 0 0 0 0 0 0 0 0 0 0 0
4 1 103 2 153 2 0 0 0 0 0 0 0 0 0 0 0 0
5 1 104 2 154 2 0 0 0 0 0 0 0 0 0 0 0 0
6 1 105 2 155 2 0 0 0 0 0 0 0 0 0 0 0 0
7 1 106 2 156 2 0 0 0 0 0 0 0 0 0 0 0 0
8 1 107 2 157 2 0 0 0 0 0 0 0 0 0 0 0 0
9 1 108 2 158 2 0 0 0 0 0 0 0 0 0 0 0 0
10 1 109 2 159 2 0 0 0 0 0 0 0 0 0 0 0 0
11 1 110 2 160 2 0 0 0 0 0 0 0 0 0 0 0 0
12 1 111 2 161 2 0 0 0 0 0 0 0 0 0 0 0 0
13 1 112 2 162 2 0 0 0 0 0 0 0 0 0 0 0 0
14 1 113 2 163 2 0 0 0 0 0 0 0 0 0 0 0 0
15 1 114 2 164 2 0 0 0 0 0 0 0 0 0 0 0 0
16 1 115 2 165 2 0 0 0 0 0 0 0 0 0 0 0 0
17 1 116 2 166 2 0 0 0 0 0 0 0 0 0 0 0 0
18 1 117 2 167 2 0 0 0 0 0 0 0 0 0 0 0 0
19 1 118 2 168 2 0 0 0 0 0 0 0 0 0 0 0 0
20 1 119 2 169 2 0 0 0 0 0 0 0 0 0 0 0 0
21 1 120 2 170 2 0 0 0 0 0 0 0 0 0 0 0 0
22 1 121 2 171 2 0 0 0 0 0 0 0 0 0 0 0 0
23 1 122 2 172 2 0 0 0 0 0 0 0 0 0 0 0 0
24 1 123 2 173 2 0 0 0 0 0 0 0 0 0 0 0 0
25 1 124 2 174 2 0 0 0 0 0 0 0 0 0 0 0 0
26 1 125 2 175 2 0 0 0 0 0 0 0 0 0 0 0 0
27 1 126 2 176 2 0 0 0 0 0 0 0 0 0 0 0 0
28 1 127 2 177 2 0 0 0 0 0 0 0 0 0 0 0 0
29 1 64 2 178 2 0 0 0 0 0 0 0 0 0 0 0 0
30 1 65 2 179 2 0 0 0 0 0 0 0 0 0 0 0 0
31 1 66 2 180 2 0 0 0 0 0 0 0 0 0 0 0 0
32 1 67 2 181 2 0 0 0 0 0 0 0 0 0 0 0 0
33 1 68 2 182 2 0 0 0 0 0 0 0 0 0 0 0 0
34 1 69 2 183 2 0 0 0 0 0 0 0 0 0 0 0 0
35 1 70 2 184 2 0 0 0 0 0 0 0 0 0 0 0 0
36 1 71 2 185 2 0 0 0 0 0 0 0 0 0 0 0 0
37 1 72 2 186 2 0 0 0 0 0 0 0 0 0 0 0 0
38 1 73 2 187 2 0 0 0 0 0 0 0 0 0 0 0 0
39 1 74 2 188 2 0 0 0 0 0 0 0 0 0 0 0 0
40 1 75 2 189 2 0 0 0 0 0 0 0 0 0 0 0 0
41 1 76 2 190 2 0 0 0 0 0 0 0 0 0 0 0 0
42 1 77 2 191 2 0 0 0 0 0 0 0 0 0 0 0 0
43 1 90 1 172 2 0 0 1 0 0 0 2 0 0 0 3 0
44 1 91 1 173 2 0 0 4 0 0 0 8 0 0 0 12 0
45 1 92 1 174 2 0 0 16 0 0 0 32 0 0 0 48 0
46 1 93 1 175 2 0 0 64 0 0 0 128 0 0 0 192 0
47 1 94 1 176 2 0 0 256 0 0 0 512 0 0 0 768 0
48 1 95 1 177 2 0 0 1024 0 0 0 2048 0 0 0 3072 0
49 1 96 1 178 2 0 0 4096 0 0 0 8192 0 0 0 12288 0
50 1 97 1 179 2 0 0 16384 0 0 0 32768 0 0 0 49152 0
51 1 98 1 180 2 0 0 65536 0 0 0 131072 0 0 0 196608 0
52 1 99 1 181 2 0 0 262144 0 0 0 524288 0 0 0 786432 0
53 1 100 1 182 2 0 0 1048576 0 0 0 2097152 0 0 0 3145728 0
54 1 101 1 183 2 0 0 4194304 0 0 0 8388608 0 0 0 12582912 0
55 1 102 1 184 2 0 0 16777216 0 0 0 33554432 0 0 0 50331648 0
56 1 103 1 185 2 0 0 67108864 0 0 0 134217728 0 0 0 201326592 0
57 1 104 1 186 2 0 0 268435456 0 0 0 536870912 0 0 0 805306368 0
58 1 105 1 187 2 0 0 1073741824 0 0 0 2147483648 0 0 0 3221225472 0
59 1 106 1 188 2 0 0 4294967296 0 0 0 8589934592 0 0 0 12884901888 0
60 1 107 1 189 2 0 0 17179869184 0 0 0 34359738368 0 0 0 51539607552 0
61 1 108 1 190 2 0 0 68719476736 0 0 0 137438953472 0 0 0 206158430208 0
62 1 109 1 191 2 0 0 274877906944 0 0 0 549755813888 0 0 0 824633720832 0
63 1 110 1 128 2 0 0 1099511627776 0 0 0 2199023255552 0 0 0 3298534883328 0
0 1 111 1 129 2 0 0 4398046511104 0 0 0 8796093022208 0 0 0 13194139533312 0
1 1 112 1 130 2 0 0 17592186044416 0 0 0 35184372088832 0 0 0 52776558133248 0
2 1 113 1 131 2 0 0 70368744177664 0 0 0 140737488355328 0 0 0 211106232532992 0
3 1 114 1 132 2 0 0 281474976710656 0 0 0 562949953421312 0 0 0 844424930131968 0
4 1 115 1 133 2 0 0 1125899906842624 0 0 0 2251799813685248 0 0 0 3377699720527872 0
5 1 116 1 134 2 0 0 4503599627370496 0 0 0 9007199254740992 0 0 0 13510798882111488 0
6 1 117 1 135 2 0 0 18014398509481984 0 0 0 36028797018963968 0 0 0 54043195528445952 0
7 1 118 1 136 2 0 0 72057594037927936 0 0 0 144115188075855872 0 0 0 216172782113783808 0
8 1 119 1 137 2 0 0 288230376151711744 0 0 0 576460752303423488 0 0 0 864691128455135232 0
9 1 120 1 138 2 0 0 1152921504606846976 0 0 0 2305843009213693952 0 0 0 3458764513820540928 0
10 1 121 1 139 2 0 0 4611686018427387904 0 0 0 9223372036854775808 0 0 0 13835058055282163712 0
11 1 122 1 140 2 0 0 0 1 0 0 0 2 0 0 0 3
12 1 123 1 141 2 0 0 0 4 0 0 0 8 0 0 0 12
13 1 124 1 142 2 0 0 0 16 0 0 0 32 0 0 0 48
14 1 125 1 143 2 0 0 0 64 0 0 0 128 0 0 0 192
15 1 126 1 144 2 0 0 0 256 0 0 0 512 0 0 0 768
16 1 127 1 145 2 0 0 0 1024 0 0 0 2048 0 0 0 3072
17 1 64 1 146 2 0 0 0 4096 0 0 0 8192 0 0 0 12288
18 1 65 1 147 2 0 0 0 16384 0 0 0 32768 0 0 0 49152
19 1 66 1 148 2 0 0 0 65536 0 0 0 131072 0 0 0 196608
20 1 67 1 149 2 0 0 0 262144 0 0 0 524288 0 0 0 786432
21 1 68 1 150 2 0 0 0 1048576 0 0 0 2097152 0 0 0 3145728
22 1 69 1 151 2 0 0 0 4194304 0 0 0 8388608 0 0 0 12582912
23 1 70 1 152 2 0 0 0 16777216 0 0 0 33554432 0 0 0 50331648
24 1 71 1 153 2 0 0 0 67108864 0 0 0 134217728 0 0 0 201326592
25 1 72 1 154 2 0 0 0 268435456 0 0 0 536870912 0 0 0 805306368
26 1 73 1 155 2 0 0 0 1073741824 0 0 0 2147483648 0 0 0 3221225472
27 1 74 1 156 2 0 0 0 4294967296 0 0 0 8589934592 0 0 0 12884901888
28 1 75 1 157 2 0 0 0 17179869184 0 0 0 34359738368 0 0 0 51539607552
29 1 76 1 158 2 0 0 0 68719476736 0 0 0 137438953472 0 0 0 206158430208
30 1 77 1 159 2 0 0 0 274877906944 0 0 0 549755813888 0 0 0 824633720832
31 1 78 1 160 2 0 0 0 1099511627776 0 0 0 2199023255552 0 0 0 3298534883328
32 1 79 1 161 2 0 0 0 4398046511104 0 0 0 8796093022208 0 0 0 13194139533312
33 1 80 1 162 2 0 0 0 17592186044416 0 0 0 35184372088832 0 0 0 52776558133248
34 1 81 1 163 2 0 0 0 70368744177664 0 0 0 140737488355328 0 0 0 211106232532992
35 1 82 1 164 2 0 0 0 281474976710656 0 0 0 562949953421312 0 0 0 844424930131968
36 1 83 1 165 2 0 0 0 1125899906842624 0 0 0 2251799813685248 0 0 0 3377699720527872
37 1 84 1 166 2 0 0 0 4503599627370496 0 0 0 9007199254740992 0 0 0 13510798882111488
38 1 85 1 167 2 0 0 0 18014398509481984 0 0 0 36028797018963968 0 0 0 54043195528445952
39 1 86 1 168 2 0 0 0 72057594037927936 0 0 0 144115188075855872 0 0 0 216172782113783808
40 1 87 1 169 2 0 0 0 288230376151711744 0 0 0 576460752303423488 0 0 0 864691128455135232
41 1 88 1 170 2 0 0 0 1152921504606846976 0 0 0 2305843009213693952 0 0 0 3458764513820540928
42 1 89 1 171 2 0 0 0 4611686018427387904 0 0 0 9223372036854775808 0 0 0 13835058055282163712
