512 192 4 64
0 3 64 3 128 2 0 0 0 0 0 0 0 0 0 0 0 0
1 3 65 3 129 2 0 0 0 0 0 0 0 0 0 0 0 0
2 3 66 3 130 2 0 0 0 0 0 0 0 0 0 0 0 0
3 3 67 3 131 2 0 0 0 0 0 0 0 0 0 0 0 0
4 3 68 3 132 2 0 0 0 0 0 0 0 0 0 0 0 0
5 3 69 3 133 2 0 0 0 0 0 0 0 0 0 0 0 0
6 3 70 3 134 2 0 0 0 0 0 0 0 0 0 0 0 0
7 3 71 3 135 2 0 0 0 0 0 0 0 0 0 0 0 0
8 3 72 3 136 2 0 0 0 0 0 0 0 0 0 0 0 0
9 3 73 3 137 2 0 0 0 0 0 0 0 0 0 0 0 0
10 3 74 3 138 2 0 0 0 0 0 0 0 0 0 0 0 0
11 3 75 3 139 2 0 0 0 0 0 0 0 0 0 0 0 0
12 3 76 3 140 2 0 0 0 0 0 0 0 0 0 0 0 0
13 3 77 3 141 2 0 0 0 0 0 0 0 0 0 0 0 0
14 3 78 3 142 2 0 0 0 0 0 0 0 0 0 0 0 0
15 3 79 3 143 2 0 0 0 0 0 0 0 0 0 0 0 0
16 3 80 3 144 2 0 0 0 0 0 0 0 0 0 0 0 0
17 3 81 3 145 2 0 0 0 0 0 0 0 0 0 0 0 0
18 3 82 3 146 2 0 0 0 0 0 0 0 0 0 0 0 0
19 3 83 3 147 2 0 0 0 0 0 0 0 0 0 0 0 0
20 3 84 3 148 2 0 0 0 0 0 0 0 0 0 0 0 0
21 3 85 3 149 2 0 0 0 0 0 0 0 0 0 0 0 0
22 3 86 3 150 2 0 0 0 0 0 0 0 0 0 0 0 0
23 3 87 3 151 2 0 0 0 0 0 0 0 0 0 0 0 0
24 3 88 3 152 2 0 0 0 0 0 0 0 0 0 0 0 0
25 3 89 3 153 2 0 0 0 0 0 0 0 0 0 0 0 0
26 3 90 3 154 2 0 0 0 0 0 0 0 0 0 0 0 0
27 3 91 3 155 2 0 0 0 0 0 0 0 0 0 0 0 0
28 3 92 3 156 2 0 0 0 0 0 0 0 0 0 0 0 0
29 3 93 3 157 2 0 0 0 0 0 0 0 0 0 0 0 0
30 3 94 3 158 2 0 0 0 0 0 0 0 0 0 0 0 0
31 3 95 3 159 2 0 0 0 0 0 0 0 0 0 0 0 0
32 3 96 3 160 2 0 0 0 0 0 0 0 0 0 0 0 0
33 3 97 3 161 2 0 0 0 0 0 0 0 0 0 0 0 0
34 3 98 3 162 2 0 0 0 0 0 0 0 0 0 0 0 0
35 3 99 3 163 2 0 0 0 0 0 0 0 0 0 0 0 0
36 3 100 3 164 2 0 0 0 0 0 0 0 0 0 0 0 0
37 3 101 3 165 2 0 0 0 0 0 0 0 0 0 0 0 0
38 3 102 3 166 2 0 0 0 0 0 0 0 0 0 0 0 0
39 3 103 3 167 2 0 0 0 0 0 0 0 0 0 0 0 0
40 3 104 3 168 2 0 0 0 0 0 0 0 0 0 0 0 0
41 3 105 3 169 2 0 0 0 0 0 0 0 0 0 0 0 0
42 3 106 3 170 2 0 0 0 0 0 0 0 0 0 0 0 0
43 3 107 3 171 2 0 0 0 0 0 0 0 0 0 0 0 0
44 3 108 3 172 2 0 0 0 0 0 0 0 0 0 0 0 0
45 3 109 3 173 2 0 0 0 0 0 0 0 0 0 0 0 0
46 3 110 3 174 2 0 0 0 0 0 0 0 0 0 0 0 0
47 3 111 3 175 2 0 0 0 0 0 0 0 0 0 0 0 0
48 3 112 3 176 2 0 0 0 0 0 0 0 0 0 0 0 0
49 3 113 3 177 2 0 0 0 0 0 0 0 0 0 0 0 0
50 3 114 3 178 2 0 0 0 0 0 0 0 0 0 0 0 0
51 3 115 3 179 2 0 0 0 0 0 0 0 0 0 0 0 0
52 3 116 3 180 2 0 0 0 0 0 0 0 0 0 0 0 0
53 3 117 3 181 2 0 0 0 0 0 0 0 0 0 0 0 0
54 3 118 3 182 2 0 0 0 0 0 0 0 0 0 0 0 0
55 3 119 3 183 2 0 0 0 0 0 0 0 0 0 0 0 0
56 3 120 3 184 2 0 0 0 0 0 0 0 0 0 0 0 0
57 3 121 3 185 2 0 0 0 0 0 0 0 0 0 0 0 0
58 3 122 3 186 2 0 0 0 0 0 0 0 0 0 0 0 0
59 3 123 3 187 2 0 0 0 0 0 0 0 0 0 0 0 0
60 3 124 3 188 2 0 0 0 0 0 0 0 0 0 0 0 0
61 3 125 3 189 2 0 0 0 0 0 0 0 0 0 0 0 0
62 3 126 3 190 2 0 0 0 0 0 0 0 0 0 0 0 0
63 3 127 3 191 2 0 0 0 0 0 0 0 0 0 0 0 0
0 1 80 2 176 2 0 0 0 0 0 0 0 0 0 0 0 0
1 1 81 2 177 2 0 0 0 0 0 0 0 0 0 0 0 0
2 1 82 2 178 2 0 0 0 0 0 0 0 0 0 0 0 0
3 1 83 2 179 2 0 0 0 0 0 0 0 0 0 0 0 0
4 1 84 2 180 2 0 0 0 0 0 0 0 0 0 0 0 0
5 1 85 2 181 2 0 0 0 0 0 0 0 0 0 0 0 0
6 1 86 2 182 2 0 0 0 0 0 0 0 0 0 0 0 0
7 1 87 2 183 2 0 0 0 0 0 0 0 0 0 0 0 0
8 1 88 2 184 2 0 0 0 0 0 0 0 0 0 0 0 0
9 1 89 2 185 2 0 0 0 0 0 0 0 0 0 0 0 0
10 1 90 2 186 2 0 0 0 0 0 0 0 0 0 0 0 0
11 1 91 2 187 2 0 0 0 0 0 0 0 0 0 0 0 0
12 1 92 2 188 2 0 0 0 0 0 0 0 0 0 0 0 0
13 1 93 2 189 2 0 0 0 0 0 0 0 0 0 0 0 0
14 1 94 2 190 2 0 0 0 0 0 0 0 0 0 0 0 0
15 1 95 2 191 2 0 0 0 0 0 0 0 0 0 0 0 0
16 1 96 2 128 2 0 0 0 0 0 0 0 0 0 0 0 0
17 1 97 2 129 2 0 0 0 0 0 0 0 0 0 0 0 0
18 1 98 2 130 2 0 0 0 0 0 0 0 0 0 0 0 0
19 1 99 2 131 2 0 0 0 0 0 0 0 0 0 0 0 0
20 1 100 2 132 2 0 0 0 0 0 0 0 0 0 0 0 0
21 1 101 2 133 2 0 0 0 0 0 0 0 0 0 0 0 0
22 1 102 2 134 2 0 0 0 0 0 0 0 0 0 0 0 0
23 1 103 2 135 2 0 0 0 0 0 0 0 0 0 0 0 0
24 1 104 2 136 2 0 0 0 0 0 0 0 0 0 0 0 0
25 1 105 2 137 2 0 0 0 0 0 0 0 0 0 0 0 0
26 1 106 2 138 2 0 0 0 0 0 0 0 0 0 0 0 0
27 1 107 2 139 2 0 0 0 0 0 0 0 0 0 0 0 0
28 1 108 2 140 2 0 0 0 0 0 0 0 0 0 0 0 0
29 1 109 2 141 2 0 0 0 0 0 0 0 0 0 0 0 0
30 1 110 2 142 2 0 0 0 0 0 0 0 0 0 0 0 0
31 1 111 2 143 2 0 0 0 0 0 0 0 0 0 0 0 0
32 1 112 2 144 2 0 0 0 0 0 0 0 0 0 0 0 0
33 1 113 2 145 2 0 0 0 0 0 0 0 0 0 0 0 0
34 1 114 2 146 2 0 0 0 0 0 0 0 0 0 0 0 0
35 1 115 2 147 2 0 0 0 0 0 0 0 0 0 0 0 0
36 1 116 2 148 2 0 0 0 0 0 0 0 0 0 0 0 0
37 1 117 2 149 2 0 0 0 0 0 0 0 0 0 0 0 0
38 1 118 2 150 2 0 0 0 0 0 0 0 0 0 0 0 0
39 1 119 2 151 2 0 0 0 0 0 0 0 0 0 0 0 0
40 1 120 2 152 2 0 0 0 0 0 0 0 0 0 0 0 0
41 1 121 2 153 2 0 0 0 0 0 0 0 0 0 0 0 0
42 1 122 2 154 2 0 0 0 0 0 0 0 0 0 0 0 0
43 1 123 2 155 2 0 0 0 0 0 0 0 0 0 0 0 0
44 1 124 2 156 2 0 0 0 0 0 0 0 0 0 0 0 0
45 1 125 2 157 2 0 0 0 0 0 0 0 0 0 0 0 0
46 1 126 2 158 2 0 0 0 0 0 0 0 0 0 0 0 0
47 1 127 2 159 2 0 0 0 0 0 0 0 0 0 0 0 0
48 1 64 2 160 2 0 0 0 0 0 0 0 0 0 0 0 0
49 1 65 2 161 2 0 0 0 0 0 0 0 0 0 0 0 0
50 1 66 2 162 2 0 0 0 0 0 0 0 0 0 0 0 0
51 1 67 2 163 2 0 0 0 0 0 0 0 0 0 0 0 0
52 1 68 2 164 2 0 0 0 0 0 0 0 0 0 0 0 0
53 1 69 2 165 2 0 0 0 0 0 0 0 0 0 0 0 0
54 1 70 2 166 2 0 0 0 0 0 0 0 0 0 0 0 0
55 1 71 2 167 2 0 0 0 0 0 0 0 0 0 0 0 0
56 1 72 2 168 2 0 0 0 0 0 0 0 0 0 0 0 0
57 1 73 2 169 2 0 0 0 0 0 0 0 0 0 0 0 0
58 1 74 2 170 2 0 0 0 0 0 0 0 0 0 0 0 0
59 1 75 2 171 2 0 0 0 0 0 0 0 0 0 0 0 0
60 1 76 2 172 2 0 0 0 0 0 0 0 0 0 0 0 0
61 1 77 2 173 2 0 0 0 0 0 0 0 0 0 0 0 0
62 1 78 2 174 2 0 0 0 0 0 0 0 0 0 0 0 0
63 1 79 2 175 2 0 0 0 0 0 0 0 0 0 0 0 0
0 2 76 2 188 3 0 0 0 0 0 0 0 0 0 0 0 0
1 2 77 2 189 3 0 0 0 0 0 0 0 0 0 0 0 0
2 2 78 2 190 3 0 0 0 0 0 0 0 0 0 0 0 0
3 2 79 2 191 3 0 0 0 0 0 0 0 0 0 0 0 0
4 2 80 2 128 3 0 0 0 0 0 0 0 0 0 0 0 0
5 2 81 2 129 3 0 0 0 0 0 0 0 0 0 0 0 0
6 2 82 2 130 3 0 0 0 0 0 0 0 0 0 0 0 0
7 2 83 2 131 3 0 0 0 0 0 0 0 0 0 0 0 0
8 2 84 2 132 3 0 0 0 0 0 0 0 0 0 0 0 0
9 2 85 2 133 3 0 0 0 0 0 0 0 0 0 0 0 0
10 2 86 2 134 3 0 0 0 0 0 0 0 0 0 0 0 0
11 2 87 2 135 3 0 0 0 0 0 0 0 0 0 0 0 0
12 2 88 2 136 3 0 0 0 0 0 0 0 0 0 0 0 0
13 2 89 2 137 3 0 0 0 0 0 0 0 0 0 0 0 0
14 2 90 2 138 3 0 0 0 0 0 0 0 0 0 0 0 0
15 2 91 2 139 3 0 0 0 0 0 0 0 0 0 0 0 0
16 2 92 2 140 3 0 0 0 0 0 0 0 0 0 0 0 0
17 2 93 2 141 3 0 0 0 0 0 0 0 0 0 0 0 0
18 2 94 2 142 3 0 0 0 0 0 0 0 0 0 0 0 0
19 2 95 2 143 3 0 0 0 0 0 0 0 0 0 0 0 0
20 2 96 2 144 3 0 0 0 0 0 0 0 0 0 0 0 0
21 2 97 2 145 3 0 0 0 0 0 0 0 0 0 0 0 0
22 2 98 2 146 3 0 0 0 0 0 0 0 0 0 0 0 0
23 2 99 2 147 3 0 0 0 0 0 0 0 0 0 0 0 0
24 2 100 2 148 3 0 0 0 0 0 0 0 0 0 0 0 0
25 2 101 2 149 3 0 0 0 0 0 0 0 0 0 0 0 0
26 2 102 2 150 3 0 0 0 0 0 0 0 0 0 0 0 0
27 2 103 2 151 3 0 0 0 0 0 0 0 0 0 0 0 0
28 2 104 2 152 3 0 0 0 0 0 0 0 0 0 0 0 0
29 2 105 2 153 3 0 0 0 0 0 0 0 0 0 0 0 0
30 2 106 2 154 3 0 0 0 0 0 0 0 0 0 0 0 0
31 2 107 2 155 3 0 0 0 0 0 0 0 0 0 0 0 0
32 2 108 2 156 3 0 0 0 0 0 0 0 0 0 0 0 0
33 2 109 2 157 3 0 0 0 0 0 0 0 0 0 0 0 0
34 2 110 2 158 3 0 0 0 0 0 0 0 0 0 0 0 0
35 2 111 2 159 3 0 0 0 0 0 0 0 0 0 0 0 0
36 2 112 2 160 3 0 0 0 0 0 0 0 0 0 0 0 0
37 2 113 2 161 3 0 0 0 0 0 0 0 0 0 0 0 0
38 2 114 2 162 3 0 0 0 0 0 0 0 0 0 0 0 0
39 2 115 2 163 3 0 0 0 0 0 0 0 0 0 0 0 0
40 2 116 2 164 3 0 0 0 0 0 0 0 0 0 0 0 0
41 2 117 2 165 3 0 0 0 0 0 0 0 0 0 0 0 0
42 2 118 2 166 3 0 0 0 0 0 0 0 0 0 0 0 0
43 2 119 2 167 3 0 0 0 0 0 0 0 0 0 0 0 0
44 2 120 2 168 3 0 0 0 0 0 0 0 0 0 0 0 0
45 2 121 2 169 3 0 0 0 0 0 0 0 0 0 0 0 0
46 2 122 2 170 3 0 0 0 0 0 0 0 0 0 0 0 0
47 2 123 2 171 3 0 0 0 0 0 0 0 0 0 0 0 0
48 2 124 2 172 3 0 0 0 0 0 0 0 0 0 0 0 0
49 2 125 2 173 3 0 0 0 0 0 0 0 0 0 0 0 0
50 2 126 2 174 3 0 0 0 0 0 0 0 0 0 0 0 0
51 2 127 2 175 3 0 0 0 0 0 0 0 0 0 0 0 0
52 2 64 2 176 3 0 0 0 0 0 0 0 0 0 0 0 0
53 2 65 2 177 3 0 0 0 0 0 0 0 0 0 0 0 0
54 2 66 2 178 3 0 0 0 0 0 0 0 0 0 0 0 0
55 2 67 2 179 3 0 0 0 0 0 0 0 0 0 0 0 0
56 2 68 2 180 3 0 0 0 0 0 0 0 0 0 0 0 0
57 2 69 2 181 3 0 0 0 0 0 0 0 0 0 0 0 0
58 2 70 2 182 3 0 0 0 0 0 0 0 0 0 0 0 0
59 2 71 2 183 3 0 0 0 0 0 0 0 0 0 0 0 0
60 2 72 2 184 3 0 0 0 0 0 0 0 0 0 0 0 0
61 2 73 2 185 3 0 0 0 0 0 0 0 0 0 0 0 0
62 2 74 2 186 3 0 0 0 0 0 0 0 0 0 0 0 0
63 2 75 2 187 3 0 0 0 0 0 0 0 0 0 0 0 0
0 2 96 1 172 1 1 0 0 0 2 0 0 0 3 0 0 0
1 2 97 1 173 1 4 0 0 0 8 0 0 0 12 0 0 0
2 2 98 1 174 1 16 0 0 0 32 0 0 0 48 0 0 0
3 2 99 1 175 1 64 0 0 0 128 0 0 0 192 0 0 0
4 2 100 1 176 1 256 0 0 0 512 0 0 0 768 0 0 0
5 2 101 1 177 1 1024 0 0 0 2048 0 0 0 3072 0 0 0
6 2 102 1 178 1 4096 0 0 0 8192 0 0 0 12288 0 0 0
7 2 103 1 179 1 16384 0 0 0 32768 0 0 0 49152 0 0 0
8 2 104 1 180 1 65536 0 0 0 131072 0 0 0 196608 0 0 0
9 2 105 1 181 1 262144 0 0 0 524288 0 0 0 786432 0 0 0
10 2 106 1 182 1 1048576 0 0 0 2097152 0 0 0 3145728 0 0 0
11 2 107 1 183 1 4194304 0 0 0 8388608 0 0 0 12582912 0 0 0
12 2 108 1 184 1 16777216 0 0 0 33554432 0 0 0 50331648 0 0 0
13 2 109 1 185 1 67108864 0 0 0 134217728 0 0 0 201326592 0 0 0
14 2 110 1 186 1 268435456 0 0 0 536870912 0 0 0 805306368 0 0 0
15 2 111 1 187 1 1073741824 0 0 0 2147483648 0 0 0 3221225472 0 0 0
16 2 112 1 188 1 4294967296 0 0 0 8589934592 0 0 0 12884901888 0 0 0
17 2 113 1 189 1 17179869184 0 0 0 34359738368 0 0 0 51539607552 0 0 0
18 2 114 1 190 1 68719476736 0 0 0 137438953472 0 0 0 206158430208 0 0 0
19 2 115 1 191 1 274877906944 0 0 0 549755813888 0 0 0 824633720832 0 0 0
20 2 116 1 128 1 1099511627776 0 0 0 2199023255552 0 0 0 3298534883328 0 0 0
21 2 117 1 129 1 4398046511104 0 0 0 8796093022208 0 0 0 13194139533312 0 0 0
22 2 118 1 130 1 17592186044416 0 0 0 35184372088832 0 0 0 52776558133248 0 0 0
23 2 119 1 131 1 70368744177664 0 0 0 140737488355328 0 0 0 211106232532992 0 0 0
24 2 120 1 132 1 281474976710656 0 0 0 562949953421312 0 0 0 844424930131968 0 0 0
25 2 121 1 133 1 1125899906842624 0 0 0 2251799813685248 0 0 0 3377699720527872 0 0 0
26 2 122 1 134 1 4503599627370496 0 0 0 9007199254740992 0 0 0 13510798882111488 0 0 0
27 2 123 1 135 1 18014398509481984 0 0 0 36028797018963968 0 0 0 54043195528445952 0 0 0
28 2 124 1 136 1 72057594037927936 0 0 0 144115188075855872 0 0 0 216172782113783808 0 0 0
29 2 125 1 137 1 288230376151711744 0 0 0 576460752303423488 0 0 0 864691128455135232 0 0 0
30 2 126 1 138 1 1152921504606846976 0 0 0 2305843009213693952 0 0 0 3458764513820540928 0 0 0
31 2 127 1 139 1 4611686018427387904 0 0 0 9223372036854775808 0 0 0 13835058055282163712 0 0 0
32 2 64 1 140 1 0 1 0 0 0 2 0 0 0 3 0 0
33 2 65 1 141 1 0 4 0 0 0 8 0 0 0 12 0 0
34 2 66 1 142 1 0 16 0 0 0 32 0 0 0 48 0 0
35 2 67 1 143 1 0 64 0 0 0 128 0 0 0 192 0 0
36 2 68 1 144 1 0 256 0 0 0 512 0 0 0 768 0 0
37 2 69 1 145 1 0 1024 0 0 0 2048 0 0 0 3072 0 0
38 2 70 1 146 1 0 4096 0 0 0 8192 0 0 0 12288 0 0
39 2 71 1 147 1 0 16384 0 0 0 32768 0 0 0 49152 0 0
40 2 72 1 148 1 0 65536 0 0 0 131072 0 0 0 196608 0 0
41 2 73 1 149 1 0 262144 0 0 0 524288 0 0 0 786432 0 0
42 2 74 1 150 1 0 1048576 0 0 0 2097152 0 0 0 3145728 0 0
43 2 75 1 151 1 0 4194304 0 0 0 8388608 0 0 0 12582912 0 0
44 2 76 1 152 1 0 16777216 0 0 0 33554432 0 0 0 50331648 0 0
45 2 77 1 153 1 0 67108864 0 0 0 134217728 0 0 0 201326592 0 0
46 2 78 1 154 1 0 268435456 0 0 0 536870912 0 0 0 805306368 0 0
47 2 79 1 155 1 0 1073741824 0 0 0 2147483648 0 0 0 3221225472 0 0
48 2 80 1 156 1 0 4294967296 0 0 0 8589934592 0 0 0 12884901888 0 0
49 2 81 1 157 1 0 17179869184 0 0 0 34359738368 0 0 0 51539607552 0 0
50 2 82 1 158 1 0 68719476736 0 0 0 137438953472 0 0 0 206158430208 0 0
51 2 83 1 159 1 0 274877906944 0 0 0 549755813888 0 0 0 824633720832 0 0
52 2 84 1 160 1 0 1099511627776 0 0 0 2199023255552 0 0 0 3298534883328 0 0
53 2 85 1 161 1 0 4398046511104 0 0 0 8796093022208 0 0 0 13194139533312 0 0
54 2 86 1 162 1 0 17592186044416 0 0 0 35184372088832 0 0 0 52776558133248 0 0
55 2 87 1 163 1 0 70368744177664 0 0 0 140737488355328 0 0 0 211106232532992 0 0
56 2 88 1 164 1 0 281474976710656 0 0 0 562949953421312 0 0 0 844424930131968 0 0
57 2 89 1 165 1 0 1125899906842624 0 0 0 2251799813685248 0 0 0 3377699720527872 0 0
58 2 90 1 166 1 0 4503599627370496 0 0 0 9007199254740992 0 0 0 13510798882111488 0 0
59 2 91 1 167 1 0 18014398509481984 0 0 0 36028797018963968 0 0 0 54043195528445952 0 0
60 2 92 1 168 1 0 72057594037927936 0 0 0 144115188075855872 0 0 0 216172782113783808 0 0
61 2 93 1 169 1 0 288230376151711744 0 0 0 576460752303423488 0 0 0 864691128455135232 0 0
62 2 94 1 170 1 0 1152921504606846976 0 0 0 2305843009213693952 0 0 0 3458764513820540928 0 0
63 2 95 1 171 1 0 4611686018427387904 0 0 0 9223372036854775808 0 0 0 13835058055282163712 0 0
0 1 69 1 177 1 9223372072288256008 4611686038828483596 13211319404556 8830452763652 13835058108969254924 9223372072288258052 4432406252548 13245679141896 4611686038828482564 13835058108969257992 8847632630792 4415226382348
1 1 70 1 178 1 141733920801 81604382770 52845277618224 35321811054608 214748364850 141733928979 17729625010192 52982716567584 81604378643 214748377121 35390530523168 17660905529392
2 1 71 1 179 1 566935683204 326417531080 211381110472896 141287244218432 858993459400 566935715916 70918500040768 211930866270336 326417514572 858993508484 141562122092672 70643622117568
3 1 72 1 180 1 2267742732816 1305670124320 845524441891584 565148976873728 3435973837600 2267742863664 283674000163072 847723465081344 1305670058288 3435974033936 566248488370688 282574488470272
4 1 73 1 181 1 9070970931264 5222680497280 3382097767566336 2260595907494912 13743895350400 9070971454656 1134696000652288 3390893860325376 5222680233152 13743896135744 2264993953482752 1130297953881088
5 1 74 1 182 1 36283883725056 20890721989120 13528391070265344 9042383629979648 54975581401600 36283885818624 4538784002609152 13563575441301504 20890720932608 54975584542976 9059975813931008 4521191815524352
6 1 75 1 183 1 145135534900224 83562887956480 54113564281061376 36169534519918592 219902325606400 145135543274496 18155136010436608 54254301765206016 83562883730432 219902338171904 36239903255724032 18084767262097408
7 1 76 1 184 1 580542139600896 334251551825920 216454257124245504 144678138079674368 879609302425600 580542173097984 72620544041746432 217017207060824064 334251534921728 879609352687616 144959613022896128 72339069048389632
8 1 77 1 185 1 2322168558403584 1337006207303680 865817028496982016 578712552318697472 3518437209702400 2322168692391936 290482176166985728 868068828243296256 1337006139686912 3518437410750464 579838452091584512 289356276193558528
9 1 78 1 186 1 9288674233614336 5348024829214720 3463268113987928064 2314850209274789888 14073748838809600 9288674769567744 1161928704667942912 3472275312973185024 5348024558747648 14073749643001856 2319353808366338048 1157425104774234112
10 1 79 1 187 1 37154696934457344 21392099316858880 13853072455951712256 9259400837099159552 56294995355238400 37154699078270976 4647714818671771648 13889101251892740096 21392098234990592 56294998572007424 9277415233465352192 4629700419096936448
11 1 80 1 188 1 148618787737829376 85568397267435520 72057602678194178 144115200977534979 225179981420953600 148618796313083904 144115200977534979 216172786442305537 85568392939962368 225179994288029696 216172786442305537 72057602678194178
12 1 81 1 189 1 594475150951317504 342273589069742080 288230410712776712 576460803910139916 900719925683814400 594475185252335616 576460803910139916 864691145769222148 342273571759849472 900719977152118784 864691145769222148 288230410712776712
13 1 82 1 190 1 2377900603805270016 1369094356278968320 1152921642851106848 2305843215640559664 3602879702735257600 2377900741009342464 2305843215640559664 3458764583076888592 1369094287039397888 3602879908608475136 3458764583076888592 1152921642851106848
14 1 83 1 191 1 9511602415221080064 5476377425115873280 4611686571404427392 9223372862562238656 14411518810941030400 9511602964037369856 9223372862562238656 13835058332307554368 5476377148157591552 14411519634433900544 13835058332307554368 4611686571404427392
15 1 84 1 128 1 1152921513465217025 3458765626753941506 2211908157954 3302829851393 2305843022635466754 1152923708730376195 3302829851395 1108101562626 3458764518920814595 2305846316606947329 1108101562625 2211908157955
16 1 85 1 129 1 4611686053860868100 13835062507015766024 8847632631816 13211319405572 9223372090541867016 4611694834921504780 13211319405580 4432406250504 13835058075683258380 9223385266427789316 4432406250500 8847632631820
17 1 86 1 130 1 141733920787 17806934409249 35390530527264 52845277622288 214748364833 35265976467506 52845277622320 17729625002016 81604378674 52918292054035 17729625002000 35390530527280
18 1 87 1 131 1 566935683148 71227737636996 141562122109056 211381110489152 858993459332 141063905870024 211381110489280 70918500008064 326417514696 211673168216140 70918500008000 141562122109120
19 1 88 1 132 1 2267742732592 284910950547984 566248488436224 845524441956608 3435973837328 564255623480096 845524441957120 283674000032256 1305670058784 846692672864560 283674000032000 566248488436480
20 1 89 1 133 1 9070970930368 1139643802191936 2264993953744896 3382097767826432 13743895349312 2257022493920384 3382097767828480 1134696000129024 5222680235136 3386770691458240 1134696000128000 2264993953745920
21 1 90 1 134 1 36283883721472 4558575208767744 9059975814979584 13528391071305728 54975581397248 9028089975681536 13528391071313920 4538784000516096 20890720940544 13547082765832960 4538784000512000 9059975814983680
22 1 91 1 135 1 145135534885888 18234300835070976 36239903259918336 54113564285222912 219902325588992 36112359902726144 54113564285255680 18155136002064384 83562883762176 54188331063331840 18155136002048000 36239903259934720
23 1 92 1 136 1 580542139543552 72937203340283904 144959613039673344 216454257140891648 879609302355968 144449439610904576 216454257141022720 72620544008257536 334251535048704 216753324253327360 72620544008192000 144959613039738880
24 1 93 1 137 1 2322168558174208 291748813361135616 579838452158693376 865817028563566592 3518437209423872 577797758443618304 865817028564090880 290482176033030144 1337006140194816 867013297013309440 290482176032768000 579838452158955520
25 1 94 1 138 1 9288674232696832 1166995253444542464 2319353808634773504 3463268114254266368 14073748837695488 2311191033774473216 3463268114256363520 1161928704132120576 5348024560779264 3468053188053237760 1161928704131072000 2319353808635822080
26 1 95 1 139 1 37154696930787328 4667981013778169856 9277415234539094016 13853072457017065472 56294995350781952 9244764135097892864 13853072457025454080 4647714816528482304 21392098243117056 13872212752212951040 4647714816524288000 9277415234543288320
27 1 96 1 140 1 148618787723149313 225179981403127808 216172790737272835 72057606939607042 225179981403127810 85568392972468224 72057606973161473 144115192404377603 85568392972468227 148618787723149312 144115192387600386 216172790754050049
28 1 97 1 141 1 594475150892597252 900719925612511232 864691162949091340 288230427758428168 900719925612511240 342273571889872896 288230427892645892 576460769617510412 342273571889872908 594475150892597248 576460769550401544 864691163016200196
29 1 98 1 142 1 2377900603570389008 3602879702450044928 3458764651796365360 1152921711033712672 3602879702450044960 1369094287559491584 1152921711570583568 2305843078470041648 1369094287559491632 2377900603570388992 2305843078201606176 3458764652064800784
30 1 99 1 143 1 9511602414281556032 14411518809800179712 13835058607185461440 4611686844134850688 14411518809800179840 5476377150237966336 4611686846282334272 9223372313880166592 5476377150237966528 9511602414281555968 9223372312806424704 13835058608259203136
31 1 100 1 144 1 1152921509707120899 2305843018072064002 2207613190913 3302829851139 2305843018072064513 3458764527242313731 3311419785474 1108101563137 3458764527242314498 1152921509707120641 1103806595587 2211908157698
32 1 101 1 145 1 4611686038828483596 9223372072288256008 8830452763652 13211319404556 9223372072288258052 13835058108969254924 13245679141896 4432406252548 13835058108969257992 4611686038828482564 4415226382348 8847632630792
33 1 102 1 146 1 81604382770 141733920801 35321811054608 52845277618224 141733928979 214748364850 52982716567584 17729625010192 214748377121 81604378643 17660905529392 35390530523168
34 1 103 1 147 1 326417531080 566935683204 141287244218432 211381110472896 566935715916 858993459400 211930866270336 70918500040768 858993508484 326417514572 70643622117568 141562122092672
35 1 104 1 148 1 1305670124320 2267742732816 565148976873728 845524441891584 2267742863664 3435973837600 847723465081344 283674000163072 3435974033936 1305670058288 282574488470272 566248488370688
36 1 105 1 149 1 5222680497280 9070970931264 2260595907494912 3382097767566336 9070971454656 13743895350400 3390893860325376 1134696000652288 13743896135744 5222680233152 1130297953881088 2264993953482752
37 1 106 1 150 1 20890721989120 36283883725056 9042383629979648 13528391070265344 36283885818624 54975581401600 13563575441301504 4538784002609152 54975584542976 20890720932608 4521191815524352 9059975813931008
38 1 107 1 151 1 83562887956480 145135534900224 36169534519918592 54113564281061376 145135543274496 219902325606400 54254301765206016 18155136010436608 219902338171904 83562883730432 18084767262097408 36239903255724032
39 1 108 1 152 1 334251551825920 580542139600896 144678138079674368 216454257124245504 580542173097984 879609302425600 217017207060824064 72620544041746432 879609352687616 334251534921728 72339069048389632 144959613022896128
40 1 109 1 153 1 1337006207303680 2322168558403584 578712552318697472 865817028496982016 2322168692391936 3518437209702400 868068828243296256 290482176166985728 3518437410750464 1337006139686912 289356276193558528 579838452091584512
41 1 110 1 154 1 5348024829214720 9288674233614336 2314850209274789888 3463268113987928064 9288674769567744 14073748838809600 3472275312973185024 1161928704667942912 14073749643001856 5348024558747648 1157425104774234112 2319353808366338048
42 1 111 1 155 1 21392099316858880 37154696934457344 9259400837099159552 13853072455951712256 37154699078270976 56294995355238400 13889101251892740096 4647714818671771648 56294998572007424 21392098234990592 4629700419096936448 9277415233465352192
43 1 112 1 156 1 85568397267435520 148618787737829376 144115200977534979 72057602678194178 148618796313083904 225179981420953600 216172786442305537 144115200977534979 225179994288029696 85568392939962368 72057602678194178 216172786442305537
44 1 113 1 157 1 342273589069742080 594475150951317504 576460803910139916 288230410712776712 594475185252335616 900719925683814400 864691145769222148 576460803910139916 900719977152118784 342273571759849472 288230410712776712 864691145769222148
45 1 114 1 158 1 1369094356278968320 2377900603805270016 2305843215640559664 1152921642851106848 2377900741009342464 3602879702735257600 3458764583076888592 2305843215640559664 3602879908608475136 1369094287039397888 1152921642851106848 3458764583076888592
46 1 115 1 159 1 5476377425115873280 9511602415221080064 9223372862562238656 4611686571404427392 9511602964037369856 14411518810941030400 13835058332307554368 9223372862562238656 14411519634433900544 5476377148157591552 4611686571404427392 13835058332307554368
47 1 116 1 160 1 3458765626753941506 1152921513465217025 3302829851393 2211908157954 1152923708730376195 2305843022635466754 1108101562626 3302829851395 2305846316606947329 3458764518920814595 2211908157955 1108101562625
48 1 117 1 161 1 13835062507015766024 4611686053860868100 13211319405572 8847632631816 4611694834921504780 9223372090541867016 4432406250504 13211319405580 9223385266427789316 13835058075683258380 8847632631820 4432406250500
49 1 118 1 162 1 17806934409249 141733920787 52845277622288 35390530527264 35265976467506 214748364833 17729625002016 52845277622320 52918292054035 81604378674 35390530527280 17729625002000
50 1 119 1 163 1 71227737636996 566935683148 211381110489152 141562122109056 141063905870024 858993459332 70918500008064 211381110489280 211673168216140 326417514696 141562122109120 70918500008000
51 1 120 1 164 1 284910950547984 2267742732592 845524441956608 566248488436224 564255623480096 3435973837328 283674000032256 845524441957120 846692672864560 1305670058784 566248488436480 283674000032000
52 1 121 1 165 1 1139643802191936 9070970930368 3382097767826432 2264993953744896 2257022493920384 13743895349312 1134696000129024 3382097767828480 3386770691458240 5222680235136 2264993953745920 1134696000128000
53 1 122 1 166 1 4558575208767744 36283883721472 13528391071305728 9059975814979584 9028089975681536 54975581397248 4538784000516096 13528391071313920 13547082765832960 20890720940544 9059975814983680 4538784000512000
54 1 123 1 167 1 18234300835070976 145135534885888 54113564285222912 36239903259918336 36112359902726144 219902325588992 18155136002064384 54113564285255680 54188331063331840 83562883762176 36239903259934720 18155136002048000
55 1 124 1 168 1 72937203340283904 580542139543552 216454257140891648 144959613039673344 144449439610904576 879609302355968 72620544008257536 216454257141022720 216753324253327360 334251535048704 144959613039738880 72620544008192000
56 1 125 1 169 1 291748813361135616 2322168558174208 865817028563566592 579838452158693376 577797758443618304 3518437209423872 290482176033030144 865817028564090880 867013297013309440 1337006140194816 579838452158955520 290482176032768000
57 1 126 1 170 1 1166995253444542464 9288674232696832 3463268114254266368 2319353808634773504 2311191033774473216 14073748837695488 1161928704132120576 3463268114256363520 3468053188053237760 5348024560779264 2319353808635822080 1161928704131072000
58 1 127 1 171 1 4667981013778169856 37154696930787328 13853072457017065472 9277415234539094016 9244764135097892864 56294995350781952 4647714816528482304 13853072457025454080 13872212752212951040 21392098243117056 9277415234543288320 4647714816524288000
59 1 64 1 172 1 225179981403127808 148618787723149313 72057606939607042 216172790737272835 85568392972468224 225179981403127810 144115192404377603 72057606973161473 148618787723149312 85568392972468227 216172790754050049 144115192387600386
60 1 65 1 173 1 900719925612511232 594475150892597252 288230427758428168 864691162949091340 342273571889872896 900719925612511240 576460769617510412 288230427892645892 594475150892597248 342273571889872908 864691163016200196 576460769550401544
61 1 66 1 174 1 3602879702450044928 2377900603570389008 1152921711033712672 3458764651796365360 1369094287559491584 3602879702450044960 2305843078470041648 1152921711570583568 2377900603570388992 1369094287559491632 3458764652064800784 2305843078201606176
62 1 67 1 175 1 14411518809800179712 9511602414281556032 4611686844134850688 13835058607185461440 5476377150237966336 14411518809800179840 9223372313880166592 4611686846282334272 9511602414281555968 5476377150237966528 13835058608259203136 9223372312806424704
63 1 68 1 176 1 2305843018072064002 1152921509707120899 3302829851139 2207613190913 3458764527242313731 2305843018072064513 1108101563137 3311419785474 1152921509707120641 3458764527242314498 2211908157698 1103806595587
0 1 125 1 162 1 69273124881 69038243875 1152921642045812736 3458764651259502624 138277814306 137992601649 2305843215372128256 1152921710765289520 206477197363 206997291026 3458764582540025856 2305843077933174800
1 1 126 1 163 1 277092499524 276152975500 4611686568183250944 13835058605038010496 553111257224 551970406596 9223372861488513024 4611686843061158080 825908789452 827989164104 13835058330160103424 9223372311732699200
2 1 127 1 164 1 1108369998096 1104611902000 2199023452163 2199023387137 2212445028896 2207881626384 3298534948865 3298535080706 3303635157808 3311956656416 1099511758850 1099511693571
3 1 64 1 165 1 4433479992384 4418447608000 8796093808652 8796093548548 8849780115584 8831526505536 13194139795460 13194140322824 13214540631232 13247826625664 4398047035400 4398046774284
4 1 65 1 166 1 17733919969536 17673790432000 35184375234608 35184374194192 35399120462336 35326106022144 52776559181840 52776561291296 52858162524928 52991306502656 17592188141600 17592187097136
5 1 66 1 167 1 70935679878144 70695161728000 140737500938432 140737496776768 141596481849344 141304424088576 211106236727360 211106245165184 211432650099712 211965226010624 70368752566400 70368748388544
6 1 67 1 168 1 283742719512576 282780646912000 562950003753728 562949987107072 566385927397376 565217696354304 844424946909440 844424980660736 845730600398848 847860904042496 281475010265600 281474993554176
7 1 68 1 169 1 1134970878050304 1131122587648000 2251800015014912 2251799948428288 2265543709589504 2260870785417216 3377699787637760 3377699922642944 3382922401595392 3391443616169984 1125900041062400 1125899974216704
8 1 69 1 170 1 4539883512201216 4524490350592000 9007200060059648 9007199793713152 9062174838358016 9043483141668864 13510799150551040 13510799690571776 13531689606381568 13565774464679936 4503600164249600 4503599896866816
9 1 70 1 171 1 18159534048804864 18097961402368000 36028800240238592 36028799174852608 36248699353432064 36173932566675456 54043196602204160 54043198762287104 54126758425526272 54263097858719744 18014400656998400 18014399587467264
10 1 71 1 172 1 72638136195219456 72391845609472000 144115200960954368 144115196699410432 144994797413728256 144695730266701824 216172786408816640 216172795049148416 216507033702105088 217052391434878976 72057602627993600 72057598349869056
11 1 72 1 173 1 290552544780877824 289567382437888000 576460803843817472 576460786797641728 579979189654913024 578782921066807296 864691145635266560 864691180196593664 866028134808420352 868209565739515904 288230410511974400 288230393399476224
12 1 73 1 174 1 1162210179123511296 1158269529751552000 2305843215375269888 2305843147190566912 2319916758619652096 2315131684267229184 3458764582541066240 3458764720786374656 3464112539233681408 3472838262958063616 1152921642047897600 1152921573597904896
13 1 74 1 175 1 4648840716494045184 4633078119006208000 9223372861501079552 9223372588762267648 9279667034478608384 9260526737068916736 13835058330164264960 13835058883145498624 13856450156934725632 13891353051832254464 4611686568191590400 4611686294391619584
14 1 75 1 176 1 148618792266629121 85568402315280385 3298585214978 2207629967362 225179990495330306 148618800856563714 1099528404995 3311453339651 85568406610247683 225179986200363011 2199056809985 1103856926721
15 1 76 1 177 1 594475169066516484 342273609261121540 13194340859912 8830519869448 900719961981321224 594475203426254856 4398113619980 13245813358604 342273626440990732 900719944801452044 8796227239940 4415427706884
16 1 77 1 178 1 2377900676266065936 1369094437044486160 52777363439648 35322079477792 3602879847925284896 2377900813705019424 17592454479920 52983253434416 1369094505763962928 3602879779205808176 35184908959760 17661710827536
17 1 78 1 179 1 9511602705064263744 5476377748177944640 211109453758592 141288317911168 14411519391701139584 9511603254820077696 70369817919680 211933013737664 5476378023055851712 14411519116823232704 140739635839040 70646843310144
18 1 79 1 180 1 1152922672837951745 3458766919002226946 844437815034368 565153271644672 2305845345675903490 1152924871861207555 281479271678720 847732054950656 3458768018513855235 2305844246164275969 562958543356160 282587373240576
19 1 80 1 181 1 4611690691351806980 13835067676008907784 3377751260137472 2260613086578688 9223381382703613960 4611699487444830220 1125917086714880 3390928219802624 13835072074055420940 9223376984657103876 2251834173424640 1130349492962304
20 1 81 1 182 1 18691697676307 38482906976289 13511005040549888 9042452346314752 37383395352609 53876069769266 4503668346859520 13563712879210496 56075093028914 19791209312275 9007336693698560 4521397971849216
21 1 82 1 183 1 74766790705228 153931627905156 54044020162199552 36169809385259008 149533581410436 215504279077064 18014673387438080 54254851516841984 224300372115656 79164837249100 36029346774794240 18085591887396864
22 1 83 1 184 1 299067162820912 615726511620624 216176080648798208 144679237541036032 598134325641744 862017116308256 72058693549752320 217019406067367936 897201488462624 316659348996400 144117387099176960 72342367549587456
23 1 84 1 185 1 1196268651283648 2462906046482496 864704322595192832 578716950164144128 2392537302566976 3448068465233024 288234774199009280 868077624269471744 3588805953850496 1266637395985600 576469548396707840 289369470198349824
24 1 85 1 186 1 4785074605134592 9851624185929984 3458817290380771328 2314867800656576512 9570149210267904 13792273860932096 1152939096796037120 3472310497077886976 14355223815401984 5066549583942400 2305878193586831360 1157477880793399296
25 1 86 1 187 1 19140298420538368 39406496743719936 13835269161523085312 9259471202626306048 38280596841071616 55169095443728384 4611756387184148480 13889241988311547904 57420895261607936 20266198335769600 9223512774347325440 4629911523173597184
26 1 87 1 188 1 76561193682153472 157625986974879744 844424963686402 144396663086120963 153122387364286464 220676381774913536 281475027042307 216735732117536769 229683581046431744 81064793343078400 562949970198529 72902018984837122
27 1 88 1 189 1 306244774728613888 630503947899518976 3377699854745608 577586652344483852 612489549457145856 882705527099654144 1125900108169228 866942928470147076 918734324185726976 324259173372313600 2251799880794116 291608075939348488
28 1 89 1 190 1 1224979098914455552 2522015791598075904 13510799418982432 2310346609377935408 2449958197828583424 3530822108398616576 4503600432676912 3467771713880588304 3674937296742907904 1297036693489254400 9007199523176464 1166432303757393952
29 1 90 1 191 1 4899916395657822208 10088063166392303616 54043197675929728 9241386437511741632 9799832791314333696 14123288433594466304 18014401730707648 13871086855522353216 14699749186971631616 5188146773957017600 36028798092705856 4665729215029575808
30 1 91 1 128 1 1152921508921737218 3458764518150111233 216172790703718914 72057602627863296 2305843017838231555 1152921513249210370 72057606922830595 144115200960758016 3458764526757871617 2305843022118518787 144115192370823425 216172786408751616
31 1 92 1 129 1 4611686035686948872 13835058072600444932 864691162814875656 288230410511453184 9223372071352926220 4611686052996841480 288230427691322380 576460803843032064 13835058107031486468 9223372088474075148 576460769483293700 864691145635006464
32 1 93 1 130 1 69038243875 69273124881 3458764651259502624 1152921642045812736 137992601649 138277814306 1152921710765289520 2305843215372128256 206997291026 206477197363 2305843077933174800 3458764582540025856
33 1 94 1 131 1 276152975500 277092499524 13835058605038010496 4611686568183250944 551970406596 553111257224 4611686843061158080 9223372861488513024 827989164104 825908789452 9223372311732699200 13835058330160103424
34 1 95 1 132 1 1104611902000 1108369998096 2199023387137 2199023452163 2207881626384 2212445028896 3298535080706 3298534948865 3311956656416 3303635157808 1099511693571 1099511758850
35 1 96 1 133 1 4418447608000 4433479992384 8796093548548 8796093808652 8831526505536 8849780115584 13194140322824 13194139795460 13247826625664 13214540631232 4398046774284 4398047035400
36 1 97 1 134 1 17673790432000 17733919969536 35184374194192 35184375234608 35326106022144 35399120462336 52776561291296 52776559181840 52991306502656 52858162524928 17592187097136 17592188141600
37 1 98 1 135 1 70695161728000 70935679878144 140737496776768 140737500938432 141304424088576 141596481849344 211106245165184 211106236727360 211965226010624 211432650099712 70368748388544 70368752566400
38 1 99 1 136 1 282780646912000 283742719512576 562949987107072 562950003753728 565217696354304 566385927397376 844424980660736 844424946909440 847860904042496 845730600398848 281474993554176 281475010265600
39 1 100 1 137 1 1131122587648000 1134970878050304 2251799948428288 2251800015014912 2260870785417216 2265543709589504 3377699922642944 3377699787637760 3391443616169984 3382922401595392 1125899974216704 1125900041062400
40 1 101 1 138 1 4524490350592000 4539883512201216 9007199793713152 9007200060059648 9043483141668864 9062174838358016 13510799690571776 13510799150551040 13565774464679936 13531689606381568 4503599896866816 4503600164249600
41 1 102 1 139 1 18097961402368000 18159534048804864 36028799174852608 36028800240238592 36173932566675456 36248699353432064 54043198762287104 54043196602204160 54263097858719744 54126758425526272 18014399587467264 18014400656998400
42 1 103 1 140 1 72391845609472000 72638136195219456 144115196699410432 144115200960954368 144695730266701824 144994797413728256 216172795049148416 216172786408816640 217052391434878976 216507033702105088 72057598349869056 72057602627993600
43 1 104 1 141 1 289567382437888000 290552544780877824 576460786797641728 576460803843817472 578782921066807296 579979189654913024 864691180196593664 864691145635266560 868209565739515904 866028134808420352 288230393399476224 288230410511974400
44 1 105 1 142 1 1158269529751552000 1162210179123511296 2305843147190566912 2305843215375269888 2315131684267229184 2319916758619652096 3458764720786374656 3458764582541066240 3472838262958063616 3464112539233681408 1152921573597904896 1152921642047897600
45 1 106 1 143 1 4633078119006208000 4648840716494045184 9223372588762267648 9223372861501079552 9260526737068916736 9279667034478608384 13835058883145498624 13835058330164264960 13891353051832254464 13856450156934725632 4611686294391619584 4611686568191590400
46 1 107 1 144 1 85568402315280385 148618792266629121 2207629967362 3298585214978 148618800856563714 225179990495330306 3311453339651 1099528404995 225179986200363011 85568406610247683 1103856926721 2199056809985
47 1 108 1 145 1 342273609261121540 594475169066516484 8830519869448 13194340859912 594475203426254856 900719961981321224 13245813358604 4398113619980 900719944801452044 342273626440990732 4415427706884 8796227239940
48 1 109 1 146 1 1369094437044486160 2377900676266065936 35322079477792 52777363439648 2377900813705019424 3602879847925284896 52983253434416 17592454479920 3602879779205808176 1369094505763962928 17661710827536 35184908959760
49 1 110 1 147 1 5476377748177944640 9511602705064263744 141288317911168 211109453758592 9511603254820077696 14411519391701139584 211933013737664 70369817919680 14411519116823232704 5476378023055851712 70646843310144 140739635839040
50 1 111 1 148 1 3458766919002226946 1152922672837951745 565153271644672 844437815034368 1152924871861207555 2305845345675903490 847732054950656 281479271678720 2305844246164275969 3458768018513855235 282587373240576 562958543356160
51 1 112 1 149 1 13835067676008907784 4611690691351806980 2260613086578688 3377751260137472 4611699487444830220 9223381382703613960 3390928219802624 1125917086714880 9223376984657103876 13835072074055420940 1130349492962304 2251834173424640
52 1 113 1 150 1 38482906976289 18691697676307 9042452346314752 13511005040549888 53876069769266 37383395352609 13563712879210496 4503668346859520 19791209312275 56075093028914 4521397971849216 9007336693698560
53 1 114 1 151 1 153931627905156 74766790705228 36169809385259008 54044020162199552 215504279077064 149533581410436 54254851516841984 18014673387438080 79164837249100 224300372115656 18085591887396864 36029346774794240
54 1 115 1 152 1 615726511620624 299067162820912 144679237541036032 216176080648798208 862017116308256 598134325641744 217019406067367936 72058693549752320 316659348996400 897201488462624 72342367549587456 144117387099176960
55 1 116 1 153 1 2462906046482496 1196268651283648 578716950164144128 864704322595192832 3448068465233024 2392537302566976 868077624269471744 288234774199009280 1266637395985600 3588805953850496 289369470198349824 576469548396707840
56 1 117 1 154 1 9851624185929984 4785074605134592 2314867800656576512 3458817290380771328 13792273860932096 9570149210267904 3472310497077886976 1152939096796037120 5066549583942400 14355223815401984 1157477880793399296 2305878193586831360
57 1 118 1 155 1 39406496743719936 19140298420538368 9259471202626306048 13835269161523085312 55169095443728384 38280596841071616 13889241988311547904 4611756387184148480 20266198335769600 57420895261607936 4629911523173597184 9223512774347325440
58 1 119 1 156 1 157625986974879744 76561193682153472 144396663086120963 844424963686402 220676381774913536 153122387364286464 216735732117536769 281475027042307 81064793343078400 229683581046431744 72902018984837122 562949970198529
59 1 120 1 157 1 630503947899518976 306244774728613888 577586652344483852 3377699854745608 882705527099654144 612489549457145856 866942928470147076 1125900108169228 324259173372313600 918734324185726976 291608075939348488 2251799880794116
60 1 121 1 158 1 2522015791598075904 1224979098914455552 2310346609377935408 13510799418982432 3530822108398616576 2449958197828583424 3467771713880588304 4503600432676912 1297036693489254400 3674937296742907904 1166432303757393952 9007199523176464
61 1 122 1 159 1 10088063166392303616 4899916395657822208 9241386437511741632 54043197675929728 14123288433594466304 9799832791314333696 13871086855522353216 18014401730707648 5188146773957017600 14699749186971631616 4665729215029575808 36028798092705856
62 1 123 1 160 1 3458764518150111233 1152921508921737218 72057602627863296 216172790703718914 1152921513249210370 2305843017838231555 144115200960758016 72057606922830595 2305843022118518787 3458764526757871617 216172786408751616 144115192370823425
63 1 124 1 161 1 13835058072600444932 4611686035686948872 288230410511453184 864691162814875656 4611686052996841480 9223372071352926220 576460803843032064 288230427691322380 9223372088474075148 13835058107031486468 864691145635006464 576460769483293700
0 1 78 1 171 1 4583325698 9447669762 216176089238601731 144116300472385536 9161408515 13173260291 72058706434457601 216174985432006656 13742637057 4866441217 144117391394078722 72060901162745856
1 1 79 1 172 1 18333302792 37790679048 864704356954406924 576465201889542144 36645634060 52693041164 288234825737830404 864699941728026624 54970548228 19465764868 576469565576314888 288243604650983424
2 1 80 1 173 1 73333211168 151162716192 3458817427817627696 2305860807558168576 146582536240 210772164656 1152939302951321616 3458799766912106496 219882192912 77863059472 2305878262305259552 1152974418603933696
3 1 81 1 174 1 293332844672 604650864768 13835269711270510784 9223443230232674304 586330144960 843088658624 4611757211805286464 13835199067648425984 879528771648 311452237888 9223513049221038208 4611897674415734784
4 1 82 1 175 1 1173331378688 2418603459072 846623953388290 284773511593987 2345320579840 3372354634496 284773511594243 564049465049089 3518115086592 1245808951552 564049465049601 846623953387522
5 1 83 1 176 1 4693325514752 9674413836288 3386495813553160 1139094046375948 9381282319360 13489418537984 1139094046376972 2256197860196356 14072460346368 4983235806208 2256197860198404 3386495813550088
6 1 84 1 177 1 18773302059008 38697655345152 13545983254212640 4556376185503792 37525129277440 53957674151936 4556376185507888 9024791440785424 56289841385472 19932943224832 9024791440793616 13545983254200352
7 1 85 1 178 1 75093208236032 154790621380608 54183933016850560 18225504742015168 150100517109760 215830696607744 18225504742031552 36099165763141696 225159365541888 79731772899328 36099165763174464 54183933016801408
8 1 86 1 179 1 300372832944128 619162485522432 216735732067402240 72902018968060672 600402068439040 863322786430976 72902018968126208 144396663052566784 900637462167552 318927091597312 144396663052697856 216735732067205632
9 1 87 1 180 1 1201491331776512 2476649942089728 866942928269608960 291608075872242688 2401608273756160 3453291145723904 291608075872504832 577586652210267136 3602549848670208 1275708366389248 577586652210791424 866942928268822528
10 1 88 1 181 1 4805965327106048 9906599768358912 3467771713078435840 1166432303488970752 9606433095024640 13813164582895616 1166432303490019328 2310346608841068544 14410199394680832 5102833465556992 2310346608843165696 3467771713075290112
11 1 89 1 182 1 19223861308424192 39626399073435648 13871086852313743360 4665729213955883008 38425732380098560 55252658331582464 4665729213960077312 9241386435364274176 57640797578723328 20411333862227968 9241386435372662784 13871086852301160448
12 1 90 1 183 1 76895445233696768 158505596293742592 144115188126318593 216172782113980419 153702929520394240 221010633326329856 216172782130757634 72057594037993473 230563190314893312 81645335448911872 72057594071547907 144115188075986946
13 1 91 1 184 1 307581780934787072 634022385174970368 576460752505274372 864691128455921676 614811718081576960 884042533305319424 864691128523030536 288230376151973892 922252761259573248 326581341795647488 288230376286191628 576460752303947784
14 1 92 1 185 1 1230327123739148288 2536089540699881472 2305843010021097488 3458764513823686704 2459246872326307840 3536170133221277696 3458764514092122144 1152921504607895568 3689011045038292992 1306325367182589952 1152921505144766512 2305843009215791136
15 1 93 1 186 1 4921308494956593152 10144358162799525888 9223372040084389952 13835058055294746816 9836987489305231360 14144680532885110784 13835058056368488576 4611686018431582272 14756044180153171968 5225301468730359808 4611686020579066048 9223372036863164544
16 1 94 1 187 1 1238489906116820994 3683944503779000321 12918456579 50332418 2454461809801822211 1238489910411788290 4345299457 16777475 3683944499484033025 2454461801211887619 8606712578 33554945
17 1 95 1 188 1 4953959624467283976 14735778015116001284 51673826316 201329672 9817847239207288844 4953959641647153160 17381197828 67109900 14735777997936132100 9817847204847550476 34426850312 134219780
18 1 96 1 189 1 1369094424159584291 3602879839335350289 206695305264 805318688 2377900809410052145 1369094492879061026 69524791312 268439600 3602879770615873554 2377900671971098675 137707401248 536879120
19 1 97 1 190 1 5476377696638337164 14411519357341401156 826781221056 3221274752 9511603237640208580 5476377971516244104 278099165248 1073758400 14411519082463494216 9511602687884394700 550829604992 2147516480
20 1 98 1 191 1 3458766712843797043 2305845208236949777 3307124884224 12885099008 1152924803141731089 3458767812355424802 1112396660992 4295033600 2305844108725322018 1152922604118475571 2203318419968 8590065920
21 1 99 1 128 1 13835066851375188172 9223380832947799108 13228499536896 51540396032 4611699212566924356 13835071249421699208 4449586643968 17180134400 9223376434901288072 4611690416473902284 8813273679872 34360263680
22 1 100 1 129 1 35184372097842 35184372093203 52913998147584 206161584128 52776558145811 52776558141985 17798346575872 68720537600 17592186049057 17592186057522 35253094719488 137441054720
23 1 101 1 130 1 140737488391368 140737488372812 211655992590336 824646336512 211106232583244 211106232567940 71193386303488 274882150400 70368744196228 70368744230088 141012378877952 549764218880
24 1 102 1 131 1 562949953565472 562949953491248 846623970361344 3298585346048 844424930332976 844424930271760 284773545213952 1099528601600 281474976784912 281474976920352 564049515511808 2199056875520
25 1 103 1 132 1 2251799814261888 2251799813964992 3386495881445376 13194341384192 3377699721331904 3377699721087040 1139094180855808 4398114406400 1125899907139648 1125899907681408 2256198062047232 8796227502080
26 1 104 1 133 1 9007199257047552 9007199255859968 13545983525781504 52777365536768 13510798885327616 13510798884348160 4556376723423232 17592457625600 4503599628558592 4503599630725632 9024792248188928 35184910008320
27 1 105 1 134 1 36028797028190208 36028797023439872 54183934103126016 211109462147072 54043195541310464 54043195537392640 18225506893692928 70369830502400 18014398514234368 18014398522902528 36099168992755712 140739640033280
28 1 106 1 135 1 144115188112760832 144115188093759488 216735736412504064 844437848588288 216172782165241856 216172782149570560 72902027574771712 281479322009600 72057594056937472 72057594091610112 144396675971022848 562958560133120
29 1 107 1 136 1 576460752451043328 576460752375037952 866942945650016256 3377751394353152 864691128660967424 864691128598282240 291608110299086848 1125917288038400 288230376227749888 288230376366440448 577586703884091392 2251834240532480
30 1 108 1 137 1 2305843009804173312 2305843009500151808 3467771782600065024 13511005577412608 3458764514643869696 3458764514393128960 1166432441196347392 4503669152153600 1152921504910999552 1152921505465761792 2310346815536365568 9007336962129920
31 1 109 1 138 1 9223372039216693248 9223372038000607232 13871087130400260096 54044022309650432 13835058058575478784 13835058057572515840 4665729764785389568 18014676608614400 4611686019643998208 4611686021863047168 9241387262145462272 36029347848519680
32 1 110 1 139 1 9447669762 4583325698 144116300472385536 216176089238601731 13173260291 9161408515 216174985432006656 72058706434457601 4866441217 13742637057 72060901162745856 144117391394078722
33 1 111 1 140 1 37790679048 18333302792 576465201889542144 864704356954406924 52693041164 36645634060 864699941728026624 288234825737830404 19465764868 54970548228 288243604650983424 576469565576314888
34 1 112 1 141 1 151162716192 73333211168 2305860807558168576 3458817427817627696 210772164656 146582536240 3458799766912106496 1152939302951321616 77863059472 219882192912 1152974418603933696 2305878262305259552
35 1 113 1 142 1 604650864768 293332844672 9223443230232674304 13835269711270510784 843088658624 586330144960 13835199067648425984 4611757211805286464 311452237888 879528771648 4611897674415734784 9223513049221038208
36 1 114 1 143 1 2418603459072 1173331378688 284773511593987 846623953388290 3372354634496 2345320579840 564049465049089 284773511594243 1245808951552 3518115086592 846623953387522 564049465049601
37 1 115 1 144 1 9674413836288 4693325514752 1139094046375948 3386495813553160 13489418537984 9381282319360 2256197860196356 1139094046376972 4983235806208 14072460346368 3386495813550088 2256197860198404
38 1 116 1 145 1 38697655345152 18773302059008 4556376185503792 13545983254212640 53957674151936 37525129277440 9024791440785424 4556376185507888 19932943224832 56289841385472 13545983254200352 9024791440793616
39 1 117 1 146 1 154790621380608 75093208236032 18225504742015168 54183933016850560 215830696607744 150100517109760 36099165763141696 18225504742031552 79731772899328 225159365541888 54183933016801408 36099165763174464
40 1 118 1 147 1 619162485522432 300372832944128 72902018968060672 216735732067402240 863322786430976 600402068439040 144396663052566784 72902018968126208 318927091597312 900637462167552 216735732067205632 144396663052697856
41 1 119 1 148 1 2476649942089728 1201491331776512 291608075872242688 866942928269608960 3453291145723904 2401608273756160 577586652210267136 291608075872504832 1275708366389248 3602549848670208 866942928268822528 577586652210791424
42 1 120 1 149 1 9906599768358912 4805965327106048 1166432303488970752 3467771713078435840 13813164582895616 9606433095024640 2310346608841068544 1166432303490019328 5102833465556992 14410199394680832 3467771713075290112 2310346608843165696
43 1 121 1 150 1 39626399073435648 19223861308424192 4665729213955883008 13871086852313743360 55252658331582464 38425732380098560 9241386435364274176 4665729213960077312 20411333862227968 57640797578723328 13871086852301160448 9241386435372662784
44 1 122 1 151 1 158505596293742592 76895445233696768 216172782113980419 144115188126318593 221010633326329856 153702929520394240 72057594037993473 216172782130757634 81645335448911872 230563190314893312 144115188075986946 72057594071547907
45 1 123 1 152 1 634022385174970368 307581780934787072 864691128455921676 576460752505274372 884042533305319424 614811718081576960 288230376151973892 864691128523030536 326581341795647488 922252761259573248 576460752303947784 288230376286191628
46 1 124 1 153 1 2536089540699881472 1230327123739148288 3458764513823686704 2305843010021097488 3536170133221277696 2459246872326307840 1152921504607895568 3458764514092122144 1306325367182589952 3689011045038292992 2305843009215791136 1152921505144766512
47 1 125 1 154 1 10144358162799525888 4921308494956593152 13835058055294746816 9223372040084389952 14144680532885110784 9836987489305231360 4611686018431582272 13835058056368488576 5225301468730359808 14756044180153171968 9223372036863164544 4611686020579066048
48 1 126 1 155 1 3683944503779000321 1238489906116820994 50332418 12918456579 1238489910411788290 2454461809801822211 16777475 4345299457 2454461801211887619 3683944499484033025 33554945 8606712578
49 1 127 1 156 1 14735778015116001284 4953959624467283976 201329672 51673826316 4953959641647153160 9817847239207288844 67109900 17381197828 9817847204847550476 14735777997936132100 134219780 34426850312
50 1 64 1 157 1 3602879839335350289 1369094424159584291 805318688 206695305264 1369094492879061026 2377900809410052145 268439600 69524791312 2377900671971098675 3602879770615873554 536879120 137707401248
51 1 65 1 158 1 14411519357341401156 5476377696638337164 3221274752 826781221056 5476377971516244104 9511603237640208580 1073758400 278099165248 9511602687884394700 14411519082463494216 2147516480 550829604992
52 1 66 1 159 1 2305845208236949777 3458766712843797043 12885099008 3307124884224 3458767812355424802 1152924803141731089 4295033600 1112396660992 1152922604118475571 2305844108725322018 8590065920 2203318419968
53 1 67 1 160 1 9223380832947799108 13835066851375188172 51540396032 13228499536896 13835071249421699208 4611699212566924356 17180134400 4449586643968 4611690416473902284 9223376434901288072 34360263680 8813273679872
54 1 68 1 161 1 35184372093203 35184372097842 206161584128 52913998147584 52776558141985 52776558145811 68720537600 17798346575872 17592186057522 17592186049057 137441054720 35253094719488
55 1 69 1 162 1 140737488372812 140737488391368 824646336512 211655992590336 211106232567940 211106232583244 274882150400 71193386303488 70368744230088 70368744196228 549764218880 141012378877952
56 1 70 1 163 1 562949953491248 562949953565472 3298585346048 846623970361344 844424930271760 844424930332976 1099528601600 284773545213952 281474976920352 281474976784912 2199056875520 564049515511808
57 1 71 1 164 1 2251799813964992 2251799814261888 13194341384192 3386495881445376 3377699721087040 3377699721331904 4398114406400 1139094180855808 1125899907681408 1125899907139648 8796227502080 2256198062047232
58 1 72 1 165 1 9007199255859968 9007199257047552 52777365536768 13545983525781504 13510798884348160 13510798885327616 17592457625600 4556376723423232 4503599630725632 4503599628558592 35184910008320 9024792248188928
59 1 73 1 166 1 36028797023439872 36028797028190208 211109462147072 54183934103126016 54043195537392640 54043195541310464 70369830502400 18225506893692928 18014398522902528 18014398514234368 140739640033280 36099168992755712
60 1 74 1 167 1 144115188093759488 144115188112760832 844437848588288 216735736412504064 216172782149570560 216172782165241856 281479322009600 72902027574771712 72057594091610112 72057594056937472 562958560133120 144396675971022848
61 1 75 1 168 1 576460752375037952 576460752451043328 3377751394353152 866942945650016256 864691128598282240 864691128660967424 1125917288038400 291608110299086848 288230376366440448 288230376227749888 2251834240532480 577586703884091392
62 1 76 1 169 1 2305843009500151808 2305843009804173312 13511005577412608 3467771782600065024 3458764514393128960 3458764514643869696 4503669152153600 1166432441196347392 1152921505465761792 1152921504910999552 9007336962129920 2310346815536365568
63 1 77 1 170 1 9223372038000607232 9223372039216693248 54044022309650432 13871087130400260096 13835058057572515840 13835058058575478784 18014676608614400 4665729764785389568 4611686021863047168 4611686019643998208 36029347848519680 9241387262145462272
0 1 108 1 154 1 0 0 1 0 0 0 2 0 0 0 3 0
1 1 109 1 155 1 0 0 4 0 0 0 8 0 0 0 12 0
2 1 110 1 156 1 0 0 16 0 0 0 32 0 0 0 48 0
3 1 111 1 157 1 0 0 64 0 0 0 128 0 0 0 192 0
4 1 112 1 158 1 0 0 256 0 0 0 512 0 0 0 768 0
5 1 113 1 159 1 0 0 1024 0 0 0 2048 0 0 0 3072 0
6 1 114 1 160 1 0 0 4096 0 0 0 8192 0 0 0 12288 0
7 1 115 1 161 1 0 0 16384 0 0 0 32768 0 0 0 49152 0
8 1 116 1 162 1 0 0 65536 0 0 0 131072 0 0 0 196608 0
9 1 117 1 163 1 0 0 262144 0 0 0 524288 0 0 0 786432 0
10 1 118 1 164 1 0 0 1048576 0 0 0 2097152 0 0 0 3145728 0
11 1 119 1 165 1 0 0 4194304 0 0 0 8388608 0 0 0 12582912 0
12 1 120 1 166 1 0 0 16777216 0 0 0 33554432 0 0 0 50331648 0
13 1 121 1 167 1 0 0 67108864 0 0 0 134217728 0 0 0 201326592 0
14 1 122 1 168 1 0 0 268435456 0 0 0 536870912 0 0 0 805306368 0
15 1 123 1 169 1 0 0 1073741824 0 0 0 2147483648 0 0 0 3221225472 0
16 1 124 1 170 1 0 0 4294967296 0 0 0 8589934592 0 0 0 12884901888 0
17 1 125 1 171 1 0 0 17179869184 0 0 0 34359738368 0 0 0 51539607552 0
18 1 126 1 172 1 0 0 68719476736 0 0 0 137438953472 0 0 0 206158430208 0
19 1 127 1 173 1 0 0 274877906944 0 0 0 549755813888 0 0 0 824633720832 0
20 1 64 1 174 1 0 0 1099511627776 0 0 0 2199023255552 0 0 0 3298534883328 0
21 1 65 1 175 1 0 0 4398046511104 0 0 0 8796093022208 0 0 0 13194139533312 0
22 1 66 1 176 1 0 0 17592186044416 0 0 0 35184372088832 0 0 0 52776558133248 0
23 1 67 1 177 1 0 0 70368744177664 0 0 0 140737488355328 0 0 0 211106232532992 0
24 1 68 1 178 1 0 0 281474976710656 0 0 0 562949953421312 0 0 0 844424930131968 0
25 1 69 1 179 1 0 0 1125899906842624 0 0 0 2251799813685248 0 0 0 3377699720527872 0
26 1 70 1 180 1 0 0 4503599627370496 0 0 0 9007199254740992 0 0 0 13510798882111488 0
27 1 71 1 181 1 0 0 18014398509481984 0 0 0 36028797018963968 0 0 0 54043195528445952 0
28 1 72 1 182 1 0 0 72057594037927936 0 0 0 144115188075855872 0 0 0 216172782113783808 0
29 1 73 1 183 1 0 0 288230376151711744 0 0 0 576460752303423488 0 0 0 864691128455135232 0
30 1 74 1 184 1 0 0 1152921504606846976 0 0 0 2305843009213693952 0 0 0 3458764513820540928 0
31 1 75 1 185 1 0 0 4611686018427387904 0 0 0 9223372036854775808 0 0 0 13835058055282163712 0
32 1 76 1 186 1 0 0 0 1 0 0 0 2 0 0 0 3
33 1 77 1 187 1 0 0 0 4 0 0 0 8 0 0 0 12
34 1 78 1 188 1 0 0 0 16 0 0 0 32 0 0 0 48
35 1 79 1 189 1 0 0 0 64 0 0 0 128 0 0 0 192
36 1 80 1 190 1 0 0 0 256 0 0 0 512 0 0 0 768
37 1 81 1 191 1 0 0 0 1024 0 0 0 2048 0 0 0 3072
38 1 82 1 128 1 0 0 0 4096 0 0 0 8192 0 0 0 12288
39 1 83 1 129 1 0 0 0 16384 0 0 0 32768 0 0 0 49152
40 1 84 1 130 1 0 0 0 65536 0 0 0 131072 0 0 0 196608
41 1 85 1 131 1 0 0 0 262144 0 0 0 524288 0 0 0 786432
42 1 86 1 132 1 0 0 0 1048576 0 0 0 2097152 0 0 0 3145728
43 1 87 1 133 1 0 0 0 4194304 0 0 0 8388608 0 0 0 12582912
44 1 88 1 134 1 0 0 0 16777216 0 0 0 33554432 0 0 0 50331648
45 1 89 1 135 1 0 0 0 67108864 0 0 0 134217728 0 0 0 201326592
46 1 90 1 136 1 0 0 0 268435456 0 0 0 536870912 0 0 0 805306368
47 1 91 1 137 1 0 0 0 1073741824 0 0 0 2147483648 0 0 0 3221225472
48 1 92 1 138 1 0 0 0 4294967296 0 0 0 8589934592 0 0 0 12884901888
49 1 93 1 139 1 0 0 0 17179869184 0 0 0 34359738368 0 0 0 51539607552
50 1 94 1 140 1 0 0 0 68719476736 0 0 0 137438953472 0 0 0 206158430208
51 1 95 1 141 1 0 0 0 274877906944 0 0 0 549755813888 0 0 0 824633720832
52 1 96 1 142 1 0 0 0 1099511627776 0 0 0 2199023255552 0 0 0 3298534883328
53 1 97 1 143 1 0 0 0 4398046511104 0 0 0 8796093022208 0 0 0 13194139533312
54 1 98 1 144 1 0 0 0 17592186044416 0 0 0 35184372088832 0 0 0 52776558133248
55 1 99 1 145 1 0 0 0 70368744177664 0 0 0 140737488355328 0 0 0 211106232532992
56 1 100 1 146 1 0 0 0 281474976710656 0 0 0 562949953421312 0 0 0 844424930131968
57 1 101 1 147 1 0 0 0 1125899906842624 0 0 0 2251799813685248 0 0 0 3377699720527872
58 1 102 1 148 1 0 0 0 4503599627370496 0 0 0 9007199254740992 0 0 0 13510798882111488
59 1 103 1 149 1 0 0 0 18014398509481984 0 0 0 36028797018963968 0 0 0 54043195528445952
60 1 104 1 150 1 0 0 0 72057594037927936 0 0 0 144115188075855872 0 0 0 216172782113783808
61 1 105 1 151 1 0 0 0 288230376151711744 0 0 0 576460752303423488 0 0 0 864691128455135232
62 1 106 1 152 1 0 0 0 1152921504606846976 0 0 0 2305843009213693952 0 0 0 3458764513820540928
63 1 107 1 153 1 0 0 0 4611686018427387904 0 0 0 9223372036854775808 0 0 0 13835058055282163712
