320 120 3 40
0 1 40 1 80 1 1125899906844672 216384025785401408 12595204 2251799813688320 72128168940732544 4198408 3377699720528896 144255994283753664 8396812
1 1 41 1 81 1 4503599627378688 865536103141605632 50380816 9007199254753280 288512675762930176 16793632 13510798882115584 577023977135014656 33587248
2 1 42 1 82 1 18014398509514752 3462144412566422528 201523264 36028797019013120 1154050703051720704 67174528 54043195528462336 2308095908540058624 134348992
3 1 43 1 83 1 72057594038059008 13848577650265690112 806093056 144115188076052480 4616202812206882816 268698112 216172782113849344 9232383634160234496 537395968
4 1 44 1 84 1 288230376152236032 54078379934105600 3224372227 576460752304209920 18067175117979648 1074792449 864691128455397376 36046389221834752 2149583874
5 1 45 1 85 1 1152921504608944129 216313519736553472 12587020 2305843009216839682 72268700471853056 4202500 3458764513821589507 144185556887273472 8400904
6 1 46 1 86 1 4611686018435776516 865254078946213888 50348080 9223372036867358728 289074801887412224 16810000 13835058055286358028 576742227549093888 33603616
7 1 47 1 87 1 33554448 3461016315784855553 201392320 50331680 1156299207549648898 67240000 16777264 2306968910196375555 134414464
8 1 48 1 88 1 134217792 13844065263139422212 805569280 201326720 4625196830198595592 268960000 67109056 9227875640785502220 537657856
9 1 49 1 89 1 536871168 36028831429034000 3222277123 805306880 54043247084830752 1075840001 268436224 18014415722905648 2150631426
10 1 50 1 90 1 2147484672 144115325716332608 4206604 3221227520 216172988339388544 8392708 1073744896 72057662891753664 12591112
11 1 51 1 91 1 8589938688 576461302865330432 16826416 12884910080 864691953357554176 33570832 4294979584 288230651567014656 50364448
12 1 52 1 92 1 34359754752 2305845211461321728 67305664 51539640320 3458767813430216704 134283328 17179918336 1152922606268058624 201457792
13 1 53 1 93 1 137439019008 9223380845845286912 269222656 206158561280 13835071253720866816 537133312 68719673344 4611690425072234496 805831168
14 1 54 1 94 1 549756076032 35235962044416 1076890626 824634245120 52793754812416 2148533251 274878693376 17626579386368 3223324673
15 1 55 1 95 1 2199024304129 140943848177664 12595208 3298536980482 211175019249664 4198412 1099514773507 70506317545472 8396804
16 1 56 1 96 1 8796097216516 563775392710656 50380832 13194147921928 844700076998656 16793648 4398059094028 282025270181888 33587216
17 1 57 1 97 1 35184388866064 2255101570842624 201523328 52776591687712 3378800307994624 67174592 17592236376112 1128101080727552 134348864
18 1 58 1 98 1 140737555464256 9020406283370496 806093312 211106366750848 13515201231978496 268698368 70368945504448 4512404322910208 537395456
19 1 59 1 99 1 562950221857024 36081625133481984 3224373248 844425467003392 54060804927913984 1074793472 281475782017792 18049617291640832 2149581824
20 1 60 1 100 1 2251800887428096 144326500534124544 12591104 3377701868013568 216243219711721472 4206592 1125903128071168 72198469166694400 8392704
21 1 61 1 101 1 9007203549712384 577306002136498176 50364416 13510807472054272 864972878846885888 16826368 4503612512284672 288793876666777600 33570816
22 1 62 1 102 1 36028814198849536 2309224008545992704 201457664 54043229888217088 3459891515387543552 67305472 18014450049138688 1155175506667110400 134283264
23 1 63 1 103 1 144115256795398144 9236896034183970816 805830656 216172919552868352 13839566061550174208 269221888 72057800196554752 4620702026668441600 537133056
24 1 64 1 104 1 576461027181592576 54095989316780032 3223322626 864691678211473408 18032025072041984 1076887555 288231200786219008 36064032964214784 2148532225
25 1 65 1 105 1 2305844108726370304 216383957267316736 8388616 3458766712845893632 72128100288233472 12582924 1152924803144876032 144256131856990208 4194308
26 1 66 1 106 1 9223376434905481216 865535829069266944 33554464 13835066851383574528 288512401152933888 50331696 4611699212579504128 577024527427960832 16777232
27 1 67 1 107 1 17592202821632 3462143316277067778 134217856 35184405643264 1154049604611735555 201326784 52776608464896 2308098109711843329 67108928
28 1 68 1 108 1 70368811286528 13848573265108271112 536871424 140737622573056 4616198418446942220 805307136 211106433859584 9232392438847373316 268435712
29 1 69 1 109 1 281475245146112 54060839304429600 2147485699 562950490292224 18049600078217264 3221228545 844425735438336 36081607970390032 1073742850
30 1 70 1 110 1 1125900980584448 216243357217849472 8204 2251801961168896 72198400313065664 12292 3377702941753344 144326431881625664 4104
31 1 71 1 111 1 4503603922337792 864973428871397888 32816 9007207844675584 288793601252262656 49168 13510811767013376 577305727526502656 16416
32 1 72 1 112 1 18014415689351168 3459893715485591552 131264 36028831378702336 1155174405009050624 196672 54043247068053504 2309222910106010624 65664
33 1 73 1 113 1 72057662757404672 13839574861942366208 525056 144115325514809344 4620697620036202496 786688 216172988272214016 9236891640424042496 262656
34 1 74 1 114 1 288230651029618688 18067226640809984 2100227 576461302059237376 36046406435258368 3146753 864691953088856064 54078414277066752 1050626
35 1 75 1 115 1 1152922604118474754 72268906563108864 8400908 2305845208236949507 144185625740836864 12587012 3458767812355424257 216313657108201472 4202504
36 1 76 1 116 1 4611690416473899016 289075626252435456 33603632 9223380832947798028 576742502963347456 50348048 13835071249421697028 865254628432805888 16810016
37 1 77 1 117 1 17592186044448 1156302505009741825 134414528 35184372088880 2306970011853389826 201392192 52776558133264 3461018513731223555 67240064
38 1 78 1 118 1 70368744177792 4625210020038967300 537658112 140737488355520 9227880047413559304 805568768 211106232533056 13844074054924894220 268960256
39 1 79 1 119 1 281474976711168 54096006446317584 2150632449 562949953422080 18032042235133984 3222275074 844424930132224 36063998570922032 1075841027
23 1 42 1 115 1 2306972208732308481 140806274940928 12582912 3461017415294388226 211243805704192 4194304 1156301406573956099 70575103934464 8388608
24 1 43 1 116 1 9227888834929233924 563225099763712 50331648 13844069661177552904 844975222816768 16777216 4625205626295824396 282300415737856 33554432
25 1 44 1 117 1 18067192297832464 2252900399054850 201326592 36046423581556768 3379900891267075 67108864 54078431473745968 1129201662951425 134217728
26 1 45 1 118 1 72268769191329856 9011601596219400 805306368 144185694326227072 13519603565068300 268435456 216313725894983872 4516806651805700 536870912
27 1 46 1 119 1 289075076765319424 36046406384877600 3221225472 576742777304908288 54078414260273200 1073741824 865254903579935488 18067226607222800 2147483648
28 1 47 1 80 1 1156300307061277696 144185625539707008 0 2306971109219633152 216313657041158336 0 3461019614319741952 72268906429022272 0
29 1 48 1 81 1 4625201228245110784 576742502158828032 0 9227884436878532608 865254628164633344 0 13844078457278967808 289075625716089088 0
30 1 49 1 82 1 54060839270891520 2306970008635312129 0 18049600095027200 3461018512658533378 0 36081607987216384 1156302502864356355 0
31 1 50 1 83 1 216243357083566080 9227880034541248516 0 72198400380108800 13844074050634133512 0 144326431948865536 4625210011457425420 0
32 1 51 1 84 1 864973428334264320 18031990745890832 2 288793601520435200 36063981407879200 3 577305727795462144 54095972120150064 1
33 1 52 1 85 1 3459893713337057282 72127962983432256 8 1155174406081740803 144255925631320192 12 2309222911181848577 216383888480534720 4
34 1 53 1 86 1 13839574853348229128 288511851933729024 32 4620697624326963212 577023702525280768 48 9236891644727394308 865535553922138880 16
35 1 54 1 87 1 18067192264261664 1154047407734916099 128 36046423598301232 2308094810101123073 192 54078431490474000 3462142215688555522 64
36 1 55 1 88 1 72268769057046656 4616189630939664396 512 144185694393204928 9232379240404492292 768 216313725961896000 13848568862754222088 256
37 1 56 1 89 1 289075076228186624 18014450049105968 2049 576742777572819712 36028814198865936 3074 865254903847584000 54043229888233504 1027
38 1 57 1 90 1 1156300304912746497 72057800196358336 8196 2306971110291278850 144115256795332672 12296 3461019615390336003 216172919552737408 4108
39 1 58 1 91 1 4625201219650985988 288231200785433344 32784 9227884441165115400 576461027181330688 49184 13844078461561344012 864691678210949632 16432
0 1 59 1 92 1 54060804894392336 1152924803141733377 131136 18049617241358368 2305844108725322754 196736 36081625116721200 3458766712843798531 65728
1 1 60 1 93 1 216243219577569344 4611699212566933508 524544 72198468965433472 9223376434901291016 786944 144326500466884800 13835066851375194124 262912
2 1 61 1 94 1 864972878310277376 52776558182416 2098177 288793875861733888 17592186060832 3147778 577306001867539200 35184372121648 1051651
3 1 62 1 95 1 3459891513241109507 211106232533056 8392708 1155175503446935553 70368744177792 12591112 2309224007470156802 140737488355520 4206604
4 1 63 1 96 1 13839566052964438028 844424930132224 33570832 4620702013787742212 281474976711168 50364448 9236896029880627208 562949953422080 16826416
5 1 64 1 97 1 18031990729097264 3377699720528899 134283328 36063981441417232 1125899906844673 201457792 54095972103405600 2251799813688322 67305664
6 1 65 1 98 1 72127962916389056 13510798882115596 537133312 144255925765668928 4503599627378692 805831168 216383888413622400 9007199254753288 269222656
7 1 66 1 99 1 288511851665556224 54043195528462384 2148533248 577023703062675712 18014398509514768 3223324672 865535553654489600 36028797019013152 1076890624
8 1 67 1 100 1 1154047406662224897 216172782113915072 4198400 2308094812250702850 72057594038124608 8396800 3462142214617958403 144115188075921536 12595200
9 1 68 1 101 1 4616189626648899588 864691128455660288 16793600 9232379249002811400 288230376152498432 33587200 13848568858471833612 576460752303686144 50380800
10 1 69 1 102 1 18014432886046736 3458764513822641153 67174400 36028848592142368 1152921504609993730 134348800 54043212758679600 2305843009214744579 201523200
11 1 70 1 103 1 72057731544186944 13835058055290564612 268697600 144115394368569472 4611686018439974920 537395200 216172851034718400 9223372036858978316 806092800
12 1 71 1 104 1 288230926176747776 33603600 1074790403 576461577474277888 50348064 2149580801 864691404138873600 16810032 3224371202
13 1 72 1 105 1 1152923704706991107 134283328 4194316 2305846309897111553 201457792 8388612 3458765616555494402 67305664 12582920
14 1 73 1 106 1 4611694818827964428 537133312 16777264 9223385239588446212 805831168 33554448 13835062466221977608 269222656 50331680
15 1 74 1 107 1 35201602306096 2148533249 67109056 52810934681616 3223324674 134217792 17643759255584 1076890627 201326720
16 1 75 1 108 1 140806409224384 8594132996 268436224 211243738726464 12893298696 536871168 70575037022336 4307562508 805306880
17 1 76 1 109 1 563225636897536 34376531984 1073744896 844974954905856 51573194784 2147484672 282300148089344 17230250032 3221227520
18 1 77 1 110 1 2252902547590145 137506127936 12288 3379899819623426 206292779136 4096 1129200592357379 68921000128 8192
19 1 78 1 111 1 9011610190360580 550024511744 49152 13519599278493704 825171116544 16384 4516802369429516 275684000512 32768
20 1 79 1 112 1 36046440761442320 2200098046976 196608 54078397113974816 3300684466176 65536 18067209477718064 1102736002048 131072
21 1 40 1 113 1 144185763045769280 8800392187904 786432 216313588455899264 13202737864704 262144 72268837910872256 4410944008192 524288
22 1 41 1 114 1 576743052183077120 35201568751616 3145728 865254353823597056 52810951458816 1048576 289075351643489024 17643776032768 2097152
23 1 60 1 112 1 2309224008545994754 72268837776588928 8392712 3459891515387546627 144185763112812736 12591116 1155175506667111425 216313588523139136 4206596
24 1 61 1 113 1 9236896034183979016 289075351106355712 33570848 13839566061550186508 576743052451250944 50364464 4620702026668445700 865254354092556544 16826384
25 1 62 1 114 1 54095989316812832 1156301404425422850 134283392 18032025072091184 2306972209805003779 201457856 36064032964231184 3461017416370226177 67305536
26 1 63 1 115 1 216383957267251328 4625205617701691400 537133568 72128100288364736 9227888839220015116 805831424 144256131856924736 13844069665480904708 269222144
27 1 64 1 116 1 865535829069005312 54078397097213984 2148534273 288512401153458944 18067209460957232 3223325698 577024527427698944 36046440794963984 1076888579
28 1 65 1 117 1 3462143316276021250 216313588388855936 4202500 1154049604613835779 72268837843828928 8400904 2308098109710795777 144185763179855936 12587020
29 1 66 1 118 1 13848573265104085000 865254353555423744 16810000 4616198418455343116 289075351375315712 33603616 9232392438843183108 576743052719423744 50348080
30 1 67 1 119 1 54060839287685152 3461017414221694979 67240000 18049600111820848 1156301405501262849 134414464 36081607953629200 2306972210877694978 201392320
31 1 68 1 80 1 216243357150740608 13844069656886779916 268960000 72198400447283392 4625205622005051396 537657856 144326431814516800 9227888843510779912 805569280
32 1 69 1 81 1 864973428602962432 36046406418464816 1075840003 288793601789133568 54078414310653968 2150631425 577305727258067200 18067226624016416 3222277122
33 1 70 1 82 1 3459893714411849730 144185625673793728 8392716 1155174407156534275 216313657242550336 12591108 2309222909032268801 72268906496196736 4206600
34 1 71 1 83 1 13839574857647398920 576742502695174912 33570864 4620697628626137100 865254628970201344 50364432 9236891636129075204 289075625984786944 16826400
35 1 72 1 84 1 18067209460940832 2306970010780699651 134283456 36046440794996784 3461018515880805377 201457728 54078397097197584 1156302503939147778 67305600
36 1 73 1 85 1 72268837843763328 9227880043122798604 537133824 144185763179987136 13844074063523221508 805830912 216313588388790336 4625210015756591112 269222400
37 1 74 1 86 1 289075351375053312 18032025072091184 2148535298 576743052719948544 36064032964231184 3223323651 865254353555161344 54095989316812832 1076889601
38 1 75 1 87 1 1156301405500213251 72128100288299200 4206600 2306972210879794177 144256131857055808 8392716 3461017414220645378 216383957267185792 12591108
39 1 76 1 88 1 4625205622000853004 288512401153196800 16826400 9227888843519176708 577024527428223232 33570864 13844069656882581512 865535829068743168 50364432
0 1 77 1 89 1 54078414293860400 1154049604612787201 67305600 18067226657603600 2308098109712892930 134283456 36046406401671200 3462143316274972675 201457728
1 1 78 1 90 1 216313657175441600 4616198418451148804 269222400 72268906630414400 9232392438851571720 537133824 144185625606684800 13848573265099890700 805830912
2 1 79 1 91 1 865254628701766400 18049600095043600 1076889601 289075626521657600 36081607987183648 2148535298 576742502426739200 54060839270907952 3223323651
3 1 40 1 92 1 3461018514807065603 72198400380043328 12591108 1156302506086630401 144326431948800128 4206600 2306970009706956802 216243357083697344 8392716
4 1 41 1 93 1 13844074059228262412 288793601520173312 50364432 4625210024346521604 577305727795200512 16826400 9227880038827827208 864973428334789376 33570864
5 1 42 1 94 1 36064015784394800 1155174406080693251 201457728 54096023676534800 2309222911180802049 67305600 18032007892205600 3459893713339157506 134283456
6 1 43 1 95 1 144256063137579200 4620697624322773004 805830912 216384094706139200 9236891644723208196 269222400 72128031568822400 13839574853356630024 537133824
7 1 44 1 96 1 577024252550316800 36046423581540400 3223323649 865536378824556800 54078431473729552 1076889602 288512126275289600 18067192297865248 2148535299
8 1 45 1 97 1 2308097010201267201 144185694326292672 8392708 3462145515298227202 216313725894852672 12591112 1154048505101158403 72268769191395456 4206604
9 1 46 1 98 1 9232388040805068804 576742777305170688 33570832 13848582061192908808 865254903579410688 50364448 4616194020404633612 289075076765581824 16826416
10 1 47 1 99 1 36064015801171984 2306971109220682754 134283328 54096023642980384 3461019614317642755 201457792 18032007908982832 1156300307062327297 67305664
11 1 48 1 100 1 144256063204687936 9227884436882731016 537133312 216384094571921536 13844078457270571020 805831168 72128031635931328 4625201228249309188 269222656
12 1 49 1 101 1 577024252818751744 18049600111820832 2148533250 865536378287686144 36081607953629232 3223324675 288512126543725312 54060839287685136 1076890625
13 1 50 1 102 1 2308097011275006979 72198400447217792 4198408 3462145513150744577 144326431814648000 8396812 1154048506174901250 216243357150675008 12595204
14 1 51 1 103 1 9232388045100027916 288793601788871168 16793632 13848582052602978308 577305727258592000 33587248 4616194024699605000 864973428602700032 50380816
15 1 52 1 104 1 36064032981008432 1155174407155484674 67174528 54095989283258384 2309222909034368003 134348992 18032025088868384 3459893714410800129 201523264
16 1 53 1 105 1 144256131924033728 4620697628621938696 268698112 216383957133033536 9236891636137472012 537395968 72128100355473536 13839574857643200516 806093056
17 1 54 1 106 1 577024527696134912 36046440778203168 1074792449 865535828532134144 54078397130784816 2149583874 288512401421894144 18067209444147216 3224372227
18 1 55 1 107 1 2308098110784539650 144185763112747136 4202500 3462143314128536579 216313588523073728 8400904 1154049605687576577 72268837776719936 12587020
19 1 56 1 108 1 9232392443138158600 576743052450988544 16810000 13848573256514146316 865254354092294912 33603616 4616198422750306308 289075351106879744 50348080
20 1 57 1 109 1 36081625133531168 2306972209803954178 67240000 54060804927930416 3461017416369179651 134414464 18049617291673616 1156301404427518977 201392320
21 1 58 1 110 1 144326500534124672 9227888839215816712 268960000 216243219711721664 13844069665476718604 537657856 72198469166694464 4625205617710075908 805569280
22 1 59 1 111 1 577306002136498688 18067209444163616 1075840002 864972878846886656 36046440778219568 2150631427 288793876666777856 54078397130752016 3222277121
28 2 75 2 85 2 1 0 0 2 0 0 3 0 0
29 2 76 2 86 2 4 0 0 8 0 0 12 0 0
30 2 77 2 87 2 16 0 0 32 0 0 48 0 0
31 2 78 2 88 2 64 0 0 128 0 0 192 0 0
32 2 79 2 89 2 256 0 0 512 0 0 768 0 0
33 2 40 2 90 2 1024 0 0 2048 0 0 3072 0 0
34 2 41 2 91 2 4096 0 0 8192 0 0 12288 0 0
35 2 42 2 92 2 16384 0 0 32768 0 0 49152 0 0
36 2 43 2 93 2 65536 0 0 131072 0 0 196608 0 0
37 2 44 2 94 2 262144 0 0 524288 0 0 786432 0 0
38 2 45 2 95 2 1048576 0 0 2097152 0 0 3145728 0 0
39 2 46 2 96 2 4194304 0 0 8388608 0 0 12582912 0 0
0 2 47 2 97 2 16777216 0 0 33554432 0 0 50331648 0 0
1 2 48 2 98 2 67108864 0 0 134217728 0 0 201326592 0 0
2 2 49 2 99 2 268435456 0 0 536870912 0 0 805306368 0 0
3 2 50 2 100 2 1073741824 0 0 2147483648 0 0 3221225472 0 0
4 2 51 2 101 2 4294967296 0 0 8589934592 0 0 12884901888 0 0
5 2 52 2 102 2 17179869184 0 0 34359738368 0 0 51539607552 0 0
6 2 53 2 103 2 68719476736 0 0 137438953472 0 0 206158430208 0 0
7 2 54 2 104 2 274877906944 0 0 549755813888 0 0 824633720832 0 0
8 2 55 2 105 2 1099511627776 0 0 2199023255552 0 0 3298534883328 0 0
9 2 56 2 106 2 4398046511104 0 0 8796093022208 0 0 13194139533312 0 0
10 2 57 2 107 2 17592186044416 0 0 35184372088832 0 0 52776558133248 0 0
11 2 58 2 108 2 70368744177664 0 0 140737488355328 0 0 211106232532992 0 0
12 2 59 2 109 2 281474976710656 0 0 562949953421312 0 0 844424930131968 0 0
13 2 60 2 110 2 1125899906842624 0 0 2251799813685248 0 0 3377699720527872 0 0
14 2 61 2 111 2 4503599627370496 0 0 9007199254740992 0 0 13510798882111488 0 0
15 2 62 2 112 2 18014398509481984 0 0 36028797018963968 0 0 54043195528445952 0 0
16 2 63 2 113 2 72057594037927936 0 0 144115188075855872 0 0 216172782113783808 0 0
17 2 64 2 114 2 288230376151711744 0 0 576460752303423488 0 0 864691128455135232 0 0
18 2 65 2 115 2 1152921504606846976 0 0 2305843009213693952 0 0 3458764513820540928 0 0
19 2 66 2 116 2 4611686018427387904 0 0 9223372036854775808 0 0 13835058055282163712 0 0
20 2 67 2 117 2 0 1 0 0 2 0 0 3 0
21 2 68 2 118 2 0 4 0 0 8 0 0 12 0
22 2 69 2 119 2 0 16 0 0 32 0 0 48 0
23 2 70 2 80 2 0 64 0 0 128 0 0 192 0
24 2 71 2 81 2 0 256 0 0 512 0 0 768 0
25 2 72 2 82 2 0 1024 0 0 2048 0 0 3072 0
26 2 73 2 83 2 0 4096 0 0 8192 0 0 12288 0
27 2 74 2 84 2 0 16384 0 0 32768 0 0 49152 0
0 2 42 1 112 1 0 0 0 0 0 0 0 0 0
1 2 43 1 113 1 0 0 0 0 0 0 0 0 0
2 2 44 1 114 1 0 0 0 0 0 0 0 0 0
3 2 45 1 115 1 0 0 0 0 0 0 0 0 0
4 2 46 1 116 1 0 0 0 0 0 0 0 0 0
5 2 47 1 117 1 0 0 0 0 0 0 0 0 0
6 2 48 1 118 1 0 0 0 0 0 0 0 0 0
7 2 49 1 119 1 0 0 0 0 0 0 0 0 0
8 2 50 1 80 1 0 0 0 0 0 0 0 0 0
9 2 51 1 81 1 0 0 0 0 0 0 0 0 0
10 2 52 1 82 1 0 0 0 0 0 0 0 0 0
11 2 53 1 83 1 0 0 0 0 0 0 0 0 0
12 2 54 1 84 1 0 0 0 0 0 0 0 0 0
13 2 55 1 85 1 0 0 0 0 0 0 0 0 0
14 2 56 1 86 1 0 0 0 0 0 0 0 0 0
15 2 57 1 87 1 0 0 0 0 0 0 0 0 0
16 2 58 1 88 1 0 0 0 0 0 0 0 0 0
17 2 59 1 89 1 0 0 0 0 0 0 0 0 0
18 2 60 1 90 1 0 0 0 0 0 0 0 0 0
19 2 61 1 91 1 0 0 0 0 0 0 0 0 0
20 2 62 1 92 1 0 0 0 0 0 0 0 0 0
21 2 63 1 93 1 0 0 0 0 0 0 0 0 0
22 2 64 1 94 1 0 0 0 0 0 0 0 0 0
23 2 65 1 95 1 0 0 0 0 0 0 0 0 0
24 2 66 1 96 1 0 0 0 0 0 0 0 0 0
25 2 67 1 97 1 0 0 0 0 0 0 0 0 0
26 2 68 1 98 1 0 0 0 0 0 0 0 0 0
27 2 69 1 99 1 0 0 0 0 0 0 0 0 0
28 2 70 1 100 1 0 0 0 0 0 0 0 0 0
29 2 71 1 101 1 0 0 0 0 0 0 0 0 0
30 2 72 1 102 1 0 0 0 0 0 0 0 0 0
31 2 73 1 103 1 0 0 0 0 0 0 0 0 0
32 2 74 1 104 1 0 0 0 0 0 0 0 0 0
33 2 75 1 105 1 0 0 0 0 0 0 0 0 0
34 2 76 1 106 1 0 0 0 0 0 0 0 0 0
35 2 77 1 107 1 0 0 0 0 0 0 0 0 0
36 2 78 1 108 1 0 0 0 0 0 0 0 0 0
37 2 79 1 109 1 0 0 0 0 0 0 0 0 0
38 2 40 1 110 1 0 0 0 0 0 0 0 0 0
39 2 41 1 111 1 0 0 0 0 0 0 0 0 0
28 1 40 2 115 1 0 0 0 0 0 0 0 0 0
29 1 41 2 116 1 0 0 0 0 0 0 0 0 0
30 1 42 2 117 1 0 0 0 0 0 0 0 0 0
31 1 43 2 118 1 0 0 0 0 0 0 0 0 0
32 1 44 2 119 1 0 0 0 0 0 0 0 0 0
33 1 45 2 80 1 0 0 0 0 0 0 0 0 0
34 1 46 2 81 1 0 0 0 0 0 0 0 0 0
35 1 47 2 82 1 0 0 0 0 0 0 0 0 0
36 1 48 2 83 1 0 0 0 0 0 0 0 0 0
37 1 49 2 84 1 0 0 0 0 0 0 0 0 0
38 1 50 2 85 1 0 0 0 0 0 0 0 0 0
39 1 51 2 86 1 0 0 0 0 0 0 0 0 0
0 1 52 2 87 1 0 0 0 0 0 0 0 0 0
1 1 53 2 88 1 0 0 0 0 0 0 0 0 0
2 1 54 2 89 1 0 0 0 0 0 0 0 0 0
3 1 55 2 90 1 0 0 0 0 0 0 0 0 0
4 1 56 2 91 1 0 0 0 0 0 0 0 0 0
5 1 57 2 92 1 0 0 0 0 0 0 0 0 0
6 1 58 2 93 1 0 0 0 0 0 0 0 0 0
7 1 59 2 94 1 0 0 0 0 0 0 0 0 0
8 1 60 2 95 1 0 0 0 0 0 0 0 0 0
9 1 61 2 96 1 0 0 0 0 0 0 0 0 0
10 1 62 2 97 1 0 0 0 0 0 0 0 0 0
11 1 63 2 98 1 0 0 0 0 0 0 0 0 0
12 1 64 2 99 1 0 0 0 0 0 0 0 0 0
13 1 65 2 100 1 0 0 0 0 0 0 0 0 0
14 1 66 2 101 1 0 0 0 0 0 0 0 0 0
15 1 67 2 102 1 0 0 0 0 0 0 0 0 0
16 1 68 2 103 1 0 0 0 0 0 0 0 0 0
17 1 69 2 104 1 0 0 0 0 0 0 0 0 0
18 1 70 2 105 1 0 0 0 0 0 0 0 0 0
19 1 71 2 106 1 0 0 0 0 0 0 0 0 0
20 1 72 2 107 1 0 0 0 0 0 0 0 0 0
21 1 73 2 108 1 0 0 0 0 0 0 0 0 0
22 1 74 2 109 1 0 0 0 0 0 0 0 0 0
23 1 75 2 110 1 0 0 0 0 0 0 0 0 0
24 1 76 2 111 1 0 0 0 0 0 0 0 0 0
25 1 77 2 112 1 0 0 0 0 0 0 0 0 0
26 1 78 2 113 1 0 0 0 0 0 0 0 0 0
27 1 79 2 114 1 0 0 0 0 0 0 0 0 0
3 1 75 1 80 2 0 0 0 0 0 0 0 0 0
4 1 76 1 81 2 0 0 0 0 0 0 0 0 0
5 1 77 1 82 2 0 0 0 0 0 0 0 0 0
6 1 78 1 83 2 0 0 0 0 0 0 0 0 0
7 1 79 1 84 2 0 0 0 0 0 0 0 0 0
8 1 40 1 85 2 0 0 0 0 0 0 0 0 0
9 1 41 1 86 2 0 0 0 0 0 0 0 0 0
10 1 42 1 87 2 0 0 0 0 0 0 0 0 0
11 1 43 1 88 2 0 0 0 0 0 0 0 0 0
12 1 44 1 89 2 0 0 0 0 0 0 0 0 0
13 1 45 1 90 2 0 0 0 0 0 0 0 0 0
14 1 46 1 91 2 0 0 0 0 0 0 0 0 0
15 1 47 1 92 2 0 0 0 0 0 0 0 0 0
16 1 48 1 93 2 0 0 0 0 0 0 0 0 0
17 1 49 1 94 2 0 0 0 0 0 0 0 0 0
18 1 50 1 95 2 0 0 0 0 0 0 0 0 0
19 1 51 1 96 2 0 0 0 0 0 0 0 0 0
20 1 52 1 97 2 0 0 0 0 0 0 0 0 0
21 1 53 1 98 2 0 0 0 0 0 0 0 0 0
22 1 54 1 99 2 0 0 0 0 0 0 0 0 0
23 1 55 1 100 2 0 0 0 0 0 0 0 0 0
24 1 56 1 101 2 0 0 0 0 0 0 0 0 0
25 1 57 1 102 2 0 0 0 0 0 0 0 0 0
26 1 58 1 103 2 0 0 0 0 0 0 0 0 0
27 1 59 1 104 2 0 0 0 0 0 0 0 0 0
28 1 60 1 105 2 0 0 0 0 0 0 0 0 0
29 1 61 1 106 2 0 0 0 0 0 0 0 0 0
30 1 62 1 107 2 0 0 0 0 0 0 0 0 0
31 1 63 1 108 2 0 0 0 0 0 0 0 0 0
32 1 64 1 109 2 0 0 0 0 0 0 0 0 0
33 1 65 1 110 2 0 0 0 0 0 0 0 0 0
34 1 66 1 111 2 0 0 0 0 0 0 0 0 0
35 1 67 1 112 2 0 0 0 0 0 0 0 0 0
36 1 68 1 113 2 0 0 0 0 0 0 0 0 0
37 1 69 1 114 2 0 0 0 0 0 0 0 0 0
38 1 70 1 115 2 0 0 0 0 0 0 0 0 0
39 1 71 1 116 2 0 0 0 0 0 0 0 0 0
0 1 72 1 117 2 0 0 0 0 0 0 0 0 0
1 1 73 1 118 2 0 0 0 0 0 0 0 0 0
2 1 74 1 119 2 0 0 0 0 0 0 0 0 0
3 3 60 3 85 3 0 65536 0 0 131072 0 0 196608 0
4 3 61 3 86 3 0 262144 0 0 524288 0 0 786432 0
5 3 62 3 87 3 0 1048576 0 0 2097152 0 0 3145728 0
6 3 63 3 88 3 0 4194304 0 0 8388608 0 0 12582912 0
7 3 64 3 89 3 0 16777216 0 0 33554432 0 0 50331648 0
8 3 65 3 90 3 0 67108864 0 0 134217728 0 0 201326592 0
9 3 66 3 91 3 0 268435456 0 0 536870912 0 0 805306368 0
10 3 67 3 92 3 0 1073741824 0 0 2147483648 0 0 3221225472 0
11 3 68 3 93 3 0 4294967296 0 0 8589934592 0 0 12884901888 0
12 3 69 3 94 3 0 17179869184 0 0 34359738368 0 0 51539607552 0
13 3 70 3 95 3 0 68719476736 0 0 137438953472 0 0 206158430208 0
14 3 71 3 96 3 0 274877906944 0 0 549755813888 0 0 824633720832 0
15 3 72 3 97 3 0 1099511627776 0 0 2199023255552 0 0 3298534883328 0
16 3 73 3 98 3 0 4398046511104 0 0 8796093022208 0 0 13194139533312 0
17 3 74 3 99 3 0 17592186044416 0 0 35184372088832 0 0 52776558133248 0
18 3 75 3 100 3 0 70368744177664 0 0 140737488355328 0 0 211106232532992 0
19 3 76 3 101 3 0 281474976710656 0 0 562949953421312 0 0 844424930131968 0
20 3 77 3 102 3 0 1125899906842624 0 0 2251799813685248 0 0 3377699720527872 0
21 3 78 3 103 3 0 4503599627370496 0 0 9007199254740992 0 0 13510798882111488 0
22 3 79 3 104 3 0 18014398509481984 0 0 36028797018963968 0 0 54043195528445952 0
23 3 40 3 105 3 0 72057594037927936 0 0 144115188075855872 0 0 216172782113783808 0
24 3 41 3 106 3 0 288230376151711744 0 0 576460752303423488 0 0 864691128455135232 0
25 3 42 3 107 3 0 1152921504606846976 0 0 2305843009213693952 0 0 3458764513820540928 0
26 3 43 3 108 3 0 4611686018427387904 0 0 9223372036854775808 0 0 13835058055282163712 0
27 3 44 3 109 3 0 0 1 0 0 2 0 0 3
28 3 45 3 110 3 0 0 4 0 0 8 0 0 12
29 3 46 3 111 3 0 0 16 0 0 32 0 0 48
30 3 47 3 112 3 0 0 64 0 0 128 0 0 192
31 3 48 3 113 3 0 0 256 0 0 512 0 0 768
32 3 49 3 114 3 0 0 1024 0 0 2048 0 0 3072
33 3 50 3 115 3 0 0 4096 0 0 8192 0 0 12288
34 3 51 3 116 3 0 0 16384 0 0 32768 0 0 49152
35 3 52 3 117 3 0 0 65536 0 0 131072 0 0 196608
36 3 53 3 118 3 0 0 262144 0 0 524288 0 0 786432
37 3 54 3 119 3 0 0 1048576 0 0 2097152 0 0 3145728
38 3 55 3 80 3 0 0 4194304 0 0 8388608 0 0 12582912
39 3 56 3 81 3 0 0 16777216 0 0 33554432 0 0 50331648
0 3 57 3 82 3 0 0 67108864 0 0 134217728 0 0 201326592
1 3 58 3 83 3 0 0 268435456 0 0 536870912 0 0 805306368
2 3 59 3 84 3 0 0 1073741824 0 0 2147483648 0 0 3221225472
