320 120 3 40
0 2 40 1 80 1 0 0 0 0 0 0 0 0 0
1 2 41 1 81 1 0 0 0 0 0 0 0 0 0
2 2 42 1 82 1 0 0 0 0 0 0 0 0 0
3 2 43 1 83 1 0 0 0 0 0 0 0 0 0
4 2 44 1 84 1 0 0 0 0 0 0 0 0 0
5 2 45 1 85 1 0 0 0 0 0 0 0 0 0
6 2 46 1 86 1 0 0 0 0 0 0 0 0 0
7 2 47 1 87 1 0 0 0 0 0 0 0 0 0
8 2 48 1 88 1 0 0 0 0 0 0 0 0 0
9 2 49 1 89 1 0 0 0 0 0 0 0 0 0
10 2 50 1 90 1 0 0 0 0 0 0 0 0 0
11 2 51 1 91 1 0 0 0 0 0 0 0 0 0
12 2 52 1 92 1 0 0 0 0 0 0 0 0 0
13 2 53 1 93 1 0 0 0 0 0 0 0 0 0
14 2 54 1 94 1 0 0 0 0 0 0 0 0 0
15 2 55 1 95 1 0 0 0 0 0 0 0 0 0
16 2 56 1 96 1 0 0 0 0 0 0 0 0 0
17 2 57 1 97 1 0 0 0 0 0 0 0 0 0
18 2 58 1 98 1 0 0 0 0 0 0 0 0 0
19 2 59 1 99 1 0 0 0 0 0 0 0 0 0
20 2 60 1 100 1 0 0 0 0 0 0 0 0 0
21 2 61 1 101 1 0 0 0 0 0 0 0 0 0
22 2 62 1 102 1 0 0 0 0 0 0 0 0 0
23 2 63 1 103 1 0 0 0 0 0 0 0 0 0
24 2 64 1 104 1 0 0 0 0 0 0 0 0 0
25 2 65 1 105 1 0 0 0 0 0 0 0 0 0
26 2 66 1 106 1 0 0 0 0 0 0 0 0 0
27 2 67 1 107 1 0 0 0 0 0 0 0 0 0
28 2 68 1 108 1 0 0 0 0 0 0 0 0 0
29 2 69 1 109 1 0 0 0 0 0 0 0 0 0
30 2 70 1 110 1 0 0 0 0 0 0 0 0 0
31 2 71 1 111 1 0 0 0 0 0 0 0 0 0
32 2 72 1 112 1 0 0 0 0 0 0 0 0 0
33 2 73 1 113 1 0 0 0 0 0 0 0 0 0
34 2 74 1 114 1 0 0 0 0 0 0 0 0 0
35 2 75 1 115 1 0 0 0 0 0 0 0 0 0
36 2 76 1 116 1 0 0 0 0 0 0 0 0 0
37 2 77 1 117 1 0 0 0 0 0 0 0 0 0
38 2 78 1 118 1 0 0 0 0 0 0 0 0 0
39 2 79 1 119 1 0 0 0 0 0 0 0 0 0
0 1 70 2 90 1 0 0 0 0 0 0 0 0 0
1 1 71 2 91 1 0 0 0 0 0 0 0 0 0
2 1 72 2 92 1 0 0 0 0 0 0 0 0 0
3 1 73 2 93 1 0 0 0 0 0 0 0 0 0
4 1 74 2 94 1 0 0 0 0 0 0 0 0 0
5 1 75 2 95 1 0 0 0 0 0 0 0 0 0
6 1 76 2 96 1 0 0 0 0 0 0 0 0 0
7 1 77 2 97 1 0 0 0 0 0 0 0 0 0
8 1 78 2 98 1 0 0 0 0 0 0 0 0 0
9 1 79 2 99 1 0 0 0 0 0 0 0 0 0
10 1 40 2 100 1 0 0 0 0 0 0 0 0 0
11 1 41 2 101 1 0 0 0 0 0 0 0 0 0
12 1 42 2 102 1 0 0 0 0 0 0 0 0 0
13 1 43 2 103 1 0 0 0 0 0 0 0 0 0
14 1 44 2 104 1 0 0 0 0 0 0 0 0 0
15 1 45 2 105 1 0 0 0 0 0 0 0 0 0
16 1 46 2 106 1 0 0 0 0 0 0 0 0 0
17 1 47 2 107 1 0 0 0 0 0 0 0 0 0
18 1 48 2 108 1 0 0 0 0 0 0 0 0 0
19 1 49 2 109 1 0 0 0 0 0 0 0 0 0
20 1 50 2 110 1 0 0 0 0 0 0 0 0 0
21 1 51 2 111 1 0 0 0 0 0 0 0 0 0
22 1 52 2 112 1 0 0 0 0 0 0 0 0 0
23 1 53 2 113 1 0 0 0 0 0 0 0 0 0
24 1 54 2 114 1 0 0 0 0 0 0 0 0 0
25 1 55 2 115 1 0 0 0 0 0 0 0 0 0
26 1 56 2 116 1 0 0 0 0 0 0 0 0 0
27 1 57 2 117 1 0 0 0 0 0 0 0 0 0
28 1 58 2 118 1 0 0 0 0 0 0 0 0 0
29 1 59 2 119 1 0 0 0 0 0 0 0 0 0
30 1 60 2 80 1 0 0 0 0 0 0 0 0 0
31 1 61 2 81 1 0 0 0 0 0 0 0 0 0
32 1 62 2 82 1 0 0 0 0 0 0 0 0 0
33 1 63 2 83 1 0 0 0 0 0 0 0 0 0
34 1 64 2 84 1 0 0 0 0 0 0 0 0 0
35 1 65 2 85 1 0 0 0 0 0 0 0 0 0
36 1 66 2 86 1 0 0 0 0 0 0 0 0 0
37 1 67 2 87 1 0 0 0 0 0 0 0 0 0
38 1 68 2 88 1 0 0 0 0 0 0 0 0 0
39 1 69 2 89 1 0 0 0 0 0 0 0 0 0
0 1 65 1 115 2 0 0 0 0 0 0 0 0 0
1 1 66 1 116 2 0 0 0 0 0 0 0 0 0
2 1 67 1 117 2 0 0 0 0 0 0 0 0 0
3 1 68 1 118 2 0 0 0 0 0 0 0 0 0
4 1 69 1 119 2 0 0 0 0 0 0 0 0 0
5 1 70 1 80 2 0 0 0 0 0 0 0 0 0
6 1 71 1 81 2 0 0 0 0 0 0 0 0 0
7 1 72 1 82 2 0 0 0 0 0 0 0 0 0
8 1 73 1 83 2 0 0 0 0 0 0 0 0 0
9 1 74 1 84 2 0 0 0 0 0 0 0 0 0
10 1 75 1 85 2 0 0 0 0 0 0 0 0 0
11 1 76 1 86 2 0 0 0 0 0 0 0 0 0
12 1 77 1 87 2 0 0 0 0 0 0 0 0 0
13 1 78 1 88 2 0 0 0 0 0 0 0 0 0
14 1 79 1 89 2 0 0 0 0 0 0 0 0 0
15 1 40 1 90 2 0 0 0 0 0 0 0 0 0
16 1 41 1 91 2 0 0 0 0 0 0 0 0 0
17 1 42 1 92 2 0 0 0 0 0 0 0 0 0
18 1 43 1 93 2 0 0 0 0 0 0 0 0 0
19 1 44 1 94 2 0 0 0 0 0 0 0 0 0
20 1 45 1 95 2 0 0 0 0 0 0 0 0 0
21 1 46 1 96 2 0 0 0 0 0 0 0 0 0
22 1 47 1 97 2 0 0 0 0 0 0 0 0 0
23 1 48 1 98 2 0 0 0 0 0 0 0 0 0
24 1 49 1 99 2 0 0 0 0 0 0 0 0 0
25 1 50 1 100 2 0 0 0 0 0 0 0 0 0
26 1 51 1 101 2 0 0 0 0 0 0 0 0 0
27 1 52 1 102 2 0 0 0 0 0 0 0 0 0
28 1 53 1 103 2 0 0 0 0 0 0 0 0 0
29 1 54 1 104 2 0 0 0 0 0 0 0 0 0
30 1 55 1 105 2 0 0 0 0 0 0 0 0 0
31 1 56 1 106 2 0 0 0 0 0 0 0 0 0
32 1 57 1 107 2 0 0 0 0 0 0 0 0 0
33 1 58 1 108 2 0 0 0 0 0 0 0 0 0
34 1 59 1 109 2 0 0 0 0 0 0 0 0 0
35 1 60 1 110 2 0 0 0 0 0 0 0 0 0
36 1 61 1 111 2 0 0 0 0 0 0 0 0 0
37 1 62 1 112 2 0 0 0 0 0 0 0 0 0
38 1 63 1 113 2 0 0 0 0 0 0 0 0 0
39 1 64 1 114 2 0 0 0 0 0 0 0 0 0
0 3 60 3 85 3 1 0 0 2 0 0 3 0 0
1 3 61 3 86 3 4 0 0 8 0 0 12 0 0
2 3 62 3 87 3 16 0 0 32 0 0 48 0 0
3 3 63 3 88 3 64 0 0 128 0 0 192 0 0
4 3 64 3 89 3 256 0 0 512 0 0 768 0 0
5 3 65 3 90 3 1024 0 0 2048 0 0 3072 0 0
6 3 66 3 91 3 4096 0 0 8192 0 0 12288 0 0
7 3 67 3 92 3 16384 0 0 32768 0 0 49152 0 0
8 3 68 3 93 3 65536 0 0 131072 0 0 196608 0 0
9 3 69 3 94 3 262144 0 0 524288 0 0 786432 0 0
10 3 70 3 95 3 1048576 0 0 2097152 0 0 3145728 0 0
11 3 71 3 96 3 4194304 0 0 8388608 0 0 12582912 0 0
12 3 72 3 97 3 16777216 0 0 33554432 0 0 50331648 0 0
13 3 73 3 98 3 67108864 0 0 134217728 0 0 201326592 0 0
14 3 74 3 99 3 268435456 0 0 536870912 0 0 805306368 0 0
15 3 75 3 100 3 1073741824 0 0 2147483648 0 0 3221225472 0 0
16 3 76 3 101 3 4294967296 0 0 8589934592 0 0 12884901888 0 0
17 3 77 3 102 3 17179869184 0 0 34359738368 0 0 51539607552 0 0
18 3 78 3 103 3 68719476736 0 0 137438953472 0 0 206158430208 0 0
19 3 79 3 104 3 274877906944 0 0 549755813888 0 0 824633720832 0 0
20 3 40 3 105 3 1099511627776 0 0 2199023255552 0 0 3298534883328 0 0
21 3 41 3 106 3 4398046511104 0 0 8796093022208 0 0 13194139533312 0 0
22 3 42 3 107 3 17592186044416 0 0 35184372088832 0 0 52776558133248 0 0
23 3 43 3 108 3 70368744177664 0 0 140737488355328 0 0 211106232532992 0 0
24 3 44 3 109 3 281474976710656 0 0 562949953421312 0 0 844424930131968 0 0
25 3 45 3 110 3 1125899906842624 0 0 2251799813685248 0 0 3377699720527872 0 0
26 3 46 3 111 3 4503599627370496 0 0 9007199254740992 0 0 13510798882111488 0 0
27 3 47 3 112 3 18014398509481984 0 0 36028797018963968 0 0 54043195528445952 0 0
28 3 48 3 113 3 72057594037927936 0 0 144115188075855872 0 0 216172782113783808 0 0
29 3 49 3 114 3 288230376151711744 0 0 576460752303423488 0 0 864691128455135232 0 0
30 3 50 3 115 3 1152921504606846976 0 0 2305843009213693952 0 0 3458764513820540928 0 0
31 3 51 3 116 3 4611686018427387904 0 0 9223372036854775808 0 0 13835058055282163712 0 0
32 3 52 3 117 3 0 1 0 0 2 0 0 3 0
33 3 53 3 118 3 0 4 0 0 8 0 0 12 0
34 3 54 3 119 3 0 16 0 0 32 0 0 48 0
35 3 55 3 80 3 0 64 0 0 128 0 0 192 0
36 3 56 3 81 3 0 256 0 0 512 0 0 768 0
37 3 57 3 82 3 0 1024 0 0 2048 0 0 3072 0
38 3 58 3 83 3 0 4096 0 0 8192 0 0 12288 0
39 3 59 3 84 3 0 16384 0 0 32768 0 0 49152 0
0 1 47 1 92 1 18032025105612832 2309221811670221826 134348928 36064032947470384 3459892613825431555 201523392 54095989300051984 1155176605104999425 67174464
1 1 48 1 93 1 72128100422451328 9236887246680887304 537395712 144256131789881536 13839570455301726220 806093568 216383957200207936 4620706420419997700 268697856
2 1 49 1 94 1 288512401689805312 54060839304445984 2149582850 577024527159526144 18049600078250032 3224374275 865535828800831744 36081607970439184 1074791425
3 1 50 1 95 1 1154049606759221249 216243357217849472 8396808 2308098108638104578 72198400313065664 12595212 3462143315203326979 144326431881625664 4198404
4 1 51 1 96 1 4616198427036884996 864973428871397888 33587232 9232392434552418312 288793601252262656 50380848 13848573260813307916 577305727526502656 16793616
5 1 52 1 97 1 18049634437988368 3459893715485591553 134348928 36081590790570016 1155174405009050626 201523392 54060822124576816 2309222910106010627 67174464
6 1 53 1 98 1 72198537751953472 13839574861942366212 537395712 144326363162280064 4620697620036202504 806093568 216243288498307264 9236891640424042508 268697856
7 1 54 1 99 1 288794151007813888 18067226640810000 2149582851 577305452649120256 36046406435258400 3224374273 864973153993229056 54078414277066800 1074791426
8 1 55 1 100 1 1155176604031255554 72268906563240000 8396812 2309221810596481027 144185625741033600 12595204 3459892615972916225 216313657108267200 4198408
9 1 56 1 101 1 4620706416125022216 289075626252960000 33587248 9236887242385924108 576742502964134400 50380816 13839570463891664900 865254628433068800 16793632
10 1 57 1 102 1 36081590790537248 1156302505011840001 134348992 54060822124593200 2306970011856537602 201523264 18049634438004752 3461018513732275203 67174528
11 1 58 1 103 1 144326363162148992 4625210020047360004 537395968 216243288498372800 9227880047426150408 806093056 72198537752019008 13844074054929100812 268698112
12 1 59 1 104 1 577305452648595968 54096006479888400 2149583873 864973153993491200 18032042285498400 3224372226 288794151008076032 36063998587748400 1074792451
13 1 60 1 105 1 2309221810594383873 216384025919619136 8400900 3459892615973964802 72128169142059136 12587016 1155176604032304131 144255994350862528 4202508
14 1 61 1 106 1 9236887242377535492 865536103678476544 33603600 13839570463895859208 288512676568236544 50348064 4620706416129216524 577023977403450112 16810032
15 1 62 1 107 1 54060822091038736 3462144414713906178 134414400 18049634454781984 1154050706272946179 201392256 36081590807314480 2308095909613800449 67240128
16 1 63 1 108 1 216243288364154944 13848577658855624712 537657600 72198537819127936 4616202825091784716 805569024 144326363229257920 9232383638455201796 268960512
17 1 64 1 109 1 864973153456619776 54078414293844000 2150630403 288794151276511744 18067226657587248 3222276097 577305452917031680 36046406401703952 1075842050
18 1 65 1 110 1 3459892613826479105 216313657175441536 12587020 1155176605106046978 72268906630414528 4202500 2309221811668126723 144185625606684736 8400904
19 1 66 1 111 1 13839570455305916420 865254628701766144 50348080 4620706420424187912 289075626521658112 16810000 9236887246672506892 576742502426738944 33603616
20 1 67 1 112 1 18049600095010832 3461018514807064579 201392320 36081607987200032 1156302506086632449 67240000 54060839270924336 2306970009706955778 134414464
21 1 68 1 113 1 72198400380043328 13844074059228258316 805569280 144326431948800128 4625210024346529796 268960000 216243357083697344 9227880038827823112 537657856
22 1 69 1 114 1 288793601520173312 36064015784378416 3222277123 577305727795200512 54096023676567568 1075840001 864973428334789376 18032007892189216 2150631426
23 1 70 1 115 1 1155174406080693250 144256063137579200 4206604 2309222911180802051 216384094706139200 8392708 3459893713339157505 72128031568822400 12591112
24 1 71 1 116 1 4620697624322773000 577024252550316800 16826416 9236891644723208204 865536378824556800 33570832 13839574853356630020 288512126275289600 50364448
25 1 72 1 117 1 36046423581540384 2308097010201267201 67305664 54078431473729584 3462145515298227202 134283328 18067192297865232 1154048505101158403 201457792
26 1 73 1 118 1 144185694326161536 9232388040805068804 269222656 216313725894918336 13848582061192908808 537133312 72268769191460928 4616194020404633612 805831168
27 1 74 1 119 1 576742777304646144 36064015801171984 1076890626 865254903579673344 54096023642980384 2148533251 289075076765843712 18032007908982832 3223324673
28 1 75 1 80 1 2306971109218584579 144256063204556864 12595208 3461019614318693377 216384094571987072 4198412 1156300307063374850 72128031635996864 8396804
29 1 76 1 81 1 9227884436874338316 577024252818227456 50380832 13844078457274773508 865536378287948288 16793648 4625201228253499400 288512126543987456 33587216
30 1 77 1 82 1 18049600078250032 2308097011272909826 201523328 36081607970439184 3462145513151793155 67174592 54060839304445984 1154048506175949825 134348864
31 1 78 1 83 1 72198400313000128 9232388045091639304 806093312 144326431881756736 13848582052607172620 268698368 216243357217783936 4616194024703799300 537395456
32 1 79 1 84 1 288793601252000512 36064032947453984 3224373250 577305727527026944 54095989300035632 1074793475 864973428871135744 18032025105645584 2149581825
33 1 40 1 85 1 1155174405008002049 144256131789947008 12591112 2309222910108107778 216383957200076992 4206604 3459893715484542979 72128100422516800 8392708
34 1 41 1 86 1 4620697620032008196 577024527159788032 50364448 9236891640432431112 865535828800307968 16826416 13839574861938171916 288512401690067200 33570832
35 1 42 1 87 1 36046406418481168 2308098108639152129 201457792 54078414310621216 3462143315201231874 67305664 18067226624032816 1154049606760268803 134283328
36 1 43 1 88 1 144185625673924672 9232392434556608516 805831168 216313657242484864 13848573260804927496 269222656 72268906496131264 4616198427041075212 537133312
37 1 44 1 89 1 576742502695698688 36081590807330832 3223324674 865254628969939456 54060822091055136 1076890627 289075625984525056 18049634454749232 2148533249
38 1 45 1 90 1 2306970010782794754 144326363229388864 8396808 3461018515879757827 216243288364089472 12595212 1156302503938100225 72198537819062464 4198404
39 1 46 1 91 1 9227880043131179016 577305452917555456 33587232 13844074063519031308 864973153456357888 50380848 4625210015752400900 288794151276249856 16793616
0 1 68 1 95 1 1127001565954048 216243357083631808 4100 2254002058166272 72198400380174400 8200 3380999329153024 144326431948734592 12300
1 1 69 1 96 1 4508006263816192 864973428334527232 16400 9016008232665088 288793601520697600 32800 13523997316612096 577305727794938368 49200
2 1 70 1 97 1 18032025055264768 3459893713338108928 65600 36064032930660352 1155174406082790400 131200 54095989266448384 2309222911179753472 196800
3 1 71 1 98 1 72128100221059072 13839574853352435712 262400 144256131722641408 4620697624331161600 524800 216383957065793536 9236891644719013888 787200
4 1 72 1 99 1 288512400884236288 18067192281088000 1049603 577024526890565632 36046423615094784 2099201 865535828263174144 54078431456952320 3148802
5 1 73 1 100 1 1154049603536945155 72268769124155392 4198412 2308098107562262529 144185694460313600 8396804 3462143313052696578 216313725827678208 12595208
6 1 74 1 101 1 4616198414147780620 289075076496621568 16793648 9232392430249050116 576742777841254400 33587216 13848573252210786312 865254903310712832 50380832
7 1 75 1 102 1 18049582881570864 1156300305986486273 67174592 36081573577097232 2306971111365017602 134348864 54060787714490400 3461019613242851331 201523328
8 1 76 1 103 1 72198331526283456 4625201223945945092 268698368 144326294308388928 9227884445460070408 537395456 216243150857961600 13844078452971405324 806093312
9 1 77 1 104 1 288793326105133824 54060822074228752 1074793473 577305177233555712 18049634421178400 2149581826 864972603431846400 36081590756966448 3224373251
10 1 78 1 105 1 1155173304420535296 216243288296980544 4206596 2309220708934222848 72198537684844672 8392712 3459890413727385600 144326363028062400 12591116
11 1 79 1 106 1 4620693217682141184 864973153187922176 16826384 9236882835736891392 288794150739378688 33570848 13839561654909542400 577305452112249600 50364464
12 1 40 1 107 1 36028797019013120 3459892612751688705 67305536 54043195528462336 1155176602957514754 134283392 18014398509514752 2309221808448998403 201457856
13 1 41 1 108 1 144115188076052480 13839570451006754820 269222144 216172782113849344 4620706411830059016 537133568 72057594038059008 9236887233795993612 805831424
14 1 42 1 109 1 576460752304209920 18049582898364432 1076888579 864691128455397376 36081573610684448 2148534273 288230376152236032 54060787764871216 3223325698
15 1 43 1 110 1 2305843009216839681 72198331593457728 12587020 3458764513821589506 144326294442737792 4202500 1152921504608944131 216243151059484864 8400904
16 1 44 1 111 1 9223372036867358724 288793326373830912 50348080 13835058055286358024 577305177770951168 16810000 4611686018435776524 864972604237939456 33603616
17 1 45 1 112 1 50331664 1155173305495323650 201392320 16777248 2309220711083804675 67240000 33554480 3459890416951757825 134414464
18 1 46 1 113 1 201326656 4620693221981294600 805569280 67108992 9236882844335218700 268960000 134217920 13839561667807031300 537657856
19 1 47 1 114 1 805306624 36028814215626784 3222277121 268435968 54043229921771568 1075840002 536871680 18014450099470352 2150631427
20 1 48 1 115 1 3221226497 144115256862638208 4206596 1073743874 216172919687020736 8392712 2147486723 72057800397815872 12591116
21 1 49 1 116 1 12884905988 576461027450552832 16826384 4294975496 864691678748082944 33570848 8589946892 288231201591263488 50364464
22 1 50 1 117 1 51539623952 2305844109802211328 67305536 17179901984 3458766714992331776 134283392 34359787568 1152924806365053952 201457856
23 1 51 1 118 1 206158495808 9223376439208845312 269222144 68719607936 13835066859969327104 537133568 137439150272 4611699225460215808 805831424
24 1 52 1 119 1 824633983232 17609416278016 1076888578 274878431744 35218748653568 2148534275 549756601088 52828131311616 3223325697
25 1 53 1 80 1 3298535932930 70437665046528 12587016 1099513726979 140874994548736 4202508 2199026404353 211312525377536 8400900
26 1 54 1 81 1 13194143731720 281750660186112 50348064 4398054907916 563499978194944 16810032 8796105617412 845250101510144 33603600
27 1 55 1 82 1 52776574926880 1127002640744448 201392256 17592219631664 2253999912779776 67240128 35184422469648 3381000406040576 134414400
28 1 56 1 83 1 211106299707520 4508010562977792 805569024 70368878526656 9015999651119104 268960512 140737689878592 13524001624162304 537657600
29 1 57 1 84 1 844425198830080 18032042251911168 3222276096 281475514106624 36063998604476416 1075842048 562950759514368 54096006496649216 2150630400
30 1 58 1 85 1 3377700795320320 72128169007841280 4202496 1125902056426496 144255994417971200 8400896 2251803038057472 216384025986727936 12587008
31 1 59 1 86 1 13510803181281280 288512676031365120 16809984 4503608225705984 577023977671884800 33603584 9007212152229888 865536103946911744 50348032
32 1 60 1 87 1 54043212725125120 1154050704125460480 67239936 18014432902823936 2308095910687539200 134414336 36028848608919552 3462144415787646976 201392128
33 1 61 1 88 1 216172850900500480 4616202816501841920 268959744 72057731611295744 9232383642750156800 537657344 144115394435678208 13848577663150587904 805568512
34 1 62 1 89 1 864691403602001920 18067192297816064 1075838977 288230926445182976 36046423581523968 2150629378 576461577742712832 54078431473696768 3222274051
35 1 63 1 90 1 3458765614408007680 72268769191329792 8388612 1152923705780731904 144185694326226944 12582920 2305846310970851328 216313725894983680 4194316
36 1 64 1 91 1 13835062457632030720 289075076765319168 33554448 4611694823122927616 576742777304907776 50331680 9223385243883405312 865254903579934720 16777264
37 1 65 1 92 1 17609399468032 1156300307061276675 134217792 35218782158848 2306971109219631105 201326720 52828114518016 3461019614319738882 67109056
38 1 66 1 93 1 70437597872128 4625201228245106700 536871168 140875128635392 9227884436878524420 805306880 211312458072064 13844078457278955528 268436224
39 1 67 1 94 1 281750391488512 54060839270875184 2147484673 563500514541568 18049600094994448 3221227522 845249832288256 36081607987167264 1073744899
0 1 75 1 83 1 2255101570845699 68719542400 8192 3378800307995649 137439084736 12288 1128101080729602 206158626880 4096
1 1 76 1 84 1 9020406283382796 274878169600 32768 13515201231982596 549756338944 49152 4512404322918408 824634507520 16384
2 1 77 1 85 1 36081625133531184 1099512678400 131072 54060804927930384 2199025355776 196608 18049617291673632 3298538030080 65536
3 1 78 1 86 1 144326500534124736 4398050713600 524288 216243219711721536 8796101423104 786432 72198469166694528 13194152120320 262144
4 1 79 1 87 1 577306002136498944 17592202854400 2097152 864972878846886144 35184405692416 3145728 288793876666778112 52776608481280 1048576
5 1 40 1 88 1 2309224008545995778 70368811286528 8388608 3459891515387544579 140737622573056 12582912 1155175506667112449 211106433859584 4194304
6 1 41 1 89 1 9236896034183983112 281475245146112 33554432 13839566061550178316 562950490292224 50331648 4620702026668449796 844425735438336 16777216
7 1 42 1 90 1 54095989316829216 1125900980584450 134217728 18032025072058416 2251801961168899 201326592 36064032964247568 3377702941753345 67108864
8 1 43 1 91 1 216383957267316864 4503603922337800 536870912 72128100288233664 9007207844675596 805306368 144256131856990272 13510811767013380 268435456
9 1 44 1 92 1 865535829069267456 18014415689351200 2147483648 288512401152934656 36028831378702384 3221225472 577024527427961088 54043247068053520 1073741824
10 1 45 1 93 1 3462143316277069824 72057662757535872 0 1154049604611738624 144115325515006144 0 2308098109711844352 216172988272279616 0
11 1 46 1 94 1 13848573265108279296 288230651030143488 0 4616198418446954496 576461302060024576 0 9232392438847377408 864691953089118464 0
12 1 47 1 95 1 54060839304462336 1152922604120573955 0 18049600078266368 2305845208240098305 0 36081607970406400 3458767812356473858 0
13 1 48 1 96 1 216243357217849344 4611690416482295820 0 72198400313065472 9223380832960393220 0 144326431881625600 13835071249425895432 0
14 1 49 1 97 1 864973428871397376 17592219631664 1 288793601252261888 35184422469648 2 577305727526502400 52776574926880 3
15 1 50 1 98 1 3459893715485589506 70368878395584 4 1155174405009047555 140737689681984 8 2309222910106009601 211106299641984 12
16 1 51 1 99 1 13839574861942358024 281475513582336 16 4620697620036190220 562950758727936 32 9236891640424038404 844425198567936 48
17 1 52 1 100 1 18067226640777248 1125902054329347 64 36046406435209264 2251803034911745 128 54078414277050384 3377700794271746 192
18 1 53 1 101 1 72268906563108992 4503608217317388 256 144185625740837056 9007212139646980 512 216313657108201536 13510803177086984 768
19 1 54 1 102 1 289075626252435968 18014432869269552 1024 576742502963348224 36028848558587920 2048 865254628432806144 54043212708347936 3072
20 1 55 1 103 1 1156302505009743875 72057731476881600 4096 2306970011853392897 144115394234286144 8192 3461018513731224578 216172850833260672 12288
21 1 56 1 104 1 4625210020038975500 288230925907526400 16384 9227880047413571588 576461576937144576 32768 13844074054924898312 864691403333042688 49152
22 1 57 1 105 1 54096006446350384 1152923703630105601 65536 18032042235183120 2305846307748578306 131072 36063998570938400 3458765613332170755 196608
23 1 58 1 106 1 216384025785401536 4611694814520422404 262144 72128168940732480 9223385230994313224 524288 144255994283753600 13835062453328683020 786432
24 1 59 1 107 1 865536103141606144 35184372138000 1048577 288512675762929920 52776558149664 2097154 577023977135014400 17592186077232 3145731
25 1 60 1 108 1 3462144412566424579 140737488355392 4194308 1154050703051719681 211106232533120 8388616 2308095908540057602 70368744177856 12582924
26 1 61 1 109 1 13848577650265698316 562949953421568 16777232 4616202812206878724 844424930132480 33554464 9232383634160230408 281474976711424 50331696
27 1 62 1 110 1 54078379934138416 2251799813686275 67108928 18067175117963280 3377699720529921 134217856 36046389221818400 1125899906845698 201326784
28 1 63 1 111 1 216313519736553664 9007199254745100 268435712 72268700471853120 13510798882119684 536871424 144185556887273600 4503599627382792 805307136
29 1 64 1 112 1 865254078946214656 36028797018980400 1073742848 289074801887412480 54043195528478736 2147485696 576742227549094400 18014398509531168 3221228544
30 1 65 1 113 1 3461016315784858625 144115188075921600 4096 1156299207549649922 216172782113914944 8192 2306968910196377603 72057594038124672 12288
31 1 66 1 114 1 13844065263139434500 576460752303686400 16384 4625196830198599688 864691128455659776 32768 9227875640785510412 288230376152498688 49152
32 1 67 1 115 1 36028831429083152 2305843009214745603 65536 54043247084847136 3458764513822639105 131072 18014415722938416 1152921504609994754 196608
33 1 68 1 116 1 144115325716332608 9223372036858982412 262144 216172988339388544 13835058055290556420 524288 72057662891753664 4611686018439979016 786432
34 1 69 1 117 1 576461302865330432 16826416 1048578 864691953357554176 33570832 2097155 288230651567014656 50364448 3145729
35 1 70 1 118 1 2305845211461321731 67109056 4194312 3458767813430216705 134217792 8388620 1152922606268058626 201326720 12582916
36 1 71 1 119 1 9223380845845286924 268436224 16777248 13835071253720866820 536871168 33554480 4611690425072234504 805306880 50331664
37 1 72 1 80 1 35235962044464 1073744898 67108992 52793754812432 2147484675 134217920 17626579386400 3221227521 201326656
38 1 73 1 81 1 140943848177856 4294979592 268435968 211175019249728 8589938700 536871680 70506317545600 12884910084 805306624
39 1 74 1 82 1 563775392711424 17179918368 1073743872 844700076998912 34359754800 2147486720 282025270182400 51539640336 3221226496
0 2 45 2 100 2 0 65536 0 0 131072 0 0 196608 0
1 2 46 2 101 2 0 262144 0 0 524288 0 0 786432 0
2 2 47 2 102 2 0 1048576 0 0 2097152 0 0 3145728 0
3 2 48 2 103 2 0 4194304 0 0 8388608 0 0 12582912 0
4 2 49 2 104 2 0 16777216 0 0 33554432 0 0 50331648 0
5 2 50 2 105 2 0 67108864 0 0 134217728 0 0 201326592 0
6 2 51 2 106 2 0 268435456 0 0 536870912 0 0 805306368 0
7 2 52 2 107 2 0 1073741824 0 0 2147483648 0 0 3221225472 0
8 2 53 2 108 2 0 4294967296 0 0 8589934592 0 0 12884901888 0
9 2 54 2 109 2 0 17179869184 0 0 34359738368 0 0 51539607552 0
10 2 55 2 110 2 0 68719476736 0 0 137438953472 0 0 206158430208 0
11 2 56 2 111 2 0 274877906944 0 0 549755813888 0 0 824633720832 0
12 2 57 2 112 2 0 1099511627776 0 0 2199023255552 0 0 3298534883328 0
13 2 58 2 113 2 0 4398046511104 0 0 8796093022208 0 0 13194139533312 0
14 2 59 2 114 2 0 17592186044416 0 0 35184372088832 0 0 52776558133248 0
15 2 60 2 115 2 0 70368744177664 0 0 140737488355328 0 0 211106232532992 0
16 2 61 2 116 2 0 281474976710656 0 0 562949953421312 0 0 844424930131968 0
17 2 62 2 117 2 0 1125899906842624 0 0 2251799813685248 0 0 3377699720527872 0
18 2 63 2 118 2 0 4503599627370496 0 0 9007199254740992 0 0 13510798882111488 0
19 2 64 2 119 2 0 18014398509481984 0 0 36028797018963968 0 0 54043195528445952 0
20 2 65 2 80 2 0 72057594037927936 0 0 144115188075855872 0 0 216172782113783808 0
21 2 66 2 81 2 0 288230376151711744 0 0 576460752303423488 0 0 864691128455135232 0
22 2 67 2 82 2 0 1152921504606846976 0 0 2305843009213693952 0 0 3458764513820540928 0
23 2 68 2 83 2 0 4611686018427387904 0 0 9223372036854775808 0 0 13835058055282163712 0
24 2 69 2 84 2 0 0 1 0 0 2 0 0 3
25 2 70 2 85 2 0 0 4 0 0 8 0 0 12
26 2 71 2 86 2 0 0 16 0 0 32 0 0 48
27 2 72 2 87 2 0 0 64 0 0 128 0 0 192
28 2 73 2 88 2 0 0 256 0 0 512 0 0 768
29 2 74 2 89 2 0 0 1024 0 0 2048 0 0 3072
30 2 75 2 90 2 0 0 4096 0 0 8192 0 0 12288
31 2 76 2 91 2 0 0 16384 0 0 32768 0 0 49152
32 2 77 2 92 2 0 0 65536 0 0 131072 0 0 196608
33 2 78 2 93 2 0 0 262144 0 0 524288 0 0 786432
34 2 79 2 94 2 0 0 1048576 0 0 2097152 0 0 3145728
35 2 40 2 95 2 0 0 4194304 0 0 8388608 0 0 12582912
36 2 41 2 96 2 0 0 16777216 0 0 33554432 0 0 50331648
37 2 42 2 97 2 0 0 67108864 0 0 134217728 0 0 201326592
38 2 43 2 98 2 0 0 268435456 0 0 536870912 0 0 805306368
39 2 44 2 99 2 0 0 1073741824 0 0 2147483648 0 0 3221225472
