90 240
8 0 34 64 104 121 164 204 234
9 1 35 65 105 120 121 165 205 235
8 2 36 66 106 123 166 206 236
9 3 37 67 107 122 123 167 207 237
8 4 38 68 108 125 168 208 238
9 5 39 69 109 124 125 169 209 239
8 6 40 70 110 127 170 180 210
9 7 41 71 111 126 127 171 181 211
8 8 42 72 112 129 172 182 212
9 9 43 73 113 128 129 173 183 213
8 10 44 74 114 131 174 184 214
9 11 45 75 115 130 131 175 185 215
8 12 46 76 116 133 176 186 216
9 13 47 77 117 132 133 177 187 217
8 14 48 78 118 135 178 188 218
9 15 49 79 119 134 135 179 189 219
8 16 50 80 90 137 150 190 220
9 17 51 81 91 136 137 151 191 221
8 18 52 82 92 139 152 192 222
9 19 53 83 93 138 139 153 193 223
8 20 54 84 94 141 154 194 224
9 21 55 85 95 140 141 155 195 225
8 22 56 86 96 143 156 196 226
9 23 57 87 97 142 143 157 197 227
8 24 58 88 98 145 158 198 228
9 25 59 89 99 144 145 159 199 229
8 26 30 60 100 147 160 200 230
9 27 31 61 101 146 147 161 201 231
8 28 32 62 102 149 162 202 232
9 29 33 63 103 148 149 163 203 233
8 0 32 86 92 126 151 186 236
9 1 33 87 93 127 150 151 187 237
8 2 34 88 94 128 153 188 238
9 3 35 89 95 129 152 153 189 239
8 4 36 60 96 130 155 190 210
9 5 37 61 97 131 154 155 191 211
8 6 38 62 98 132 157 192 212
9 7 39 63 99 133 156 157 193 213
8 8 40 64 100 134 159 194 214
9 9 41 65 101 135 158 159 195 215
8 10 42 66 102 136 161 196 216
9 11 43 67 103 137 160 161 197 217
8 12 44 68 104 138 163 198 218
9 13 45 69 105 139 162 163 199 219
8 14 46 70 106 140 165 200 220
9 15 47 71 107 141 164 165 201 221
8 16 48 72 108 142 167 202 222
9 17 49 73 109 143 166 167 203 223
8 18 50 74 110 144 169 204 224
9 19 51 75 111 145 168 169 205 225
8 20 52 76 112 146 171 206 226
9 21 53 77 113 147 170 171 207 227
8 22 54 78 114 148 173 208 228
9 23 55 79 115 149 172 173 209 229
8 24 56 80 116 120 175 180 230
9 25 57 81 117 121 174 175 181 231
8 26 58 82 118 122 177 182 232
9 27 59 83 119 123 176 177 183 233
8 28 30 84 90 124 179 184 234
9 29 31 85 91 125 178 179 185 235
8 0 46 78 94 136 168 181 214
9 1 47 79 95 137 169 180 181 215
8 2 48 80 96 138 170 183 216
9 3 49 81 97 139 171 182 183 217
8 4 50 82 98 140 172 185 218
9 5 51 83 99 141 173 184 185 219
8 6 52 84 100 142 174 187 220
9 7 53 85 101 143 175 186 187 221
8 8 54 86 102 144 176 189 222
9 9 55 87 103 145 177 188 189 223
8 10 56 88 104 146 178 191 224
9 11 57 89 105 147 179 190 191 225
8 12 58 60 106 148 150 193 226
9 13 59 61 107 149 151 192 193 227
8 14 30 62 108 120 152 195 228
9 15 31 63 109 121 153 194 195 229
8 16 32 64 110 122 154 197 230
9 17 33 65 111 123 155 196 197 231
8 18 34 66 112 124 156 199 232
9 19 35 67 113 125 157 198 199 233
8 20 36 68 114 126 158 201 234
9 21 37 69 115 127 159 200 201 235
8 22 38 70 116 128 160 203 236
9 23 39 71 117 129 161 202 203 237
8 24 40 72 118 130 162 205 238
9 25 41 73 119 131 163 204 205 239
8 26 42 74 90 132 164 207 210
9 27 43 75 91 133 165 206 207 211
8 28 44 76 92 134 166 209 212
9 29 45 77 93 135 167 208 209 213
