370 111 5 37
30 2 39 3 108 2 0 0 0 0 0 0 0 0 0 0 0 0 0 0 0
31 2 40 3 109 2 0 0 0 0 0 0 0 0 0 0 0 0 0 0 0
32 2 41 3 110 2 0 0 0 0 0 0 0 0 0 0 0 0 0 0 0
33 2 42 3 74 2 0 0 0 0 0 0 0 0 0 0 0 0 0 0 0
34 2 43 3 75 2 0 0 0 0 0 0 0 0 0 0 0 0 0 0 0
35 2 44 3 76 2 0 0 0 0 0 0 0 0 0 0 0 0 0 0 0
36 2 45 3 77 2 0 0 0 0 0 0 0 0 0 0 0 0 0 0 0
0 2 46 3 78 2 0 0 0 0 0 0 0 0 0 0 0 0 0 0 0
1 2 47 3 79 2 0 0 0 0 0 0 0 0 0 0 0 0 0 0 0
2 2 48 3 80 2 0 0 0 0 0 0 0 0 0 0 0 0 0 0 0
3 2 49 3 81 2 0 0 0 0 0 0 0 0 0 0 0 0 0 0 0
4 2 50 3 82 2 0 0 0 0 0 0 0 0 0 0 0 0 0 0 0
5 2 51 3 83 2 0 0 0 0 0 0 0 0 0 0 0 0 0 0 0
6 2 52 3 84 2 0 0 0 0 0 0 0 0 0 0 0 0 0 0 0
7 2 53 3 85 2 0 0 0 0 0 0 0 0 0 0 0 0 0 0 0
8 2 54 3 86 2 0 0 0 0 0 0 0 0 0 0 0 0 0 0 0
9 2 55 3 87 2 0 0 0 0 0 0 0 0 0 0 0 0 0 0 0
10 2 56 3 88 2 0 0 0 0 0 0 0 0 0 0 0 0 0 0 0
11 2 57 3 89 2 0 0 0 0 0 0 0 0 0 0 0 0 0 0 0
12 2 58 3 90 2 0 0 0 0 0 0 0 0 0 0 0 0 0 0 0
13 2 59 3 91 2 0 0 0 0 0 0 0 0 0 0 0 0 0 0 0
14 2 60 3 92 2 0 0 0 0 0 0 0 0 0 0 0 0 0 0 0
15 2 61 3 93 2 0 0 0 0 0 0 0 0 0 0 0 0 0 0 0
16 2 62 3 94 2 0 0 0 0 0 0 0 0 0 0 0 0 0 0 0
17 2 63 3 95 2 0 0 0 0 0 0 0 0 0 0 0 0 0 0 0
18 2 64 3 96 2 0 0 0 0 0 0 0 0 0 0 0 0 0 0 0
19 2 65 3 97 2 0 0 0 0 0 0 0 0 0 0 0 0 0 0 0
20 2 66 3 98 2 0 0 0 0 0 0 0 0 0 0 0 0 0 0 0
21 2 67 3 99 2 0 0 0 0 0 0 0 0 0 0 0 0 0 0 0
22 2 68 3 100 2 0 0 0 0 0 0 0 0 0 0 0 0 0 0 0
23 2 69 3 101 2 0 0 0 0 0 0 0 0 0 0 0 0 0 0 0
24 2 70 3 102 2 0 0 0 0 0 0 0 0 0 0 0 0 0 0 0
25 2 71 3 103 2 0 0 0 0 0 0 0 0 0 0 0 0 0 0 0
26 2 72 3 104 2 0 0 0 0 0 0 0 0 0 0 0 0 0 0 0
27 2 73 3 105 2 0 0 0 0 0 0 0 0 0 0 0 0 0 0 0
28 2 37 3 106 2 0 0 0 0 0 0 0 0 0 0 0 0 0 0 0
29 2 38 3 107 2 0 0 0 0 0 0 0 0 0 0 0 0 0 0 0
19 1 37 1 87 3 864691128455135232 0 0 0 0 288230376151711744 0 0 0 0 576460752303423488 0 0 0 0
20 1 38 1 88 3 3458764513820540928 0 0 0 0 1152921504606846976 0 0 0 0 2305843009213693952 0 0 0 0
21 1 39 1 89 3 13835058055282163712 0 0 0 0 4611686018427387904 0 0 0 0 9223372036854775808 0 0 0 0
22 1 40 1 90 3 0 3 0 0 0 0 1 0 0 0 0 2 0 0 0
23 1 41 1 91 3 0 12 0 0 0 0 4 0 0 0 0 8 0 0 0
24 1 42 1 92 3 0 48 0 0 0 0 16 0 0 0 0 32 0 0 0
25 1 43 1 93 3 0 192 0 0 0 0 64 0 0 0 0 128 0 0 0
26 1 44 1 94 3 0 768 0 0 0 0 256 0 0 0 0 512 0 0 0
27 1 45 1 95 3 3 0 0 0 0 1 0 0 0 0 2 0 0 0 0
28 1 46 1 96 3 12 0 0 0 0 4 0 0 0 0 8 0 0 0 0
29 1 47 1 97 3 48 0 0 0 0 16 0 0 0 0 32 0 0 0 0
30 1 48 1 98 3 192 0 0 0 0 64 0 0 0 0 128 0 0 0 0
31 1 49 1 99 3 768 0 0 0 0 256 0 0 0 0 512 0 0 0 0
32 1 50 1 100 3 3072 0 0 0 0 1024 0 0 0 0 2048 0 0 0 0
33 1 51 1 101 3 12288 0 0 0 0 4096 0 0 0 0 8192 0 0 0 0
34 1 52 1 102 3 49152 0 0 0 0 16384 0 0 0 0 32768 0 0 0 0
35 1 53 1 103 3 196608 0 0 0 0 65536 0 0 0 0 131072 0 0 0 0
36 1 54 1 104 3 786432 0 0 0 0 262144 0 0 0 0 524288 0 0 0 0
0 1 55 1 105 3 3145728 0 0 0 0 1048576 0 0 0 0 2097152 0 0 0 0
1 1 56 1 106 3 12582912 0 0 0 0 4194304 0 0 0 0 8388608 0 0 0 0
2 1 57 1 107 3 50331648 0 0 0 0 16777216 0 0 0 0 33554432 0 0 0 0
3 1 58 1 108 3 201326592 0 0 0 0 67108864 0 0 0 0 134217728 0 0 0 0
4 1 59 1 109 3 805306368 0 0 0 0 268435456 0 0 0 0 536870912 0 0 0 0
5 1 60 1 110 3 3221225472 0 0 0 0 1073741824 0 0 0 0 2147483648 0 0 0 0
6 1 61 1 74 3 12884901888 0 0 0 0 4294967296 0 0 0 0 8589934592 0 0 0 0
7 1 62 1 75 3 51539607552 0 0 0 0 17179869184 0 0 0 0 34359738368 0 0 0 0
8 1 63 1 76 3 206158430208 0 0 0 0 68719476736 0 0 0 0 137438953472 0 0 0 0
9 1 64 1 77 3 824633720832 0 0 0 0 274877906944 0 0 0 0 549755813888 0 0 0 0
10 1 65 1 78 3 3298534883328 0 0 0 0 1099511627776 0 0 0 0 2199023255552 0 0 0 0
11 1 66 1 79 3 13194139533312 0 0 0 0 4398046511104 0 0 0 0 8796093022208 0 0 0 0
12 1 67 1 80 3 52776558133248 0 0 0 0 17592186044416 0 0 0 0 35184372088832 0 0 0 0
13 1 68 1 81 3 211106232532992 0 0 0 0 70368744177664 0 0 0 0 140737488355328 0 0 0 0
14 1 69 1 82 3 844424930131968 0 0 0 0 281474976710656 0 0 0 0 562949953421312 0 0 0 0
15 1 70 1 83 3 3377699720527872 0 0 0 0 1125899906842624 0 0 0 0 2251799813685248 0 0 0 0
16 1 71 1 84 3 13510798882111488 0 0 0 0 4503599627370496 0 0 0 0 9007199254740992 0 0 0 0
17 1 72 1 85 3 54043195528445952 0 0 0 0 18014398509481984 0 0 0 0 36028797018963968 0 0 0 0
18 1 73 1 86 3 216172782113783808 0 0 0 0 72057594037927936 0 0 0 0 144115188075855872 0 0 0 0
35 1 67 1 90 1 0 0 48 0 0 0 0 16 0 0 0 0 32 0 0
36 1 68 1 91 1 0 0 192 0 0 0 0 64 0 0 0 0 128 0 0
0 1 69 1 92 1 0 0 768 0 0 0 0 256 0 0 0 0 512 0 0
1 1 70 1 93 1 0 0 3072 0 0 0 0 1024 0 0 0 0 2048 0 0
2 1 71 1 94 1 0 0 12288 0 0 0 0 4096 0 0 0 0 8192 0 0
3 1 72 1 95 1 0 0 49152 0 0 0 0 16384 0 0 0 0 32768 0 0
4 1 73 1 96 1 0 0 196608 0 0 0 0 65536 0 0 0 0 131072 0 0
5 1 37 1 97 1 0 0 786432 0 0 0 0 262144 0 0 0 0 524288 0 0
6 1 38 1 98 1 0 3072 0 0 0 0 1024 0 0 0 0 2048 0 0 0
7 1 39 1 99 1 0 12288 0 0 0 0 4096 0 0 0 0 8192 0 0 0
8 1 40 1 100 1 0 49152 0 0 0 0 16384 0 0 0 0 32768 0 0 0
9 1 41 1 101 1 0 196608 0 0 0 0 65536 0 0 0 0 131072 0 0 0
10 1 42 1 102 1 0 786432 0 0 0 0 262144 0 0 0 0 524288 0 0 0
11 1 43 1 103 1 0 3145728 0 0 0 0 1048576 0 0 0 0 2097152 0 0 0
12 1 44 1 104 1 0 12582912 0 0 0 0 4194304 0 0 0 0 8388608 0 0 0
13 1 45 1 105 1 0 50331648 0 0 0 0 16777216 0 0 0 0 33554432 0 0 0
14 1 46 1 106 1 0 201326592 0 0 0 0 67108864 0 0 0 0 134217728 0 0 0
15 1 47 1 107 1 0 805306368 0 0 0 0 268435456 0 0 0 0 536870912 0 0 0
16 1 48 1 108 1 0 3221225472 0 0 0 0 1073741824 0 0 0 0 2147483648 0 0 0
17 1 49 1 109 1 0 12884901888 0 0 0 0 4294967296 0 0 0 0 8589934592 0 0 0
18 1 50 1 110 1 0 51539607552 0 0 0 0 17179869184 0 0 0 0 34359738368 0 0 0
19 1 51 1 74 1 0 206158430208 0 0 0 0 68719476736 0 0 0 0 137438953472 0 0 0
20 1 52 1 75 1 0 824633720832 0 0 0 0 274877906944 0 0 0 0 549755813888 0 0 0
21 1 53 1 76 1 0 3298534883328 0 0 0 0 1099511627776 0 0 0 0 2199023255552 0 0 0
22 1 54 1 77 1 0 13194139533312 0 0 0 0 4398046511104 0 0 0 0 8796093022208 0 0 0
23 1 55 1 78 1 0 52776558133248 0 0 0 0 17592186044416 0 0 0 0 35184372088832 0 0 0
24 1 56 1 79 1 0 211106232532992 0 0 0 0 70368744177664 0 0 0 0 140737488355328 0 0 0
25 1 57 1 80 1 0 844424930131968 0 0 0 0 281474976710656 0 0 0 0 562949953421312 0 0 0
26 1 58 1 81 1 0 3377699720527872 0 0 0 0 1125899906842624 0 0 0 0 2251799813685248 0 0 0
27 1 59 1 82 1 0 13510798882111488 0 0 0 0 4503599627370496 0 0 0 0 9007199254740992 0 0 0
28 1 60 1 83 1 0 54043195528445952 0 0 0 0 18014398509481984 0 0 0 0 36028797018963968 0 0 0
29 1 61 1 84 1 0 216172782113783808 0 0 0 0 72057594037927936 0 0 0 0 144115188075855872 0 0 0
30 1 62 1 85 1 0 864691128455135232 0 0 0 0 288230376151711744 0 0 0 0 576460752303423488 0 0 0
31 1 63 1 86 1 0 3458764513820540928 0 0 0 0 1152921504606846976 0 0 0 0 2305843009213693952 0 0 0
32 1 64 1 87 1 0 13835058055282163712 0 0 0 0 4611686018427387904 0 0 0 0 9223372036854775808 0 0 0
33 1 65 1 88 1 0 0 3 0 0 0 0 1 0 0 0 0 2 0 0
34 1 66 1 89 1 0 0 12 0 0 0 0 4 0 0 0 0 8 0 0
36 1 49 1 93 1 563774722342928 4611689319311081472 72268700305116160 13725203649544194 3216 844700009693216 9223373139654737920 144185556872479744 4575067883208707 1248 282024800288816 13835060255513378816 216313519622096896 9150135766401025 2160
0 1 50 1 94 1 2255098889371712 13203534774272 289074801220464641 54900814598176776 12864 3378800038772864 4411199848448 576742227489918978 18300271532834828 4992 1128099201155264 8800924860416 865254078488387587 36600543065604100 8640
1 1 51 1 95 1 9020395557486848 52814139097088 1156299204881858564 219603258392707104 51456 13515200155091456 17644799393792 2306968909959675912 73201086131339312 19968 4512396804621056 35203699441664 3461016313953550348 146402172262416400 34560
2 1 52 1 96 1 36081582229947392 211256556391424 4625196819524288528 878413033570828416 205824 54060800620365824 70579197576192 9227875639837655072 292804344525357248 79872 18049587218484224 140814797768704 13844065255812104240 585608689049665600 138240
3 1 53 1 97 1 144326328919789568 845026225565696 54043204387602496 3513652134283313665 823296 216243202481463296 282316790304768 18014411931517056 1171217378101428994 319488 72198348873936896 563259191074816 36028802119762112 2342434756198662403 552960
4 1 54 1 98 1 577305315679158272 3380104902265856 216172817547264256 14054608537133254660 3293184 864972809925853184 1129267161220096 72057647725019648 4684869512405715976 1277952 288793395495747584 2253036764301312 144115208476951296 9369739024794649612 2211840
5 1 55 1 99 1 2309221262716633088 13520419609063424 864691270189057024 878201927404363792 13172739 3459891239703412736 4517068644880384 288230590900078592 292733975913312288 5111809 1155173581982990336 9012147057205248 576460833907805184 585467951759495216 8847362
6 1 56 1 100 1 9236885050866532352 54081678436253696 3458765080756228096 3512807709617455168 52690956 13839564958813650944 18068274579521536 1152922363600314368 1170935903653249152 20447236 4620694327931961344 36048588228820992 2305843335631220736 2341871807037980864 35389448
7 1 57 1 101 1 54052056047026176 216326713745014786 13835060323025960960 14051230837396078848 210763824 18027614125948928 72273098318086147 4611689454403354624 4683743612465512960 81788944 36033238018293760 144194352915283969 9223373342528028672 9367487224930697984 141557792
8 1 58 1 102 1 216208224188104704 865306854980059144 9070975188992 864691128455660547 843055299 72110456503795712 289092393272344588 13743903866880 288230376152500225 327155777 144132952073175040 576777411661135876 5222693011456 576460752303688706 566231170
9 1 59 1 103 1 864832896752418816 3461227419920236576 36283900755968 3458764513822642188 3372221196 288441826015182848 1156369573089378352 54975615467520 1152921504610000900 1308623108 576531808292700160 2307109646644543504 20890772045824 2305843009214754824 2264924680
10 1 60 1 104 1 3459331587009675264 13844909679680947328 145135601975296 13835058055290568752 13488884784 1153767304060731392 4625478292357515456 219902459772928 4611686018440003600 5234492432 2306127233170800640 9228438586578177088 83563085037568 9223372036859019296 9059698720
11 1 61 1 105 1 13837326348038701056 39406497595134464 580542407901187 33620160 53955539139 4615069216242925568 55169095720510208 879609839091713 50462784 20937969729 9224508932683202560 20266198893605120 334252340150274 16973952 36238794882
12 1 62 1 106 1 9073171026149378 157625990380535811 2322169631604748 134480640 215822156556 13532791262150659 220676382882037761 3518439356366852 201851136 83751878916 4547583313707009 81064795574419458 1337009360601096 67895808 144955179528
13 1 63 1 107 1 36292684104597512 630503961522143244 9288678526418992 537922560 863288626224 54131165048602636 882705531528151044 14073757425467408 807404544 335007515664 18190333254828036 324259182297677832 5348037442404384 271583232 579820718112
14 1 64 1 108 1 145170736418390048 2522015846088572976 37154714107773120 3225432064 154619621568 216524660194410544 3530822126112604176 56295029705015360 1082134528 240518434880 72761333019312144 1297036729190711328 21392149770666112 2160074752 120259616896
15 1 65 1 109 1 580682945673560192 10088063384354291904 148618856431092480 12901728256 618478486272 866098640777642176 14123288504450416704 225180118820061440 4328538112 962073739520 291045332077248576 5188146916762845312 85568599082664448 8640299008 481038467584
16 1 66 1 110 1 2322731782694240768 3458765389998064384 594475425724369922 53754396672 274890689536 3464394563110568704 1152921796673011968 900720475280245763 20535377920 549760074752 1164181328308994304 2305843593341829632 342274396330657793 35634937856 824642242560
17 1 67 1 74 1 9290927130776963075 13835061559992254464 2377901702897479688 216091328512 51130368 13857578252442274817 4611687186692046848 3602881901120983052 84288995328 17043456 4656725313235977218 9223374373367316480 1369097585322631172 145760976896 34086912
18 1 68 1 75 1 270220375688749068 14018840363010 9511606811590967331 863291572224 204521472 90080788640444420 4673058635779 14411527604486029361 335008497664 68173824 180157179234357256 9346050162689 5476390341293670418 579822682112 136347648
19 1 69 1 76 1 1080881502754996272 56075361452040 1152939098944766092 3453166288898 818085888 360323154561777680 18692234543116 2305878196815462596 1340033990659 272695296 720628716937429024 37384200650756 3458817291465130056 2319290728449 545390592
20 1 70 1 77 1 4323526011019985088 224301445808160 4611756395779064368 13812665155592 3272343552 1441292618247110720 74768938172464 9223512787261850384 5360135962636 1090781184 2882514867749716096 149536802603024 13835269165860520224 9277162913796 2181562368
21 1 71 1 78 1 17294104044079940352 897205783235712 281509403560128 55250660622369 13089374208 5765170472988442880 299075752690880 563001627249728 21440543850546 4363124736 11530059470998864384 598147210414144 844442311328896 37108651655187 8726249472
22 1 72 1 79 1 13836183955191106560 3588823132942851 1126037614240512 221002642489476 52357496832 4613937818244219904 1196303010763521 2252006508998912 85762175402184 17452498944 9226749736576354304 2392588841656578 3377769245315584 148434606620748 34904997888
23 1 73 1 80 1 4503599635771394 14355292531769359 4504150460107776 884007348732432 209429987328 9007199267328003 4785212043051013 9008026037044224 343047627866912 69809995776 13510798886313985 9570355366625290 13511076983359488 593736278999344 139619991552
24 1 37 1 81 1 18014398543085576 57421170127077436 18016601840431104 3536029394929728 837719949312 36028797069312012 19140848172204052 36032104148176896 1372190511467648 279239983104 54043195545255940 38281421466501160 54044307933437952 2374945115997376 558479966208
25 1 38 1 82 1 72057594172342304 229684680508309744 72066407361724416 14144120800944384 52344913920 144115188277248048 76563392688816208 144128416592707584 5488763119612416 17448304640 216172782181023760 153125685866004640 216177231733751808 9499782611473152 34896609280
26 1 39 1 83 1 288230376689369216 918738722033241024 288265629444800512 56576483203777536 209379655680 576460753108992192 306253570755267904 576513666367684608 21955052478449664 69793218560 864691128724095040 612502743464019584 864708926933958656 37999130445892608 139586437120
27 1 40 1 84 1 1152921506757476867 3674954888132961024 1153062517779202048 226305932815110144 837518622720 2305843012435968769 1225014283021070592 2306054665470738432 87820209913798656 279172874240 3458764514896380162 2450010973856076288 3458835707735834624 151996521783570432 558345748480
28 1 41 1 85 1 4611686027029907471 14699819552531844096 4612250071113662464 905223734481666048 51539607552 9223372049743875077 4900057132084282368 9224218661881905152 351280840728936448 17179869184 13835058059585520650 9800043895424305152 13835342830941241344 607986089281765376 34359738368
29 1 42 1 86 1 34410078268 3459045988998721537 2256210745098243 3620894937926664193 206158430208 51556397076 1153484454627577858 3386500108517377 1405123362915745794 68719476736 17213427752 2306687434278117379 1139102636310530 2431944357127061507 137438953472
30 1 43 1 87 1 137640313072 13836183955994886148 9024842980392972 14483579751706656772 824633720832 206225588304 4613937818510311432 13546000434069508 5620493451662983176 274877906944 68853711008 9226749737112469516 4556410545242120 9727777428508246028 549755813888
31 1 44 1 88 1 550561252288 4503602850889744 36099371921571891 2594086788919197712 3 824902353216 9007200331694112 54184001736278033 4035229734016122912 1 275414844032 13510801030774832 18225642180968482 2017621568761364528 2
32 1 45 1 89 1 2202245009152 18014411403558976 144397487686287564 10376347155676790848 12 3299609412864 36028801326776448 216736006945112132 16140918936064491648 4 1101659376128 54043204123099328 72902568723873928 8070486275045458112 8
33 1 46 1 90 1 8808980036608 72057645614235904 577589950745150256 4611900475288060160 50 13198437651456 144115205307105792 866944027780448528 9223443523129311744 19 4406637504512 216172816492397312 291610274895495712 13835201026472280832 33
34 1 47 1 91 1 35235920146433 288230582456942592 2310359802982698176 857825295205376 201 52793750605826 576460821228421120 3467776111124939840 285941876918272 78 17626550018051 864691265969586176 1166441099583031424 571883686726656 135
35 1 48 1 92 1 140943680585732 1152922329827770368 9241439211930792704 3431301180821504 804 211175002423304 2305843284913684480 13871104444499759360 1143767507673088 312 70506200072204 3458765063878344704 4665764398332125696 2287534746906624 540
19 3 61 2 77 2 0 0 0 49152 0 0 0 0 16384 0 0 0 0 32768 0
20 3 62 2 78 2 0 0 0 196608 0 0 0 0 65536 0 0 0 0 131072 0
21 3 63 2 79 2 0 0 0 786432 0 0 0 0 262144 0 0 0 0 524288 0
22 3 64 2 80 2 0 0 0 3145728 0 0 0 0 1048576 0 0 0 0 2097152 0
23 3 65 2 81 2 0 0 0 12582912 0 0 0 0 4194304 0 0 0 0 8388608 0
24 3 66 2 82 2 0 0 0 50331648 0 0 0 0 16777216 0 0 0 0 33554432 0
25 3 67 2 83 2 0 0 0 201326592 0 0 0 0 67108864 0 0 0 0 134217728 0
26 3 68 2 84 2 0 0 0 805306368 0 0 0 0 268435456 0 0 0 0 536870912 0
27 3 69 2 85 2 0 0 3145728 0 0 0 0 1048576 0 0 0 0 2097152 0 0
28 3 70 2 86 2 0 0 12582912 0 0 0 0 4194304 0 0 0 0 8388608 0 0
29 3 71 2 87 2 0 0 50331648 0 0 0 0 16777216 0 0 0 0 33554432 0 0
30 3 72 2 88 2 0 0 201326592 0 0 0 0 67108864 0 0 0 0 134217728 0 0
31 3 73 2 89 2 0 0 805306368 0 0 0 0 268435456 0 0 0 0 536870912 0 0
32 3 37 2 90 2 0 0 3221225472 0 0 0 0 1073741824 0 0 0 0 2147483648 0 0
33 3 38 2 91 2 0 0 12884901888 0 0 0 0 4294967296 0 0 0 0 8589934592 0 0
34 3 39 2 92 2 0 0 51539607552 0 0 0 0 17179869184 0 0 0 0 34359738368 0 0
35 3 40 2 93 2 0 0 206158430208 0 0 0 0 68719476736 0 0 0 0 137438953472 0 0
36 3 41 2 94 2 0 0 824633720832 0 0 0 0 274877906944 0 0 0 0 549755813888 0 0
0 3 42 2 95 2 0 0 3298534883328 0 0 0 0 1099511627776 0 0 0 0 2199023255552 0 0
1 3 43 2 96 2 0 0 13194139533312 0 0 0 0 4398046511104 0 0 0 0 8796093022208 0 0
2 3 44 2 97 2 0 0 52776558133248 0 0 0 0 17592186044416 0 0 0 0 35184372088832 0 0
3 3 45 2 98 2 0 0 211106232532992 0 0 0 0 70368744177664 0 0 0 0 140737488355328 0 0
4 3 46 2 99 2 0 0 844424930131968 0 0 0 0 281474976710656 0 0 0 0 562949953421312 0 0
5 3 47 2 100 2 0 0 3377699720527872 0 0 0 0 1125899906842624 0 0 0 0 2251799813685248 0 0
6 3 48 2 101 2 0 0 13510798882111488 0 0 0 0 4503599627370496 0 0 0 0 9007199254740992 0 0
7 3 49 2 102 2 0 0 54043195528445952 0 0 0 0 18014398509481984 0 0 0 0 36028797018963968 0 0
8 3 50 2 103 2 0 0 216172782113783808 0 0 0 0 72057594037927936 0 0 0 0 144115188075855872 0 0
9 3 51 2 104 2 0 0 864691128455135232 0 0 0 0 288230376151711744 0 0 0 0 576460752303423488 0 0
10 3 52 2 105 2 0 0 3458764513820540928 0 0 0 0 1152921504606846976 0 0 0 0 2305843009213693952 0 0
11 3 53 2 106 2 0 0 13835058055282163712 0 0 0 0 4611686018427387904 0 0 0 0 9223372036854775808 0 0
12 3 54 2 107 2 0 0 0 3 0 0 0 0 1 0 0 0 0 2 0
13 3 55 2 108 2 0 0 0 12 0 0 0 0 4 0 0 0 0 8 0
14 3 56 2 109 2 0 0 0 48 0 0 0 0 16 0 0 0 0 32 0
15 3 57 2 110 2 0 0 0 192 0 0 0 0 64 0 0 0 0 128 0
16 3 58 2 74 2 0 0 0 768 0 0 0 0 256 0 0 0 0 512 0
17 3 59 2 75 2 0 0 0 3072 0 0 0 0 1024 0 0 0 0 2048 0
18 3 60 2 76 2 0 0 0 12288 0 0 0 0 4096 0 0 0 0 8192 0
7 3 64 1 107 1 0 0 0 0 0 0 0 0 0 0 0 0 0 0 0
8 3 65 1 108 1 0 0 0 0 0 0 0 0 0 0 0 0 0 0 0
9 3 66 1 109 1 0 0 0 0 0 0 0 0 0 0 0 0 0 0 0
10 3 67 1 110 1 0 0 0 0 0 0 0 0 0 0 0 0 0 0 0
11 3 68 1 74 1 0 0 0 0 0 0 0 0 0 0 0 0 0 0 0
12 3 69 1 75 1 0 0 0 0 0 0 0 0 0 0 0 0 0 0 0
13 3 70 1 76 1 0 0 0 0 0 0 0 0 0 0 0 0 0 0 0
14 3 71 1 77 1 0 0 0 0 0 0 0 0 0 0 0 0 0 0 0
15 3 72 1 78 1 0 0 0 0 0 0 0 0 0 0 0 0 0 0 0
16 3 73 1 79 1 0 0 0 0 0 0 0 0 0 0 0 0 0 0 0
17 3 37 1 80 1 0 0 0 0 0 0 0 0 0 0 0 0 0 0 0
18 3 38 1 81 1 0 0 0 0 0 0 0 0 0 0 0 0 0 0 0
19 3 39 1 82 1 0 0 0 0 0 0 0 0 0 0 0 0 0 0 0
20 3 40 1 83 1 0 0 0 0 0 0 0 0 0 0 0 0 0 0 0
21 3 41 1 84 1 0 0 0 0 0 0 0 0 0 0 0 0 0 0 0
22 3 42 1 85 1 0 0 0 0 0 0 0 0 0 0 0 0 0 0 0
23 3 43 1 86 1 0 0 0 0 0 0 0 0 0 0 0 0 0 0 0
24 3 44 1 87 1 0 0 0 0 0 0 0 0 0 0 0 0 0 0 0
25 3 45 1 88 1 0 0 0 0 0 0 0 0 0 0 0 0 0 0 0
26 3 46 1 89 1 0 0 0 0 0 0 0 0 0 0 0 0 0 0 0
27 3 47 1 90 1 0 0 0 0 0 0 0 0 0 0 0 0 0 0 0
28 3 48 1 91 1 0 0 0 0 0 0 0 0 0 0 0 0 0 0 0
29 3 49 1 92 1 0 0 0 0 0 0 0 0 0 0 0 0 0 0 0
30 3 50 1 93 1 0 0 0 0 0 0 0 0 0 0 0 0 0 0 0
31 3 51 1 94 1 0 0 0 0 0 0 0 0 0 0 0 0 0 0 0
32 3 52 1 95 1 0 0 0 0 0 0 0 0 0 0 0 0 0 0 0
33 3 53 1 96 1 0 0 0 0 0 0 0 0 0 0 0 0 0 0 0
34 3 54 1 97 1 0 0 0 0 0 0 0 0 0 0 0 0 0 0 0
35 3 55 1 98 1 0 0 0 0 0 0 0 0 0 0 0 0 0 0 0
36 3 56 1 99 1 0 0 0 0 0 0 0 0 0 0 0 0 0 0 0
0 3 57 1 100 1 0 0 0 0 0 0 0 0 0 0 0 0 0 0 0
1 3 58 1 101 1 0 0 0 0 0 0 0 0 0 0 0 0 0 0 0
2 3 59 1 102 1 0 0 0 0 0 0 0 0 0 0 0 0 0 0 0
3 3 60 1 103 1 0 0 0 0 0 0 0 0 0 0 0 0 0 0 0
4 3 61 1 104 1 0 0 0 0 0 0 0 0 0 0 0 0 0 0 0
5 3 62 1 105 1 0 0 0 0 0 0 0 0 0 0 0 0 0 0 0
6 3 63 1 106 1 0 0 0 0 0 0 0 0 0 0 0 0 0 0 0
2 1 70 1 91 1 0 0 0 0 0 0 0 0 0 0 0 0 0 0 0
3 1 71 1 92 1 0 0 0 0 0 0 0 0 0 0 0 0 0 0 0
4 1 72 1 93 1 0 0 0 0 0 0 0 0 0 0 0 0 0 0 0
5 1 73 1 94 1 0 0 0 0 0 0 0 0 0 0 0 0 0 0 0
6 1 37 1 95 1 0 0 0 0 0 0 0 0 0 0 0 0 0 0 0
7 1 38 1 96 1 0 0 0 0 0 0 0 0 0 0 0 0 0 0 0
8 1 39 1 97 1 0 0 0 0 0 0 0 0 0 0 0 0 0 0 0
9 1 40 1 98 1 0 0 0 0 0 0 0 0 0 0 0 0 0 0 0
10 1 41 1 99 1 0 0 0 0 0 0 0 0 0 0 0 0 0 0 0
11 1 42 1 100 1 0 0 0 0 0 0 0 0 0 0 0 0 0 0 0
12 1 43 1 101 1 0 0 0 0 0 0 0 0 0 0 0 0 0 0 0
13 1 44 1 102 1 0 0 0 0 0 0 0 0 0 0 0 0 0 0 0
14 1 45 1 103 1 0 0 0 0 0 0 0 0 0 0 0 0 0 0 0
15 1 46 1 104 1 0 0 0 0 0 0 0 0 0 0 0 0 0 0 0
16 1 47 1 105 1 0 0 0 0 0 0 0 0 0 0 0 0 0 0 0
17 1 48 1 106 1 0 0 0 0 0 0 0 0 0 0 0 0 0 0 0
18 1 49 1 107 1 0 0 0 0 0 0 0 0 0 0 0 0 0 0 0
19 1 50 1 108 1 0 0 0 0 0 0 0 0 0 0 0 0 0 0 0
20 1 51 1 109 1 0 0 0 0 0 0 0 0 0 0 0 0 0 0 0
21 1 52 1 110 1 0 0 0 0 0 0 0 0 0 0 0 0 0 0 0
22 1 53 1 74 1 0 0 0 0 0 0 0 0 0 0 0 0 0 0 0
23 1 54 1 75 1 0 0 0 0 0 0 0 0 0 0 0 0 0 0 0
24 1 55 1 76 1 0 0 0 0 0 0 0 0 0 0 0 0 0 0 0
25 1 56 1 77 1 0 0 0 0 0 0 0 0 0 0 0 0 0 0 0
26 1 57 1 78 1 0 0 0 0 0 0 0 0 0 0 0 0 0 0 0
27 1 58 1 79 1 0 0 0 0 0 0 0 0 0 0 0 0 0 0 0
28 1 59 1 80 1 0 0 0 0 0 0 0 0 0 0 0 0 0 0 0
29 1 60 1 81 1 0 0 0 0 0 0 0 0 0 0 0 0 0 0 0
30 1 61 1 82 1 0 0 0 0 0 0 0 0 0 0 0 0 0 0 0
31 1 62 1 83 1 0 0 0 0 0 0 0 0 0 0 0 0 0 0 0
32 1 63 1 84 1 0 0 0 0 0 0 0 0 0 0 0 0 0 0 0
33 1 64 1 85 1 0 0 0 0 0 0 0 0 0 0 0 0 0 0 0
34 1 65 1 86 1 0 0 0 0 0 0 0 0 0 0 0 0 0 0 0
35 1 66 1 87 1 0 0 0 0 0 0 0 0 0 0 0 0 0 0 0
36 1 67 1 88 1 0 0 0 0 0 0 0 0 0 0 0 0 0 0 0
0 1 68 1 89 1 0 0 0 0 0 0 0 0 0 0 0 0 0 0 0
1 1 69 1 90 1 0 0 0 0 0 0 0 0 0 0 0 0 0 0 0
8 1 68 3 94 1 3459049287332921856 54887620471163904 844974753056896 17293859952506437665 13086228480 1153485554072158976 18295873490387968 282299744652480 5764663598139834418 4362076160 2306689633167606016 36591746980775936 563225032655936 11529233737770336275 8724152320
9 1 69 3 95 1 13836197149331687424 219550481884655616 3379899012227584 13835207588897095812 52344913923 4613942216288635904 73183493961551872 1129198978609920 4611910318849786056 17448304641 9226758532670424064 146366987923103744 2252900130623744 9223446803662241868 34896609282
10 1 70 3 96 1 4556376198094848 878201927538622467 13519596048910336 598134459728400 209379655695 9024791444992000 292733975846207489 4516795914439680 897201689592608 69793218565 13545983262593024 585467951692414978 9011600522494976 299067229864240 139586437130
11 1 71 3 97 1 18225504792379392 3512807710154489868 54078384195641344 2392537838913600 837518622780 36099165779968000 1170935903384829956 18067183657758720 3588806758370432 279172874260 54183933050372096 2341871806769659912 36046402089979904 1196268919456960 558345748520
12 1 72 3 98 1 72902019169517568 14051230840617959472 216313536784662528 9570152429396224 51539607792 144396663119872000 4683743613539319824 72268734634180608 14355224885998080 17179869264 216735732201488384 9367487227078639648 144185608360968192 4785076751569664 34359738528
13 1 73 3 99 1 291608076678070272 864691141343185088 865254147136552963 38280609717584896 206158431168 577586652479488000 288230380447730752 289074938533576705 57420899543992320 68719477056 866942928805953536 576460760895456384 576742433442824194 19140307006278656 137438954112
14 1 37 3 100 1 1166432306712281088 3458764565372740352 3461016588546211852 153122438870339584 824633724672 2310346609917952000 1152921521790923008 1156299754134306820 229683598175969280 274877908224 3467771715223814144 2305843043581825536 2306969733771296776 76561228025114624 549755816448
15 1 38 3 101 1 4665729226849124355 13835058261490960384 13844066354182750256 612489758702583808 15360 9241386439671808001 4611686087163694080 4625199016534081552 918734393777618944 5120 13871086860895256578 9223372174327301120 9227878935084138528 306244914247942144 10240
16 1 39 3 102 1 216172833686945804 824835186689 36033195602346179 2449959034810335235 61440 72057611268128772 274945224706 54051992426774593 3674937575110475777 20480 144115222452371464 549890101251 18027592917450882 1224979656991768578 40960
17 1 40 3 103 1 864691334747783216 3299340746756 144132782409384716 9799836139241340940 245760 288230445072515088 1099780898824 216207969707098372 14699750300441903108 81920 576460889809485856 2199560405004 72110371669803528 4899918627967074312 163840
18 1 41 3 104 1 3458765338991132864 13197362987024 576531129637538864 2305856409546260528 983042 1152921780290060352 4399123595296 864831878828393488 3458768980638957584 327683 2305843559237943424 8798241620016 288441486679214112 1152930438158745632 655361
19 1 42 3 105 1 13835061355964531456 52789451948096 2306124518550155456 9223425638185042112 3932168 4611687121160241408 17596494381184 3459327515313573952 13835075922555830336 1310732 9223374236951773696 35192966480064 1153765946716856448 4611721752634982528 2621444
20 1 43 3 106 1 13202729470976 211157807792387 9224498074200621824 214405321065216 15728674 4410931414016 70385977524737 13837310061254295808 71469094666496 5242931 8800387991552 140771865920258 4615063786867425792 142936830378496 10485777
21 1 44 3 107 1 52810917883905 844631231168524 4504149385481216 857619136777218 62914696 17643725656066 281543910096900 9008023891674112 285873157440515 20971724 35201551966211 563087463677960 13511073761200128 571746247772161 41943108
22 1 45 3 108 1 211243671535620 3378524924674096 18016597541924864 3430476547108872 251658784 70574902624264 1126175640387600 36032095566696448 1143492629762060 83886896 140806207864844 2252349854711840 54044295044800512 2286984991088644 167772432
23 1 46 3 109 1 844974686142480 13514099698699456 72066390165602304 13721905114693664 1006635136 282299610497056 4504702561551424 144128382267834368 4573968371564592 335547584 563224831459376 9009399418849408 216177180180250624 9147936743129104 671089728
24 1 47 3 110 1 3379898744569920 54056398794797824 288265560662409216 54887620458774656 4026540544 1129198441988224 18018810246205696 576513529071337472 18295873486258368 1342190336 2252899325837504 36037597675397632 864708720721002496 36591746972516416 2684358912
25 1 48 3 74 1 13519594978279683 216225595179188224 1153062242649636864 219550481835098624 16106162176 4516793767952897 72075240984821760 2306054116285349888 73183493945033472 5368761344 9011597303350018 144150390701588480 3458834882884009984 146366987890065664 10737435648
26 1 49 3 75 1 54078379913118732 864902380716755968 4612248970595401728 878201927340394496 64424648704 18067175071811588 288300963939288064 9224216465140350976 292733975780133888 21475045376 36046389213400072 576601562806355968 13835339531533942784 585467951560262656 42949742592
27 1 50 3 76 1 216313519652474928 3459609522867023872 2251808672055296 3512807709361577985 257698594816 72268700287246352 1153203855757152256 3377713142300672 1170935903120535554 85900181504 144185556853600288 2306406251225423872 1125905007116288 2341871806241050627 171798970368
28 1 51 3 77 1 865254078609899712 13838438091468095488 9007234688221184 14051230837446311940 1030794379264 289074801148985408 4612815423028609024 13510852569202688 4683743612482142216 343600726016 576742227414401152 9225625004901695488 4503620028465152 9367487224964202508 687195881472
29 1 52 3 78 1 3461016314439598848 13520144743727104 36028938752884739 864691131877818384 824642633731 1156299204595941632 4517618404884480 54043410276810753 288230377292759072 274891276289 2306968909657604608 9011872187678720 18014480113860610 576460754585190448 549760270338
30 1 53 3 79 1 13844065257758395392 54080578974908416 144115755011538956 3458764530732499008 35651596 4625196818383766528 18070473619537920 216173641107243012 1152921510244778112 53477380 9227875638630418432 36047488750714880 72057920455442440 2305843020488245440 17825800
31 1 54 3 80 1 36028809904926720 216322315899633667 576463020049301552 13835058119708770560 142606384 54043199825514496 72281894478151681 864694564430020624 4611686039905370624 213909520 18014407102570496 144189955002859522 288231681823866912 9223372079805498112 71303200
32 1 55 3 81 1 144115239619706880 865289263598534668 2305852080197206208 257706427392 570425539 216172799302057984 289127577912606724 3458778257720082496 85911930880 855638081 72057628410281984 576759820011438088 1152926727295467648 171802889216 285212802
33 1 56 3 82 1 576460958478827520 3461157054394138672 9223408320788824832 1030825709568 2281702156 864691197208231936 1156510311650426896 13835113030880329984 343647723520 3422552324 288230513641127936 2307039280045752352 4611706909181870592 687211556864 1140851208
34 1 57 3 83 1 2305843833915310080 13844628217576554688 145135736196096 4123302838274 9126808624 3458764788832927744 4626041246601707584 219902392665088 1374590894083 13690209296 1152922054564511744 9228157120183009408 83563017930752 2748846227457 4563404832
35 1 58 3 84 1 9223375335661240320 38280649177563904 580542944784387 16493211353096 36507234496 13835059155331710976 57420912697278720 879609570660353 5498363576332 54760837184 4611688218258046976 19140333312934400 334252071723010 10995384909828 18253619328
36 1 59 3 85 1 13195225858051 153122596710252546 2322171781234700 65970697928736 146028937984 4400198189057 229683650789113859 3518438285787140 21990233079856 219043348736 8799322636290 76561333251735553 1337008287940616 43980465897488 73014477312
0 1 60 3 86 1 52780903432204 612490386841010184 9288687124938800 263882791714944 584115751936 17600792756228 918734603156455436 14073753143148560 87960932319424 876173394944 35197290545160 306245333006942212 5348033151762464 175921863589952 292057909248
1 1 61 3 87 1 211123613728816 2449961547364040736 37154748499755200 1055533314343424 137439752192 70403171024912 3674938412625821744 56295012572594240 351846950503168 206158696448 140789162180640 1224981332027768848 21392132607049856 703688528101632 68720009216
2 1 62 3 88 1 844494454915264 9799846189456166016 148618993995875072 4222133257373696 549759008768 281612684099648 14699753650503288000 225180050289328384 1407387802012672 824634785792 563156648722560 4899925328111077440 85568530426102272 2814754112406528 274880036864
3 1 63 3 89 1 3377977819661056 2305896610405560832 594475975983500290 16888535176978432 12779520 1126450736398592 3458782380884497152 900720201157313539 5629554429276160 4259840 2252626594890240 1152957238734758144 342274121704409089 11259017523367936 8519680
4 1 64 3 90 1 13511911278644226 9223586441622241280 2377903903934001160 67554140707913728 51118080 4505802945594371 13835129523537985536 3602880804629254156 22518217717104640 17039360 9010506379560961 4611828954939031552 1369096486817636356 45036070093471744 34078720
5 1 65 3 91 1 54047645114576904 857619069861888 9511615615737053218 270216561757913088 204472320 18023211782377484 285873023287296 14411523218519113779 90072868720934912 68157440 36042025518243844 571746046574592 5476385947273691153 180144277152661504 136314880
6 1 66 3 92 1 216190580458307616 3430476279447552 1152974315529109640 1080866247031652354 817889280 72092847129509936 1143492093149184 2305860652947800268 360291474883739651 272629760 144168102072975376 2286984186298368 3458799715385212996 720577108610646017 545259520
7 1 67 3 93 1 864762321833230464 13721905117790208 4611897262116438560 4323464988126609416 3271557120 288371388518039744 4573968372596736 9223442611791201072 1441165899534958604 1090519040 576672408291901504 9147936745193472 13835198861540851984 2882308434442584068 2181038080
22 2 67 2 82 3 140874977706048 2306968909154091024 13835219683491709200 4672924430348 83886600 211312407871616 3461016313684557856 4611933408544162336 9345848840196 167772940 70437497405632 1156299204344152112 9223497381181129520 14018773262344 251658500
23 2 68 2 83 3 563499910824192 9227875636616365120 646512837133376 18691697721395 335546400 845249631486464 13844065254738233472 989560465000576 37383395360785 671091760 281749989622528 4625196817376611520 501377302269120 56075093049378 1006634000
24 2 69 2 84 3 2253999643296768 18014399046357248 2586051348533506 74766790885580 1342185600 3380998525945856 36028797824279040 3958241860002307 149533581443140 2684367040 1126999958490112 54043195796894464 2005509209076481 224300372197512 4026536000
25 2 70 2 85 3 9015998573187073 72057596185427968 10344205394134024 299067163542320 5368742400 13523994103783426 144115191297114112 15832967440009228 598134325772560 10737468160 4507999833960451 216172783187574784 8022036836305924 897201488790048 16106144000
26 2 71 2 86 3 36063994292748292 288230384741711872 41376821576536096 1196268654169280 21474969600 54095976415133704 576460765188456448 63331869760036912 2392537303090240 42949872640 18031999335841804 864691132750299136 32088147345223696 3588805955160192 64424576000
27 2 72 2 87 3 144255977170993168 1152921538966847488 165507286306144384 4785074616677120 85899878400 216383905660534816 2305843060753825792 253327479040147648 9570149212360960 171799490560 72127997343367216 3458764531001196544 128352589380894784 14355223820640768 257698304000
28 2 73 2 88 3 577023908683972672 4611686155867390976 662029145223528960 19140298466708480 343599513600 865535622642139264 9223372243015305216 1013309916158493440 38280596849443840 687197962240 288511989373468864 13835058124004789248 513410357520433408 57420895282563072 1030793216000
29 2 37 2 89 3 2308095634735890688 549760012288 2648116580894115841 76561194940575744 274886426624 3462142490568557056 824642117632 4053239664633973762 153122389545259008 549768593408 1154047957493875456 274890502144 2053641430081733635 229683584351477760 824637980672
30 2 38 2 90 3 9232382538943562752 2199040050176 10592466323575414788 306244780836044800 34078720 13848569962274228224 3298568472576 16212958658533797896 612489560328519680 51118080 4616191829975501824 1099562011648 8214565720323788812 918734340627136512 17039360
31 2 39 2 91 3 36042008355147776 8796160200706 5476377146885701648 1224979120122953730 136314880 54047627968258048 13194273890307 9511602413007585312 2449958240240336899 204472320 18023246192455680 4398248046593 14411518807587700784 3674937360361062401 68157440
32 2 40 2 92 3 144168033420591104 35184640802824 3458764513833254976 4899916480491814921 545259520 216190511873032192 52777095561228 1152921504611238016 9799832960961347598 817889280 72092984769822720 17592992186372 2305843009222148288 14699749441444249607 272629760
33 2 41 2 93 3 576672133682364416 140738563211296 13835058055333019904 1152921848257708068 2181038081 864762047492128768 211108382244912 4611686018444952064 2305843696426287160 3271557122 288371939079290880 70371968745488 9223372036888593152 3458765544648343580 1090519043
34 2 42 2 94 3 2306688534729457664 562954252847232 201327616 4611687393030832275 8724152324 3459048189968515072 844433528982720 67110912 9223374785705148641 13086228488 1153487756317163520 281487874982976 134220800 13835062178593374322 4362076172
35 2 43 2 95 3 9226754138917830656 2251817011388928 805310464 5498413777484 34896609297 13836192759874060288 3377734115930880 268443648 10995401491332 52344913954 4613951025268654080 1125951499931904 536883200 16493244842440 17448304691
36 2 44 2 96 3 13528408252219394 9007268045553666 3224387584 21990433884464 139586437188 4538818367586307 13510936463720451 1074823168 43980532223504 209379655816 9060027365064705 4503805999726593 2149629952 65970831886112 69793218764
0 2 45 2 97 3 54113633008877576 36029072182214664 12897550336 87961735537856 558345748752 18155273470345228 54043745854881804 4299292672 175922128894016 837518623264 36240109460258820 18015223998906372 8598519808 263883327544448 279172875056
1 2 46 2 98 3 216454532035510304 144116288728858656 51593347072 351845868409600 34359739456 72621093881380912 216174983419527216 17198219264 703690663059712 51539609728 144960437841035280 72060895995625488 34396176384 1055532236435968 17179872448
2 2 47 2 99 3 865818128142041216 576465154915435648 206372339712 1407383473638400 137438957824 290484375525523648 864699933678110912 68790779904 2814762652238848 206158438912 579841751364141120 288243583982505024 137581559808 4222128945743872 68719489792
3 2 48 2 100 3 3463272512568164864 2305860619661742592 825489358848 5629533894553600 549755831296 1161937502102094592 3458799734712443648 275163119616 11259050608955392 824633755648 2319367005456564480 1152974335930020096 550326239232 16888515782975488 274877959168
4 2 49 2 101 3 13853090050272659458 9223442478646968320 3301957435392 22518137725698048 69632 4647750008408378371 13835198938849771520 1100652478464 45036205657047040 139264 9277468021826257921 4611897343720079360 2201304956928 67554064205643776 208896
5 2 50 2 102 3 72127979961982984 281767168770051 13207829741570 90072550902792192 278528 144255959923961868 563534270431233 4402609913859 180144822628188160 557056 216383939885928452 845301170765826 8805219827713 270216256822575104 835584
6 2 51 2 103 3 288511919847931936 1127068675080204 52831318966280 360290203611168768 1114112 577023839695847472 2254137081724932 17610439655436 720579290512752640 2228224 865535759543713808 3381204683063304 35220879310852 1080865027290300416 3342336
7 2 52 2 104 3 1154047679391727744 4508274700320816 211325275865120 1441160814444675072 4456448 2308095358783389888 9016548326899728 70441758621744 2882317162051010560 8912896 3462143038174855232 13524818732253216 140883517243408 4323460109161201664 13369344
8 2 53 2 105 3 4616190717566910976 18033098801283264 845301103460480 5764643257778700288 17825792 9232381435133559552 36066193307598912 281767034486976 11529268648204042240 35651584 13848572152699420928 54099274929012864 563534068973632 17293840436644806656 53477376
9 2 54 2 106 3 18018796558092288 72132395205133057 3381204415939072 4611828955257765888 71303169 36037593115134976 144264773230395650 1127068141093632 9223586442175840256 142606338 54056389669028864 216397099716051459 2254136276943104 13835129524376829952 213909507
10 2 55 2 107 3 72075186232369155 288529580820529156 13524817664804864 571746247770112 285212677 144150372460539905 577059092921581576 4508272566471680 857619136774144 570425354 216225558676115458 865588398864203788 9016545110918144 285873157439488 855638031
11 2 56 2 108 3 288300744929476620 1154118323282116624 54099270659219456 2286984991080448 1140850708 576601489842159620 2308236371686326304 18033090265886720 3430476547096576 2281701416 864902234704461832 3462353595456815152 36066180443672576 1143492629757952 3422552124
12 2 57 2 109 3 1153202979717906480 4616473293128466496 216397082640023552 9147936743096320 4563402832 2306405959368638480 9232945486745305216 72132361064595456 13721905114644480 9126805664 3459608938817847328 13849414381827260608 144264721776787456 4573968371548160 13690208496
13 2 58 2 110 3 4612811918871625920 19149098804314368 865588330560094209 36591746972385280 18253611328 9225623837474553920 38293799562117632 288529444258381826 54887620458577920 36507222656 13838435755271389312 57425306180387584 577058887107149827 18295873486192640 54760833984
14 2 59 2 74 3 4503601776952065 76596395217256449 3462353322240376836 146366987889541120 73014445312 9007202479112450 153175198248468482 1154117777033527304 219550481834311680 146028890624 13510799956902403 229701224721547267 2308235548428599308 73183493944770560 219043335936
15 2 60 2 75 3 18014407107808260 306385580869027844 13849413288959410192 585467951558164480 292057781248 36028809916449800 612700792993877000 4616471108130963488 878201927337246720 584115562496 54043199827609612 918804898886190092 9232942193713348656 292733975779082240 876173343744
16 2 61 2 76 3 72057628431233040 1225542323476111376 57420934708985920 2341871807306399747 68719497216 144115239665799200 2450803171975508000 19140358814302336 3512807711496470529 137438994432 216172799310438448 3675219595544760368 38280627434291392 1170935906337554434 206158491648
17 2 62 2 77 3 288230513724932160 4902169293904445504 229683738835943680 9367487229225598988 274877988864 576460958663196800 9803212687902032000 76561435257209344 14051230845985882116 549755977728 864691197241753792 14700878382179041472 153122509737165568 4683743625350217736 824633966592
18 2 63 2 78 3 1152922054899728640 1161933101908230400 918734955343774721 576460770557034544 327682 2305843834652787200 2319362604189024768 306245741028837378 864691164962357264 655363 3458764788967015168 3463281307587511040 612490038948662275 288230430912544800 983041
19 2 64 2 79 3 4611688219598914561 4647732407632920576 3674939821375098884 2305843082228138176 1310728 9223375338611148802 9277450416756097024 1224982964115349512 3458764659849429056 2621452 13835059155868060675 13853125230350041088 2449960155794649100 1152921723650179200 3932164
20 2 65 2 80 3 8804686106628 144185556822130689 14699759285500395537 9223372328912552704 5242912 13207025491976 216313519605284866 4899931856461398050 13835058639397716224 10485808 4402343587852 72268700271509507 9799840623178596403 4611686894600716800 15728656
21 2 66 2 81 3 35218744426512 576742227288522756 3458804920872927300 1168231107587 20971650 52828101967904 865254078421139464 1152983352136040584 2336462210049 41943235 17609374351408 289074801086038028 2305874345295282380 3504693315586 62914625
5 1 57 1 76 1 0 0 0 0 50331648 0 0 0 0 16777216 0 0 0 0 33554432
6 1 58 1 77 1 0 0 0 0 201326592 0 0 0 0 67108864 0 0 0 0 134217728
7 1 59 1 78 1 0 0 0 0 805306368 0 0 0 0 268435456 0 0 0 0 536870912
8 1 60 1 79 1 0 0 0 0 3221225472 0 0 0 0 1073741824 0 0 0 0 2147483648
9 1 61 1 80 1 0 0 0 0 12884901888 0 0 0 0 4294967296 0 0 0 0 8589934592
10 1 62 1 81 1 0 0 0 0 51539607552 0 0 0 0 17179869184 0 0 0 0 34359738368
11 1 63 1 82 1 0 0 0 0 206158430208 0 0 0 0 68719476736 0 0 0 0 137438953472
12 1 64 1 83 1 0 0 0 0 824633720832 0 0 0 0 274877906944 0 0 0 0 549755813888
13 1 65 1 84 1 0 0 0 3221225472 0 0 0 0 1073741824 0 0 0 0 2147483648 0
14 1 66 1 85 1 0 0 0 12884901888 0 0 0 0 4294967296 0 0 0 0 8589934592 0
15 1 67 1 86 1 0 0 0 51539607552 0 0 0 0 17179869184 0 0 0 0 34359738368 0
16 1 68 1 87 1 0 0 0 206158430208 0 0 0 0 68719476736 0 0 0 0 137438953472 0
17 1 69 1 88 1 0 0 0 824633720832 0 0 0 0 274877906944 0 0 0 0 549755813888 0
18 1 70 1 89 1 0 0 0 3298534883328 0 0 0 0 1099511627776 0 0 0 0 2199023255552 0
19 1 71 1 90 1 0 0 0 13194139533312 0 0 0 0 4398046511104 0 0 0 0 8796093022208 0
20 1 72 1 91 1 0 0 0 52776558133248 0 0 0 0 17592186044416 0 0 0 0 35184372088832 0
21 1 73 1 92 1 0 0 0 211106232532992 0 0 0 0 70368744177664 0 0 0 0 140737488355328 0
22 1 37 1 93 1 0 0 0 844424930131968 0 0 0 0 281474976710656 0 0 0 0 562949953421312 0
23 1 38 1 94 1 0 0 0 3377699720527872 0 0 0 0 1125899906842624 0 0 0 0 2251799813685248 0
24 1 39 1 95 1 0 0 0 13510798882111488 0 0 0 0 4503599627370496 0 0 0 0 9007199254740992 0
25 1 40 1 96 1 0 0 0 54043195528445952 0 0 0 0 18014398509481984 0 0 0 0 36028797018963968 0
26 1 41 1 97 1 0 0 0 216172782113783808 0 0 0 0 72057594037927936 0 0 0 0 144115188075855872 0
27 1 42 1 98 1 0 0 0 864691128455135232 0 0 0 0 288230376151711744 0 0 0 0 576460752303423488 0
28 1 43 1 99 1 0 0 0 3458764513820540928 0 0 0 0 1152921504606846976 0 0 0 0 2305843009213693952 0
29 1 44 1 100 1 0 0 0 13835058055282163712 0 0 0 0 4611686018427387904 0 0 0 0 9223372036854775808 0
30 1 45 1 101 1 0 0 0 0 3 0 0 0 0 1 0 0 0 0 2
31 1 46 1 102 1 0 0 0 0 12 0 0 0 0 4 0 0 0 0 8
32 1 47 1 103 1 0 0 0 0 48 0 0 0 0 16 0 0 0 0 32
33 1 48 1 104 1 0 0 0 0 192 0 0 0 0 64 0 0 0 0 128
34 1 49 1 105 1 0 0 0 0 768 0 0 0 0 256 0 0 0 0 512
35 1 50 1 106 1 0 0 0 0 3072 0 0 0 0 1024 0 0 0 0 2048
36 1 51 1 107 1 0 0 0 0 12288 0 0 0 0 4096 0 0 0 0 8192
0 1 52 1 108 1 0 0 0 0 49152 0 0 0 0 16384 0 0 0 0 32768
1 1 53 1 109 1 0 0 0 0 196608 0 0 0 0 65536 0 0 0 0 131072
2 1 54 1 110 1 0 0 0 0 786432 0 0 0 0 262144 0 0 0 0 524288
3 1 55 1 74 1 0 0 0 0 3145728 0 0 0 0 1048576 0 0 0 0 2097152
4 1 56 1 75 1 0 0 0 0 12582912 0 0 0 0 4194304 0 0 0 0 8388608
