370 111 5 37
2 2 49 3 94 3 55169099731042368 360287970462269568 576460821157170176 897218668167360 4294967361 20266206913364096 720575940924539072 864691266095432704 299101522542656 8589934722 39406509624918208 1080863911386808384 288230582377285632 598185865134208 12884902083
3 2 50 3 95 3 220676398924169472 1441151881849078272 2305843284628680704 3588874672669440 17179869444 81064827653456384 2882303763698156288 3458765064381730816 1196406090170624 34359738888 157626038499672832 4323455645547233536 1152922329509142528 2392743460536832 51539608332
4 2 51 3 96 3 882705595696677890 5764607527396311040 9223373138514722816 14355498690677760 68719477776 324259310613825539 11529215054792622080 13835060257526923264 4785624360682496 137438955552 630504153998691329 17293822582188933120 4611689318036570112 9570973842147328 206158433328
5 2 52 3 97 3 3530822382786711560 4611686035875695616 4406636642305 57421994762711042 274877911104 1297037242455302156 9223372071751386112 8808977989634 19142497442729987 549755822208 2522016615994765316 13835058107627079680 13198434631683 38283895368589313 824633733312
6 2 53 3 98 3 14123289531146846240 69793230848 17626546569221 229687980124585992 16640 5188148969821208624 139586441216 35235911958538 76569991918403596 33280 10088066463979061264 209379663872 52793738526735 153135584695582724 49920
7 2 54 3 99 3 1152925903458730112 279172926467 70506183131156 918751920498343968 66560 2305851805575282880 558345765889 140943646785576 306279967673614384 133120 3458777708497141824 837518657538 211174952009788 612542338782330896 199680
8 2 55 3 100 3 4611703613834920448 1116691705868 282024732524624 3675007681993375872 266240 9223407222301131520 2233383063556 563774587142304 1225119870694457536 532480 13835110833988567296 3350074630152 844699808039152 2450169355129323584 798720
9 2 56 3 101 3 70381630130176 4466766823473 1128098930098496 14700030727973503488 1064960 140741785422848 8933532254226 2255098348569216 4900479482777830144 2129920 211114825614336 13400298520611 3378799232156608 9800677420517294336 3194880
10 2 57 3 102 3 281526520520704 17867067293892 4512395722491136 3459890688617875456 4259843 562967141691392 35734129016904 9020393397422592 1155173854180543488 8519681 844459302457344 53601194082444 13515196929675008 2309221533576332288 12779522
11 2 58 3 103 3 1126106082082816 71468269175568 18049582889964544 13839562754471501824 17039372 2251868566765568 142936516067616 36081573589690368 4620695416722173952 34078724 3377837209829376 214404776329776 54060787718700032 9236886134305329152 51118088
12 2 59 3 104 3 4504424328331267 285873076699200 72198331559858176 18018796757352448 68157491 9007474267062273 571746064269440 144326294358761472 36037593179144192 136314897 13511348839317506 857619105317056 216243150874800128 54056389802213376 204472354
13 2 60 3 105 3 18017697313325068 1143492306796800 288793326239432704 72075187029409792 272629964 36029897068249092 2286984257077760 577305177435045888 144150372716576768 545259588 54045395357270024 3430476421268224 864972603499200512 216225559208853504 817889416
14 2 61 3 106 3 72070789253300273 4573969227186176 1155173304960876544 288300744896413696 1090519856 144119588272996370 9147937028308992 2309220709741232128 576601489792565248 2181038352 216181581429080099 13721905685069824 3459890413998899200 864902234687930368 3271557664
15 2 62 3 107 3 288283157013201092 18295876908745728 4620693219842457600 1153202979585654784 4362079424 576478353091985480 36591748113238016 9236882838962831360 2306405959170260992 8724153408 864726325716320396 54887622740282368 13839561655992451072 3459608938751721472 13086230656
16 2 63 3 108 3 1153132628052804368 73183507634983936 36028805659230208 4612811918342619137 17448317696 2305913412367941920 146366992452954112 54043208430125056 9225623836681043970 34896613632 3458905302865281584 219550490961132544 18014402838003712 13838435755006885891 52344922624
17 2 64 3 109 3 4612530512211217472 292734030539935744 144115222636920832 4503599660924932 69793270785 9223653649471767680 585467969811816448 216172833720500224 9007199305072648 139586454530 13835621211461126336 878201963844530176 72057611352014848 13510798898888716 209379690499
18 2 65 3 110 3 3377975135318272 1170936122159742977 576460890547683328 18014398643699728 279173083140 1126450467967488 2341871879247265794 864691334882000896 36028797220290592 558345818120 2252624715850496 3512807855378120707 288230445408059392 54043195595554864 837518761996
19 2 66 3 74 3 13511900541273088 4683744488638971908 2305843562190733312 72057595648540736 17180704784 4505801871869952 9367487516989063176 3458765339528003584 144115191028646016 34360016928 9010498863401984 14051231421512482828 1152921781632237568 216172785603444928 51540164656
20 2 67 3 75 3 54047602165092352 288233880846336016 9223374248765030401 288230380446679296 68722819136 18023207487479808 576461920537149472 13835061358115160066 576460760893358592 137440067712 36041995453607936 864693464921276464 4611687126529998851 864691141340037888 206160658624
21 2 68 3 76 3 216190408660369408 1152935523385344064 8847641018372 1152921521786717186 274891276544 72092829949919232 2305847682148597888 13211331985416 2305843043573434371 549760270848 144167981814431744 3458773859685105856 4432410443788 3458764565360151553 824642634496
22 2 69 3 77 3 864761634641477632 4611742093541376256 35390564073488 4611686088220610568 53478400 288371319799676928 9223390728594391552 52845327941664 9223372176441221132 17827840 576671927257726976 13835095438740423424 17729641775152 13835058264661831684 35654656
23 2 70 3 78 3 3459046538565910529 224300455952384 141562256293953 279172890656 213913601 1153485279198707714 74766958460928 211381311766658 558345781296 71311362 2306687709030907907 149533833035776 70918567100611 837518671888 142618627
24 2 71 3 79 3 13836186154263642116 897201823809536 566249025175812 1116691562624 855654404 4613941116794830856 299067833843712 845525247066632 2233383125184 285245448 9226750836123631628 598135332143104 283674268402444 3350074687552 570474508
25 2 72 3 80 3 4512395925913616 3588807295238147 2264996100703248 4466766250496 3422617616 9020393469771808 1196271335374849 3382100988266528 8933532500736 1140981792 13515197075423280 2392541328572418 1134697073609776 13400298750208 2281898032
26 2 73 3 81 3 18049583703654464 14355229180952588 9059984402812992 17867065001984 13690470464 36081573879087232 4785085341499396 13528403953066112 35734130002944 4563927168 54060788301693120 9570165314289672 4538788294439104 53601195000832 9127592128
27 2 37 3 82 3 72198334814617856 57420916723810352 36239937611251968 71468260007936 54761881856 144326295516348928 19140341365997584 54113615812264448 142936520011776 18255708672 216243153206772480 38280661257158688 18155153177756416 214404780003328 36510368512
28 2 38 3 83 3 288793339258471424 229683666895241408 144959750445007872 285873040031744 219047527424 577305182065395712 76561365463990336 216454463249057792 571746080047104 73022834688 864972612827089920 153122645028634752 72620612711025664 857619120013312 146041474048
29 2 39 3 84 3 1155173357033885696 918734667580965632 579839001780031488 1143492160126976 876190109696 2309220728261582848 306245461855961344 865817852996231168 2286984320188416 292091338752 3459890451308359680 612490580114539008 290482450844102656 3430476480053248 584165896192
30 2 40 3 85 3 4620693428135542787 3674938670323860480 2319356007119077376 4573971861733376 206225555456 9236882913046331393 1224981847423846400 3463271411982827520 9147938354495488 68853727232 13839561805233438722 2449962320458157056 1161929803373264896 13721908067696640 137640329216
31 2 41 3 86 3 36029638832619532 14699754681295441921 9277424028477358080 18295886373191680 824902221824 54043504766222340 4899927389695385602 13853085647933407232 36591751270498304 275414908928 18014999805100040 9799849281832628227 4647719213496205312 54887629049561088 550561316864
32 2 42 3 87 3 144118555330478128 3458786504053112836 216207966490329091 73183548713992194 1074003968 216174019064889360 1152965485071990792 72110370604974081 146367006155735043 2148007936 72059999220400160 2305908979911409676 144132780275269634 219550518345728001 3222011904
33 2 43 3 88 3 576474221321912512 13835146016212452368 864831865960267788 292734194855968776 4296015872 864696076259557440 4611861940287965216 288441482417799172 585468024622940172 8592031744 288239996881600640 9223635919645641776 576531121097932808 878202073382912004 12888047616
34 2 44 3 89 3 2305896885287650048 351843721154624 3459327463841071155 1170936779423875104 17184063488 3458784305038229760 703687442309248 1153765929671196689 2341872098491760688 34368126976 1152959987526402560 1055531163463872 2306124484391731234 3512808293531648016 51552190464
35 2 45 3 90 3 9223587541150600192 1407374884618496 13837309855364284620 4683747117695500416 68736253952 13835137220152919040 2814749769236992 4615063718684786756 9367488393967042752 137472507904 4611839950105610240 4222124653855488 9224497937566924936 14051233174126592064 206208761856
36 2 46 3 91 3 862017183297537 5629499538472962 9007200330580784 288244394924966403 274945015809 316659483021314 11258999076945923 13510801032741136 576465425227842305 549890031618 615726712889347 16888498615418881 4503602849645088 864700474303971586 824835047427
0 2 47 3 92 3 3448068733190148 22517998153891848 36028801322323136 1152977580773607436 268435460 1266637932085256 45035996307783692 54043204130964544 2305861703058852868 536870920 2462906851557388 67553994461675524 18014411398580352 3458801900437111816 805306380
1 2 48 3 93 3 13792274932760592 90071992615567392 144115205289292544 4611910323094429744 1073741840 5066551728341024 180143985231134768 216172816523858176 9223446812235411472 2147483680 9851627406229552 270215977846702096 72057645594321408 13835207601748447264 3221225520
18 1 47 2 83 1 576460752303423488 0 0 0 0 864691128455135232 0 0 0 0 288230376151711744 0 0 0 0
19 1 48 2 84 1 2305843009213693952 0 0 0 0 3458764513820540928 0 0 0 0 1152921504606846976 0 0 0 0
20 1 49 2 85 1 9223372036854775808 0 0 0 0 13835058055282163712 0 0 0 0 4611686018427387904 0 0 0 0
21 1 50 2 86 1 0 2 0 0 0 0 3 0 0 0 0 1 0 0 0
22 1 51 2 87 1 0 8 0 0 0 0 12 0 0 0 0 4 0 0 0
23 1 52 2 88 1 0 32 0 0 0 0 48 0 0 0 0 16 0 0 0
24 1 53 2 89 1 0 128 0 0 0 0 192 0 0 0 0 64 0 0 0
25 1 54 2 90 1 0 512 0 0 0 0 768 0 0 0 0 256 0 0 0
26 1 55 2 91 1 2 0 0 0 0 3 0 0 0 0 1 0 0 0 0
27 1 56 2 92 1 8 0 0 0 0 12 0 0 0 0 4 0 0 0 0
28 1 57 2 93 1 32 0 0 0 0 48 0 0 0 0 16 0 0 0 0
29 1 58 2 94 1 128 0 0 0 0 192 0 0 0 0 64 0 0 0 0
30 1 59 2 95 1 512 0 0 0 0 768 0 0 0 0 256 0 0 0 0
31 1 60 2 96 1 2048 0 0 0 0 3072 0 0 0 0 1024 0 0 0 0
32 1 61 2 97 1 8192 0 0 0 0 12288 0 0 0 0 4096 0 0 0 0
33 1 62 2 98 1 32768 0 0 0 0 49152 0 0 0 0 16384 0 0 0 0
34 1 63 2 99 1 131072 0 0 0 0 196608 0 0 0 0 65536 0 0 0 0
35 1 64 2 100 1 524288 0 0 0 0 786432 0 0 0 0 262144 0 0 0 0
36 1 65 2 101 1 2097152 0 0 0 0 3145728 0 0 0 0 1048576 0 0 0 0
0 1 66 2 102 1 8388608 0 0 0 0 12582912 0 0 0 0 4194304 0 0 0 0
1 1 67 2 103 1 33554432 0 0 0 0 50331648 0 0 0 0 16777216 0 0 0 0
2 1 68 2 104 1 134217728 0 0 0 0 201326592 0 0 0 0 67108864 0 0 0 0
3 1 69 2 105 1 536870912 0 0 0 0 805306368 0 0 0 0 268435456 0 0 0 0
4 1 70 2 106 1 2147483648 0 0 0 0 3221225472 0 0 0 0 1073741824 0 0 0 0
5 1 71 2 107 1 8589934592 0 0 0 0 12884901888 0 0 0 0 4294967296 0 0 0 0
6 1 72 2 108 1 34359738368 0 0 0 0 51539607552 0 0 0 0 17179869184 0 0 0 0
7 1 73 2 109 1 137438953472 0 0 0 0 206158430208 0 0 0 0 68719476736 0 0 0 0
8 1 37 2 110 1 549755813888 0 0 0 0 824633720832 0 0 0 0 274877906944 0 0 0 0
9 1 38 2 74 1 2199023255552 0 0 0 0 3298534883328 0 0 0 0 1099511627776 0 0 0 0
10 1 39 2 75 1 8796093022208 0 0 0 0 13194139533312 0 0 0 0 4398046511104 0 0 0 0
11 1 40 2 76 1 35184372088832 0 0 0 0 52776558133248 0 0 0 0 17592186044416 0 0 0 0
12 1 41 2 77 1 140737488355328 0 0 0 0 211106232532992 0 0 0 0 70368744177664 0 0 0 0
13 1 42 2 78 1 562949953421312 0 0 0 0 844424930131968 0 0 0 0 281474976710656 0 0 0 0
14 1 43 2 79 1 2251799813685248 0 0 0 0 3377699720527872 0 0 0 0 1125899906842624 0 0 0 0
15 1 44 2 80 1 9007199254740992 0 0 0 0 13510798882111488 0 0 0 0 4503599627370496 0 0 0 0
16 1 45 2 81 1 36028797018963968 0 0 0 0 54043195528445952 0 0 0 0 18014398509481984 0 0 0 0
17 1 46 2 82 1 144115188075855872 0 0 0 0 216172782113783808 0 0 0 0 72057594037927936 0 0 0 0
32 1 71 1 94 1 0 0 32 0 0 0 0 48 0 0 0 0 16 0 0
33 1 72 1 95 1 0 0 128 0 0 0 0 192 0 0 0 0 64 0 0
34 1 73 1 96 1 0 0 512 0 0 0 0 768 0 0 0 0 256 0 0
35 1 37 1 97 1 0 0 2048 0 0 0 0 3072 0 0 0 0 1024 0 0
36 1 38 1 98 1 0 0 8192 0 0 0 0 12288 0 0 0 0 4096 0 0
0 1 39 1 99 1 0 0 32768 0 0 0 0 49152 0 0 0 0 16384 0 0
1 1 40 1 100 1 0 0 131072 0 0 0 0 196608 0 0 0 0 65536 0 0
2 1 41 1 101 1 0 0 524288 0 0 0 0 786432 0 0 0 0 262144 0 0
3 1 42 1 102 1 0 2048 0 0 0 0 3072 0 0 0 0 1024 0 0 0
4 1 43 1 103 1 0 8192 0 0 0 0 12288 0 0 0 0 4096 0 0 0
5 1 44 1 104 1 0 32768 0 0 0 0 49152 0 0 0 0 16384 0 0 0
6 1 45 1 105 1 0 131072 0 0 0 0 196608 0 0 0 0 65536 0 0 0
7 1 46 1 106 1 0 524288 0 0 0 0 786432 0 0 0 0 262144 0 0 0
8 1 47 1 107 1 0 2097152 0 0 0 0 3145728 0 0 0 0 1048576 0 0 0
9 1 48 1 108 1 0 8388608 0 0 0 0 12582912 0 0 0 0 4194304 0 0 0
10 1 49 1 109 1 0 33554432 0 0 0 0 50331648 0 0 0 0 16777216 0 0 0
11 1 50 1 110 1 0 134217728 0 0 0 0 201326592 0 0 0 0 67108864 0 0 0
12 1 51 1 74 1 0 536870912 0 0 0 0 805306368 0 0 0 0 268435456 0 0 0
13 1 52 1 75 1 0 2147483648 0 0 0 0 3221225472 0 0 0 0 1073741824 0 0 0
14 1 53 1 76 1 0 8589934592 0 0 0 0 12884901888 0 0 0 0 4294967296 0 0 0
15 1 54 1 77 1 0 34359738368 0 0 0 0 51539607552 0 0 0 0 17179869184 0 0 0
16 1 55 1 78 1 0 137438953472 0 0 0 0 206158430208 0 0 0 0 68719476736 0 0 0
17 1 56 1 79 1 0 549755813888 0 0 0 0 824633720832 0 0 0 0 274877906944 0 0 0
18 1 57 1 80 1 0 2199023255552 0 0 0 0 3298534883328 0 0 0 0 1099511627776 0 0 0
19 1 58 1 81 1 0 8796093022208 0 0 0 0 13194139533312 0 0 0 0 4398046511104 0 0 0
20 1 59 1 82 1 0 35184372088832 0 0 0 0 52776558133248 0 0 0 0 17592186044416 0 0 0
21 1 60 1 83 1 0 140737488355328 0 0 0 0 211106232532992 0 0 0 0 70368744177664 0 0 0
22 1 61 1 84 1 0 562949953421312 0 0 0 0 844424930131968 0 0 0 0 281474976710656 0 0 0
23 1 62 1 85 1 0 2251799813685248 0 0 0 0 3377699720527872 0 0 0 0 1125899906842624 0 0 0
24 1 63 1 86 1 0 9007199254740992 0 0 0 0 13510798882111488 0 0 0 0 4503599627370496 0 0 0
25 1 64 1 87 1 0 36028797018963968 0 0 0 0 54043195528445952 0 0 0 0 18014398509481984 0 0 0
26 1 65 1 88 1 0 144115188075855872 0 0 0 0 216172782113783808 0 0 0 0 72057594037927936 0 0 0
27 1 66 1 89 1 0 576460752303423488 0 0 0 0 864691128455135232 0 0 0 0 288230376151711744 0 0 0
28 1 67 1 90 1 0 2305843009213693952 0 0 0 0 3458764513820540928 0 0 0 0 1152921504606846976 0 0 0
29 1 68 1 91 1 0 9223372036854775808 0 0 0 0 13835058055282163712 0 0 0 0 4611686018427387904 0 0 0
30 1 69 1 92 1 0 0 2 0 0 0 0 3 0 0 0 0 1 0 0
31 1 70 1 93 1 0 0 8 0 0 0 0 12 0 0 0 0 4 0 0
35 1 53 1 95 1 0 0 0 0 0 0 0 0 0 0 0 0 0 0 0
36 1 54 1 96 1 0 0 0 0 0 0 0 0 0 0 0 0 0 0 0
0 1 55 1 97 1 0 0 0 0 0 0 0 0 0 0 0 0 0 0 0
1 1 56 1 98 1 0 0 0 0 0 0 0 0 0 0 0 0 0 0 0
2 1 57 1 99 1 0 0 0 0 0 0 0 0 0 0 0 0 0 0 0
3 1 58 1 100 1 0 0 0 0 0 0 0 0 0 0 0 0 0 0 0
4 1 59 1 101 1 0 0 0 0 0 0 0 0 0 0 0 0 0 0 0
5 1 60 1 102 1 0 0 0 0 0 0 0 0 0 0 0 0 0 0 0
6 1 61 1 103 1 0 0 0 0 0 0 0 0 0 0 0 0 0 0 0
7 1 62 1 104 1 0 0 0 0 0 0 0 0 0 0 0 0 0 0 0
8 1 63 1 105 1 0 0 0 0 0 0 0 0 0 0 0 0 0 0 0
9 1 64 1 106 1 0 0 0 0 0 0 0 0 0 0 0 0 0 0 0
10 1 65 1 107 1 0 0 0 0 0 0 0 0 0 0 0 0 0 0 0
11 1 66 1 108 1 0 0 0 0 0 0 0 0 0 0 0 0 0 0 0
12 1 67 1 109 1 0 0 0 0 0 0 0 0 0 0 0 0 0 0 0
13 1 68 1 110 1 0 0 0 0 0 0 0 0 0 0 0 0 0 0 0
14 1 69 1 74 1 0 0 0 0 0 0 0 0 0 0 0 0 0 0 0
15 1 70 1 75 1 0 0 0 0 0 0 0 0 0 0 0 0 0 0 0
16 1 71 1 76 1 0 0 0 0 0 0 0 0 0 0 0 0 0 0 0
17 1 72 1 77 1 0 0 0 0 0 0 0 0 0 0 0 0 0 0 0
18 1 73 1 78 1 0 0 0 0 0 0 0 0 0 0 0 0 0 0 0
19 1 37 1 79 1 0 0 0 0 0 0 0 0 0 0 0 0 0 0 0
20 1 38 1 80 1 0 0 0 0 0 0 0 0 0 0 0 0 0 0 0
21 1 39 1 81 1 0 0 0 0 0 0 0 0 0 0 0 0 0 0 0
22 1 40 1 82 1 0 0 0 0 0 0 0 0 0 0 0 0 0 0 0
23 1 41 1 83 1 0 0 0 0 0 0 0 0 0 0 0 0 0 0 0
24 1 42 1 84 1 0 0 0 0 0 0 0 0 0 0 0 0 0 0 0
25 1 43 1 85 1 0 0 0 0 0 0 0 0 0 0 0 0 0 0 0
26 1 44 1 86 1 0 0 0 0 0 0 0 0 0 0 0 0 0 0 0
27 1 45 1 87 1 0 0 0 0 0 0 0 0 0 0 0 0 0 0 0
28 1 46 1 88 1 0 0 0 0 0 0 0 0 0 0 0 0 0 0 0
29 1 47 1 89 1 0 0 0 0 0 0 0 0 0 0 0 0 0 0 0
30 1 48 1 90 1 0 0 0 0 0 0 0 0 0 0 0 0 0 0 0
31 1 49 1 91 1 0 0 0 0 0 0 0 0 0 0 0 0 0 0 0
32 1 50 1 92 1 0 0 0 0 0 0 0 0 0 0 0 0 0 0 0
33 1 51 1 93 1 0 0 0 0 0 0 0 0 0 0 0 0 0 0 0
34 1 52 1 94 1 0 0 0 0 0 0 0 0 0 0 0 0 0 0 0
5 3 47 3 110 2 0 0 0 32768 0 0 0 0 49152 0 0 0 0 16384 0
6 3 48 3 74 2 0 0 0 131072 0 0 0 0 196608 0 0 0 0 65536 0
7 3 49 3 75 2 0 0 0 524288 0 0 0 0 786432 0 0 0 0 262144 0
8 3 50 3 76 2 0 0 0 2097152 0 0 0 0 3145728 0 0 0 0 1048576 0
9 3 51 3 77 2 0 0 0 8388608 0 0 0 0 12582912 0 0 0 0 4194304 0
10 3 52 3 78 2 0 0 0 33554432 0 0 0 0 50331648 0 0 0 0 16777216 0
11 3 53 3 79 2 0 0 0 134217728 0 0 0 0 201326592 0 0 0 0 67108864 0
12 3 54 3 80 2 0 0 0 536870912 0 0 0 0 805306368 0 0 0 0 268435456 0
13 3 55 3 81 2 0 0 2097152 0 0 0 0 3145728 0 0 0 0 1048576 0 0
14 3 56 3 82 2 0 0 8388608 0 0 0 0 12582912 0 0 0 0 4194304 0 0
15 3 57 3 83 2 0 0 33554432 0 0 0 0 50331648 0 0 0 0 16777216 0 0
16 3 58 3 84 2 0 0 134217728 0 0 0 0 201326592 0 0 0 0 67108864 0 0
17 3 59 3 85 2 0 0 536870912 0 0 0 0 805306368 0 0 0 0 268435456 0 0
18 3 60 3 86 2 0 0 2147483648 0 0 0 0 3221225472 0 0 0 0 1073741824 0 0
19 3 61 3 87 2 0 0 8589934592 0 0 0 0 12884901888 0 0 0 0 4294967296 0 0
20 3 62 3 88 2 0 0 34359738368 0 0 0 0 51539607552 0 0 0 0 17179869184 0 0
21 3 63 3 89 2 0 0 137438953472 0 0 0 0 206158430208 0 0 0 0 68719476736 0 0
22 3 64 3 90 2 0 0 549755813888 0 0 0 0 824633720832 0 0 0 0 274877906944 0 0
23 3 65 3 91 2 0 0 2199023255552 0 0 0 0 3298534883328 0 0 0 0 1099511627776 0 0
24 3 66 3 92 2 0 0 8796093022208 0 0 0 0 13194139533312 0 0 0 0 4398046511104 0 0
25 3 67 3 93 2 0 0 35184372088832 0 0 0 0 52776558133248 0 0 0 0 17592186044416 0 0
26 3 68 3 94 2 0 0 140737488355328 0 0 0 0 211106232532992 0 0 0 0 70368744177664 0 0
27 3 69 3 95 2 0 0 562949953421312 0 0 0 0 844424930131968 0 0 0 0 281474976710656 0 0
28 3 70 3 96 2 0 0 2251799813685248 0 0 0 0 3377699720527872 0 0 0 0 1125899906842624 0 0
29 3 71 3 97 2 0 0 9007199254740992 0 0 0 0 13510798882111488 0 0 0 0 4503599627370496 0 0
30 3 72 3 98 2 0 0 36028797018963968 0 0 0 0 54043195528445952 0 0 0 0 18014398509481984 0 0
31 3 73 3 99 2 0 0 144115188075855872 0 0 0 0 216172782113783808 0 0 0 0 72057594037927936 0 0
32 3 37 3 100 2 0 0 576460752303423488 0 0 0 0 864691128455135232 0 0 0 0 288230376151711744 0 0
33 3 38 3 101 2 0 0 2305843009213693952 0 0 0 0 3458764513820540928 0 0 0 0 1152921504606846976 0 0
34 3 39 3 102 2 0 0 9223372036854775808 0 0 0 0 13835058055282163712 0 0 0 0 4611686018427387904 0 0
35 3 40 3 103 2 0 0 0 2 0 0 0 0 3 0 0 0 0 1 0
36 3 41 3 104 2 0 0 0 8 0 0 0 0 12 0 0 0 0 4 0
0 3 42 3 105 2 0 0 0 32 0 0 0 0 48 0 0 0 0 16 0
1 3 43 3 106 2 0 0 0 128 0 0 0 0 192 0 0 0 0 64 0
2 3 44 3 107 2 0 0 0 512 0 0 0 0 768 0 0 0 0 256 0
3 3 45 3 108 2 0 0 0 2048 0 0 0 0 3072 0 0 0 0 1024 0
4 3 46 3 109 2 0 0 0 8192 0 0 0 0 12288 0 0 0 0 4096 0
16 1 48 1 82 2 2365588000 180143994221625376 54183950213497600 9223583143087321091 2150638080 3321889584 270215991332438064 18225539135324416 13835128424026345473 3222287104 1258291472 90071997110812688 36099217353114112 4611826755915751426 1075843328
17 1 49 1 83 2 9462352000 720575976886501504 216735800853990400 844424930181132 8602552322 13287558336 1080863965329752256 72902156541297664 281474976727044 12889148419 5033165888 360287988443250752 144396869412456448 562949953454088 4303373313
18 1 50 1 84 2 37849408000 2882303907546006016 866943203415961600 3377699720724528 34410209288 53150233344 4323455861319009024 291608626165190656 1125899906908176 51556593676 20132663552 1441151953773003008 577587477649825792 2251799813816352 17213493252
19 1 51 1 85 2 151397632002 11529215630184025088 3467772813660700672 13510798882898112 137640837152 212600933379 17293823445276034048 1166434504659714048 4503599627632704 206226374704 80530654209 5764607815092013056 2310349910597206016 9007199255265408 68853973008
20 1 52 1 86 2 605590528008 9223374373316997120 13871091254642802690 54043195531592448 550563348608 850403733516 13835061559975481344 4665738018638856195 18014398510530816 824905498816 322122616836 4611687186658500608 9241399642388824065 36028797021061632 275415892032
21 1 53 1 87 2 2422362112032 9345848885248 144132797442555914 216172784273853443 3230138880 3401614934064 14018773270528 216208000845873167 72057597263348737 1087111936 1288490467344 4672924450816 72110422136193029 144115189157988354 2151940352
22 1 54 1 88 2 9689448448128 37383395544064 576531189767077928 864691137095413772 12920555520 13606459736256 56075093083136 864832003382444092 288230389053394948 4348447744 5153961869376 18691697805312 288441688542674964 576460756631953416 8607761408
23 1 55 1 89 2 38757793792512 149533582176256 2306124759068311712 3458764548381655088 51682222080 54425838945024 224300372332544 3459328013529776368 1152921556213579792 17393790976 20615847477504 74766791221248 1153766754170699856 2305843026527813664 34431045632
24 1 56 1 90 2 155031175170048 598134328705024 9224499036273246848 13835058193526620352 206728888320 217703355780096 897201489330176 13837312054119105472 4611686224854319168 69575163904 82463389910016 299067164884992 4615067016682799424 9223372106111254656 137724182528
25 1 57 1 91 2 620124700680192 2392537314820096 4507997677029888 549756601090 826915553283 870813423120384 3588805957320704 9015995348815616 824633983235 278300655617 329853559640064 1196268659539968 13523993023743232 274878431745 550896730114
26 1 58 1 92 2 2480498802720768 9570149259280384 18031990708119552 2202247629832 9127329804 3483253692481536 14355223829282816 36063981395262464 3299609674764 13690994692 1319414238560256 4785074638159872 54095972094972928 1101661210628 4563664904
27 1 59 1 93 2 9921995210883072 38280597037121536 72127962832478208 8808990519328 36509319216 13933014769926144 57420895317131264 144255925581049856 13198438699056 54763978768 5277656954241024 19140298552639488 216383888379891712 4406644842512 18254659616
28 1 60 1 94 2 39687980843532288 153122388148486144 288511851329912832 35235962077312 146037276864 55732059079704576 229683581268525056 577023702324199424 52793754796224 219055915072 21110627816964096 76561194210557952 865535553519566848 17626579370048 73018638464
29 1 61 1 95 2 158751923374129152 612489552593944576 1154047405319651328 140943848309248 584149107456 222928236318818304 918734325074100224 2308094809296797696 211175019184896 876223660288 84442511267856384 306244776842231808 3462142214078267392 70506317480192 292074553856
30 1 62 1 96 2 635007693496516608 2449958210375780352 4616189621276508160 563777540720640 137573174272 891712945275273216 3674937300296403968 9232379237184045056 844703297965056 206359757824 337770045071425536 1224979107368928256 13848568856312020992 282026343662592 68786587648
31 1 63 1 97 2 2540030773986066432 9799832841503123456 18014411397529600 2255106941657089 550292697088 3566851781101092864 14699749201185618944 36028801314979840 3378812118118402 825439031296 1351080180285702144 4899916429475714048 54043204120477696 1128103227166723 275146350592
32 1 64 1 98 2 10160123095944265728 2305843218593390592 72057645590118402 9020429914112004 2147532800 14267407124404371456 3458764583613820928 144115205259919363 13515251693699080 3221241856 5404320721142808576 1152921644193304576 216172816481910785 4512413982408716 1073774592
33 1 65 1 99 2 3747004236357959680 9223372874373562370 288230582360473608 36081719656448016 8590131200 1729396276488830976 13835058334455283715 576460821039677452 54061006774796320 12884967424 3170538810861682688 4611686576773218305 864691265927643140 18049655929634864 4295098368
34 1 66 1 100 2 14988016945431838720 3350075146248 1152922329441894434 144326878625792064 34360524800 6917585105955323904 1116692480012 2305843284158709811 216244027099185280 51539869696 12682155243446730752 2233383321604 3458765063710572561 72198623718539456 17180393472
35 1 67 1 101 2 4611835560598700032 13400300584995 4611689317767577736 577307514503168256 137442099200 9223596350111744000 4466769920049 9223373136634839244 864976108396741120 206159478784 13835132826367819776 8933533286418 13835060254842290244 288794494874157824 68721573888
36 1 68 1 102 2 598168685248512 53601202339981 13197363905056 2309230054791447553 549768396800 897253027872768 17867079680198 4399121302320 3459904432513222658 824637915136 299084342624256 35734133145675 8798242603280 1155177977349147651 274886295552
0 1 69 1 103 2 2392674740994048 214404809359924 52789455620224 9236920221313273860 50331648 3589012111491072 71468318720792 17596485209280 13839617733274116104 16777216 1196337370497024 142936532582700 35192970413120 4620711910470332428 33554432
1 1 70 1 104 2 9570698963976194 857619237437648 211157822480896 54192737833992208 201326594 14356048445964291 285873274880096 70385940837120 18238711967809568 67108867 4785349481988097 571746130329776 140771881652480 36103568171778096 134217729
2 1 71 1 105 2 38282795855904776 3430476949750592 844631289923584 216770951335968832 805306376 57424193783857164 1143493099520384 281543763348480 72954847871238272 268435468 19141397927952388 2286984521319104 563087526609920 144414272687112384 536870916
3 1 72 1 106 2 153131183423619107 13721907798999296 3378525161791488 867083803196391680 3221225504 229696775135428657 4573972398080512 1126175056539648 291819388263727616 1073741872 76565591711809554 9147938085274368 2252350107488256 577657089674707712 2147483664
4 1 73 1 107 2 612524733694476429 54887631195996160 13514100647165952 3468335212785566720 12884902016 918787100541714630 18295889592320000 4504700226158592 1167277553054910464 4294967488 306262366847238219 36591752341094400 9009400429953024 2310628358698830848 8589934656
5 1 37 1 108 2 2450098934777905716 219550524783986688 54056402586566656 13873340851142266880 51539608064 3675148402166858520 73183558369283072 18018800901488640 4669110212219641856 17179869952 1225049467388952876 146367009364378624 36037601718763520 9242513434795323392 34359738624
6 1 38 1 109 2 9800395739111622864 878202099135946752 216225610346266624 153131183440412672 206158432259 14700593608667434080 292734233477132288 72075203605954560 229696775169015808 68719479809 4900197869555811504 585468037457514496 144150406875054080 76565591762190336 137438954498
7 1 39 1 110 2 2308094809027388224 3512808396543789058 864902441382969344 612524733761650688 824633729036 3462142213541081472 1170936933908532227 288300814420672512 918787100676063232 274877919236 1154047404513694400 2341872149830059009 576601627499167744 306262367048761344 549755817992
8 1 40 1 74 2 9232379236109552896 14051233586175156232 3459609765531877376 2450098938267828224 32816 13848568854164325888 4683747735634128908 1153203257682690048 3675148403777994752 49168 4616189618054777600 9367488599320236036 2306406509996670976 1225049470342529024 16416
9 1 41 1 75 2 36028797019108352 864702123571970082 13838439062128558083 9800395751997571072 131264 54043195528648704 288246868826964019 4612813030732857345 14700593612964495360 196672 18014398509558784 576466249861840913 9225626039989829634 4900197878148890624 65664
10 1 42 1 76 2 144115188076433408 3458808494287880328 13524027385577484 2308094860571181059 525058 216172782114594816 1152987475307856076 4508049221877764 3462142230729326593 786691 72057594038235136 2305864999447363652 9016012540215304 1154047438886010882 262657
11 1 43 1 77 2 576460752305733632 13835233977151521312 54096109542309936 9232379442284724236 2100232 864691128458379264 4611949901231424304 18032196887511056 13848568922917306372 3146764 288230376152940544 9223459997789454608 36064050160861216 4616189755544043528 1050628
12 1 44 1 78 2 2305843009222934530 703687477428352 216384438169239747 36029621719793712 8400930 3458764513833517059 1055531216142528 72128787550044225 54043470540570640 12587059 1152921504611762177 351843738714176 144256200643444866 18014948466622496 4202513
13 1 45 1 79 2 9223372036891738120 2814749909713408 865537752676958988 144118486879174848 33603720 13835058055334068236 4222124864570112 288515150200176900 216173882162282560 50348236 4611686018447048708 1407374954856704 577024802573779464 72059793866489984 16810052
14 1 46 1 80 2 147849250 11258999638851586 3462151010708884528 576473946442957568 134414880 207618099 16888499458277379 1154060600802804752 864695526501646592 201392944 78643217 5629499819425793 2308099210298263584 288239172244734464 67240208
15 1 47 1 81 2 591397000 45035998555406344 13848604042835538112 2305895785771830272 537659520 830472396 67553997833109516 4616242403211219008 3458782106006586368 805571776 314572868 22517999277703172 9232396841193054336 1152956688978937856 268960832
19 1 56 1 93 1 290482244686053376 9223602934296608816 68782393376 13513135377887240 34605056 579838589465198592 13835166906933313552 137459928112 4507104371019788 52431872 865817234523619328 4611880631985504288 206200374288 9008367502630916 19923968
20 1 57 1 94 1 1161928978744213504 923589767332032 275129573506 54052541511548960 138420224 2319354357860794368 435406604599360 549839712451 18028417484079152 209727488 3463268938094477312 778454232465536 824801497153 36033470010523664 79695872
21 1 58 1 95 1 4647715914976854016 3694359069328128 1100518294024 216210166046195840 553680896 9277417431443177472 1741626418397440 2199358849804 72113669936316608 838909952 13853075752377909248 3113816929862144 3299205988612 144133880042094656 318783488
22 1 59 1 96 1 144119586197864451 14777436277309441 4402075273248 864840662037299712 2214723584 216181578353606657 6966505673588738 8797438544944 288454676524040960 3355639808 72070788382982146 12455267719446531 13196825003024 576535519094636800 1275133952
23 1 60 1 97 1 576478344791457804 59109745109237764 17608301092992 3459362648149198848 8858894336 864726313414426628 27866022694354952 35189754179776 1153818706096163840 13422559232 288283153531928584 49821070877786124 52787300012096 2306142076378547200 5100535808
24 1 61 1 98 1 2305913379165831216 236438980436953104 70433202274816 13837450592596795392 35435577344 3458905253657706512 111464090777422880 140759013573376 4615274824384655360 53690236928 1153132614127714336 199284283511145520 211149198999808 9224568305514188800 20402143232
25 1 62 1 99 1 9223653516663324864 945755921747812416 281732809099264 9570149258526720 141742309379 13835621014630826048 445856363109691520 563036054293504 14355223829069824 214760947713 4612530456510857344 797137134044582080 844596795999232 4785074637651968 81608572930
26 1 63 1 100 1 1125919234196224 3783023686991249666 1126931236397056 38280597034106880 566969237516 2251837394649344 1783425452438766083 2252144217174016 57420895316279296 859043790852 3377752333877760 3188548536178328321 3378387183996928 19140298550607872 326434291720
27 1 64 1 101 1 4503676936784897 15132094747964999688 4507724943491072 153122390283911168 68853694512 9007349578597378 7133701809755065356 9008576865550336 229683584486342656 137640280080 13511009335511043 12754194144713311236 13513548734939136 76561195276173312 206225539104
28 1 65 1 102 1 18014707747139588 5188146770731343904 18030899777110019 612489557914419200 275414778048 36029398314389512 10088063165310709808 36034307463249921 918734336871628800 550561120320 54044037342044172 14123288431434141712 54054194941853698 306244778957209600 824902156416
29 1 66 1 103 1 72058830988558352 2305843009215824000 72123599108440077 2449958232731418624 2147484416 144117593257558048 3458764513823736000 144137229852999686 3674937349633998848 3221225728 216176149368176688 1152921504607912000 216216779767414795 1224979119050063872 1073742336
30 1 67 1 104 1 288235323954233408 9223372036863298048 288494396431663156 9799832930925674496 8589937664 576470373030232192 13835058055294947072 576548919408853016 14699749398535995392 12884902912 864704597472706752 4611686018431649024 864867119068610604 4899916476200255488 4294969344
31 1 68 1 105 1 1152941295816933634 34086912 1153977585726652626 2305843576283594752 34359750658 2305881492120928771 51130368 2306195677635412067 3458765373015326720 51539611651 3458818389890827009 17043456 3459468476274442417 1152921831091470336 17179877377
32 1 69 1 106 1 4611765183267734536 136347648 4615910342906610504 9223374305134379008 137439002632 9223525968483715084 204521472 9224782710541648268 13835061492061306880 206158446604 13835273559563308036 68173824 13837873905097769668 4611687324365881344 68719509508
33 1 70 1 107 1 316659361386528 545390593 16897297918987552 9070970929153 549756010530 615726515757104 818085890 5642694750635568 13743895347202 824633786419 862017124577296 272695299 11263399263472400 5222680231939 274878038033
34 1 71 1 108 1 1266637445546112 2181562372 67589191675950208 36286031200260 786568 2462906063028416 3272343560 22570779002542272 54978802614280 262348 3448068498309184 1090781196 45053597053889600 20891794669580 524356
35 1 72 1 109 1 5066549782184448 8726249488 270356766703800832 145144124801040 3146272 9851624252113664 13089374240 90283116010169088 219915210457120 1049392 13792273993236736 4363124784 180214388215558400 83567178678320 2097424
36 1 73 1 110 1 20266199128737792 34904997952 1081427066815203328 580576499204160 12585088 39406497008454656 52357496960 361132464040676352 879660841828480 4197568 55169095972946944 17452499136 720857552862233600 334268714713280 8389696
0 1 37 1 74 1 81064796514951168 139619991808 4325708267260813312 2322305996816640 50340352 157625988033818624 209429987840 1444529856162705408 3518643367313920 16790272 220676383891787776 69809996544 2883430211448934400 1337074858853120 33558784
1 1 38 1 75 1 324259186059804673 558479969280 17302833069040107520 9289223987266560 201361408 630503952135274498 837719950336 5778119424649773056 14074573469255680 67161088 882705535567151107 279239985152 11533720845793640448 5348299435412480 134235136
2 1 39 1 76 1 1297036744239218692 2233919878144 13871100055030726656 37156895949066243 805445632 2522015808541097992 3350879803392 4665733624887443456 56298293877022721 268644352 3530822142268604428 1116959943680 9241395235752312832 21393197741649922 536940544
3 1 40 1 77 1 5188146976956874768 8935679512576 144167998994251776 148627583796264975 3221782528 10088063234164391968 13403519213568 216190425840222208 225193175508090885 1074577408 14123288569074417712 4467839774720 72092795590148096 85572790966599690 2147762176
4 1 41 1 78 1 2305843834117947456 35742718052353 576671995974909952 594510335185059900 12887130112 3458764789238464640 53614076857346 864761703357743104 900772702032363540 4298309632 1152922055169016000 17871359099907 288371182359543808 342291163866398760 8591048704
5 1 42 1 79 1 9223375336471789824 142970872209412 2306687983899639808 2378041340740239600 51548520448 13835059156953858560 214456307429384 3459046813430972416 3603090808129454160 17193238528 4611688220676064000 71485436399628 1153484729438175232 1369164655465595040 34364194816
6 1 43 1 80 1 13198468056064 571883488837650 9226751935598559232 9512165362960958400 206194081792 4406686779392 857825229717539 13836187253723889664 14412363232517816640 68772954112 8808994704384 285941745598513 4613938917752700928 5476658621862380160 137456779264
7 1 44 1 81 1 52793872224256 2287533955350600 13519594975133696 1155173304424730370 824776327170 17626747117568 3431300918870156 4516793766903808 2309220708942611715 275091816451 35235978817536 1143766982394052 9011597301252096 3459890413739969025 549827117057
8 1 45 1 82 1 211175488897024 9150135821402400 54078379900534784 4620693220920146952 570425352 70506988470272 13725203675480624 18067175067615232 9236882836844188684 855638028 140943915270144 4575067929576208 36046389205008384 13839561657107359748 285212676
9 1 46 1 83 1 844701955588097 36600543285608576 216313519602139136 36028809971036192 2281701409 282027953881090 54900814701920448 72268700270460928 54043199957651504 3422552114 563775661080579 18300271718301760 144185556820033536 18014407300784144 1140850707
10 1 47 1 84 1 3378807822352388 146402173142434304 865254078408556544 144115239884144768 9126805636 1128111815524360 219603258807681792 289074801081843712 216172799830606016 13690208456 2255102644322316 73201086873207040 576742227280134144 72057629203136576 4563402828
11 1 48 1 85 1 13515231289409554 585608692569735168 3461016313635274752 576460958462837248 36507222544 4512447262097443 878413035230724096 1156299204329472000 864691197174940416 54760833824 9020410577289265 292804347492827136 2306968909123682304 288230513591320832 18253611312
12 1 49 1 86 1 54060925157638216 2342434770278940672 13844065254541099008 2305843833851348992 146028890176 18049789048389772 3513652140922896384 4625196817317888000 3458764788699761664 219043335296 36081642309157060 1171217389971308544 9227875636494729216 1152922054365283328 73014445248
13 1 50 1 87 1 216243700630552864 9369739081115762688 36028797035741184 9223375335405395971 584115560704 72199156193559088 14054608563691585536 54043195562000384 13835059154799046657 876173341184 144326569236628240 4684869559885234176 18014398559813632 4611688217461133314 292057780992
14 1 51 1 88 1 864974802522211456 585468177043947520 144115188142964738 13196349964300 137438987266 288796624774236352 878202033637687296 216172782248001539 4401288757252 206158481411 577306276946512960 292734165831385088 72057594239254529 8797208723464 68719496193
15 1 52 1 89 1 3459899210088845824 2341872708175790080 576460752571858952 52785399857200 549755949064 1155186499096945408 3512808134550749184 864691128992006156 17605155029008 824633925644 2309225107786051840 1170936663325540352 288230376957018116 35188834893856 274877984772
16 1 53 1 90 1 13839596840355383296 9367490832703160320 2305843010287435808 211143746912448 540704 4620745996387781632 14051232538202996736 3458764515968024624 70423841341504 819248 9236900431144207360 4683746653302161408 1152921507828072464 140756413317248 311312
17 1 54 1 91 1 18155140292878336 576475183393538051 9223372041152888962 844571766424320 2162816 36239911841574912 864697931683332097 13835058063873147075 281694291624192 3276992 54113577157726208 288242539499094018 4611686031314387009 563023505785344 1245248
18 1 55 1 92 1 72620561171513344 2305900733574152204 17195598344 3378283844471810 8651264 144959647366299648 3458791726733328388 34364982028 1126776092754947 13107968 216454308630904832 1152970157996376072 51550093572 2252091875657729 4980992
31 2 64 1 80 1 0 0 0 0 0 0 0 0 0 0 0 0 0 0 0
32 2 65 1 81 1 0 0 0 0 0 0 0 0 0 0 0 0 0 0 0
33 2 66 1 82 1 0 0 0 0 0 0 0 0 0 0 0 0 0 0 0
34 2 67 1 83 1 0 0 0 0 0 0 0 0 0 0 0 0 0 0 0
35 2 68 1 84 1 0 0 0 0 0 0 0 0 0 0 0 0 0 0 0
36 2 69 1 85 1 0 0 0 0 0 0 0 0 0 0 0 0 0 0 0
0 2 70 1 86 1 0 0 0 0 0 0 0 0 0 0 0 0 0 0 0
1 2 71 1 87 1 0 0 0 0 0 0 0 0 0 0 0 0 0 0 0
2 2 72 1 88 1 0 0 0 0 0 0 0 0 0 0 0 0 0 0 0
3 2 73 1 89 1 0 0 0 0 0 0 0 0 0 0 0 0 0 0 0
4 2 37 1 90 1 0 0 0 0 0 0 0 0 0 0 0 0 0 0 0
5 2 38 1 91 1 0 0 0 0 0 0 0 0 0 0 0 0 0 0 0
6 2 39 1 92 1 0 0 0 0 0 0 0 0 0 0 0 0 0 0 0
7 2 40 1 93 1 0 0 0 0 0 0 0 0 0 0 0 0 0 0 0
8 2 41 1 94 1 0 0 0 0 0 0 0 0 0 0 0 0 0 0 0
9 2 42 1 95 1 0 0 0 0 0 0 0 0 0 0 0 0 0 0 0
10 2 43 1 96 1 0 0 0 0 0 0 0 0 0 0 0 0 0 0 0
11 2 44 1 97 1 0 0 0 0 0 0 0 0 0 0 0 0 0 0 0
12 2 45 1 98 1 0 0 0 0 0 0 0 0 0 0 0 0 0 0 0
13 2 46 1 99 1 0 0 0 0 0 0 0 0 0 0 0 0 0 0 0
14 2 47 1 100 1 0 0 0 0 0 0 0 0 0 0 0 0 0 0 0
15 2 48 1 101 1 0 0 0 0 0 0 0 0 0 0 0 0 0 0 0
16 2 49 1 102 1 0 0 0 0 0 0 0 0 0 0 0 0 0 0 0
17 2 50 1 103 1 0 0 0 0 0 0 0 0 0 0 0 0 0 0 0
18 2 51 1 104 1 0 0 0 0 0 0 0 0 0 0 0 0 0 0 0
19 2 52 1 105 1 0 0 0 0 0 0 0 0 0 0 0 0 0 0 0
20 2 53 1 106 1 0 0 0 0 0 0 0 0 0 0 0 0 0 0 0
21 2 54 1 107 1 0 0 0 0 0 0 0 0 0 0 0 0 0 0 0
22 2 55 1 108 1 0 0 0 0 0 0 0 0 0 0 0 0 0 0 0
23 2 56 1 109 1 0 0 0 0 0 0 0 0 0 0 0 0 0 0 0
24 2 57 1 110 1 0 0 0 0 0 0 0 0 0 0 0 0 0 0 0
25 2 58 1 74 1 0 0 0 0 0 0 0 0 0 0 0 0 0 0 0
26 2 59 1 75 1 0 0 0 0 0 0 0 0 0 0 0 0 0 0 0
27 2 60 1 76 1 0 0 0 0 0 0 0 0 0 0 0 0 0 0 0
28 2 61 1 77 1 0 0 0 0 0 0 0 0 0 0 0 0 0 0 0
29 2 62 1 78 1 0 0 0 0 0 0 0 0 0 0 0 0 0 0 0
30 2 63 1 79 1 0 0 0 0 0 0 0 0 0 0 0 0 0 0 0
19 3 63 2 94 3 0 0 0 0 0 0 0 0 0 0 0 0 0 0 0
20 3 64 2 95 3 0 0 0 0 0 0 0 0 0 0 0 0 0 0 0
21 3 65 2 96 3 0 0 0 0 0 0 0 0 0 0 0 0 0 0 0
22 3 66 2 97 3 0 0 0 0 0 0 0 0 0 0 0 0 0 0 0
23 3 67 2 98 3 0 0 0 0 0 0 0 0 0 0 0 0 0 0 0
24 3 68 2 99 3 0 0 0 0 0 0 0 0 0 0 0 0 0 0 0
25 3 69 2 100 3 0 0 0 0 0 0 0 0 0 0 0 0 0 0 0
26 3 70 2 101 3 0 0 0 0 0 0 0 0 0 0 0 0 0 0 0
27 3 71 2 102 3 0 0 0 0 0 0 0 0 0 0 0 0 0 0 0
28 3 72 2 103 3 0 0 0 0 0 0 0 0 0 0 0 0 0 0 0
29 3 73 2 104 3 0 0 0 0 0 0 0 0 0 0 0 0 0 0 0
30 3 37 2 105 3 0 0 0 0 0 0 0 0 0 0 0 0 0 0 0
31 3 38 2 106 3 0 0 0 0 0 0 0 0 0 0 0 0 0 0 0
32 3 39 2 107 3 0 0 0 0 0 0 0 0 0 0 0 0 0 0 0
33 3 40 2 108 3 0 0 0 0 0 0 0 0 0 0 0 0 0 0 0
34 3 41 2 109 3 0 0 0 0 0 0 0 0 0 0 0 0 0 0 0
35 3 42 2 110 3 0 0 0 0 0 0 0 0 0 0 0 0 0 0 0
36 3 43 2 74 3 0 0 0 0 0 0 0 0 0 0 0 0 0 0 0
0 3 44 2 75 3 0 0 0 0 0 0 0 0 0 0 0 0 0 0 0
1 3 45 2 76 3 0 0 0 0 0 0 0 0 0 0 0 0 0 0 0
2 3 46 2 77 3 0 0 0 0 0 0 0 0 0 0 0 0 0 0 0
3 3 47 2 78 3 0 0 0 0 0 0 0 0 0 0 0 0 0 0 0
4 3 48 2 79 3 0 0 0 0 0 0 0 0 0 0 0 0 0 0 0
5 3 49 2 80 3 0 0 0 0 0 0 0 0 0 0 0 0 0 0 0
6 3 50 2 81 3 0 0 0 0 0 0 0 0 0 0 0 0 0 0 0
7 3 51 2 82 3 0 0 0 0 0 0 0 0 0 0 0 0 0 0 0
8 3 52 2 83 3 0 0 0 0 0 0 0 0 0 0 0 0 0 0 0
9 3 53 2 84 3 0 0 0 0 0 0 0 0 0 0 0 0 0 0 0
10 3 54 2 85 3 0 0 0 0 0 0 0 0 0 0 0 0 0 0 0
11 3 55 2 86 3 0 0 0 0 0 0 0 0 0 0 0 0 0 0 0
12 3 56 2 87 3 0 0 0 0 0 0 0 0 0 0 0 0 0 0 0
13 3 57 2 88 3 0 0 0 0 0 0 0 0 0 0 0 0 0 0 0
14 3 58 2 89 3 0 0 0 0 0 0 0 0 0 0 0 0 0 0 0
15 3 59 2 90 3 0 0 0 0 0 0 0 0 0 0 0 0 0 0 0
16 3 60 2 91 3 0 0 0 0 0 0 0 0 0 0 0 0 0 0 0
17 3 61 2 92 3 0 0 0 0 0 0 0 0 0 0 0 0 0 0 0
18 3 62 2 93 3 0 0 0 0 0 0 0 0 0 0 0 0 0 0 0
22 1 41 1 80 1 0 0 0 0 33554432 0 0 0 0 50331648 0 0 0 0 16777216
23 1 42 1 81 1 0 0 0 0 134217728 0 0 0 0 201326592 0 0 0 0 67108864
24 1 43 1 82 1 0 0 0 0 536870912 0 0 0 0 805306368 0 0 0 0 268435456
25 1 44 1 83 1 0 0 0 0 2147483648 0 0 0 0 3221225472 0 0 0 0 1073741824
26 1 45 1 84 1 0 0 0 0 8589934592 0 0 0 0 12884901888 0 0 0 0 4294967296
27 1 46 1 85 1 0 0 0 0 34359738368 0 0 0 0 51539607552 0 0 0 0 17179869184
28 1 47 1 86 1 0 0 0 0 137438953472 0 0 0 0 206158430208 0 0 0 0 68719476736
29 1 48 1 87 1 0 0 0 0 549755813888 0 0 0 0 824633720832 0 0 0 0 274877906944
30 1 49 1 88 1 0 0 0 2147483648 0 0 0 0 3221225472 0 0 0 0 1073741824 0
31 1 50 1 89 1 0 0 0 8589934592 0 0 0 0 12884901888 0 0 0 0 4294967296 0
32 1 51 1 90 1 0 0 0 34359738368 0 0 0 0 51539607552 0 0 0 0 17179869184 0
33 1 52 1 91 1 0 0 0 137438953472 0 0 0 0 206158430208 0 0 0 0 68719476736 0
34 1 53 1 92 1 0 0 0 549755813888 0 0 0 0 824633720832 0 0 0 0 274877906944 0
35 1 54 1 93 1 0 0 0 2199023255552 0 0 0 0 3298534883328 0 0 0 0 1099511627776 0
36 1 55 1 94 1 0 0 0 8796093022208 0 0 0 0 13194139533312 0 0 0 0 4398046511104 0
0 1 56 1 95 1 0 0 0 35184372088832 0 0 0 0 52776558133248 0 0 0 0 17592186044416 0
1 1 57 1 96 1 0 0 0 140737488355328 0 0 0 0 211106232532992 0 0 0 0 70368744177664 0
2 1 58 1 97 1 0 0 0 562949953421312 0 0 0 0 844424930131968 0 0 0 0 281474976710656 0
3 1 59 1 98 1 0 0 0 2251799813685248 0 0 0 0 3377699720527872 0 0 0 0 1125899906842624 0
4 1 60 1 99 1 0 0 0 9007199254740992 0 0 0 0 13510798882111488 0 0 0 0 4503599627370496 0
5 1 61 1 100 1 0 0 0 36028797018963968 0 0 0 0 54043195528445952 0 0 0 0 18014398509481984 0
6 1 62 1 101 1 0 0 0 144115188075855872 0 0 0 0 216172782113783808 0 0 0 0 72057594037927936 0
7 1 63 1 102 1 0 0 0 576460752303423488 0 0 0 0 864691128455135232 0 0 0 0 288230376151711744 0
8 1 64 1 103 1 0 0 0 2305843009213693952 0 0 0 0 3458764513820540928 0 0 0 0 1152921504606846976 0
9 1 65 1 104 1 0 0 0 9223372036854775808 0 0 0 0 13835058055282163712 0 0 0 0 4611686018427387904 0
10 1 66 1 105 1 0 0 0 0 2 0 0 0 0 3 0 0 0 0 1
11 1 67 1 106 1 0 0 0 0 8 0 0 0 0 12 0 0 0 0 4
12 1 68 1 107 1 0 0 0 0 32 0 0 0 0 48 0 0 0 0 16
13 1 69 1 108 1 0 0 0 0 128 0 0 0 0 192 0 0 0 0 64
14 1 70 1 109 1 0 0 0 0 512 0 0 0 0 768 0 0 0 0 256
15 1 71 1 110 1 0 0 0 0 2048 0 0 0 0 3072 0 0 0 0 1024
16 1 72 1 74 1 0 0 0 0 8192 0 0 0 0 12288 0 0 0 0 4096
17 1 73 1 75 1 0 0 0 0 32768 0 0 0 0 49152 0 0 0 0 16384
18 1 37 1 76 1 0 0 0 0 131072 0 0 0 0 196608 0 0 0 0 65536
19 1 38 1 77 1 0 0 0 0 524288 0 0 0 0 786432 0 0 0 0 262144
20 1 39 1 78 1 0 0 0 0 2097152 0 0 0 0 3145728 0 0 0 0 1048576
21 1 40 1 79 1 0 0 0 0 8388608 0 0 0 0 12582912 0 0 0 0 4194304
