128 48 64 16
0 2 16 1 32 1
1 2 17 1 33 1
2 2 18 1 34 1
3 2 19 1 35 1
4 2 20 1 36 1
5 2 21 1 37 1
6 2 22 1 38 1
7 2 23 1 39 1
8 2 24 1 40 1
9 2 25 1 41 1
10 2 26 1 42 1
11 2 27 1 43 1
12 2 28 1 44 1
13 2 29 1 45 1
14 2 30 1 46 1
15 2 31 1 47 1
0 1 17 2 38 1
1 1 18 2 39 1
2 1 19 2 40 1
3 1 20 2 41 1
4 1 21 2 42 1
5 1 22 2 43 1
6 1 23 2 44 1
7 1 24 2 45 1
8 1 25 2 46 1
9 1 26 2 47 1
10 1 27 2 32 1
11 1 28 2 33 1
12 1 29 2 34 1
13 1 30 2 35 1
14 1 31 2 36 1
15 1 16 2 37 1
0 1 31 1 42 2
1 1 16 1 43 2
2 1 17 1 44 2
3 1 18 1 45 2
4 1 19 1 46 2
5 1 20 1 47 2
6 1 21 1 32 2
7 1 22 1 33 2
8 1 23 1 34 2
9 1 24 1 35 2
10 1 25 1 36 2
11 1 26 1 37 2
12 1 27 1 38 2
13 1 28 1 39 2
14 1 29 1 40 2
15 1 30 1 41 2
0 1 23 1 36 1
1 1 24 1 37 1
2 1 25 1 38 1
3 1 26 1 39 1
4 1 27 1 40 1
5 1 28 1 41 1
6 1 29 1 42 1
7 1 30 1 43 1
8 1 31 1 44 1
9 1 16 1 45 1
10 1 17 1 46 1
11 1 18 1 47 1
12 1 19 1 32 1
13 1 20 1 33 1
14 1 21 1 34 1
15 1 22 1 35 1
0 1 18 1 43 1
1 1 19 1 44 1
2 1 20 1 45 1
3 1 21 1 46 1
4 1 22 1 47 1
5 1 23 1 32 1
6 1 24 1 33 1
7 1 25 1 34 1
8 1 26 1 35 1
9 1 27 1 36 1
10 1 28 1 37 1
11 1 29 1 38 1
12 1 30 1 39 1
13 1 31 1 40 1
14 1 16 1 41 1
15 1 17 1 42 1
0 1 20 1 37 1
1 1 21 1 38 1
2 1 22 1 39 1
3 1 23 1 40 1
4 1 24 1 41 1
5 1 25 1 42 1
6 1 26 1 43 1
7 1 27 1 44 1
8 1 28 1 45 1
9 1 29 1 46 1
10 1 30 1 47 1
11 1 31 1 32 1
12 1 16 1 33 1
13 1 17 1 34 1
14 1 18 1 35 1
15 1 19 1 36 1
0 1 27 1 34 1
1 1 28 1 35 1
2 1 29 1 36 1
3 1 30 1 37 1
4 1 31 1 38 1
5 1 16 1 39 1
6 1 17 1 40 1
7 1 18 1 41 1
8 1 19 1 42 1
9 1 20 1 43 1
10 1 21 1 44 1
11 1 22 1 45 1
12 1 23 1 46 1
13 1 24 1 47 1
14 1 25 1 32 1
15 1 26 1 33 1
0 1 30 1 44 1
1 1 31 1 45 1
2 1 16 1 46 1
3 1 17 1 47 1
4 1 18 1 32 1
5 1 19 1 33 1
6 1 20 1 34 1
7 1 21 1 35 1
8 1 22 1 36 1
9 1 23 1 37 1
10 1 24 1 38 1
11 1 25 1 39 1
12 1 26 1 40 1
13 1 27 1 41 1
14 1 28 1 42 1
15 1 29 1 43 1
1441434799016247308
1536030942610328128
94599029812103756
2882869598032494616
3072061885220656256
189198059624207512
5765739196064989232
6144123770441312512
378396119248415024
11531478392129978464
12288247540882625024
756792238496830048
4616494185527115968
6129751012350665728
1513303006311916736
9232988366759330176
12259502020406364161
3026606012623767937
19514134785819392
6072259971398144002
6052930554565792514
39028265276737024
12144519938501320709
12105861109131519493
77775059871730688
5842577278269800458
5764978148848454666
155550119743461376
11685154556539600916
11529956297696909332
310818764510277632
4923846510051393577
4613168525979168809
621637529020555264
9847693020102787154
9226337051958337618
1242993587359367168
1248923441472733348
5930034502090916
2485987174718668801
2497846878650564936
11860064709214537
4971974349437272067
4995693753006228112
23720125123461779
9943948698874544134
9991387506012456224
47440250246923558
0
0
0
0
0
0
0
0
0
0
0
0
0
0
0
0
0
0
0
0
0
0
0
0
0
0
0
0
0
0
0
0
0
0
0
0
0
0
0
0
0
0
0
0
0
0
0
0
0
0
0
0
0
0
0
0
0
0
0
0
0
0
0
0
0
0
0
0
0
0
0
0
0
0
0
0
0
0
0
0
0
0
0
0
0
0
0
0
0
0
0
0
0
0
0
0
83952641
16778497
67174656
167905282
33556994
134349312
335810564
67113988
268698624
671621128
134227976
537397248
1343242256
268455952
1074794496
2686484512
536911904
2149588992
1078001729
1073758273
4276224
2156003458
2147516546
8552448
17105156
65797
17039361
34210312
131594
34078722
68420624
263188
68157444
136841248
526376
136314888
273682496
1052752
272629776
547364992
2105504
545259552
1094729984
4211008
1090519104
2189459968
8422016
2181038208
4904793897181415472
1153277821975532032
6057359097579215408
9809587794362765409
2306555639656162304
12114718190863463521
1172431519310946498
4612829808630581248
5782973782994086082
2344863038621892996
9225659617261162496
11565947565988172164
4689444602267140872
4856631494516737
4685151062561694473
9378889204534216209
9713258694131714
9370302120828421651
311034339653848098
19145046706520068
294141642924002342
622068675012794436
38290089118072841
588283285847939149
1244137350025588872
76580178236145682
1176566571695878298
2488274700051177744
153160356472291364
2353133143391756596
4976549400102355488
306320712944582728
4706266286783513192
9953098800204645441
612641421594263696
9412532569272059089
1459453530994641027
1225001368211882272
378602535516309923
2918907061989282054
2450002736423764544
757205071032619846
5837814123978564108
4900005472847529088
1514410142065239692
11675628247957128216
9800010945695058176
3028820284130479384
1153226073656796352
360305567321293320
1513496447947908808
2306452147313592704
720611134642586640
3026992895895817616
4612904294627185408
1441222269285173280
6053985791791635232
9225808589254305281
2882444534275444800
12107971579288303169
4873109094026242
5764607597869146240
5769480559843765378
9746218188052484
11529215195738292480
11538961119687530756
19210965694296073
4611967788448842240
4631178165665509897
38421927093690386
9223935572602717185
9262356331330954259
76562383505637412
1408546472593410
77968593247324198
153124767011209289
2817088650285060
155937182199681101
306249534022353043
5634173005668360
311874360104394907
612499068044706086
11268346011336720
623748720208789814
1224998136089412172
22536692022673440
1247497440417579628
2449996267883922584
45073379750379585
2494994880835093721
4899992535767845168
90146759500759170
4989989761670187442
9799985071535690336
180293519001518340
9979979523340374884
0
0
0
0
0
0
0
0
0
0
0
0
0
0
0
0
0
0
0
0
0
0
0
0
0
0
0
0
0
0
0
0
0
0
0
0
0
0
0
0
0
0
0
0
0
0
0
0
47440215886790656
9946200498602246144
9989135740472131584
94598961091837952
1445938398471651328
1531527411529678848
189197922183675904
2891876796943302656
3063054823059357696
378395844367351808
5783753593886605312
6126109646118715392
756791688734703616
11567507187773210624
12252219292237430784
1513301906787663872
4688551776813580288
6057694515060277248
3026603813575327744
9377103553627160576
12115389030120554496
6052926156468912128
307744508521480192
5784033990826524672
12105852312937824256
615489017042960384
11568067981653049344
5764960556461064192
1230696563404177408
4689673364573257728
11529921112922128384
2461393126808354816
9379346729146515456
4613098156429672448
4922504782934966272
312230859560189952
9226196312859344896
9845009565869932544
624461719120379904
5930026985848832
1243275062325280768
1248641967559016448
11860053971697664
2486550124650561536
2497283935118032896
23720107943395328
4973100249301123072
4994567870236065792
