176 66 88 22
0 2 22 1 44 1
1 2 23 1 45 1
2 2 24 1 46 1
3 2 25 1 47 1
4 2 26 1 48 1
5 2 27 1 49 1
6 2 28 1 50 1
7 2 29 1 51 1
8 2 30 1 52 1
9 2 31 1 53 1
10 2 32 1 54 1
11 2 33 1 55 1
12 2 34 1 56 1
13 2 35 1 57 1
14 2 36 1 58 1
15 2 37 1 59 1
16 2 38 1 60 1
17 2 39 1 61 1
18 2 40 1 62 1
19 2 41 1 63 1
20 2 42 1 64 1
21 2 43 1 65 1
0 1 23 2 56 1
1 1 24 2 57 1
2 1 25 2 58 1
3 1 26 2 59 1
4 1 27 2 60 1
5 1 28 2 61 1
6 1 29 2 62 1
7 1 30 2 63 1
8 1 31 2 64 1
9 1 32 2 65 1
10 1 33 2 44 1
11 1 34 2 45 1
12 1 35 2 46 1
13 1 36 2 47 1
14 1 37 2 48 1
15 1 38 2 49 1
16 1 39 2 50 1
17 1 40 2 51 1
18 1 41 2 52 1
19 1 42 2 53 1
20 1 43 2 54 1
21 1 22 2 55 1
0 1 32 1 55 2
1 1 33 1 56 2
2 1 34 1 57 2
3 1 35 1 58 2
4 1 36 1 59 2
5 1 37 1 60 2
6 1 38 1 61 2
7 1 39 1 62 2
8 1 40 1 63 2
9 1 41 1 64 2
10 1 42 1 65 2
11 1 43 1 44 2
12 1 22 1 45 2
13 1 23 1 46 2
14 1 24 1 47 2
15 1 25 1 48 2
16 1 26 1 49 2
17 1 27 1 50 2
18 1 28 1 51 2
19 1 29 1 52 2
20 1 30 1 53 2
21 1 31 1 54 2
0 1 33 1 54 1
1 1 34 1 55 1
2 1 35 1 56 1
3 1 36 1 57 1
4 1 37 1 58 1
5 1 38 1 59 1
6 1 39 1 60 1
7 1 40 1 61 1
8 1 41 1 62 1
9 1 42 1 63 1
10 1 43 1 64 1
11 1 22 1 65 1
12 1 23 1 44 1
13 1 24 1 45 1
14 1 25 1 46 1
15 1 26 1 47 1
16 1 27 1 48 1
17 1 28 1 49 1
18 1 29 1 50 1
19 1 30 1 51 1
20 1 31 1 52 1
21 1 32 1 53 1
0 1 43 1 49 1
1 1 22 1 50 1
2 1 23 1 51 1
3 1 24 1 52 1
4 1 25 1 53 1
5 1 26 1 54 1
6 1 27 1 55 1
7 1 28 1 56 1
8 1 29 1 57 1
9 1 30 1 58 1
10 1 31 1 59 1
11 1 32 1 60 1
12 1 33 1 61 1
13 1 34 1 62 1
14 1 35 1 63 1
15 1 36 1 64 1
16 1 37 1 65 1
17 1 38 1 44 1
18 1 39 1 45 1
19 1 40 1 46 1
20 1 41 1 47 1
21 1 42 1 48 1
0 1 42 1 52 1
1 1 43 1 53 1
2 1 22 1 54 1
3 1 23 1 55 1
4 1 24 1 56 1
5 1 25 1 57 1
6 1 26 1 58 1
7 1 27 1 59 1
8 1 28 1 60 1
9 1 29 1 61 1
10 1 30 1 62 1
11 1 31 1 63 1
12 1 32 1 64 1
13 1 33 1 65 1
14 1 34 1 44 1
15 1 35 1 45 1
16 1 36 1 46 1
17 1 37 1 47 1
18 1 38 1 48 1
19 1 39 1 49 1
20 1 40 1 50 1
21 1 41 1 51 1
0 1 41 1 50 1
1 1 42 1 51 1
2 1 43 1 52 1
3 1 22 1 53 1
4 1 23 1 54 1
5 1 24 1 55 1
6 1 25 1 56 1
7 1 26 1 57 1
8 1 27 1 58 1
9 1 28 1 59 1
10 1 29 1 60 1
11 1 30 1 61 1
12 1 31 1 62 1
13 1 32 1 63 1
14 1 33 1 64 1
15 1 34 1 65 1
16 1 35 1 44 1
17 1 36 1 45 1
18 1 37 1 46 1
19 1 38 1 47 1
20 1 39 1 48 1
21 1 40 1 49 1
0 1 28 1 58 1
1 1 29 1 59 1
2 1 30 1 60 1
3 1 31 1 61 1
4 1 32 1 62 1
5 1 33 1 63 1
6 1 34 1 64 1
7 1 35 1 65 1
8 1 36 1 44 1
9 1 37 1 45 1
10 1 38 1 46 1
11 1 39 1 47 1
12 1 40 1 48 1
13 1 41 1 49 1
14 1 42 1 50 1
15 1 43 1 51 1
16 1 22 1 52 1
17 1 23 1 53 1
18 1 24 1 54 1
19 1 25 1 55 1
20 1 26 1 56 1
21 1 27 1 57 1
0 0
0 0
0 0
0 0
0 0
0 0
0 0
0 0
0 0
0 0
0 0
0 0
0 0
0 0
0 0
0 0
0 0
0 0
0 0
0 0
0 0
0 0
0 0
0 0
0 0
0 0
0 0
0 0
0 0
0 0
0 0
0 0
0 0
0 0
0 0
0 0
0 0
0 0
0 0
0 0
0 0
0 0
0 0
0 0
0 0
0 0
0 0
0 0
0 0
0 0
0 0
0 0
0 0
0 0
0 0
0 0
0 0
0 0
0 0
0 0
0 0
0 0
0 0
0 0
0 0
0 0
2200365957376 0
268960064 0
2200096997440 0
4400731914752 0
537920128 0
4400193994880 0
8801463829504 0
1075840256 0
8800387989760 0
10741614593 0
2147486209 0
8594129408 0
21483229186 0
4294972418 0
17188258816 0
42966458372 0
8589944836 0
34376517632 0
85932916744 0
17179889672 0
68753035264 0
171865833488 0
34359779344 0
137506070528 0
343731666976 0
68719558688 0
275012141056 0
687463333952 0
137439117376 0
550024282112 0
1374926667904 0
274878234752 0
1100048564224 0
2749853335808 0
549756469504 0
2200097128448 0
5499706671616 0
1099512939008 0
4400194256896 0
10999413343232 0
2199025878016 0
8800388513792 0
4406640642049 0
4398047561729 0
8595177472 0
8813281284098 0
8796095123458 0
17190354944 0
34380718084 0
4202501 0
34376515585 0
68761436168 0
8405002 0
68753031170 0
137522872336 0
16810004 0
137506062340 0
275045744672 0
33620008 0
275012124680 0
550091489344 0
67240016 0
550024249360 0
1100182978688 0
134480032 0
1100048498720 0
0 0
0 0
0 0
0 0
0 0
0 0
0 0
0 0
0 0
0 0
0 0
0 0
0 0
0 0
0 0
0 0
0 0
0 0
0 0
0 0
0 0
0 0
0 0
0 0
0 0
0 0
0 0
0 0
0 0
0 0
0 0
0 0
0 0
0 0
0 0
0 0
0 0
0 0
0 0
0 0
0 0
0 0
0 0
0 0
0 0
0 0
0 0
0 0
0 0
0 0
0 0
0 0
0 0
0 0
0 0
0 0
0 0
0 0
0 0
0 0
0 0
0 0
0 0
0 0
0 0
0 0
0 0
0 0
0 0
0 0
0 0
0 0
0 0
0 0
0 0
0 0
0 0
0 0
0 0
0 0
0 0
0 0
0 0
0 0
0 0
0 0
0 0
0 0
0 0
0 0
0 0
0 0
0 0
0 0
0 0
0 0
0 0
0 0
0 0
0 0
0 0
0 0
0 0
0 0
0 0
0 0
0 0
0 0
0 0
0 0
0 0
0 0
0 0
0 0
0 0
0 0
0 0
0 0
0 0
0 0
0 0
0 0
0 0
0 0
0 0
0 0
0 0
0 0
0 0
0 0
0 0
0 0
550025953408 14680065
9223378634729979968 10485763
9223379184218800320 4194306
1100051906816 12582918
30787936452736 4194311
31886914093440 8388609
19792285663745 8388620
61575877099776 8388618
46181642142465 6
39584567133187 28
123151758393856 20
92363284284931 8
79169134266374 56
246303516787712 40
184726568569862 16
140746082488333 112
492607029381121 80
351860955289612 32
281492164976666 224
985214058762242 160
703721910579224 64
562984329953332 448
1970428117524484 320
1407443821158448 128
1125968659906664 896
3940856235048968 640
2814887642316896 256
2251937319813328 1792
7881712470097936 1280
5629775284633792 512
4503874639626656 3584
15763424940195872 2560
11259550569267584 1024
9007749279253312 7168
31526849880391744 5120
22519101138535168 2048
18015498558506624 14336
63053699760783488 10240
45038202277070336 4096
36030997117013248 28672
126107399521566976 20480
90076404554140672 8192
72061994234026496 57344
252214799043133952 40960
180152809108281344 16384
144123988463858689 114688
504412005904417792 81920
360288026030518273 32768
288230384745867266 229376
1008806419622791169 163840
720576052056842243 65536
576460769491734532 458752
2017612839245582338 327680
1441152104113684486 131072
1152921538983469064 917504
4035225678491164676 655360
2882304208227368972 262144
2305843077966938128 1835008
8070451356982329352 1310720
5764608416454737944 524288
4611686155933876256 3670016
16140902713964658704 2621440
11529216832909475888 1048576
9223372311867752512 7340032
13835061354219765792 5242881
4611689592109400160 2097153
9229001536388988928 256
1125899906842624 2098176
9227875636482146304 2098432
11258999068426240 513
2251799813685248 4196352
9007199254740992 4196865
22517998136852480 1026
4503599627370496 8392704
18014398509481984 8393730
45053588459749376 2048
9007199254740992 8196
36046389205008384 10244
90107176919498752 4096
18014398509481984 16392
72092778410016768 20488
180214353838997504 8192
36028797018963968 32784
144185556820033536 40976
360428707677995008 16384
72057594037927936 65568
288371113640067072 81952
720857415355990016 32768
144115188075855872 131136
576742227280134144 163904
1441714830711980032 65536
288230376151711744 262272
1153484454560268288 327808
2883429661423960064 131072
576460752303423488 524544
2306968909120536576 655616
5766859322847920128 262144
1152921504606846976 1049088
4613937818241073152 1311232
11533718645695840256 524288
2305843009213693952 2098176
9227875636482146304 2622464
4620693217682128896 1048577
4611686018427387904 4196352
9007199254740992 5244929
9241386435364257792 2097154
9223372036854775808 8392704
18014398509481984 10489858
36046389205008384 4194305
0 8197
36046389205008384 4202500
72092778410016768 8388610
0 16394
72092778410016768 8405000
144203149006077952 4
17592186044416 32784
144185556820033536 32788
288406298012155904 8
35184372088832 65568
288371113640067072 65576
576812596024311808 16
70368744177664 131136
576742227280134144 131152
1153625192048623616 32
140737488355328 262272
1153484454560268288 262304
2307250384097247232 64
281474976710656 524544
2306968909120536576 524608
4614500768194494464 128
562949953421312 1049088
4613937818241073152 1049216
1729663766313832455 131216
577094122637107216 262352
1153836315490398231 393280
3459327532627664910 262432
1154188245274214432 524704
2307672630980796462 786560
6918655065255329820 524864
2308376490548428864 1049408
4615345261961592924 1573120
13837310130510659640 1049728
4616752981096857728 2098816
9230690523923185848 3146240
9227876187311767664 2099457
9233505962193715456 4197632
14636974136820080 6292481
9008300913983712 4198915
20267850677879296 8395265
29273948273640160 12584962
18034194014011840 8397826
40535701355758592 13318
58565488733324736 8392708
36085980214068096 18436
81088994897561600 26632
117130977466649472 8204
72171960428136192 36872
162177989795123200 53264
234261954933298944 16408
144326328674422272 73744
324338387404201985 106528
468523909862403585 32816
288652657344650241 147488
648659182626553858 213056
937030227538762755 65632
577305314689300482 294976
1297318365253107716 426112
1874060455077525510 131264
1154610629378600964 589952
2594636730506215432 852224
3748120910155051020 262528
2309221258757201928 1179904
5189273461012430864 1704448
7496241820310102040 525056
4618442517514403856 2359808
10378546922024861728 3408896
14992483640620204080 1050112
9236885035028807712 4719616
2310349770340171840 6817793
11538223207530856544 2100225
27025996348063808 9439233
4620699540680343680 13635586
4629702341352161472 4200451
54051992696127616 2101254
9241416673546731776 10493956
9259422274890367360 8400898
108103985396449536 4202504
36071681197867521 4210701
72118068253033217 24581
216207970792899072 8405008
72143362395735042 8421402
144236136506066434 49162
432415941581603841 32804
144286724795664388 65588
288472273012132869 98320
864831883159013379 65608
288555857409478664 131176
576926953838221323 196640
54054190914994432 12595202
54057490524405824 4194307
7697658544448 8400897
108108381834183168 8413188
108114981048811649 8388610
15395312894593 24582
216216763664172033 49164
216229962101817602 4
30790625789187 49160
432415935142299651 98328
432459924199440901 8
43989069728262 98320
864831870280404999 196656
864902256217031690 16
70385953412109 196640
1729663740560809998 393312
1729804512434063380 32
140771906824218 393280
3459327481121619996 786624
3459609024868126760 64
281543813648436 786560
6918654962243239992 1573248
6919218049736253520 128
563087627296872 1573120
13837309924486479984 3146496
13838436099472507040 256
1126175254593744 3146240
9227875775263408352 6292993
9230128125235462464 513
2252350509187488 6292480
9007476817265088 12585987
13512176761373312 1027
4504701018374976 12584960
18032545820574592 8394758
27041945708791040 2050
9009402036749952 8392708
36082683827193600 12300
54101483603626496 4096
18018804073499904 8204
72165367654387200 24600
108202967207252992 8192
36037608146999808 16408
144330735304580097 49200
216388342232655872 16384
72057624107955201 32816
288661470609160194 98400
432776684465311744 32768
144115248215910402 65632
577305349036470276 196800
865535776744579073 65536
288230496427626501 131264
1154610698072940552 393600
1731071553489158146 131072
576460992855253002 262528
2309221396145881104 787200
3462143106978316292 262144
1152921985710506004 525056
4618442792291762208 1574400
6924286213956632584 524288
2305843971421012008 1050112
9236885584583524416 3148800
13848572427913265168 1048576
4611687942842024016 2100224
27027095457497216 6297601
9250400782116978720 2097153
9223375885684048032 4200448
