132 352
8 0 84 120 136 177 224 296 348
9 1 85 121 137 176 177 225 297 349
8 2 86 122 138 179 226 298 350
9 3 87 123 139 178 179 227 299 351
8 4 44 124 140 181 228 300 308
9 5 45 125 141 180 181 229 301 309
8 6 46 126 142 183 230 302 310
9 7 47 127 143 182 183 231 303 311
8 8 48 128 144 185 232 304 312
9 9 49 129 145 184 185 233 305 313
8 10 50 130 146 187 234 306 314
9 11 51 131 147 186 187 235 307 315
8 12 52 88 148 189 236 264 316
9 13 53 89 149 188 189 237 265 317
8 14 54 90 150 191 238 266 318
9 15 55 91 151 190 191 239 267 319
8 16 56 92 152 193 240 268 320
9 17 57 93 153 192 193 241 269 321
8 18 58 94 154 195 242 270 322
9 19 59 95 155 194 195 243 271 323
8 20 60 96 156 197 244 272 324
9 21 61 97 157 196 197 245 273 325
8 22 62 98 158 199 246 274 326
9 23 63 99 159 198 199 247 275 327
8 24 64 100 160 201 248 276 328
9 25 65 101 161 200 201 249 277 329
8 26 66 102 162 203 250 278 330
9 27 67 103 163 202 203 251 279 331
8 28 68 104 164 205 252 280 332
9 29 69 105 165 204 205 253 281 333
8 30 70 106 166 207 254 282 334
9 31 71 107 167 206 207 255 283 335
8 32 72 108 168 209 256 284 336
9 33 73 109 169 208 209 257 285 337
8 34 74 110 170 211 258 286 338
9 35 75 111 171 210 211 259 287 339
8 36 76 112 172 213 260 288 340
9 37 77 113 173 212 213 261 289 341
8 38 78 114 174 215 262 290 342
9 39 79 115 175 214 215 263 291 343
8 40 80 116 132 217 220 292 344
9 41 81 117 133 216 217 221 293 345
8 42 82 118 134 219 222 294 346
9 43 83 119 135 218 219 223 295 347
8 0 82 126 138 192 221 270 324
9 1 83 127 139 193 220 221 271 325
8 2 84 128 140 194 223 272 326
9 3 85 129 141 195 222 223 273 327
8 4 86 130 142 196 225 274 328
9 5 87 131 143 197 224 225 275 329
8 6 44 88 144 198 227 276 330
9 7 45 89 145 199 226 227 277 331
8 8 46 90 146 200 229 278 332
9 9 47 91 147 201 228 229 279 333
8 10 48 92 148 202 231 280 334
9 11 49 93 149 203 230 231 281 335
8 12 50 94 150 204 233 282 336
9 13 51 95 151 205 232 233 283 337
8 14 52 96 152 206 235 284 338
9 15 53 97 153 207 234 235 285 339
8 16 54 98 154 208 237 286 340
9 17 55 99 155 209 236 237 287 341
8 18 56 100 156 210 239 288 342
9 19 57 101 157 211 238 239 289 343
8 20 58 102 158 212 241 290 344
9 21 59 103 159 213 240 241 291 345
8 22 60 104 160 214 243 292 346
9 23 61 105 161 215 242 243 293 347
8 24 62 106 162 216 245 294 348
9 25 63 107 163 217 244 245 295 349
8 26 64 108 164 218 247 296 350
9 27 65 109 165 219 246 247 297 351
8 28 66 110 166 176 249 298 308
9 29 67 111 167 177 248 249 299 309
8 30 68 112 168 178 251 300 310
9 31 69 113 169 179 250 251 301 311
8 32 70 114 170 180 253 302 312
9 33 71 115 171 181 252 253 303 313
8 34 72 116 172 182 255 304 314
9 35 73 117 173 183 254 255 305 315
8 36 74 118 174 184 257 306 316
9 37 75 119 175 185 256 257 307 317
8 38 76 120 132 186 259 264 318
9 39 77 121 133 187 258 259 265 319
8 40 78 122 134 188 261 266 320
9 41 79 123 135 189 260 261 267 321
8 42 80 124 136 190 263 268 322
9 43 81 125 137 191 262 263 269 323
8 0 80 122 164 210 256 265 340
9 1 81 123 165 211 257 264 265 341
8 2 82 124 166 212 258 267 342
9 3 83 125 167 213 259 266 267 343
8 4 84 126 168 214 260 269 344
9 5 85 127 169 215 261 268 269 345
8 6 86 128 170 216 262 271 346
9 7 87 129 171 217 263 270 271 347
8 8 44 130 172 218 220 273 348
9 9 45 131 173 219 221 272 273 349
8 10 46 88 174 176 222 275 350
9 11 47 89 175 177 223 274 275 351
8 12 48 90 132 178 224 277 308
9 13 49 91 133 179 225 276 277 309
8 14 50 92 134 180 226 279 310
9 15 51 93 135 181 227 278 279 311
8 16 52 94 136 182 228 281 312
9 17 53 95 137 183 229 280 281 313
8 18 54 96 138 184 230 283 314
9 19 55 97 139 185 231 282 283 315
8 20 56 98 140 186 232 285 316
9 21 57 99 141 187 233 284 285 317
8 22 58 100 142 188 234 287 318
9 23 59 101 143 189 235 286 287 319
8 24 60 102 144 190 236 289 320
9 25 61 103 145 191 237 288 289 321
8 26 62 104 146 192 238 291 322
9 27 63 105 147 193 239 290 291 323
8 28 64 106 148 194 240 293 324
9 29 65 107 149 195 241 292 293 325
8 30 66 108 150 196 242 295 326
9 31 67 109 151 197 243 294 295 327
8 32 68 110 152 198 244 297 328
9 33 69 111 153 199 245 296 297 329
8 34 70 112 154 200 246 299 330
9 35 71 113 155 201 247 298 299 331
8 36 72 114 156 202 248 301 332
9 37 73 115 157 203 249 300 301 333
8 38 74 116 158 204 250 303 334
9 39 75 117 159 205 251 302 303 335
8 40 76 118 160 206 252 305 336
9 41 77 119 161 207 253 304 305 337
8 42 78 120 162 208 254 307 338
9 43 79 121 163 209 255 306 307 339
