160 60 80 20
0 1 20 1 40 1
1 1 21 1 41 1
2 1 22 1 42 1
3 1 23 1 43 1
4 1 24 1 44 1
5 1 25 1 45 1
6 1 26 1 46 1
7 1 27 1 47 1
8 1 28 1 48 1
9 1 29 1 49 1
10 1 30 1 50 1
11 1 31 1 51 1
12 1 32 1 52 1
13 1 33 1 53 1
14 1 34 1 54 1
15 1 35 1 55 1
16 1 36 1 56 1
17 1 37 1 57 1
18 1 38 1 58 1
19 1 39 1 59 1
14 1 33 1 43 1
15 1 34 1 44 1
16 1 35 1 45 1
17 1 36 1 46 1
18 1 37 1 47 1
19 1 38 1 48 1
0 1 39 1 49 1
1 1 20 1 50 1
2 1 21 1 51 1
3 1 22 1 52 1
4 1 23 1 53 1
5 1 24 1 54 1
6 1 25 1 55 1
7 1 26 1 56 1
8 1 27 1 57 1
9 1 28 1 58 1
10 1 29 1 59 1
11 1 30 1 40 1
12 1 31 1 41 1
13 1 32 1 42 1
14 1 30 1 59 1
15 1 31 1 40 1
16 1 32 1 41 1
17 1 33 1 42 1
18 1 34 1 43 1
19 1 35 1 44 1
0 1 36 1 45 1
1 1 37 1 46 1
2 1 38 1 47 1
3 1 39 1 48 1
4 1 20 1 49 1
5 1 21 1 50 1
6 1 22 1 51 1
7 1 23 1 52 1
8 1 24 1 53 1
9 1 25 1 54 1
10 1 26 1 55 1
11 1 27 1 56 1
12 1 28 1 57 1
13 1 29 1 58 1
2 1 32 1 48 1
3 1 33 1 49 1
4 1 34 1 50 1
5 1 35 1 51 1
6 1 36 1 52 1
7 1 37 1 53 1
8 1 38 1 54 1
9 1 39 1 55 1
10 1 20 1 56 1
11 1 21 1 57 1
12 1 22 1 58 1
13 1 23 1 59 1
14 1 24 1 40 1
15 1 25 1 41 1
16 1 26 1 42 1
17 1 27 1 43 1
18 1 28 1 44 1
19 1 29 1 45 1
0 1 30 1 46 1
1 1 31 1 47 1
0 2 33 1 59 1
1 2 34 1 40 1
2 2 35 1 41 1
3 2 36 1 42 1
4 2 37 1 43 1
5 2 38 1 44 1
6 2 39 1 45 1
7 2 20 1 46 1
8 2 21 1 47 1
9 2 22 1 48 1
10 2 23 1 49 1
11 2 24 1 50 1
12 2 25 1 51 1
13 2 26 1 52 1
14 2 27 1 53 1
15 2 28 1 54 1
16 2 29 1 55 1
17 2 30 1 56 1
18 2 31 1 57 1
19 2 32 1 58 1
2 1 20 2 43 1
3 1 21 2 44 1
4 1 22 2 45 1
5 1 23 2 46 1
6 1 24 2 47 1
7 1 25 2 48 1
8 1 26 2 49 1
9 1 27 2 50 1
10 1 28 2 51 1
11 1 29 2 52 1
12 1 30 2 53 1
13 1 31 2 54 1
14 1 32 2 55 1
15 1 33 2 56 1
16 1 34 2 57 1
17 1 35 2 58 1
18 1 36 2 59 1
19 1 37 2 40 1
0 1 38 2 41 1
1 1 39 2 42 1
4 1 32 1 40 2
5 1 33 1 41 2
6 1 34 1 42 2
7 1 35 1 43 2
8 1 36 1 44 2
9 1 37 1 45 2
10 1 38 1 46 2
11 1 39 1 47 2
12 1 20 1 48 2
13 1 21 1 49 2
14 1 22 1 50 2
15 1 23 1 51 2
16 1 24 1 52 2
17 1 25 1 53 2
18 1 26 1 54 2
19 1 27 1 55 2
0 1 28 1 56 2
1 1 29 1 57 2
2 1 30 1 58 2
3 1 31 1 59 2
4 1 30 1 48 1
5 1 31 1 49 1
6 1 32 1 50 1
7 1 33 1 51 1
8 1 34 1 52 1
9 1 35 1 53 1
10 1 36 1 54 1
11 1 37 1 55 1
12 1 38 1 56 1
13 1 39 1 57 1
14 1 20 1 58 1
15 1 21 1 59 1
16 1 22 1 40 1
17 1 23 1 41 1
18 1 24 1 42 1
19 1 25 1 43 1
0 1 26 1 44 1
1 1 27 1 45 1
2 1 28 1 46 1
3 1 29 1 47 1
577184798427202112 33825
2900899389428482560 1032
2324000499458244672 32809
1154369596855452800 2114
4648877274250118145 2064
5800922503522287745 82
2308739193710905600 4228
9297754548500236290 4128
11601845007044575490 164
4617478387420762625 8456
148763923780341764 8257
4756944840867971589 329
9234956774841525250 16912
297527847560683528 16514
9513889681735943178 658
23169475973498884 33825
595055695121367056 33028
581035289762334740 1317
1199259357042216969 2114
1190112489753313313 520
9149074918871080 2634
2398518714084433938 4228
2380224979506626626 1040
18298149837742160 5268
4797037428168867876 8456
4760449959013253252 2080
36596299675484320 10536
9594074856337735752 16912
9520899918026506504 4160
73192599350968640 21072
741405638965919888 33825
595055762343461392 8321
146385198701937280 42144
1482811277931839777 2114
37191119590655009 16642
1445690802500142336 18752
2965622555863679554 4228
74382239181310018 33284
2891381605000284672 37504
4778324706632139908 8456
1301685982969467012 1032
5782764309512197120 9472
9556649413263231241 16912
2603370866428354824 2064
11565527519512766465 18944
666554752816910866 33825
5206741732856709648 4128
4684310965315981314 37889
1333110605145449508 2114
9260563060618200096 8256
10521543435238809604 10242
2666221210290899016 4228
74382047526848576 16513
2596342796768067592 20485
5332442420581798032 8456
148764095053697152 33026
5192685593536135184 40970
9511964436068376864 16912
1450449694714241280 516
10385372286583898144 16404
6936111324510830612 1025
2323881614784332352 33
4612269326546780756 1056
13872221549510033449 2050
4647763229567616129 66
9224537553582982312 2112
9297699025310515282 4101
9295526459135232258 132
2331033456413008 4225
148653976911478948 8203
144308844560912900 265
4662066912826016 8450
297307953822957896 16406
288617689121825800 530
9324133825652032 16900
594615907645915792 32812
577235378243651600 1060
18648267651304064 33800
1189232914802410785 88
1549251881504800 2120
1190216940397827329 2064
2378465829604821570 176
3098503763009600 4240
2380433880795654658 4128
4756931659209643140 352
6197007526019200 8480
4760867761591309316 8256
9513863318419286280 704
12394015052038400 16960
9521735523182618632 16512
580982563129020944 1409
24788030104076800 33920
596726972655685648 33025
9043621652243488 2818
1202496465303372801 2304
1193455044821950497 514
18087243304486976 5636
2404992930606745602 4608
2386910089643900994 1028
36174486608973952 11272
4809985861213491204 9216
4773820179287801988 2056
72347873707368704 22544
9619970622915354633 18432
9547640358574555401 4112
144695747414737408 45088
793197172121157650 36865
648536643439559186 8225
1442312999435273217 24640
1586394344243363876 8194
144151782272271397 16450
2884625998870546434 49280
3172788688486727752 16388
288303564544542794 32900
5769253097251672069 33024
5192655872367657104 32776
1729527534184304789 264
12691427699110191114 512
10385312844246941984 16
2306134663273390378 528
5332424687064449684 1
21990387745280 40968
5332402696987082900 40969
9511928969033680168 2
1152965485382337536 16400
10664806493485793576 16402
577113864357808720 5
2305930970764675072 32800
2882868913262035536 32805
1307323620398240 10
5764783446136197120 64
5765738926035698848 74
2614647240796480 20
11529566892272394240 128
11531477852071397696 148
5229294481592960 40
4612389710835236864 257
4616211630433243776 297
10458588963185920 80
9224779421670473728 514
9232423260866487552 594
20917177926371840 160
2814769631395840 1029
18102448023423488 1189
41834355852743680 320
5629539262791680 2058
36204896046846976 2378
83668711705487360 640
11259078525583360 4116
72409792093693952 4756
167337423410974720 1280
22518157051166720 8232
144819584187387904 9512
334673747310321665 2560
45036314101284865 16464
289638068864196608 19024
669347494620643330 5120
90072628202569730 32928
579276137728393216 38048
185774584145018885 10240
1333065661501407236 320
1158552275456786433 10560
371549168290037770 20480
2666131323002814472 640
2317104550913572866 21120
743098336580075540 40960
5332262646005628944 1280
4634209101827145732 42240
1486197772670730281 16384
9511603787405459488 2560
10421338608749510665 18944
2972395545341460562 32768
576463501101367360 5121
2395933143789469714 37889
5944792190193500325 0
5497596936320 10242
5944786692674158629 10242
11889584380387000650 0
10995193872640 20484
11889573385348317258 20484
137438953600 0
137573302272 0
134348928 0
274877907200 0
275146604544 0
268697856 0
549755814400 0
550293209088 0
537395712 0
1049600 0
1074790401 0
1073742849 0
2099200 0
2149580802 0
2147485698 0
4198400 0
4299161604 0
4294971396 0
8396800 0
8598323208 0
8589942792 0
16793600 0
17196646416 0
17179885584 0
33587200 0
34393292832 0
34359771168 0
67174400 0
68786585664 0
68719542336 0
134348800 0
137573171328 0
137439084672 0
268697600 0
275146342656 0
274878169344 0
537395200 0
550292685312 0
549756338688 0
1073741825 0
1074791424 0
1049601 0
2147483650 0
2149582848 0
2099202 0
4294967300 0
4299165696 0
4198404 0
8589934600 0
8598331392 0
8396808 0
17179869200 0
17196662784 0
16793616 0
34359738400 0
34393325568 0
33587232 0
68719476800 0
68786651136 0
67174464 0
0 0
0 0
0 0
0 0
0 0
0 0
0 0
0 0
0 0
0 0
0 0
0 0
0 0
0 0
0 0
0 0
0 0
0 0
0 0
0 0
0 0
0 0
0 0
0 0
0 0
0 0
0 0
0 0
0 0
0 0
0 0
0 0
0 0
0 0
0 0
0 0
0 0
0 0
0 0
0 0
0 0
0 0
0 0
0 0
0 0
0 0
0 0
0 0
0 0
0 0
0 0
0 0
0 0
0 0
0 0
0 0
0 0
0 0
0 0
0 0
0 0
0 0
0 0
0 0
0 0
0 0
0 0
0 0
0 0
0 0
0 0
0 0
0 0
0 0
0 0
0 0
0 0
0 0
0 0
0 0
0 0
0 0
0 0
0 0
0 0
0 0
0 0
0 0
0 0
0 0
0 0
0 0
0 0
0 0
0 0
0 0
0 0
0 0
0 0
0 0
0 0
0 0
0 0
0 0
0 0
0 0
0 0
0 0
0 0
0 0
0 0
0 0
0 0
0 0
0 0
0 0
0 0
0 0
0 0
0 0
0 0
0 0
0 0
0 0
0 0
0 0
0 0
0 0
0 0
0 0
0 0
0 0
0 0
0 0
0 0
0 0
0 0
0 0
0 0
0 0
0 0
0 0
0 0
0 0
0 0
0 0
0 0
0 0
0 0
0 0
0 0
0 0
0 0
0 0
0 0
0 0
0 0
0 0
0 0
0 0
0 0
0 0
0 0
0 0
0 0
0 0
0 0
0 0
0 0
0 0
0 0
0 0
0 0
0 0
0 0
0 0
0 0
0 0
0 0
0 0
144255925564211200 8
140737488355328 8192
144115188075855872 8200
288511851128422400 16
281474976710656 16384
288230376151711744 16400
577023702256844800 32
562949953421312 32768
576460752303423488 32800
1126999418470400 64
1154047404513689600 0
1152922604118474752 64
2253998836940800 128
2308094809027379200 0
2305845208236949504 128
4507997673881600 256
4616189618054758400 0
4611690416473899008 256
9015995347763200 512
9232379236109516800 0
9223380832947798016 512
18031990695526400 1024
18014398509481984 1
17592186044416 1025
36063981391052800 2048
36028797018963968 2
35184372088832 2050
72127962782105600 4096
72057594037927936 4
70368744177664 4100
144255925564211200 8192
144115188075855872 8
140737488355328 8200
288511851128422400 16384
288230376151711744 16
281474976710656 16400
577023702256844800 32768
576460752303423488 32
562949953421312 32800
1154048504025317376 0
1099511627776 64
1154047404513689600 64
2308097008050634752 0
2199023255552 128
2308094809027379200 128
4616194016101269504 0
4398046511104 256
4616189618054758400 256
9232388032202539008 0
8796093022208 512
9232379236109516800 512
18031990695526400 1
17592186044416 1024
18014398509481984 1025
36063981391052800 2
35184372088832 2048
36028797018963968 2050
72127962782105600 4
70368744177664 4096
72057594037927936 4100
