192 72 2 24
0 1 24 1 48 1 3756283564220489730 134217984 1743456005779369987 201327104 3175882162276667393 67109632
1 1 25 1 49 1 15025134256881958920 536871936 6973824023117479948 805308416 12703528649106669572 268438528
2 1 26 1 50 1 4760304806399180832 2147487747 9448552018760368176 3221233665 13920626449007575056 1073754114
3 1 27 1 51 1 595038101840593024 16397 901564352552501440 32774 342555049878356032 49163
4 1 28 1 52 1 2380152407362372096 65588 3606257410210005760 131096 1370220199513424128 196652
5 1 29 1 53 1 9520609629449488384 262352 14425029640840023040 524384 5480880798053696512 786608
6 1 30 1 54 1 1188950370378850304 1049410 2359886342231437312 2097539 3476779118505234432 3146433
7 1 31 1 55 1 4755801481515401216 4197640 9439545368925749248 8390156 13907116474020937728 12585732
8 1 32 1 56 1 576461852352053248 16790561 864693328283893760 33560626 288233674955096064 50342931
9 1 33 1 57 1 2305847409408212992 67162244 3458773313135575040 134242504 1152934699820384256 201371724
10 1 34 1 58 1 9223389637632851968 268648976 13835093252542300160 536970016 4611738799281537024 805486896
11 1 35 1 59 1 70403112304640 1074595906 140789040545792 2147880067 211123416596480 3221947585
12 1 36 1 60 1 281612449218561 3416328 563156162183170 1585676 844493666385923 2888452
13 1 37 1 61 1 1126449796874244 13665312 2252624648732680 6342704 3377974665543692 11553808
14 1 38 1 62 1 4505799187496976 54661248 9010498594930720 25370816 13511898662174768 46215232
15 1 39 1 63 1 18023196749987904 218644992 36041994379722880 101483264 54047594648699072 184860928
16 1 40 1 64 1 72092786999951616 874579968 144167977518891520 405933056 216190378594796288 739443712
17 1 41 1 65 1 288371147999806464 3498319872 576671910075566080 1623732224 864761514379185152 2957774848
18 1 42 1 66 1 1153766066975936514 1108377600 2306124690348843011 2199961600 3459327532493451265 3241164800
19 1 43 1 67 1 4615345742880456712 138543104 9225061711348793356 209911808 13838154554903937028 79757312
20 1 44 1 68 1 14638897812275232 554172417 6758697976070192 839647234 12385998487093264 319029251
21 1 45 1 69 1 58555591249100928 2216689668 27034791904280768 3358588936 49543993948373056 1276117004
22 1 46 1 70 1 234785314949825024 276824080 108983592547255040 549453856 198457450770202880 809500720
23 1 47 1 71 1 939141259799300096 1107296320 435934370189020160 2197815424 793829803080811520 3238002880
5 1 47 1 56 1 1729945413056475201 219152384 3171378631369035906 102760448 3747276502405226691 187695104
6 1 24 1 57 1 6919781652225900804 876609536 12685514525476143624 411041792 14989106009620906764 750780416
7 1 25 1 58 1 9232382535194051600 3506438145 13848569954485471264 1644167170 4616191817354972208 3003121667
8 1 26 1 59 1 36886418287235136 1140850694 54329071789940864 2281701387 18586145663758528 3422552077
9 1 27 1 60 1 147827148125651200 268435480 217879237113184768 536870956 75189007585166080 805306420
10 1 28 1 61 1 591308592502604800 1073741920 871516948452739072 2147483824 300756030340664320 3221225680
11 1 29 1 62 1 2364671420056997891 384 3486349268787666945 704 1203305596339367938 832
12 1 30 1 63 1 9458685680227991564 1536 13945397075150667780 2816 4813222385357471752 3328
13 1 31 1 64 1 941254573492863024 6146 441356079474016272 11267 806145467720335392 13313
14 1 32 1 65 1 3765018293971452096 24584 1765424317896065088 45068 3224581870881341568 53252
15 1 33 1 66 1 15060073175885808384 98336 7061697271584260352 180272 12898327483525366272 213008
16 1 34 1 67 1 4900060482414578688 393347 9800045012627489792 721089 14699821786682361856 852034
17 1 35 1 68 1 1152934905995341826 1573389 2305847478160723971 2884358 3458773450624081921 3408139
18 1 36 1 69 1 4611739623981367304 6293556 9223389912642895884 11537432 13835093802496327684 13632556
19 1 37 1 70 1 214422215917600 25174225 71503152480304 46149730 142988856655888 54530227
20 1 38 1 71 1 13263933538435 100696900 4537633210561 184598920 9005473202242 218120908
21 1 39 1 48 1 53055734153740 402787600 18150532842244 738395680 36021892808968 872483632
22 1 40 1 49 1 212222936614960 1611150400 72602131368976 2953582720 144087571235872 3489934528
23 1 41 1 50 1 285941793038531 2149634304 571883502186561 3224396288 857825261654146 1074836224
0 1 42 1 51 1 1706717125575436 8602624 3131958938878212 12683264 3712776023327240 4377600
1 1 43 1 52 1 6826868502301744 34410496 12527835755512848 50733056 14851104093308960 17510400
2 1 44 1 53 1 27025999032496321 137641984 49548393068630082 202932224 58559991443103875 70041600
3 1 45 1 54 1 108103996129985284 550567936 198193572274520328 811728896 234239965772415500 280166400
4 1 46 1 55 1 432415984519941136 2202271744 792774289098081312 3246915584 936959863089662000 1120665600
5 1 25 1 52 1 49539805281517570 17842688 58546864949297155 35685120 27021737351184385 53526784
6 1 26 1 53 1 198159221126070280 71370752 234187459797188620 142740480 108086949404737540 214107136
7 1 27 1 54 1 792636884504281120 285483008 936749839188754480 570961920 432347797618950160 856428544
8 1 28 1 55 1 3170547538017124480 1141932032 3746999356755017920 2283847680 1729391190475800640 3425714176
9 1 29 1 56 1 12682471627045208576 272760832 14988560376973492992 545456128 6918409186833334528 817954816
10 1 30 1 57 1 13836398360761731072 1091043330 4614009286765317120 2181824515 9226892673623786496 3271819265
11 1 31 1 58 1 4798271964848131 69206027 9574548328427521 137363469 14364022052753410 202375174
12 1 32 1 59 1 19193087859392524 276824108 38298193313710084 549453876 57456088211013640 809500696
13 1 33 1 60 1 76772351437570096 1107296432 153192773254840336 2197815504 229824352844054560 3238002784
14 1 34 1 61 1 306526455796859075 134218432 613052567996072001 201327424 919578886352928898 67109248
15 1 35 1 62 1 1226105823187436300 536873728 2452210271984288004 805309696 3678315545411715592 268436992
16 1 36 1 63 1 4904423292749745200 2147494912 9808841087937152016 3221238784 14713262181646862368 1073747968
17 1 37 1 64 1 1171512047242850496 45057 2342720629259636800 53250 3513097980435505280 24579
18 1 38 1 65 1 4686048188971401984 180228 9370882517038547200 213000 14052391921742021120 98316
19 1 39 1 66 1 297448682176056320 720913 590041920735085568 852002 869335465839429632 393267
20 1 40 1 67 1 1188950303774093315 2883652 2359886207963631617 3408008 3476778913404297218 1573068
21 1 41 1 68 1 4755801215096373260 11534608 9439544831854526468 13632032 13907115653617188872 6292272
22 1 42 1 69 1 576460786675941424 46138433 864691179999002640 54528130 288230393340100640 25169091
23 1 43 1 70 1 2305843146703765696 184553732 3458764719996010560 218112520 1152921573360402560 100676364
0 1 44 1 71 1 9223372586815062784 738214928 13835058879984042240 872450080 4611686293441610240 402705456
1 1 45 1 48 1 2199841147904 2952859714 3298807514112 3489800323 1100056889344 1610821825
2 1 46 1 49 1 571749318012928 3221504264 857620160188416 1074299404 285875204268032 2148320004
3 1 47 1 50 1 3131422202183680 1115168 3711955617464320 2230320 1706450770493440 3345424
4 1 24 1 51 1 12525688808734720 4460672 14847822469857280 8921280 6825803081973760 13381696
19 1 34 1 51 1 3221225536 0 1073741952 0 2147483840 0
20 1 35 1 52 1 12884902144 0 4294967808 0 8589935360 0
21 1 36 1 53 1 51539608576 0 17179871232 0 34359741440 0
22 1 37 1 54 1 206158434304 0 68719484928 0 137438965760 0
23 1 38 1 55 1 824633737216 0 274877939712 0 549755863040 0
0 1 39 1 56 1 3298534948864 0 1099511758848 0 2199023452160 0
1 1 40 1 57 1 13194139795456 0 4398047035392 0 8796093808640 0
2 1 41 1 58 1 52776559181824 0 17592188141568 0 35184375234560 0
3 1 42 1 59 1 211106236727296 0 70368752566272 0 140737500938240 0
4 1 43 1 60 1 16777219 0 33554433 0 50331650 0
5 1 44 1 61 1 67108876 0 134217732 0 201326600 0
6 1 45 1 62 1 268435504 0 536870928 0 805306400 0
7 1 46 1 63 1 1073742016 0 2147483712 0 3221225600 0
8 1 47 1 64 1 4294968064 0 8589934848 0 12884902400 0
9 1 24 1 65 1 17179872256 0 34359739392 0 51539609600 0
10 1 25 1 66 1 68719489024 0 137438957568 0 206158438400 0
11 1 26 1 67 1 274877956096 0 549755830272 0 824633753600 0
12 1 27 1 68 1 1099511824384 0 2199023321088 0 3298535014400 0
13 1 28 1 69 1 4398047297536 0 8796093284352 0 13194140057600 0
14 1 29 1 70 1 17592189190144 0 35184373137408 0 52776560230400 0
15 1 30 1 71 1 70368756760576 0 140737492549632 0 211106240921600 0
16 1 31 1 48 1 50331649 0 16777218 0 33554435 0
17 1 32 1 49 1 201326596 0 67108872 0 134217740 0
18 1 33 1 50 1 805306384 0 268435488 0 536870960 0
0 2 47 1 52 1 0 0 0 0 0 0
1 2 24 1 53 1 0 0 0 0 0 0
2 2 25 1 54 1 0 0 0 0 0 0
3 2 26 1 55 1 0 0 0 0 0 0
4 2 27 1 56 1 0 0 0 0 0 0
5 2 28 1 57 1 0 0 0 0 0 0
6 2 29 1 58 1 0 0 0 0 0 0
7 2 30 1 59 1 0 0 0 0 0 0
8 2 31 1 60 1 0 0 0 0 0 0
9 2 32 1 61 1 0 0 0 0 0 0
10 2 33 1 62 1 0 0 0 0 0 0
11 2 34 1 63 1 0 0 0 0 0 0
12 2 35 1 64 1 0 0 0 0 0 0
13 2 36 1 65 1 0 0 0 0 0 0
14 2 37 1 66 1 0 0 0 0 0 0
15 2 38 1 67 1 0 0 0 0 0 0
16 2 39 1 68 1 0 0 0 0 0 0
17 2 40 1 69 1 0 0 0 0 0 0
18 2 41 1 70 1 0 0 0 0 0 0
19 2 42 1 71 1 0 0 0 0 0 0
20 2 43 1 48 1 0 0 0 0 0 0
21 2 44 1 49 1 0 0 0 0 0 0
22 2 45 1 50 1 0 0 0 0 0 0
23 2 46 1 51 1 0 0 0 0 0 0
19 1 24 2 56 1 0 0 0 0 0 0
20 1 25 2 57 1 0 0 0 0 0 0
21 1 26 2 58 1 0 0 0 0 0 0
22 1 27 2 59 1 0 0 0 0 0 0
23 1 28 2 60 1 0 0 0 0 0 0
0 1 29 2 61 1 0 0 0 0 0 0
1 1 30 2 62 1 0 0 0 0 0 0
2 1 31 2 63 1 0 0 0 0 0 0
3 1 32 2 64 1 0 0 0 0 0 0
4 1 33 2 65 1 0 0 0 0 0 0
5 1 34 2 66 1 0 0 0 0 0 0
6 1 35 2 67 1 0 0 0 0 0 0
7 1 36 2 68 1 0 0 0 0 0 0
8 1 37 2 69 1 0 0 0 0 0 0
9 1 38 2 70 1 0 0 0 0 0 0
10 1 39 2 71 1 0 0 0 0 0 0
11 1 40 2 48 1 0 0 0 0 0 0
12 1 41 2 49 1 0 0 0 0 0 0
13 1 42 2 50 1 0 0 0 0 0 0
14 1 43 2 51 1 0 0 0 0 0 0
15 1 44 2 52 1 0 0 0 0 0 0
16 1 45 2 53 1 0 0 0 0 0 0
17 1 46 2 54 1 0 0 0 0 0 0
18 1 47 2 55 1 0 0 0 0 0 0
17 1 34 1 48 2 0 0 0 0 0 0
18 1 35 1 49 2 0 0 0 0 0 0
19 1 36 1 50 2 0 0 0 0 0 0
20 1 37 1 51 2 0 0 0 0 0 0
21 1 38 1 52 2 0 0 0 0 0 0
22 1 39 1 53 2 0 0 0 0 0 0
23 1 40 1 54 2 0 0 0 0 0 0
0 1 41 1 55 2 0 0 0 0 0 0
1 1 42 1 56 2 0 0 0 0 0 0
2 1 43 1 57 2 0 0 0 0 0 0
3 1 44 1 58 2 0 0 0 0 0 0
4 1 45 1 59 2 0 0 0 0 0 0
5 1 46 1 60 2 0 0 0 0 0 0
6 1 47 1 61 2 0 0 0 0 0 0
7 1 24 1 62 2 0 0 0 0 0 0
8 1 25 1 63 2 0 0 0 0 0 0
9 1 26 1 64 2 0 0 0 0 0 0
10 1 27 1 65 2 0 0 0 0 0 0
11 1 28 1 66 2 0 0 0 0 0 0
12 1 29 1 67 2 0 0 0 0 0 0
13 1 30 1 68 2 0 0 0 0 0 0
14 1 31 1 69 2 0 0 0 0 0 0
15 1 32 1 70 2 0 0 0 0 0 0
16 1 33 1 71 2 0 0 0 0 0 0
17 1 25 1 51 1 36028797018963968 16384 54043195528445952 32768 18014398509481984 49152
18 1 26 1 52 1 144115188075855872 65536 216172782113783808 131072 72057594037927936 196608
19 1 27 1 53 1 576460752303423488 262144 864691128455135232 524288 288230376151711744 786432
20 1 28 1 54 1 2305843009213693952 1048576 3458764513820540928 2097152 1152921504606846976 3145728
21 1 29 1 55 1 9223372036854775808 4194304 13835058055282163712 8388608 4611686018427387904 12582912
22 1 30 1 56 1 0 16777218 0 33554435 0 50331649
23 1 31 1 57 1 0 67108872 0 134217740 0 201326596
0 1 32 1 58 1 0 268435488 0 536870960 0 805306384
1 1 33 1 59 1 0 1073741952 0 2147483840 0 3221225536
2 1 34 1 60 1 281474976710656 512 562949953421312 768 844424930131968 256
3 1 35 1 61 1 1125899906842624 2048 2251799813685248 3072 3377699720527872 1024
4 1 36 1 62 1 4503599627370496 8192 9007199254740992 12288 13510798882111488 4096
5 1 37 1 63 1 18014398509481984 32768 36028797018963968 49152 54043195528445952 16384
6 1 38 1 64 1 72057594037927936 131072 144115188075855872 196608 216172782113783808 65536
7 1 39 1 65 1 288230376151711744 524288 576460752303423488 786432 864691128455135232 262144
8 1 40 1 66 1 1152921504606846976 2097152 2305843009213693952 3145728 3458764513820540928 1048576
9 1 41 1 67 1 4611686018427387904 8388608 9223372036854775808 12582912 13835058055282163712 4194304
10 1 42 1 68 1 0 33554433 0 50331650 0 16777219
11 1 43 1 69 1 0 134217732 0 201326600 0 67108876
12 1 44 1 70 1 0 536870928 0 805306400 0 268435504
13 1 45 1 71 1 0 2147483712 0 3221225600 0 1073742016
14 1 46 1 48 1 562949953421312 256 844424930131968 512 281474976710656 768
15 1 47 1 49 1 2251799813685248 1024 3377699720527872 2048 1125899906842624 3072
16 1 24 1 50 1 9007199254740992 4096 13510798882111488 8192 4503599627370496 12288
