192 72 2 24
0 2 24 1 48 1 0 0 0 0 0 0
1 2 25 1 49 1 0 0 0 0 0 0
2 2 26 1 50 1 0 0 0 0 0 0
3 2 27 1 51 1 0 0 0 0 0 0
4 2 28 1 52 1 0 0 0 0 0 0
5 2 29 1 53 1 0 0 0 0 0 0
6 2 30 1 54 1 0 0 0 0 0 0
7 2 31 1 55 1 0 0 0 0 0 0
8 2 32 1 56 1 0 0 0 0 0 0
9 2 33 1 57 1 0 0 0 0 0 0
10 2 34 1 58 1 0 0 0 0 0 0
11 2 35 1 59 1 0 0 0 0 0 0
12 2 36 1 60 1 0 0 0 0 0 0
13 2 37 1 61 1 0 0 0 0 0 0
14 2 38 1 62 1 0 0 0 0 0 0
15 2 39 1 63 1 0 0 0 0 0 0
16 2 40 1 64 1 0 0 0 0 0 0
17 2 41 1 65 1 0 0 0 0 0 0
18 2 42 1 66 1 0 0 0 0 0 0
19 2 43 1 67 1 0 0 0 0 0 0
20 2 44 1 68 1 0 0 0 0 0 0
21 2 45 1 69 1 0 0 0 0 0 0
22 2 46 1 70 1 0 0 0 0 0 0
23 2 47 1 71 1 0 0 0 0 0 0
0 1 42 2 54 1 0 0 0 0 0 0
1 1 43 2 55 1 0 0 0 0 0 0
2 1 44 2 56 1 0 0 0 0 0 0
3 1 45 2 57 1 0 0 0 0 0 0
4 1 46 2 58 1 0 0 0 0 0 0
5 1 47 2 59 1 0 0 0 0 0 0
6 1 24 2 60 1 0 0 0 0 0 0
7 1 25 2 61 1 0 0 0 0 0 0
8 1 26 2 62 1 0 0 0 0 0 0
9 1 27 2 63 1 0 0 0 0 0 0
10 1 28 2 64 1 0 0 0 0 0 0
11 1 29 2 65 1 0 0 0 0 0 0
12 1 30 2 66 1 0 0 0 0 0 0
13 1 31 2 67 1 0 0 0 0 0 0
14 1 32 2 68 1 0 0 0 0 0 0
15 1 33 2 69 1 0 0 0 0 0 0
16 1 34 2 70 1 0 0 0 0 0 0
17 1 35 2 71 1 0 0 0 0 0 0
18 1 36 2 48 1 0 0 0 0 0 0
19 1 37 2 49 1 0 0 0 0 0 0
20 1 38 2 50 1 0 0 0 0 0 0
21 1 39 2 51 1 0 0 0 0 0 0
22 1 40 2 52 1 0 0 0 0 0 0
23 1 41 2 53 1 0 0 0 0 0 0
0 1 39 1 69 2 0 0 0 0 0 0
1 1 40 1 70 2 0 0 0 0 0 0
2 1 41 1 71 2 0 0 0 0 0 0
3 1 42 1 48 2 0 0 0 0 0 0
4 1 43 1 49 2 0 0 0 0 0 0
5 1 44 1 50 2 0 0 0 0 0 0
6 1 45 1 51 2 0 0 0 0 0 0
7 1 46 1 52 2 0 0 0 0 0 0
8 1 47 1 53 2 0 0 0 0 0 0
9 1 24 1 54 2 0 0 0 0 0 0
10 1 25 1 55 2 0 0 0 0 0 0
11 1 26 1 56 2 0 0 0 0 0 0
12 1 27 1 57 2 0 0 0 0 0 0
13 1 28 1 58 2 0 0 0 0 0 0
14 1 29 1 59 2 0 0 0 0 0 0
15 1 30 1 60 2 0 0 0 0 0 0
16 1 31 1 61 2 0 0 0 0 0 0
17 1 32 1 62 2 0 0 0 0 0 0
18 1 33 1 63 2 0 0 0 0 0 0
19 1 34 1 64 2 0 0 0 0 0 0
20 1 35 1 65 2 0 0 0 0 0 0
21 1 36 1 66 2 0 0 0 0 0 0
22 1 37 1 67 2 0 0 0 0 0 0
23 1 38 1 68 2 0 0 0 0 0 0
0 1 36 1 51 1 1073741952 0 2147483840 0 3221225536 0
1 1 37 1 52 1 4294967808 0 8589935360 0 12884902144 0
2 1 38 1 53 1 17179871232 0 34359741440 0 51539608576 0
3 1 39 1 54 1 68719484928 0 137438965760 0 206158434304 0
4 1 40 1 55 1 274877939712 0 549755863040 0 824633737216 0
5 1 41 1 56 1 1099511758848 0 2199023452160 0 3298534948864 0
6 1 42 1 57 1 4398047035392 0 8796093808640 0 13194139795456 0
7 1 43 1 58 1 17592188141568 0 35184375234560 0 52776559181824 0
8 1 44 1 59 1 70368752566272 0 140737500938240 0 211106236727296 0
9 1 45 1 60 1 33554433 0 50331650 0 16777219 0
10 1 46 1 61 1 134217732 0 201326600 0 67108876 0
11 1 47 1 62 1 536870928 0 805306400 0 268435504 0
12 1 24 1 63 1 2147483712 0 3221225600 0 1073742016 0
13 1 25 1 64 1 8589934848 0 12884902400 0 4294968064 0
14 1 26 1 65 1 34359739392 0 51539609600 0 17179872256 0
15 1 27 1 66 1 137438957568 0 206158438400 0 68719489024 0
16 1 28 1 67 1 549755830272 0 824633753600 0 274877956096 0
17 1 29 1 68 1 2199023321088 0 3298535014400 0 1099511824384 0
18 1 30 1 69 1 8796093284352 0 13194140057600 0 4398047297536 0
19 1 31 1 70 1 35184373137408 0 52776560230400 0 17592189190144 0
20 1 32 1 71 1 140737492549632 0 211106240921600 0 70368756760576 0
21 1 33 1 48 1 16777218 0 33554435 0 50331649 0
22 1 34 1 49 1 67108872 0 134217740 0 201326596 0
23 1 35 1 50 1 268435488 0 536870960 0 805306384 0
0 1 37 1 64 1 9223372590976863744 805506048 13835058888648427264 268502016 4611686306404108544 537004032
1 1 38 1 65 1 2216488351744 3222024194 3333465054208 1074008067 1151906882560 2148016129
2 1 39 1 66 1 853290883538944 3194888 294808836927488 1064972 567557580951552 2129924
3 1 40 1 67 1 3413163534155776 12779552 1179235347709952 4259888 2270230323806208 8519696
4 1 41 1 68 1 13652654136623104 51118208 4716941390839808 17039552 9080921295224832 34078784
5 1 42 1 69 1 54047666593071106 204472832 18023340633227267 68158208 36042210204188673 136315136
6 1 43 1 70 1 216190666372284424 817891328 72093362532909068 272632832 144168840816754692 545260544
7 1 44 1 71 1 864762665489137696 3271565312 288373450131636272 1090531328 576675363267018768 2181042176
8 1 45 1 48 1 3459613611909972097 201359360 1153212325549834434 67158016 2306419978091364419 134234112
9 1 46 1 49 1 13838454447639888388 805437440 4612849302199337736 268632064 9225679912365457676 536936448
10 1 47 1 50 1 13585569430898704 3221749763 4653135087799328 1074528257 9231502042727472 2147745794
11 1 24 1 51 1 54905227677016129 2097164 18331065374486658 3145732 36644533194199235 1048584
12 1 25 1 52 1 219620910708064516 8388656 73324261497946632 12582928 146578132776796940 4194336
13 1 26 1 53 1 878202167855547409 33554624 292734096038365218 50331712 585468106177055795 16777344
14 1 27 1 54 1 3512808671422189636 134218496 1170936384153460872 201326848 2341872424708223180 67109376
15 1 28 1 55 1 14051234685688758544 536873984 4683745536613843488 805307392 9367489698832892720 268437504
16 1 29 1 56 1 864706521626379328 2147495939 288238072745822336 3221229569 576470647912467648 1073750018
17 1 30 1 57 1 3459389036458938624 49164 1153796715913421312 16388 2306164066626581248 32776
18 1 31 1 58 1 13837556145835754496 196656 4615186863653685248 65552 9224656266506324992 131104
19 1 32 1 59 1 9147937284231171 786627 13721905928478721 262209 4573968652775426 524418
20 1 33 1 60 1 36028799183503374 3146508 54043198783782919 1048836 18014399634391049 2097672
21 1 34 1 61 1 144115196734013496 12586032 216172795135131676 4195344 72057598537564196 8390688
22 1 35 1 62 1 576460786936053984 50344128 864691180540526704 16781376 288230394150256784 33562752
23 1 36 1 63 1 2305843147744215936 201376512 3458764722162106816 67125504 1152921576601027136 134251008
0 1 43 1 68 1 878201946404561920 2148270145 292734012567336960 3221487746 585468006860069888 1074266307
1 1 44 1 69 1 3513370735571668992 3145988 1171780475199479808 1049096 2342153502416990208 2097932
2 1 45 1 70 1 14053482942286675968 12583952 4687121900797919232 4196384 9368614009667960832 8391728
3 1 46 1 71 1 873699548018049024 50335811 301743529482125312 16785537 580967891252740096 33566914
4 1 47 1 48 1 3494798192072196096 201343244 1206974117928501248 67142148 2323871565010960384 134267656
5 1 24 1 49 1 13979192768288784384 805372976 4827896471714004992 268568592 9295486260043841536 537070624
6 1 25 1 50 1 576538852026482688 3221491907 864841813146468352 1074274369 288456892756262912 2148282498
7 1 26 1 51 1 2306718358059352065 1065740 3459085777609162754 2130180 1153546096048340995 3195400
8 1 27 1 52 1 9226873432237408260 4262960 13836343110436651016 8520720 4614184384193363980 12781600
9 1 28 1 53 1 13724106553819153 17051842 4577270664527906 34082883 9149038133772339 51126401
10 1 29 1 54 1 54052001285144647 68207368 18027607681400969 136331532 36033202581668046 204505604
11 1 30 1 55 1 216208005140578588 272829472 72110430725603876 545326128 144132810326672184 818022416
12 1 31 1 56 1 864832020562314352 1091317888 288441722902415504 2181304512 576531241306688736 3272089664
13 1 32 1 57 1 3459046607272546754 70304256 1153485416632951363 135283456 2306687915180176257 203456768
14 1 33 1 58 1 13836186429090187016 281217024 4613941666531805452 541133824 9226751660720705028 813827072
15 1 34 1 59 1 4513495232093216 1124868099 9022592417670192 2164535297 13518495463716880 3255308290
16 1 35 1 60 1 18335455905083520 204505100 36653319624102080 68206596 54918406784999488 136331272
17 1 36 1 61 1 73341823620334080 818020400 146613278496408320 272826384 219673627139997952 545325088
18 1 37 1 62 1 292804344527915010 3272081600 585608689055501315 1091305536 878413033583281153 2181300352
19 1 38 1 63 1 1171780328065081353 203424512 2342153281245294606 70254848 3513370659356413959 135266816
20 1 39 1 64 1 4687121312260325412 813698048 9368613124981178424 281019392 14053482637425655836 541067264
21 1 40 1 65 1 301741175331750032 3254792193 580964352505610464 1124077570 873698328573968496 2164269059
22 1 41 1 66 1 1207809126257132096 134266884 2324138884999152512 201342984 3495356264249295296 67141644
23 1 42 1 67 1 4831236505028528384 537067536 9296555539996610048 805371936 13981425056997181184 268566576
0 1 34 1 65 1 36059584418291784 134234112 54082780094541964 201359360 18075974381867204 67158016
1 1 35 1 66 1 144238337673167136 536936448 216331120378167856 805437440 72303897527468816 268632064
2 1 36 1 67 1 576671875715957889 2147745792 864761531559250114 3221749760 288371165179743299 1074528256
3 1 37 1 68 1 2306406027887120903 1048576 3459609076190421769 2097152 1153203185742262542 3145728
4 1 38 1 69 1 9225624111548483612 4194304 13838436304761687076 8388608 4612812742969050168 12582912
5 1 39 1 70 1 9008298774831216 16777218 13512997918093456 33554435 4506898166649056 50331649
6 1 40 1 71 1 36033195099324864 67108872 54051991672373824 134217740 18027592666596224 201326596
7 1 41 1 48 1 144132780397299456 268435488 216207966689495296 536870960 72110370666384896 805306384
8 1 42 1 49 1 576531121589197824 1073741952 864831866757981184 2147483840 288441482665539584 3221225536
9 1 43 1 50 1 2306124486356791297 512 3459327467031924738 768 1153765930662158339 256
10 1 44 1 51 1 9224497945427165188 2048 13837309868127698952 3072 4615063722648633356 1024
11 1 45 1 52 1 4503634289557520 8194 9007251382140960 12291 13510816884981808 4097
12 1 46 1 53 1 18014537158230080 32776 36029005528563840 49164 54043267539927232 16388
13 1 47 1 54 1 72058148632920320 131104 144116022114255360 196656 216173070159708928 65552
14 1 24 1 55 1 288232594531681280 524416 576464088457021440 786624 864692280638835712 262208
15 1 25 1 56 1 1152930378126725120 2097664 2305856353828085760 3146496 3458769122555342848 1048832
16 1 26 1 57 1 4611721512506900480 8390656 9223425415312343040 12585984 13835076490221371392 4195328
17 1 27 1 58 1 141976318050304 33562625 213513830268928 50343938 73739756830720 16781315
18 1 28 1 59 1 4955318779906 134250500 9630390943747 201375752 13484050612225 67125260
19 1 29 1 60 1 19821275119624 537002000 38521563774988 805503008 53936202448900 268501040
20 1 30 1 61 1 79285100478496 2148008000 154086255099952 3222012032 215744809795600 1074004160
21 1 31 1 62 1 598615378624641 2097408 897819997110466 3146240 300029285761091 1049344
22 1 32 1 63 1 2394461514498564 8389632 3591279988441864 12584960 1200117143044364 4197376
23 1 33 1 64 1 9014896104572946 33558528 13520695023635491 50339840 4518993595466801 16789504
0 1 27 1 49 1 18014398509481984 49152 36028797018963968 16384 54043195528445952 32768
1 1 28 1 50 1 72057594037927936 196608 144115188075855872 65536 216172782113783808 131072
2 1 29 1 51 1 288230376151711744 786432 576460752303423488 262144 864691128455135232 524288
3 1 30 1 52 1 1152921504606846976 3145728 2305843009213693952 1048576 3458764513820540928 2097152
4 1 31 1 53 1 4611686018427387904 12582912 9223372036854775808 4194304 13835058055282163712 8388608
5 1 32 1 54 1 0 50331649 0 16777218 0 33554435
6 1 33 1 55 1 0 201326596 0 67108872 0 134217740
7 1 34 1 56 1 0 805306384 0 268435488 0 536870960
8 1 35 1 57 1 0 3221225536 0 1073741952 0 2147483840
9 1 36 1 58 1 844424930131968 256 281474976710656 512 562949953421312 768
10 1 37 1 59 1 3377699720527872 1024 1125899906842624 2048 2251799813685248 3072
11 1 38 1 60 1 13510798882111488 4096 4503599627370496 8192 9007199254740992 12288
12 1 39 1 61 1 54043195528445952 16384 18014398509481984 32768 36028797018963968 49152
13 1 40 1 62 1 216172782113783808 65536 72057594037927936 131072 144115188075855872 196608
14 1 41 1 63 1 864691128455135232 262144 288230376151711744 524288 576460752303423488 786432
15 1 42 1 64 1 3458764513820540928 1048576 1152921504606846976 2097152 2305843009213693952 3145728
16 1 43 1 65 1 13835058055282163712 4194304 4611686018427387904 8388608 9223372036854775808 12582912
17 1 44 1 66 1 0 16777219 0 33554433 0 50331650
18 1 45 1 67 1 0 67108876 0 134217732 0 201326600
19 1 46 1 68 1 0 268435504 0 536870928 0 805306400
20 1 47 1 69 1 0 1073742016 0 2147483712 0 3221225600
21 1 24 1 70 1 281474976710656 768 562949953421312 256 844424930131968 512
22 1 25 1 71 1 1125899906842624 3072 2251799813685248 1024 3377699720527872 2048
23 1 26 1 48 1 4503599627370496 12288 9007199254740992 4096 13510798882111488 8192
