240 90 120 30
0 2 30 1 60 1
1 2 31 1 61 1
2 2 32 1 62 1
3 2 33 1 63 1
4 2 34 1 64 1
5 2 35 1 65 1
6 2 36 1 66 1
7 2 37 1 67 1
8 2 38 1 68 1
9 2 39 1 69 1
10 2 40 1 70 1
11 2 41 1 71 1
12 2 42 1 72 1
13 2 43 1 73 1
14 2 44 1 74 1
15 2 45 1 75 1
16 2 46 1 76 1
17 2 47 1 77 1
18 2 48 1 78 1
19 2 49 1 79 1
20 2 50 1 80 1
21 2 51 1 81 1
22 2 52 1 82 1
23 2 53 1 83 1
24 2 54 1 84 1
25 2 55 1 85 1
26 2 56 1 86 1
27 2 57 1 87 1
28 2 58 1 88 1
29 2 59 1 89 1
0 1 31 2 74 1
1 1 32 2 75 1
2 1 33 2 76 1
3 1 34 2 77 1
4 1 35 2 78 1
5 1 36 2 79 1
6 1 37 2 80 1
7 1 38 2 81 1
8 1 39 2 82 1
9 1 40 2 83 1
10 1 41 2 84 1
11 1 42 2 85 1
12 1 43 2 86 1
13 1 44 2 87 1
14 1 45 2 88 1
15 1 46 2 89 1
16 1 47 2 60 1
17 1 48 2 61 1
18 1 49 2 62 1
19 1 50 2 63 1
20 1 51 2 64 1
21 1 52 2 65 1
22 1 53 2 66 1
23 1 54 2 67 1
24 1 55 2 68 1
25 1 56 2 69 1
26 1 57 2 70 1
27 1 58 2 71 1
28 1 59 2 72 1
29 1 30 2 73 1
0 1 46 1 75 2
1 1 47 1 76 2
2 1 48 1 77 2
3 1 49 1 78 2
4 1 50 1 79 2
5 1 51 1 80 2
6 1 52 1 81 2
7 1 53 1 82 2
8 1 54 1 83 2
9 1 55 1 84 2
10 1 56 1 85 2
11 1 57 1 86 2
12 1 58 1 87 2
13 1 59 1 88 2
14 1 30 1 89 2
15 1 31 1 60 2
16 1 32 1 61 2
17 1 33 1 62 2
18 1 34 1 63 2
19 1 35 1 64 2
20 1 36 1 65 2
21 1 37 1 66 2
22 1 38 1 67 2
23 1 39 1 68 2
24 1 40 1 69 2
25 1 41 1 70 2
26 1 42 1 71 2
27 1 43 1 72 2
28 1 44 1 73 2
29 1 45 1 74 2
0 1 32 1 76 1
1 1 33 1 77 1
2 1 34 1 78 1
3 1 35 1 79 1
4 1 36 1 80 1
5 1 37 1 81 1
6 1 38 1 82 1
7 1 39 1 83 1
8 1 40 1 84 1
9 1 41 1 85 1
10 1 42 1 86 1
11 1 43 1 87 1
12 1 44 1 88 1
13 1 45 1 89 1
14 1 46 1 60 1
15 1 47 1 61 1
16 1 48 1 62 1
17 1 49 1 63 1
18 1 50 1 64 1
19 1 51 1 65 1
20 1 52 1 66 1
21 1 53 1 67 1
22 1 54 1 68 1
23 1 55 1 69 1
24 1 56 1 70 1
25 1 57 1 71 1
26 1 58 1 72 1
27 1 59 1 73 1
28 1 30 1 74 1
29 1 31 1 75 1
0 1 48 1 67 1
1 1 49 1 68 1
2 1 50 1 69 1
3 1 51 1 70 1
4 1 52 1 71 1
5 1 53 1 72 1
6 1 54 1 73 1
7 1 55 1 74 1
8 1 56 1 75 1
9 1 57 1 76 1
10 1 58 1 77 1
11 1 59 1 78 1
12 1 30 1 79 1
13 1 31 1 80 1
14 1 32 1 81 1
15 1 33 1 82 1
16 1 34 1 83 1
17 1 35 1 84 1
18 1 36 1 85 1
19 1 37 1 86 1
20 1 38 1 87 1
21 1 39 1 88 1
22 1 40 1 89 1
23 1 41 1 60 1
24 1 42 1 61 1
25 1 43 1 62 1
26 1 44 1 63 1
27 1 45 1 64 1
28 1 46 1 65 1
29 1 47 1 66 1
0 1 47 1 63 1
1 1 48 1 64 1
2 1 49 1 65 1
3 1 50 1 66 1
4 1 51 1 67 1
5 1 52 1 68 1
6 1 53 1 69 1
7 1 54 1 70 1
8 1 55 1 71 1
9 1 56 1 72 1
10 1 57 1 73 1
11 1 58 1 74 1
12 1 59 1 75 1
13 1 30 1 76 1
14 1 31 1 77 1
15 1 32 1 78 1
16 1 33 1 79 1
17 1 34 1 80 1
18 1 35 1 81 1
19 1 36 1 82 1
20 1 37 1 83 1
21 1 38 1 84 1
22 1 39 1 85 1
23 1 40 1 86 1
24 1 41 1 87 1
25 1 42 1 88 1
26 1 43 1 89 1
27 1 44 1 60 1
28 1 45 1 61 1
29 1 46 1 62 1
0 1 53 1 68 1
1 1 54 1 69 1
2 1 55 1 70 1
3 1 56 1 71 1
4 1 57 1 72 1
5 1 58 1 73 1
6 1 59 1 74 1
7 1 30 1 75 1
8 1 31 1 76 1
9 1 32 1 77 1
10 1 33 1 78 1
11 1 34 1 79 1
12 1 35 1 80 1
13 1 36 1 81 1
14 1 37 1 82 1
15 1 38 1 83 1
16 1 39 1 84 1
17 1 40 1 85 1
18 1 41 1 86 1
19 1 42 1 87 1
20 1 43 1 88 1
21 1 44 1 89 1
22 1 45 1 60 1
23 1 46 1 61 1
24 1 47 1 62 1
25 1 48 1 63 1
26 1 49 1 64 1
27 1 50 1 65 1
28 1 51 1 66 1
29 1 52 1 67 1
0 1 51 1 87 1
1 1 52 1 88 1
2 1 53 1 89 1
3 1 54 1 60 1
4 1 55 1 61 1
5 1 56 1 62 1
6 1 57 1 63 1
7 1 58 1 64 1
8 1 59 1 65 1
9 1 30 1 66 1
10 1 31 1 67 1
11 1 32 1 68 1
12 1 33 1 69 1
13 1 34 1 70 1
14 1 35 1 71 1
15 1 36 1 72 1
16 1 37 1 73 1
17 1 38 1 74 1
18 1 39 1 75 1
19 1 40 1 76 1
20 1 41 1 77 1
21 1 42 1 78 1
22 1 43 1 79 1
23 1 44 1 80 1
24 1 45 1 81 1
25 1 46 1 82 1
26 1 47 1 83 1
27 1 48 1 84 1
28 1 49 1 85 1
29 1 50 1 86 1
0 0
0 0
0 0
0 0
0 0
0 0
0 0
0 0
0 0
0 0
0 0
0 0
0 0
0 0
0 0
0 0
0 0
0 0
0 0
0 0
0 0
0 0
0 0
0 0
0 0
0 0
0 0
0 0
0 0
0 0
0 0
0 0
0 0
0 0
0 0
0 0
0 0
0 0
0 0
0 0
0 0
0 0
0 0
0 0
0 0
0 0
0 0
0 0
0 0
0 0
0 0
0 0
0 0
0 0
0 0
0 0
0 0
0 0
0 0
0 0
0 0
0 0
0 0
0 0
0 0
0 0
0 0
0 0
0 0
0 0
0 0
0 0
0 0
0 0
0 0
0 0
0 0
0 0
0 0
0 0
0 0
0 0
0 0
0 0
0 0
0 0
0 0
0 0
0 0
0 0
351852311085064 0
70368744505352 0
281483566710784 0
703704622170128 0
140737489010704 0
562967133421568 0
1407409244340256 0
281474978021408 0
1125934266843136 0
2814818488680512 0
562949956042816 0
2251868533686272 0
5629636977361024 0
1125899912085632 0
4503737067372544 0
11259273954722048 0
2251799824171264 0
9007474134745088 0
22518547909444096 0
4503599648342528 0
18014948269490176 0
45037095818888192 0
9007199296685056 0
36029896538980352 0
90074191637776384 0
18014398593370112 0
72059793077960704 0
180148383275552768 0
36028797186740224 0
144119586155921408 0
360296766551105536 0
72057594373480448 0
288239172311842816 0
720593533102211072 0
144115188746960896 0
576478344623685632 0
288265561597575169 0
288230376420179969 0
35185714266112 0
576531123195150338 0
576460752840359938 0
70371428532224 0
140742857195524 0
1073872901 0
140741783322625 0
281485714391048 0
2147745802 0
281483566645250 0
562971428782096 0
4295491604 0
562967133290500 0
1125942857564192 0
8590983208 0
1125934266581000 0
2251885715128384 0
17181966416 0
2251868533162000 0
4503771430256768 0
34363932832 0
4503737066324000 0
9007542860513536 0
68727865664 0
9007474132648000 0
18015085721027072 0
137455731328 0
18014948265296000 0
36030171442054144 0
274911462656 0
36029896530592000 0
72060342884108288 0
549822925312 0
72059793061184000 0
144120685768216576 0
1099645850624 0
144119586122368000 0
288241371536433152 0
2199291701248 0
288239172244736000 0
576482743072866304 0
4398583402496 0
576478344489472000 0
43981538885633 0
8796093063169 0
35185445838848 0
87963077771266 0
17592186126338 0
70370891677696 0
175926155542532 0
35184372252676 0
140741783355392 0
0 0
0 0
0 0
0 0
0 0
0 0
0 0
0 0
0 0
0 0
0 0
0 0
0 0
0 0
0 0
0 0
0 0
0 0
0 0
0 0
0 0
0 0
0 0
0 0
0 0
0 0
0 0
0 0
0 0
0 0
0 0
0 0
0 0
0 0
0 0
0 0
0 0
0 0
0 0
0 0
0 0
0 0
0 0
0 0
0 0
0 0
0 0
0 0
0 0
0 0
0 0
0 0
0 0
0 0
0 0
0 0
0 0
0 0
0 0
0 0
0 0
0 0
0 0
0 0
0 0
0 0
0 0
0 0
0 0
0 0
0 0
0 0
0 0
0 0
0 0
0 0
0 0
0 0
0 0
0 0
0 0
0 0
0 0
0 0
0 0
0 0
0 0
0 0
0 0
0 0
0 0
0 0
0 0
0 0
0 0
0 0
0 0
0 0
0 0
0 0
0 0
0 0
0 0
0 0
0 0
0 0
0 0
0 0
0 0
0 0
0 0
0 0
0 0
0 0
0 0
0 0
0 0
0 0
0 0
0 0
0 0
0 0
0 0
0 0
0 0
0 0
0 0
0 0
0 0
0 0
0 0
0 0
0 0
0 0
0 0
0 0
0 0
0 0
0 0
0 0
0 0
0 0
0 0
0 0
0 0
0 0
0 0
0 0
0 0
0 0
0 0
0 0
0 0
0 0
0 0
0 0
0 0
0 0
0 0
0 0
0 0
0 0
0 0
0 0
0 0
0 0
0 0
0 0
0 0
0 0
0 0
0 0
0 0
0 0
0 0
0 0
0 0
0 0
0 0
0 0
2305843052163563532 1099914293248
6917740172528320552 14293919597568
4611897137545019428 13194273764352
4611686104327127064 2199828586496
13835480345056641104 28587839195136
9223794275090038856 26388547528704
9223372208654254128 4399657172992
9224216616403730592 57175678390273
844476470526096 52777095057409
343598956640 8799314345985
1689159097909568 114351356780547
1688952941052192 105554190114818
687197913280 17598628691970
3378318195819136 228702713561094
3377905882104384 211108380229636
1374395826560 35197257383940
6756636391638272 457405427122188
6755811764208768 422216760459272
2748791653120 70394514767880
13513272783276544 914810854244376
13511623528417536 844433520918544
5497583306240 140789029535760
27026545566553088 1829621708488752
27023247056835072 1688867041837088
10995166612480 281578059071520
54053091133106176 3659243416977504
54046494113670144 3377734083674176
21990333224960 563156118143040
108106182266212352 7318486833955008
108092988227340288 6755468167348352
43980666449920 1126312236286080
216212364532424704 14636973667910016
216185976454680576 13510936334696704
87961332899840 2252624472572160
432424729064849408 29273947335820032
432371952909361152 27021872669393408
175922665799680 4505248945144320
864849458129698816 58547894671640064
864743905818722304 54043745338786816
1153273348864704513 9010497823179776
576777412726292480 45038195372461056
1729487811637444609 36029896639645696
3459468201262514179 18020995579250688
633321919479808 18018796774103040
3458975623274889219 2199241363456
6918936402525028358 36041991158501376
1266643838959616 36037593548206080
6917951246549778438 4398482726912
13837872805050056716 26388346183680
1155454792284766208 17593058484224
14988823997706403852 8796898344960
9229001536390561816 52776692367361
2310909584569532416 35186116968448
11530903921703256088 17593796689921
11258999071572016 105553384734723
4621819169139064832 70372233936896
4615063769696960560 35187593379843
22517998143144032 211106769469446
9243638338278129664 140744467873792
9230127539393921120 70375186759686
45035996286288064 422213538938892
40532602846707712 281488935747585
13511005078290624 140750373519373
90071992572576128 844427077877784
81065205693415424 562977871495170
27022010156581248 281500747038746
180143985145152256 1688854155755568
162130411386830848 1125955742990340
54044020313162496 563001494077492
360287970290304512 3377708311511136
324260822773661696 2251911485980680
108088040626324992 1126002988154984
720575940580609024 6755416623022272
648521645547323392 4503822971961360
216176081252649984 2252005976309968
288230377628112896 13510833246044544
144121786487799809 9007645943922720
432352161431558145 4504011952619936
576460755256225792 27021666492089088
288243572975599618 18015291887845440
864704322863116290 9008023905239872
5905604609 54043332984178176
576487144877457413 36030583775690880
576487142193127428 18016047810479744
10737467395 36029071997537280
1152974290828656650 3573513453824
1152974284386254857 36032095553850624
1152921526081781766 549957146624
3458870086264160276 7146959798784
2305948568772509714 6597136882176
9223372036854775808 4398046531584
0 17592722919424
9223372036854775808 21990769442816
0 8796093063169
0 35185445838848
0 43981538885633
0 17592186126338
0 70370891677696
0 87963077771266
0 35184372252676
0 140741783355392
0 175926155542532
0 70368744505352
0 281483566710784
0 351852311085064
0 140737489010704
0 562967133421568
0 703704622170128
0 281474978021408
0 1125934266843136
0 1407409244340256
0 562949956042816
0 2251868533686272
0 2814818488680512
0 1125899912085632
0 4503737067372544
0 5629636977361024
0 2251799824171264
0 9007474134745088
0 11259273954722048
0 4503599648342528
0 18014948269490176
0 22518547909444096
0 9007199296685056
0 36029896538980352
0 45037095818888192
1152921504606846976 18014398526261248
0 2199107141632
1152921504606846976 18016597599848448
2305843009213693952 36028797052522496
0 4398214283264
2305843009213693952 36033195199696896
5764607523034234880 67117056
1152921504606846976 8796361457664
4611686018427387904 8796428574720
11529215046068469760 134234112
2305843009213693952 17592722915328
9223372036854775808 17592857149440
4611686018427387904 268468225
4611686018427387904 35185445830656
0 35185714298881
9223372036854775808 536936450
9223372036854775808 70370891661312
0 70371428597762
0 1073872901
0 140741783322625
0 140742857195524
0 2147745802
0 281483566645250
0 281485714391048
0 4295491604
0 562967133290500
0 562971428782096
0 8590983208
0 1125934266581000
0 1125942857564192
0 17181966416
0 2251868533162000
0 2251885715128384
0 34363932832
0 4503737066324000
0 4503771430256768
0 68727865664
0 9007474132648000
0 9007542860513536
0 137455731328
0 18014948265296000
0 18015085721027072
0 274911462656
0 36029896530592000
0 36030171442054144
1152921504606846976 549755816448
0 2199090364928
1152921504606846976 2748846180352
2305843009213693952 1099511632896
0 4398180729856
2305843009213693952 5497692360704
4611686018427387904 2199023265792
0 8796361459712
4611686018427387904 10995384721408
36029896899694592 2814784126844960
360293467781334016 2814749769728032
396321165590664192 34362359808
72059793799389184 5629568253689920
720586935562668032 5629499539456064
792642331181328384 68724719616
144119586525036545 11259136507379840
288252367592230912 11258999078912128
432363157755809793 137449439232
288239173050073090 22518273014759680
576504735184461824 22517998157824256
864726315511619586 274898878464
576478345026404357 45036546029519360
87966835818496 45035996315648512
576531126416392197 549797756928
35185445961739 18015498088219648
1153097437204742145 18014398593369088
1153062253906526218 1099528404992
70370891923478 36030996176439296
2306194874409484290 36028797186738176
2306124507813052436 2199056809984
140741783846956 4398382059520
5765311253425815556 335548416
5765170520232951848 4398046511104
281483567693912 8796764119040
11530622506851631112 671096832
11530341040465903696 8796093022208
562967135387824 17593528238080
4614500939993710608 1342193665
4613938007222255776 17592186044417
1125934270775648 35187056476160
9229001879987421216 2684387330
9227876014444511552 35184372088834
2251868541551296 70374112952320
11259686265290816 5368774661
9007955179471488 70368744177669
4503737083102592 140748225904640
22519372530581632 10737549322
18015910358942976 140737488355338
9007474166205184 281496451809280
45038745061163264 21475098644
36031820717885952 281474976710676
18014948332410368 562992903618560
90077490122326528 42950197288
72063641435771904 562949953421352
36029896664820736 1125985807237120
180154980244653056 85900394576
144127282871543808 1125899906842704
72059793329641472 2251971614474240
360309960489306112 171800789152
288254565743087616 2251799813685408
144119586659282944 4503943228948480
720619920978612224 343601578304
576509131486175232 4503599627370816
288239172244824065 9007886457896960
288318338424119296 687203156608
96758365503489 9007199254741632
576478344489648130 18015772915793920
576636676848238592 1374406313216
193516731006978 18014398509483264
35185446191108 36031545831587840
351849089630209 2748812626432
387032388272133 36028797018966528
1152991875499229192 5497625247744
1153625202786107394 5497558144000
774064776544266 67113984
2305983750998458384 10995250495488
2307250405572214788 10995116288000
1548129553088532 134227968
4611967501996916768 21990500990976
4614500811144429576 21990232576000
3096259106177064 268455936
9223935003993833536 43981001981952
9229001622288859152 43980465152000
6192518212354128 536911872
1125934278115456 87962003963905
11259170868166688 87960930304001
12385036424708256 1073823744
2251868556230912 175924007927810
22518341736333376 175921860608002
24770072849416512 2147647488
4503737112461824 351848015855620
45036683472666752 351843721216004
49540145698833024 4295294976
9007474224923648 703696031711240
90073366945333504 703687442432008
99080291397666048 8590589952
18014948449847296 1407392063422480
180146733890667008 1407374884864016
198160582795332096 17181179904
576531129637732355 54046494096886784
576601502139875336 18014398559816704
211109990760459 36032095570624512
1153062260349206534 36035394155845632
1153203004279750673 36028797052524544
422218907779095 6597170429952
2306124520698413068 13194340872192
3459327513166348322 67121152
1153765942422405166 13194273751040
4612249041396826136 26388681744384
6918655026332696644 134242304
2307531884844810332 26388547502080
9224498082793652272 52777363488768
13837310052665393288 268484608
4615063769689620664 52777095004160
2252091877752928 105554726977537
9227876031621234960 536969217
9230127539379241328 105554190008320
4504183755505856 211109453955074
9007989532918304 1073938435
13511005048931040 211108380016641
9008367511011712 422218907910148
18015979065836608 2147876870
27022010097862080 422216760033282
18016735022023424 844437815820296
36031958131673216 4295753740
54044020195724160 844433520066564
36033470044046848 1688875631640592
72063916263346432 8591507480
108088040391448320 1688867040133128
72066940088093696 3377751263281184
144127832526692864 17183014960
216176080782896640 3377734080266256
144133880176187392 6755502526562368
288255665053385728 34366029920
432352161565793280 6755468160532512
288267760352374784 13511005053124736
576511330106771456 68732059840
864704323131586560 13510936321065024
576535519631007745 27022010106249472
101156680437760 137464119680
576487141656326145 27021872642130048
149534655168515 54044020212498944
202312287133697 274928239360
52779779547138 54043745284260096
1153220573917184006 36030446387069952
1153326129181114370 549789369856
105559559094276 36029896597701120
3459362652441214988 3298736211968
3459573762969075716 1099511630848
211119118188552 2199224583168
6918725304882429976 6597472423936
6919147525938151432 2199023261696
422238236377104 4398449166336
13837450609764859952 13194944847872
13838295051876302864 4398046523392
844476472754208 8796898332672
9228157145820168288 26389889695745
9229846030043054112 8796093046785
1688952945508416 17593796665344
9570217930784960 52779779391491
12947986376556608 17592186093571
3377905891016832 35187593330688
19140435861569920 105559558782982
25895972753113216 35184372187142
6755811782033664 70375186661376
38280871723139840 211119117565964
51791945506226432 70368744374284
13511623564067328 140750373322752
76561743446279680 422238235131928
103583891012452864 140737488748568
27023247128134656 281500746645504
153123486892559360 844476470263856
207167782024905728 281474977497136
54046494256269312 563001493291008
306246973785118720 1688952940527712
414335564049811456 562949954994272
108092988512538624 1126002986582016
612493947570237440 3377905881055424
828671128099622912 1125899909988544
216185977025077248 2252005973164032
72066391607369728 6755811762110848
504420751592398849 2251799819977088
432371952976412673 4504011946328064
144132783214739456 13511623524221696
1008841503184797698 4503599639954176
864743905952825346 9008023892656128
288265565355737089 27023247048443392
864761502836490244 9007199279908352
576566307298803717 18016047785312256
