180 480
8 0 94 164 236 241 356 404 454
9 1 95 165 237 240 241 357 405 455
8 2 96 166 238 243 358 406 456
9 3 97 167 239 242 243 359 407 457
8 4 98 168 180 245 300 408 458
9 5 99 169 181 244 245 301 409 459
8 6 100 170 182 247 302 410 460
9 7 101 171 183 246 247 303 411 461
8 8 102 172 184 249 304 412 462
9 9 103 173 185 248 249 305 413 463
8 10 104 174 186 251 306 414 464
9 11 105 175 187 250 251 307 415 465
8 12 106 176 188 253 308 416 466
9 13 107 177 189 252 253 309 417 467
8 14 108 178 190 255 310 418 468
9 15 109 179 191 254 255 311 419 469
8 16 110 120 192 257 312 360 470
9 17 111 121 193 256 257 313 361 471
8 18 112 122 194 259 314 362 472
9 19 113 123 195 258 259 315 363 473
8 20 114 124 196 261 316 364 474
9 21 115 125 197 260 261 317 365 475
8 22 116 126 198 263 318 366 476
9 23 117 127 199 262 263 319 367 477
8 24 118 128 200 265 320 368 478
9 25 119 129 201 264 265 321 369 479
8 26 60 130 202 267 322 370 420
9 27 61 131 203 266 267 323 371 421
8 28 62 132 204 269 324 372 422
9 29 63 133 205 268 269 325 373 423
8 30 64 134 206 271 326 374 424
9 31 65 135 207 270 271 327 375 425
8 32 66 136 208 273 328 376 426
9 33 67 137 209 272 273 329 377 427
8 34 68 138 210 275 330 378 428
9 35 69 139 211 274 275 331 379 429
8 36 70 140 212 277 332 380 430
9 37 71 141 213 276 277 333 381 431
8 38 72 142 214 279 334 382 432
9 39 73 143 215 278 279 335 383 433
8 40 74 144 216 281 336 384 434
9 41 75 145 217 280 281 337 385 435
8 42 76 146 218 283 338 386 436
9 43 77 147 219 282 283 339 387 437
8 44 78 148 220 285 340 388 438
9 45 79 149 221 284 285 341 389 439
8 46 80 150 222 287 342 390 440
9 47 81 151 223 286 287 343 391 441
8 48 82 152 224 289 344 392 442
9 49 83 153 225 288 289 345 393 443
8 50 84 154 226 291 346 394 444
9 51 85 155 227 290 291 347 395 445
8 52 86 156 228 293 348 396 446
9 53 87 157 229 292 293 349 397 447
8 54 88 158 230 295 350 398 448
9 55 89 159 231 294 295 351 399 449
8 56 90 160 232 297 352 400 450
9 57 91 161 233 296 297 353 401 451
8 58 92 162 234 299 354 402 452
9 59 93 163 235 298 299 355 403 453
8 0 92 156 194 272 301 374 456
9 1 93 157 195 273 300 301 375 457
8 2 94 158 196 274 303 376 458
9 3 95 159 197 275 302 303 377 459
8 4 96 160 198 276 305 378 460
9 5 97 161 199 277 304 305 379 461
8 6 98 162 200 278 307 380 462
9 7 99 163 201 279 306 307 381 463
8 8 100 164 202 280 309 382 464
9 9 101 165 203 281 308 309 383 465
8 10 102 166 204 282 311 384 466
9 11 103 167 205 283 310 311 385 467
8 12 104 168 206 284 313 386 468
9 13 105 169 207 285 312 313 387 469
8 14 106 170 208 286 315 388 470
9 15 107 171 209 287 314 315 389 471
8 16 108 172 210 288 317 390 472
9 17 109 173 211 289 316 317 391 473
8 18 110 174 212 290 319 392 474
9 19 111 175 213 291 318 319 393 475
8 20 112 176 214 292 321 394 476
9 21 113 177 215 293 320 321 395 477
8 22 114 178 216 294 323 396 478
9 23 115 179 217 295 322 323 397 479
8 24 116 120 218 296 325 398 420
9 25 117 121 219 297 324 325 399 421
8 26 118 122 220 298 327 400 422
9 27 119 123 221 299 326 327 401 423
8 28 60 124 222 240 329 402 424
9 29 61 125 223 241 328 329 403 425
8 30 62 126 224 242 331 404 426
9 31 63 127 225 243 330 331 405 427
8 32 64 128 226 244 333 406 428
9 33 65 129 227 245 332 333 407 429
8 34 66 130 228 246 335 408 430
9 35 67 131 229 247 334 335 409 431
8 36 68 132 230 248 337 410 432
9 37 69 133 231 249 336 337 411 433
8 38 70 134 232 250 339 412 434
9 39 71 135 233 251 338 339 413 435
8 40 72 136 234 252 341 414 436
9 41 73 137 235 253 340 341 415 437
8 42 74 138 236 254 343 416 438
9 43 75 139 237 255 342 343 417 439
8 44 76 140 238 256 345 418 440
9 45 77 141 239 257 344 345 419 441
8 46 78 142 180 258 347 360 442
9 47 79 143 181 259 346 347 361 443
8 48 80 144 182 260 349 362 444
9 49 81 145 183 261 348 349 363 445
8 50 82 146 184 262 351 364 446
9 51 83 147 185 263 350 351 365 447
8 52 84 148 186 264 353 366 448
9 53 85 149 187 265 352 353 367 449
8 54 86 150 188 266 355 368 450
9 55 87 151 189 267 354 355 369 451
8 56 88 152 190 268 357 370 452
9 57 89 153 191 269 356 357 371 453
8 58 90 154 192 270 359 372 454
9 59 91 155 193 271 358 359 373 455
8 0 104 166 198 286 344 361 438
9 1 105 167 199 287 345 360 361 439
8 2 106 168 200 288 346 363 440
9 3 107 169 201 289 347 362 363 441
8 4 108 170 202 290 348 365 442
9 5 109 171 203 291 349 364 365 443
8 6 110 172 204 292 350 367 444
9 7 111 173 205 293 351 366 367 445
8 8 112 174 206 294 352 369 446
9 9 113 175 207 295 353 368 369 447
8 10 114 176 208 296 354 371 448
9 11 115 177 209 297 355 370 371 449
8 12 116 178 210 298 356 373 450
9 13 117 179 211 299 357 372 373 451
8 14 118 120 212 240 358 375 452
9 15 119 121 213 241 359 374 375 453
8 16 60 122 214 242 300 377 454
9 17 61 123 215 243 301 376 377 455
8 18 62 124 216 244 302 379 456
9 19 63 125 217 245 303 378 379 457
8 20 64 126 218 246 304 381 458
9 21 65 127 219 247 305 380 381 459
8 22 66 128 220 248 306 383 460
9 23 67 129 221 249 307 382 383 461
8 24 68 130 222 250 308 385 462
9 25 69 131 223 251 309 384 385 463
8 26 70 132 224 252 310 387 464
9 27 71 133 225 253 311 386 387 465
8 28 72 134 226 254 312 389 466
9 29 73 135 227 255 313 388 389 467
8 30 74 136 228 256 314 391 468
9 31 75 137 229 257 315 390 391 469
8 32 76 138 230 258 316 393 470
9 33 77 139 231 259 317 392 393 471
8 34 78 140 232 260 318 395 472
9 35 79 141 233 261 319 394 395 473
8 36 80 142 234 262 320 397 474
9 37 81 143 235 263 321 396 397 475
8 38 82 144 236 264 322 399 476
9 39 83 145 237 265 323 398 399 477
8 40 84 146 238 266 324 401 478
9 41 85 147 239 267 325 400 401 479
8 42 86 148 180 268 326 403 420
9 43 87 149 181 269 327 402 403 421
8 44 88 150 182 270 328 405 422
9 45 89 151 183 271 329 404 405 423
8 46 90 152 184 272 330 407 424
9 47 91 153 185 273 331 406 407 425
8 48 92 154 186 274 332 409 426
9 49 93 155 187 275 333 408 409 427
8 50 94 156 188 276 334 411 428
9 51 95 157 189 277 335 410 411 429
8 52 96 158 190 278 336 413 430
9 53 97 159 191 279 337 412 413 431
8 54 98 160 192 280 338 415 432
9 55 99 161 193 281 339 414 415 433
8 56 100 162 194 282 340 417 434
9 57 101 163 195 283 341 416 417 435
8 58 102 164 196 284 342 419 436
9 59 103 165 197 285 343 418 419 437
