208 78 104 26
0 2 26 1 52 1
1 2 27 1 53 1
2 2 28 1 54 1
3 2 29 1 55 1
4 2 30 1 56 1
5 2 31 1 57 1
6 2 32 1 58 1
7 2 33 1 59 1
8 2 34 1 60 1
9 2 35 1 61 1
10 2 36 1 62 1
11 2 37 1 63 1
12 2 38 1 64 1
13 2 39 1 65 1
14 2 40 1 66 1
15 2 41 1 67 1
16 2 42 1 68 1
17 2 43 1 69 1
18 2 44 1 70 1
19 2 45 1 71 1
20 2 46 1 72 1
21 2 47 1 73 1
22 2 48 1 74 1
23 2 49 1 75 1
24 2 50 1 76 1
25 2 51 1 77 1
0 1 39 2 67 1
1 1 40 2 68 1
2 1 41 2 69 1
3 1 42 2 70 1
4 1 43 2 71 1
5 1 44 2 72 1
6 1 45 2 73 1
7 1 46 2 74 1
8 1 47 2 75 1
9 1 48 2 76 1
10 1 49 2 77 1
11 1 50 2 52 1
12 1 51 2 53 1
13 1 26 2 54 1
14 1 27 2 55 1
15 1 28 2 56 1
16 1 29 2 57 1
17 1 30 2 58 1
18 1 31 2 59 1
19 1 32 2 60 1
20 1 33 2 61 1
21 1 34 2 62 1
22 1 35 2 63 1
23 1 36 2 64 1
24 1 37 2 65 1
25 1 38 2 66 1
0 1 27 1 68 2
1 1 28 1 69 2
2 1 29 1 70 2
3 1 30 1 71 2
4 1 31 1 72 2
5 1 32 1 73 2
6 1 33 1 74 2
7 1 34 1 75 2
8 1 35 1 76 2
9 1 36 1 77 2
10 1 37 1 52 2
11 1 38 1 53 2
12 1 39 1 54 2
13 1 40 1 55 2
14 1 41 1 56 2
15 1 42 1 57 2
16 1 43 1 58 2
17 1 44 1 59 2
18 1 45 1 60 2
19 1 46 1 61 2
20 1 47 1 62 2
21 1 48 1 63 2
22 1 49 1 64 2
23 1 50 1 65 2
24 1 51 1 66 2
25 1 26 1 67 2
0 1 28 1 70 1
1 1 29 1 71 1
2 1 30 1 72 1
3 1 31 1 73 1
4 1 32 1 74 1
5 1 33 1 75 1
6 1 34 1 76 1
7 1 35 1 77 1
8 1 36 1 52 1
9 1 37 1 53 1
10 1 38 1 54 1
11 1 39 1 55 1
12 1 40 1 56 1
13 1 41 1 57 1
14 1 42 1 58 1
15 1 43 1 59 1
16 1 44 1 60 1
17 1 45 1 61 1
18 1 46 1 62 1
19 1 47 1 63 1
20 1 48 1 64 1
21 1 49 1 65 1
22 1 50 1 66 1
23 1 51 1 67 1
24 1 26 1 68 1
25 1 27 1 69 1
0 1 49 1 56 1
1 1 50 1 57 1
2 1 51 1 58 1
3 1 26 1 59 1
4 1 27 1 60 1
5 1 28 1 61 1
6 1 29 1 62 1
7 1 30 1 63 1
8 1 31 1 64 1
9 1 32 1 65 1
10 1 33 1 66 1
11 1 34 1 67 1
12 1 35 1 68 1
13 1 36 1 69 1
14 1 37 1 70 1
15 1 38 1 71 1
16 1 39 1 72 1
17 1 40 1 73 1
18 1 41 1 74 1
19 1 42 1 75 1
20 1 43 1 76 1
21 1 44 1 77 1
22 1 45 1 52 1
23 1 46 1 53 1
24 1 47 1 54 1
25 1 48 1 55 1
0 1 38 1 63 1
1 1 39 1 64 1
2 1 40 1 65 1
3 1 41 1 66 1
4 1 42 1 67 1
5 1 43 1 68 1
6 1 44 1 69 1
7 1 45 1 70 1
8 1 46 1 71 1
9 1 47 1 72 1
10 1 48 1 73 1
11 1 49 1 74 1
12 1 50 1 75 1
13 1 51 1 76 1
14 1 26 1 77 1
15 1 27 1 52 1
16 1 28 1 53 1
17 1 29 1 54 1
18 1 30 1 55 1
19 1 31 1 56 1
20 1 32 1 57 1
21 1 33 1 58 1
22 1 34 1 59 1
23 1 35 1 60 1
24 1 36 1 61 1
25 1 37 1 62 1
0 1 41 1 55 1
1 1 42 1 56 1
2 1 43 1 57 1
3 1 44 1 58 1
4 1 45 1 59 1
5 1 46 1 60 1
6 1 47 1 61 1
7 1 48 1 62 1
8 1 49 1 63 1
9 1 50 1 64 1
10 1 51 1 65 1
11 1 26 1 66 1
12 1 27 1 67 1
13 1 28 1 68 1
14 1 29 1 69 1
15 1 30 1 70 1
16 1 31 1 71 1
17 1 32 1 72 1
18 1 33 1 73 1
19 1 34 1 74 1
20 1 35 1 75 1
21 1 36 1 76 1
22 1 37 1 77 1
23 1 38 1 52 1
24 1 39 1 53 1
25 1 40 1 54 1
0 1 44 1 57 1
1 1 45 1 58 1
2 1 46 1 59 1
3 1 47 1 60 1
4 1 48 1 61 1
5 1 49 1 62 1
6 1 50 1 63 1
7 1 51 1 64 1
8 1 26 1 65 1
9 1 27 1 66 1
10 1 28 1 67 1
11 1 29 1 68 1
12 1 30 1 69 1
13 1 31 1 70 1
14 1 32 1 71 1
15 1 33 1 72 1
16 1 34 1 73 1
17 1 35 1 74 1
18 1 36 1 75 1
19 1 37 1 76 1
20 1 38 1 77 1
21 1 39 1 52 1
22 1 40 1 53 1
23 1 41 1 54 1
24 1 42 1 55 1
25 1 43 1 56 1
5765171039925442816 515412854784
4612390667950235904 377961324032
1153062671602432000 137459930624
11530342079850885632 1030825709568
9224781335900471808 755922648064
2306125343204864000 274919861248
4613940085992219648 962139807745
7322197718762496 412333668353
4616754286037098496 549839706112
9227880172051548160 824767987714
14644395437524993 824667320322
9233508572007088129 167800832
9016270393544704 550024364037
33792390502420482 549823012868
24776669931995138 335585281
18032540719980545 537116682
67584781071949828 134397960
49553339863990277 671154178
36065081439961090 1074233364
135169562143899656 268795920
99106679727980554 1342308356
72130162879922180 2148466728
270339124287799312 537591840
198213359455961108 2684616712
144260325759844360 4296933456
540678248575598624 1075183680
396426718911922216 5369233424
288520651519688720 8593866912
1081356497151197248 2150367360
792853437823844432 10738466848
577041303039377440 17187733824
2162712994302394496 4300734720
1585706875647688864 21476933696
1154082606078754880 34375467648
4325425988604788992 8601469440
3171413751295377728 42953867392
2308165212157509760 68750935296
8650851977209577984 17202938880
6342827502590755456 85907734784
4611826824754757888 137501870592
17297200354791785473 34405877760
12685655005114402049 171815469568
9223653649442406913 275003741184
16143153036313757698 68811755521
6920062336891881987 343630939137
563225108153347 550007482369
13835058399357702148 137623511043
13835621074156393479 687261878274
5630049843677190 503336962
9227876324633223176 275247005703
9224498074603235342 275012145157
11260099687354380 1006673924
9008575556894736 550494011407
2252075496919068 550024290315
22520199374708761 2013331464
18017151046680609 1476411422
4504151060947000 536952854
45040398749417522 4026662928
36034302093361218 2952822844
9008302121894000 1073905708
90080797498835044 8053325856
72068604186722436 5905645688
18016604243788000 2147811416
180161594997670088 16106651712
144137208373444872 11811291376
36033208487576000 4295622832
360323189995340176 32213303424
288274416746889744 23622582752
72066416975152000 8591245664
720646379990680352 64426606848
576548833493779488 47245165504
144132833950304000 17182491328
1441292759981360704 128853213696
1153097666987558976 94490331008
288265667900608000 34364982656
2882585519962721408 257706427392
2306195333975117952 188980662016
576531335801216000 68729965312
0 0
0 0
0 0
0 0
0 0
0 0
0 0
0 0
0 0
0 0
0 0
0 0
0 0
0 0
0 0
0 0
0 0
0 0
0 0
0 0
0 0
0 0
0 0
0 0
0 0
0 0
0 0
0 0
0 0
0 0
0 0
0 0
0 0
0 0
0 0
0 0
0 0
0 0
0 0
0 0
0 0
0 0
0 0
0 0
0 0
0 0
0 0
0 0
0 0
0 0
0 0
0 0
0 0
0 0
0 0
0 0
0 0
0 0
0 0
0 0
0 0
0 0
0 0
0 0
0 0
0 0
0 0
0 0
0 0
0 0
0 0
0 0
0 0
0 0
0 0
0 0
0 0
0 0
0 0
0 0
0 0
0 0
0 0
0 0
0 0
0 0
0 0
0 0
0 0
0 0
0 0
0 0
0 0
0 0
0 0
0 0
0 0
0 0
0 0
0 0
0 0
0 0
0 0
0 0
0 0
0 0
0 0
0 0
0 0
0 0
0 0
0 0
0 0
0 0
0 0
0 0
0 0
0 0
0 0
0 0
0 0
0 0
0 0
0 0
0 0
0 0
0 0
0 0
0 0
0 0
0 0
0 0
0 0
0 0
0 0
0 0
0 0
0 0
0 0
0 0
0 0
0 0
0 0
0 0
0 0
0 0
0 0
0 0
0 0
0 0
0 0
0 0
0 0
0 0
0 0
0 0
550091366401 0
268443653 0
549822922756 0
1100182732802 0
536887306 0
1099645845512 0
2200365465604 0
1073774612 0
2199291691024 0
4400730931208 0
2147549224 0
4398583382048 0
8801461862416 0
4295098448 0
8797166764096 0
17602923724832 0
8590196896 0
17594333528192 0
35205847449664 0
17180393792 0
35188667056384 0
70411694899328 0
34360787584 0
70377334112768 0
140823389798656 0
68721575168 0
140754668225536 0
281646779597312 0
137443150336 0
281509336451072 0
563293559194624 0
274886300672 0
563018672902144 0
1126587118389248 0
549772601344 0
1126037345804288 0
2253174236778496 0
1099545202688 0
2252074691608576 0
2748846186497 0
2199023296513 0
549822955520 0
5497692372994 0
4398046593026 0
1099645911040 0
10995384745988 0
8796093186052 0
2199291822080 0
21990769491976 0
17592186372104 0
4398583644160 0
43981538983952 0
35184372744208 0
8797167288320 0
87963077967904 0
70368745488416 0
17594334576640 0
175926155935808 0
140737490976832 0
35188669153280 0
351852311871616 0
281474981953664 0
70377338306560 0
703704623743232 0
562949963907328 0
140754676613120 0
1407409247486464 0
1125899927814656 0
281509353226240 0
2814818494972928 0
2251799855629312 0
563018706452480 0
1126037429684224 0
83888129 0
1126037345796097 0
2252074859368448 0
167776258 0
2252074691592194 0
1152921590543953920 618487875584
3461298699144004864 755922641920
2308377108675572992 137443159040
2305843181020798977 137464139776
6922597398355118592 412333656064
4616754217351145985 274886301696
4611686362041597954 274928279552
13845194796710237184 824667312128
9233508434702291970 549772603392
9227876323710566404 549856542720
9243645519710922752 549823012865
24776395322402820 33579009
9008573644472329 201474049
40546965779402752 134397955
49552790644805641 67141634
18017147288944658 402948098
81093931558805504 268795910
99105581289611282 134283268
36034294577889316 805896196
162187863117611008 537591820
198211162579222564 268566536
72068589155778632 1611792392
324375726235222016 1075183640
396422325158445128 537133072
144137178311557264 3223584784
648751452470444032 2150367280
792844650316890256 1074266144
288274356623114528 6447169568
1297502904940888064 4300734560
1585689300633780512 2148532288
576548713246229056 12894339136
2595005809881776128 8601469120
3171378601267561024 4297064576
1153097426492458112 25788678272
5190011619763552256 17202938240
6342757202535122048 8594129152
2306194852984916224 51577356544
10380023239527104512 34405876480
12685514405070244096 17188258304
4612389705902723585 103154713088
2308798805784395776 68811752961
6919781136803566081 34376516609
9224779411738338307 206309426176
4613094012008529920 137623505922
13835058673979761667 68753033218
2814749767124998 412618852353
9226188024017059840 275247011844
9223373274249971718 137506066437
1125899973988364 825237704706
1128374697197569 550494023689
2474723282957 275012132875
2251799947976728 550963798020
6760349021765634 1476419602
4508549073936410 550024249366
4503599963062320 2415968264
13520698043531269 2952822820
9017098080763957 536887340
9007199926124640 4831936528
27041396087062538 5905645640
18034196161527914 1073774680
18014399852249280 9663873056
54082792174125076 11811291280
36068392323055828 2147549360
36028799704498560 19327746112
108165584348250152 23622582560
72136784646111656 4295098720
72057599408997120 38655492224
216331168696500304 47245165120
144273569292223312 8590197440
144115198817994240 77310984448
432662337393000608 94490330240
288547138584446624 17180394880
288230397635988480 154621968896
865324674786001216 188980660480
577094277168893248 34360789760
576460795271976960 309243937792
1730649349572002432 377961320960
1154188554337786496 68721579520
1152921659250836096 103098089984
5189835818159573248 68742546944
6342757168172764032 34363933696
2305843318501672192 206196179968
10379671636319146496 137485093888
12685514336345528064 68727867392
4611686636936235521 412392359936
2308095599368479744 274970187777
6919780999354134017 137455734785
9223373273805362179 824784719872
4611687599176697856 549940375554
13835058399080897539 274911469570
2473901172742 550057828353
9227878797980766208 369123332
9227876324079613958 549822922757
4508547429715980 604028930
13517121879351296 738230281
9008574449676300 134234123
9017094859431960 1208057860
27034243758702592 1476460562
18017148899352600 268468246
18034189718863920 2416115720
54068487517405184 2952921124
36034297798705200 536936492
36068379437727840 4832231440
108136975034810368 5905842248
72068595597410400 1073872984
72136758875455680 9664462880
216273950069620736 11811684496
144137191194820800 2147745968
144273517750911360 19328925760
432547900139241472 23623368992
288274382389641600 4295491936
288547035501822720 38657851520
865095800278482944 47246737984
576548764779283200 8590983872
577094071003645440 77315703040
1730191600556965888 94493475968
1153097529558566400 17181967744
1154188142007290880 154631406080
3460383201113931776 188986951936
2306195059117132800 34363935488
2308376284014581760 309262812160
6920766402227863552 377973903872
4612390118234265600 68727870976
4612248968468901888 618525624320
13837029204828356609 755947807744
9224780236401422337 137455741952
9224497936937803776 137539637248
9231817935574532098 412383987713
7319998720663554 274911467521
2251800098947073 275079274497
12388197879250948 824767975427
10136397813956613 549822935042
4503600265003010 550158532610
20272796131131401 550024339462
24776395188174859 134242308
9007200462897157 805453828
40545592329371666 537051148
49552790376349719 268468232
18014400925794314 1610907656
81091184658743332 1074102296
99105580752699438 536936464
36028801851588628 3221815312
162182369317486664 2148204592
198211161505398876 1073872928
72057603703177256 6443630624
324364738634973328 4296409184
396422323010797752 2147745856
144115207406354512 12887261248
648729477269946656 8592818368
792844646021595504 4295491712
288230414812709024 25774522496
1297458954539893312 17185636736
1585689292043191008 8590983424
576460829625418048 51549044992
2594917909079786624 34371273472
3171378584086382016 17181966848
0 0
0 0
0 0
0 0
0 0
0 0
0 0
0 0
0 0
0 0
0 0
0 0
0 0
0 0
0 0
0 0
0 0
0 0
0 0
0 0
0 0
0 0
0 0
0 0
0 0
0 0
0 0
0 0
0 0
0 0
0 0
0 0
0 0
0 0
0 0
0 0
0 0
0 0
0 0
0 0
0 0
0 0
0 0
0 0
0 0
0 0
0 0
0 0
0 0
0 0
0 0
0 0
0 0
0 0
0 0
0 0
0 0
0 0
0 0
0 0
0 0
0 0
0 0
0 0
0 0
0 0
0 0
0 0
0 0
0 0
0 0
0 0
0 0
0 0
0 0
0 0
0 0
0 0
22517998136852480 65538
18014398509481984 134234112
4503599627370496 134299650
45035996273704960 131076
36028797018963968 268468224
9007199254740992 268599300
90071992547409920 262152
72057594037927936 536936448
18014398509481984 537198600
180143985094819840 524304
144115188075855872 1073872896
36028797018963968 1074397200
360287970189639680 1048608
288230376151711744 2147745792
72057594037927936 2148794400
720575940379279360 2097216
576460752303423488 4295491584
144115188075855872 4297588800
1441151880758558720 4194432
1152921504606846976 8590983168
288230376151711744 8595177600
2882303761517117440 8388864
2305843009213693952 17181966336
576460752303423488 17190355200
5764607523034234880 16777728
4611686018427387904 34363932672
1152921504606846976 34380710400
11529215046068469760 33555456
9223372036854775808 68727865344
2305843009213693952 68761420800
4611686018427387904 67110913
0 137455730689
4611686018427387904 137522841600
9223372036854775808 134221826
0 274911461378
9223372036854775808 275045683200
0 268443653
0 549822922756
0 550091366401
4503599627370496 536870922
0 134234120
4503599627370496 671105026
9007199254740992 1073741844
0 268468240
9007199254740992 1342210052
18014398509481984 2147483688
0 536936480
18014398509481984 2684420104
36028797018963968 4294967376
0 1073872960
36028797018963968 5368840208
72057594037927936 8589934752
0 2147745920
72057594037927936 10737680416
144115188075855872 17179869504
0 4295491840
144115188075855872 21475360832
288230376151711744 34359739008
0 8590983680
288230376151711744 42950721664
576460752303423488 68719478016
0 17181967360
576460752303423488 85901443328
1152921504606846976 137438956032
0 34363934720
1152921504606846976 171802886656
2305843009213693952 274877912064
0 68727869440
2305843009213693952 343605773312
4611686018427387904 549755824128
0 137455738880
4611686018427387904 687211546624
9227875636482146304 20480
4503599627370496 274911461376
9223372036854775808 274911481856
9007199254740992 40961
9007199254740992 549822922752
0 549822963713
