120 45 60 15
0 1 15 1 30 1
1 1 16 1 31 1
2 1 17 1 32 1
3 1 18 1 33 1
4 1 19 1 34 1
5 1 20 1 35 1
6 1 21 1 36 1
7 1 22 1 37 1
8 1 23 1 38 1
9 1 24 1 39 1
10 1 25 1 40 1
11 1 26 1 41 1
12 1 27 1 42 1
13 1 28 1 43 1
14 1 29 1 44 1
13 1 29 1 37 1
14 1 15 1 38 1
0 1 16 1 39 1
1 1 17 1 40 1
2 1 18 1 41 1
3 1 19 1 42 1
4 1 20 1 43 1
5 1 21 1 44 1
6 1 22 1 30 1
7 1 23 1 31 1
8 1 24 1 32 1
9 1 25 1 33 1
10 1 26 1 34 1
11 1 27 1 35 1
12 1 28 1 36 1
13 1 17 1 36 1
14 1 18 1 37 1
0 1 19 1 38 1
1 1 20 1 39 1
2 1 21 1 40 1
3 1 22 1 41 1
4 1 23 1 42 1
5 1 24 1 43 1
6 1 25 1 44 1
7 1 26 1 30 1
8 1 27 1 31 1
9 1 28 1 32 1
10 1 29 1 33 1
11 1 15 1 34 1
12 1 16 1 35 1
8 1 29 1 43 1
9 1 15 1 44 1
10 1 16 1 30 1
11 1 17 1 31 1
12 1 18 1 32 1
13 1 19 1 33 1
14 1 20 1 34 1
0 1 21 1 35 1
1 1 22 1 36 1
2 1 23 1 37 1
3 1 24 1 38 1
4 1 25 1 39 1
5 1 26 1 40 1
6 1 27 1 41 1
7 1 28 1 42 1
0 2 27 1 37 1
1 2 28 1 38 1
2 2 29 1 39 1
3 2 15 1 40 1
4 2 16 1 41 1
5 2 17 1 42 1
6 2 18 1 43 1
7 2 19 1 44 1
8 2 20 1 30 1
9 2 21 1 31 1
10 2 22 1 32 1
11 2 23 1 33 1
12 2 24 1 34 1
13 2 25 1 35 1
14 2 26 1 36 1
8 1 15 2 36 1
9 1 16 2 37 1
10 1 17 2 38 1
11 1 18 2 39 1
12 1 19 2 40 1
13 1 20 2 41 1
14 1 21 2 42 1
0 1 22 2 43 1
1 1 23 2 44 1
2 1 24 2 30 1
3 1 25 2 31 1
4 1 26 2 32 1
5 1 27 2 33 1
6 1 28 2 34 1
7 1 29 2 35 1
3 1 27 1 30 2
4 1 28 1 31 2
5 1 29 1 32 2
6 1 15 1 33 2
7 1 16 1 34 2
8 1 17 1 35 2
9 1 18 1 36 2
10 1 19 1 37 2
11 1 20 1 38 2
12 1 21 1 39 2
13 1 22 1 40 2
14 1 23 1 41 2
0 1 24 1 42 2
1 1 25 1 43 2
2 1 26 1 44 2
3 1 17 1 43 1
4 1 18 1 44 1
5 1 19 1 30 1
6 1 20 1 31 1
7 1 21 1 32 1
8 1 22 1 33 1
9 1 23 1 34 1
10 1 24 1 35 1
11 1 25 1 36 1
12 1 26 1 37 1
13 1 27 1 38 1
14 1 28 1 39 1
0 1 29 1 40 1
1 1 15 1 41 1
2 1 16 1 42 1
144119586122366977
4398046543872
144115188075888641
288239172244733954
8796093087744
288230376151777282
576478344489467908
17592186175488
576460752303554564
35185445830664
1074003968
35184372350984
70370891661328
2148007936
70368744701968
140741783322656
4296015872
140737489403936
281483566645312
8592031744
281474978807872
562967133290624
17184063488
562949957615744
1125934266581248
34368126976
1125899915231488
2251868533162496
68736253952
2251799830462976
4503737066324992
137472507904
4503599660925952
9007474132649984
274945015808
9007199321851904
18014948265299968
549890031616
18014398643703808
36029896530599936
1099780063232
36028797287407616
72059793061199872
2199560126464
72057594574815232
873701491119034570
959363752556499906
103682436959109896
594516662003310996
765806001579894660
207329690619872784
36147003771863848
378690499626684168
414624197941398560
72294006469985873
757380999253335569
829248394809088064
144552829641624738
361875678271912994
505575286085070976
289105659283249476
723751356543825988
1011150572170141952
578176134194442888
294616391779152009
869379640807145985
3430763782071568
589197599186215187
585872961379501059
6826343192054305
25508878137639463
18824418152187910
13652685310366787
51017756275246159
37648835230666764
27305370620733574
102035512550492318
75297670461333528
54610741241467148
204071025100984636
150595340922667056
109221482482901529
408142049128260216
301190680771592289
218442964965803058
816284098256520432
602381361543184578
436850745559517285
479681876278249953
51841218479554948
298975868938752170
169492244084490500
467253633693847982
597951737877504340
338984488168981000
934507267387695964
42981972221903528
677933793039614992
716128214540633784
85928761145427281
202981264770762784
279334924474420593
171857522290854562
405962529541525568
558669848948841186
343715044581709124
811925059083051136
1117339697897682372
687394905865071240
470963797931344128
1081757892262259592
221868307123328272
941892411490599425
1010629464289728273
443701430948276769
730898501672731650
868337423972609571
887367678598206530
308910683110705156
583753344412113990
621813853663275141
617786181849354248
14620367515728013
90741387091792138
82650860165603344
29205551733109018
181482774183551509
165301719257497632
58411102392476213
362965547293393962
330603437441253441
116822204784919659
725931094586755157
661206873808797826
233644408496097495
0
0
0
0
0
0
0
0
0
0
0
0
0
0
0
0
0
0
0
0
0
0
0
0
0
0
0
0
0
0
0
0
0
0
0
0
0
0
0
0
0
0
0
0
0
0
0
0
0
0
0
0
0
0
0
0
0
0
0
0
0
0
0
0
0
0
0
0
0
0
0
0
0
0
0
0
0
0
0
0
0
0
0
0
0
0
0
0
0
0
0
0
0
0
0
0
0
0
0
0
0
0
0
0
0
0
0
0
0
0
0
0
0
0
0
0
0
0
0
0
0
0
0
0
0
0
0
0
0
0
0
0
0
0
0
580543217533056
577058903808934020
576513547119362052
1125903136719104
1231487383109896
105590705618952
2251806273438208
2462974766219792
211181411237904
4503612546876416
4925949532439584
422362822475808
9007225093752832
9851899064879168
844725644951616
18014450187505664
19703798129758336
1689451289903232
36028900375011328
39407596259516672
3378902579806464
72057800750022656
78815192519033344
6757805159612928
144115600426303489
157630385038033921
13515609245516800
288231200852606978
315260770076067842
27031218491033600
576462401705213956
630521540152135684
54062436982067200
38483175669768
108121576771166216
108089690665787392
76966351339536
216243153542332432
216179381331574784
153931628970016
432486306010923041
432358762663116801
307863257940032
864972612021846082
864717525326233602
577650530338308320
362627766523368003
940243041320440483
2379557143511488
725220349748388998
727599762406122822
4723930988675968
297554379262019852
302278021279140492
9447860903642880
595108757450297881
604556042558248217
18860538508938752
37331194665837618
56190581583391282
37721077017877504
74662389331675236
112381163166782564
75442152962045952
149324777589608649
224762326333532361
150884305924091904
298649555179217298
449524652667064722
301768611848151041
597299109284725540
899049304260387621
603502039324213251
41711898334660169
645177103913961034
54082575115288583
83388612297264274
137467886519422101
108165150230577166
166777224594528548
274935773038844202
216330300461154332
333554449189057096
549871546077688404
432660600922308664
667108898378114192
1099743092155376808
865286017472561264
181331475447728417
1046564680777615697
