90 240
8 1 30 60 90 120 150 180 210
9 0 1 31 61 91 121 151 181 211
8 3 32 62 92 122 152 182 212
9 2 3 33 63 93 123 153 183 213
8 5 34 64 94 124 154 184 214
9 4 5 35 65 95 125 155 185 215
8 7 36 66 96 126 156 186 216
9 6 7 37 67 97 127 157 187 217
8 9 38 68 98 128 158 188 218
9 8 9 39 69 99 129 159 189 219
8 11 40 70 100 130 160 190 220
9 10 11 41 71 101 131 161 191 221
8 13 42 72 102 132 162 192 222
9 12 13 43 73 103 133 163 193 223
8 15 44 74 104 134 164 194 224
9 14 15 45 75 105 135 165 195 225
8 17 46 76 106 136 166 196 226
9 16 17 47 77 107 137 167 197 227
8 19 48 78 108 138 168 198 228
9 18 19 49 79 109 139 169 199 229
8 21 50 80 110 140 170 200 230
9 20 21 51 81 111 141 171 201 231
8 23 52 82 112 142 172 202 232
9 22 23 53 83 113 143 173 203 233
8 25 54 84 114 144 174 204 234
9 24 25 55 85 115 145 175 205 235
8 27 56 86 116 146 176 206 236
9 26 27 57 87 117 147 177 207 237
8 29 58 88 118 148 178 208 238
9 28 29 59 89 119 149 179 209 239
8 0 41 88 94 126 158 204 224
9 1 40 41 89 95 127 159 205 225
8 2 43 60 96 128 160 206 226
9 3 42 43 61 97 129 161 207 227
8 4 45 62 98 130 162 208 228
9 5 44 45 63 99 131 163 209 229
8 6 47 64 100 132 164 180 230
9 7 46 47 65 101 133 165 181 231
8 8 49 66 102 134 166 182 232
9 9 48 49 67 103 135 167 183 233
8 10 51 68 104 136 168 184 234
9 11 50 51 69 105 137 169 185 235
8 12 53 70 106 138 170 186 236
9 13 52 53 71 107 139 171 187 237
8 14 55 72 108 140 172 188 238
9 15 54 55 73 109 141 173 189 239
8 16 57 74 110 142 174 190 210
9 17 56 57 75 111 143 175 191 211
8 18 59 76 112 144 176 192 212
9 19 58 59 77 113 145 177 193 213
8 20 31 78 114 146 178 194 214
9 21 30 31 79 115 147 179 195 215
8 22 33 80 116 148 150 196 216
9 23 32 33 81 117 149 151 197 217
8 24 35 82 118 120 152 198 218
9 25 34 35 83 119 121 153 199 219
8 26 37 84 90 122 154 200 220
9 27 36 37 85 91 123 155 201 221
8 28 39 86 92 124 156 202 222
9 29 38 39 87 93 125 157 203 223
8 0 46 85 104 140 178 186 218
9 1 47 84 85 105 141 179 187 219
8 2 48 87 106 142 150 188 220
9 3 49 86 87 107 143 151 189 221
8 4 50 89 108 144 152 190 222
9 5 51 88 89 109 145 153 191 223
8 6 52 61 110 146 154 192 224
9 7 53 60 61 111 147 155 193 225
8 8 54 63 112 148 156 194 226
9 9 55 62 63 113 149 157 195 227
8 10 56 65 114 120 158 196 228
9 11 57 64 65 115 121 159 197 229
8 12 58 67 116 122 160 198 230
9 13 59 66 67 117 123 161 199 231
8 14 30 69 118 124 162 200 232
9 15 31 68 69 119 125 163 201 233
8 16 32 71 90 126 164 202 234
9 17 33 70 71 91 127 165 203 235
8 18 34 73 92 128 166 204 236
9 19 35 72 73 93 129 167 205 237
8 20 36 75 94 130 168 206 238
9 21 37 74 75 95 131 169 207 239
8 22 38 77 96 132 170 208 210
9 23 39 76 77 97 133 171 209 211
8 24 40 79 98 134 172 180 212
9 25 41 78 79 99 135 173 181 213
8 26 42 81 100 136 174 182 214
9 27 43 80 81 101 137 175 183 215
8 28 44 83 102 138 176 184 216
9 29 45 82 83 103 139 177 185 217
