120 45 60 15
0 2 15 1 30 1
1 2 16 1 31 1
2 2 17 1 32 1
3 2 18 1 33 1
4 2 19 1 34 1
5 2 20 1 35 1
6 2 21 1 36 1
7 2 22 1 37 1
8 2 23 1 38 1
9 2 24 1 39 1
10 2 25 1 40 1
11 2 26 1 41 1
12 2 27 1 42 1
13 2 28 1 43 1
14 2 29 1 44 1
0 1 25 2 37 1
1 1 26 2 38 1
2 1 27 2 39 1
3 1 28 2 40 1
4 1 29 2 41 1
5 1 15 2 42 1
6 1 16 2 43 1
7 1 17 2 44 1
8 1 18 2 30 1
9 1 19 2 31 1
10 1 20 2 32 1
11 1 21 2 33 1
12 1 22 2 34 1
13 1 23 2 35 1
14 1 24 2 36 1
0 1 16 1 33 2
1 1 17 1 34 2
2 1 18 1 35 2
3 1 19 1 36 2
4 1 20 1 37 2
5 1 21 1 38 2
6 1 22 1 39 2
7 1 23 1 40 2
8 1 24 1 41 2
9 1 25 1 42 2
10 1 26 1 43 2
11 1 27 1 44 2
12 1 28 1 30 2
13 1 29 1 31 2
14 1 15 1 32 2
0 1 28 1 38 1
1 1 29 1 39 1
2 1 15 1 40 1
3 1 16 1 41 1
4 1 17 1 42 1
5 1 18 1 43 1
6 1 19 1 44 1
7 1 20 1 30 1
8 1 21 1 31 1
9 1 22 1 32 1
10 1 23 1 33 1
11 1 24 1 34 1
12 1 25 1 35 1
13 1 26 1 36 1
14 1 27 1 37 1
0 1 27 1 35 1
1 1 28 1 36 1
2 1 29 1 37 1
3 1 15 1 38 1
4 1 16 1 39 1
5 1 17 1 40 1
6 1 18 1 41 1
7 1 19 1 42 1
8 1 20 1 43 1
9 1 21 1 44 1
10 1 22 1 30 1
11 1 23 1 31 1
12 1 24 1 32 1
13 1 25 1 33 1
14 1 26 1 34 1
0 1 26 1 31 1
1 1 27 1 32 1
2 1 28 1 33 1
3 1 29 1 34 1
4 1 15 1 35 1
5 1 16 1 36 1
6 1 17 1 37 1
7 1 18 1 38 1
8 1 19 1 39 1
9 1 20 1 40 1
10 1 21 1 41 1
11 1 22 1 42 1
12 1 23 1 43 1
13 1 24 1 44 1
14 1 25 1 30 1
0 1 18 1 42 1
1 1 19 1 43 1
2 1 20 1 44 1
3 1 21 1 30 1
4 1 22 1 31 1
5 1 23 1 32 1
6 1 24 1 33 1
7 1 25 1 34 1
8 1 26 1 35 1
9 1 27 1 36 1
10 1 28 1 37 1
11 1 29 1 38 1
12 1 15 1 39 1
13 1 16 1 40 1
14 1 17 1 41 1
0 1 23 1 41 1
1 1 24 1 42 1
2 1 25 1 43 1
3 1 26 1 44 1
4 1 27 1 30 1
5 1 28 1 31 1
6 1 29 1 32 1
7 1 15 1 33 1
8 1 16 1 34 1
9 1 17 1 35 1
10 1 18 1 36 1
11 1 19 1 37 1
12 1 20 1 38 1
13 1 21 1 39 1
14 1 22 1 40 1
297237850351468547
288239447189850112
9015995347863555
594475700702937094
576478894379700224
18031990695727110
36065081171116044
36285226295296
36028798093107212
72130162342232088
72570452590592
72057596186214424
144260323610755120
145139831439361
144115192372396081
288520647221510240
290279662878722
288230384744792162
577041294443020480
580559325757444
576460769489584324
1161085352935808
1125935353167880
35218744410504
2322170705871616
2251870706335760
70437488821008
4644341411743232
4503741412671520
140874977642016
9288682823486464
9007482825343040
281749955284032
18577365646972928
18014965650686080
563499910568064
37154731293945856
36029931301372160
1126999821136128
74309462587891712
72059862602744320
2253999642272256
148618925175750657
144119724131779584
4507998210802689
0
0
0
0
0
0
0
0
0
0
0
0
0
0
0
0
0
0
0
0
0
0
0
0
0
0
0
0
0
0
0
0
0
0
0
0
0
0
0
0
0
0
0
0
0
0
0
0
0
0
0
0
0
0
0
0
0
0
0
0
0
0
0
0
0
0
0
0
0
0
0
0
0
0
0
0
0
0
0
0
0
0
0
0
0
0
0
0
0
0
437482964402598277
444251233038033152
15776156712341637
874965927731454731
888502466076033537
31552312350974218
597045534154409495
624083428618929155
63069440329892372
41204748074028079
95245352631044102
126103696287695913
82409496148056158
190490705262088204
252207392575391826
164818992296112316
380981410524176408
504414785150783652
329637984592224632
761962821048352816
1008829570301567304
659240784812360433
371039321861914721
864737635996320400
165560066091582947
742043459351773378
576588950684140833
331084948884818886
331200598468788612
256397835176514
662169897769637772
662401196937577224
512795670353028
171453475304517400
171880890342049296
990408042359048
342906950609034800
343761780684098592
1980816084718096
685813901218036833
687523560294488128
3961631095694369
218741482201315522
222125617055871104
7888078893041730
903078467598313537
865281638502810368
38975506235829057
653270613888127107
577641773472482817
77915828099602050
153654907541463303
2362042338151426
155796471827115269
307309815082926606
4724084676302852
311592943654230538
614619630165820445
9448168278896648
623185886234719253
76317756798535738
18861153259446288
93485452234680362
152635512523362420
37722305445150753
186970904469327957
305271023973015784
75444609816559683
373941808938623147
610542047946031568
150889219633119366
747883617877246294
68162592358925217
301743254894182668
342880914445992621
136325184717850434
603486509788365336
685761828891985242
272615186137353860
54086699341972528
218602154250865332
545230372274707720
108173398683945056
437204308501730664
1090460744549415440
216346797367890112
874408617003461328
1027999985565725728
432658411437433216
595930913772164512
288811513423295235
884755034508796230
595979895717352005
577587843548210695
616623747709125260
39038286827857035
2289365787921423
80325991885112601
78041389283658006
4578731575810079
160651982696516146
156082777493574189
9157463151620158
321303965393032292
312165554987148378
18314926303240316
642607930786064584
624331109974296756
36594669308100857
132329540263661968
95740715341746537
73189337542459891
264659080527291169
191481429609784018
146378675084919782
529318161054582338
382962859219568036
292757349096130508
1058636321035422853
765925718439103305
585479514893914008
964386321836087562
378929933345101458
18072709553069872
775851140139069972
757824683391855908
36110235807792736
398815960043381800
362727863250606664
72220470541876416
797631919013021777
725455726501180561
144405756711664001
442377517791252643
297989948395546914
1074003976
35184372088840
35185446092800
2148007952
70368744177680
70370892185600
4296015904
140737488355360
140741784371200
8592031808
281474976710720
281483568742400
17184063616
562949953421440
562967137484800
34368127232
1125899906842880
1125934274969600
68736254464
2251799813685760
2251868549939200
137472508928
4503599627371520
4503737099878400
274945017856
9007199254743040
9007474199756800
549890035712
18014398509486080
18014948399513600
1099780071424
36028797018972160
36029896799027200
2199560142848
72057594037944320
72059793598054400
4398046543873
144115188075855873
144119586122399744
8796093087746
288230376151711746
288239172244799488
17592186175492
576460752303423492
576478344489598976
0
0
0
0
0
0
0
0
0
0
0
0
0
0
0
0
0
0
0
0
0
0
0
0
0
0
0
0
0
0
0
0
0
0
0
0
0
0
0
0
0
0
0
0
0
