192 72 2 24
0 1 24 1 48 1 3513379455395692608 2147076 1171793522186518656 3162376 2342157679256666304 1081868
1 1 25 1 49 1 14053517821582770432 8588304 4687174088746074624 12649504 9368630717026665216 4327472
2 1 26 1 50 1 873839065202426880 34353219 301952281274746880 50598017 581034720687557632 17309890
3 1 27 1 51 1 3494793310856286210 137412876 1206964700168855555 202392068 2323857407773519873 69239560
4 1 28 1 52 1 13979173243425144840 549651504 4827858800675422220 809568272 9295429631094079492 276958240
5 1 29 1 53 1 576460752571924512 2198606019 864691128992137264 3238273089 288230376957214736 1107832962
6 1 30 1 54 1 2306405960241119360 204489484 3459608940898681024 68190468 1153202982805569600 136364552
7 1 31 1 55 1 9225623840964477440 817957936 13838435763594724096 272761872 4612811931222278400 545458208
8 1 32 1 56 1 9007216438806528 3271831746 13510833250241536 1091047491 4503651179561984 2181832833
9 1 33 1 57 1 36873290685358080 202425096 54324807977676800 69222668 18577554671669248 137396740
10 1 34 1 58 1 147493162741432320 809700384 217299231910707200 276890672 74310218686676992 549586960
11 1 35 1 59 1 589972650965729280 3238801536 869196927642828800 1107562688 297240874746707968 2198347840
12 1 36 1 60 1 2360735028793049088 70304256 3477069185548025856 135283456 1189526448940253184 203456768
13 1 37 1 61 1 9442940115172196352 281217024 13908276742192103424 541133824 4758105795761012736 813827072
14 1 38 1 62 1 878272313269682176 1124868098 292874747639758848 2164535299 585679109334499328 3255308289
15 1 39 1 63 1 3513089253078728705 204505096 1171498990559035394 68206604 2342716437337997315 136331268
16 1 40 1 64 1 14052357012314914820 818020384 4685995962236141576 272826416 9370865749351989260 545325072
17 1 41 1 65 1 869195828131004432 3272081539 297239775235014688 1091305665 589974849988853808 2181300290
18 1 42 1 66 1 3477627737454149696 203424268 1189240575916769408 70255364 2360462349908836544 135266568
19 1 43 1 67 1 13910510949816598784 813697072 4756962303667077632 281021456 9441849399635346176 541066272
20 1 44 1 68 1 301811578137740288 3254788291 581105140958758912 1124085825 873909451122281472 2164265090
21 1 45 1 69 1 1207809262504382465 134251276 2324139088858324994 201376004 3495356329512415235 67125768
22 1 46 1 70 1 4831237050017529860 537005104 9296556355433299976 805504016 13981425318049660940 268503072
23 1 47 1 71 1 878204126360567824 2148020417 292737274314096672 3222016066 585469051069988912 1074012291
16 1 41 1 51 1 54047800857731073 68190208 18023265486778370 136364032 36042131853021187 204488704
17 1 42 1 52 1 216191203430924292 272760832 72093061947113480 545456128 144168527412084748 817954816
18 1 43 1 53 1 864764813723697168 1091043328 288372247788453920 2181824512 576674109648338992 3271819264
19 1 44 1 54 1 3459059254894788673 69206016 1153488991153815682 137363456 2306696438593355971 202375168
20 1 45 1 55 1 13836237019579154692 276824064 4613955964615262728 549453824 9226785754373423884 809500672
21 1 46 1 56 1 4715857187963920 1107296259 9079784751499296 2197815297 13654870074592304 3238002690
22 1 47 1 57 1 18300478798434371 134217740 36600613982707841 201326596 54900955275079874 67108872
23 1 24 1 58 1 73201915193737484 536870960 146402455930831364 805306384 219603821100319496 268435488
0 1 25 1 59 1 292807660774949936 2147483840 585609823723325456 3221225536 878415284401277984 1073741952
1 1 26 1 60 1 1171512118076510401 768 2342720769870012482 256 3513098187651690627 512
2 1 27 1 61 1 4686048472306041604 3072 9370883079480049928 1024 14052392750606762508 2048
3 1 28 1 62 1 297449815514614800 12289 590044170501096480 4098 869338781298395184 8195
4 1 29 1 63 1 1188954837128327235 49156 2359895207027675265 16392 3476792175240159426 32780
5 1 30 1 64 1 4755819348513308940 196624 9439580828110701060 65568 13907168700960637704 131120
6 1 31 1 65 1 576533320343684144 786497 864835165023701008 262274 288442582713895968 524483
7 1 32 1 66 1 2305851806398025921 3145988 3458777710141382722 1049096 1152925905925451907 2097932
8 1 33 1 67 1 9223407225592103684 12583952 13835110840565530888 4196384 4611703623701807628 8391728
9 1 34 1 68 1 140754949311504 50335810 211141133468704 16785539 70421097678896 33566913
10 1 35 1 69 1 69843824706 201343240 139603742851 67142156 209414004929 134267652
11 1 36 1 70 1 279375298824 805372960 558414971404 268568624 837656019716 537070608
12 1 37 1 71 1 1117501195296 3221491840 2233659885616 1074274496 3350624078864 2148282432
13 1 38 1 48 1 848894934913152 1065472 290409616253120 2130688 576352449736768 3195136
14 1 39 1 49 1 3395579739652608 4261888 1161638465012480 8522752 2305409798947072 12780544
15 1 40 1 50 1 13582318958610432 17047552 4646553860049920 34091008 9221639195788288 51122176
16 1 36 1 71 1 1189240779978842242 69255432 2360462419719106755 137380364 3477627876000927809 202408708
17 1 37 1 48 1 4756963119915368968 277021728 9441849678876427020 549521456 13910511504003711236 809634832
18 1 38 1 49 1 581108405951924256 1108086913 873910568086604848 2198085826 301813794886190096 3238539331
19 1 39 1 50 1 2324152148830986370 137380356 3495360797369708739 202408712 1207818129498181697 69255436
20 1 40 1 51 1 9296608595323945480 549521424 13981443189478834956 809634848 4831272517992726788 277021744
21 1 41 1 52 1 292946233876678688 2198085698 585540536786684976 3238539395 878345998261355536 1108086977
22 1 42 1 53 1 1171503460530004099 202408200 2342725097100161217 69255692 3513102518068711490 137380612
23 1 43 1 54 1 4686013842120016396 809632800 9370900388400644868 277022768 14052410072274845960 549522448
0 1 44 1 55 1 297311294770513968 3238531201 590113406183476240 1108091074 869408067970728992 2198089795
1 1 45 1 56 1 1189808129035477185 69222916 2360172149757194306 137397000 3477350796906205315 202424588
2 1 46 1 57 1 4759232516141908740 276891664 9440688599028777224 549588000 13909403187624821260 809698352
3 1 47 1 58 1 590185990858083344 1107566657 869266248696005664 2198352002 297380529370630192 3238793411
4 1 24 1 59 1 2360181013478912067 135299332 3477346469760733313 203473416 1189803592459231426 70271756
5 1 25 1 60 1 9440724053915648268 541197328 13909385879042933252 813893664 4759214369836925704 281087024
6 1 26 1 61 1 869408068243489840 2164789314 297311295043078160 3255574659 590113405638151200 1124348097
7 1 27 1 62 1 3477350797997248707 69222664 1189808130125733953 137396748 2360172147575894146 202425092
8 1 28 1 63 1 13909403191988994828 276890656 4759232520502935812 549586992 9440688590303576584 809700368
9 1 29 1 64 1 297380546827324464 1107562627 590186008302191632 2198347969 869266213795203104 3238801474
10 1 30 1 65 1 1189240712332587202 135283212 2360462558232055875 203457284 3477627805134233729 70304008
11 1 31 1 66 1 4756962849330348808 541132848 9441850232928223500 813829136 13910511220536934916 281216032
12 1 32 1 67 1 581107323611843616 2164531393 873912784293790768 3255316546 301812661019084816 1124864131
13 1 33 1 68 1 2324429294447374466 68190980 3495651137175163075 136364296 1207250644076339265 204489228
14 1 34 1 69 1 9297717177789497864 272763920 13982604548700652300 545457184 4829002576305357060 817956912
15 1 35 1 70 1 297380563738888224 1091055682 590185973673954352 2181828739 869266231511876624 3271827649
13 2 27 2 69 2 1 0 2 0 3 0
14 2 28 2 70 2 4 0 8 0 12 0
15 2 29 2 71 2 16 0 32 0 48 0
16 2 30 2 48 2 64 0 128 0 192 0
17 2 31 2 49 2 256 0 512 0 768 0
18 2 32 2 50 2 1024 0 2048 0 3072 0
19 2 33 2 51 2 4096 0 8192 0 12288 0
20 2 34 2 52 2 16384 0 32768 0 49152 0
21 2 35 2 53 2 65536 0 131072 0 196608 0
22 2 36 2 54 2 262144 0 524288 0 786432 0
23 2 37 2 55 2 1048576 0 2097152 0 3145728 0
0 2 38 2 56 2 4194304 0 8388608 0 12582912 0
1 2 39 2 57 2 16777216 0 33554432 0 50331648 0
2 2 40 2 58 2 67108864 0 134217728 0 201326592 0
3 2 41 2 59 2 268435456 0 536870912 0 805306368 0
4 2 42 2 60 2 1073741824 0 2147483648 0 3221225472 0
5 2 43 2 61 2 4294967296 0 8589934592 0 12884901888 0
6 2 44 2 62 2 17179869184 0 34359738368 0 51539607552 0
7 2 45 2 63 2 68719476736 0 137438953472 0 206158430208 0
8 2 46 2 64 2 274877906944 0 549755813888 0 824633720832 0
9 2 47 2 65 2 1099511627776 0 2199023255552 0 3298534883328 0
10 2 24 2 66 2 4398046511104 0 8796093022208 0 13194139533312 0
11 2 25 2 67 2 17592186044416 0 35184372088832 0 52776558133248 0
12 2 26 2 68 2 70368744177664 0 140737488355328 0 211106232532992 0
0 2 41 1 71 1 0 0 0 0 0 0
1 2 42 1 48 1 0 0 0 0 0 0
2 2 43 1 49 1 0 0 0 0 0 0
3 2 44 1 50 1 0 0 0 0 0 0
4 2 45 1 51 1 0 0 0 0 0 0
5 2 46 1 52 1 0 0 0 0 0 0
6 2 47 1 53 1 0 0 0 0 0 0
7 2 24 1 54 1 0 0 0 0 0 0
8 2 25 1 55 1 0 0 0 0 0 0
9 2 26 1 56 1 0 0 0 0 0 0
10 2 27 1 57 1 0 0 0 0 0 0
11 2 28 1 58 1 0 0 0 0 0 0
12 2 29 1 59 1 0 0 0 0 0 0
13 2 30 1 60 1 0 0 0 0 0 0
14 2 31 1 61 1 0 0 0 0 0 0
15 2 32 1 62 1 0 0 0 0 0 0
16 2 33 1 63 1 0 0 0 0 0 0
17 2 34 1 64 1 0 0 0 0 0 0
18 2 35 1 65 1 0 0 0 0 0 0
19 2 36 1 66 1 0 0 0 0 0 0
20 2 37 1 67 1 0 0 0 0 0 0
21 2 38 1 68 1 0 0 0 0 0 0
22 2 39 1 69 1 0 0 0 0 0 0
23 2 40 1 70 1 0 0 0 0 0 0
13 1 24 2 51 1 0 0 0 0 0 0
14 1 25 2 52 1 0 0 0 0 0 0
15 1 26 2 53 1 0 0 0 0 0 0
16 1 27 2 54 1 0 0 0 0 0 0
17 1 28 2 55 1 0 0 0 0 0 0
18 1 29 2 56 1 0 0 0 0 0 0
19 1 30 2 57 1 0 0 0 0 0 0
20 1 31 2 58 1 0 0 0 0 0 0
21 1 32 2 59 1 0 0 0 0 0 0
22 1 33 2 60 1 0 0 0 0 0 0
23 1 34 2 61 1 0 0 0 0 0 0
0 1 35 2 62 1 0 0 0 0 0 0
1 1 36 2 63 1 0 0 0 0 0 0
2 1 37 2 64 1 0 0 0 0 0 0
3 1 38 2 65 1 0 0 0 0 0 0
4 1 39 2 66 1 0 0 0 0 0 0
5 1 40 2 67 1 0 0 0 0 0 0
6 1 41 2 68 1 0 0 0 0 0 0
7 1 42 2 69 1 0 0 0 0 0 0
8 1 43 2 70 1 0 0 0 0 0 0
9 1 44 2 71 1 0 0 0 0 0 0
10 1 45 2 48 1 0 0 0 0 0 0
11 1 46 2 49 1 0 0 0 0 0 0
12 1 47 2 50 1 0 0 0 0 0 0
4 1 27 1 48 2 0 0 0 0 0 0
5 1 28 1 49 2 0 0 0 0 0 0
6 1 29 1 50 2 0 0 0 0 0 0
7 1 30 1 51 2 0 0 0 0 0 0
8 1 31 1 52 2 0 0 0 0 0 0
9 1 32 1 53 2 0 0 0 0 0 0
10 1 33 1 54 2 0 0 0 0 0 0
11 1 34 1 55 2 0 0 0 0 0 0
12 1 35 1 56 2 0 0 0 0 0 0
13 1 36 1 57 2 0 0 0 0 0 0
14 1 37 1 58 2 0 0 0 0 0 0
15 1 38 1 59 2 0 0 0 0 0 0
16 1 39 1 60 2 0 0 0 0 0 0
17 1 40 1 61 2 0 0 0 0 0 0
18 1 41 1 62 2 0 0 0 0 0 0
19 1 42 1 63 2 0 0 0 0 0 0
20 1 43 1 64 2 0 0 0 0 0 0
21 1 44 1 65 2 0 0 0 0 0 0
22 1 45 1 66 2 0 0 0 0 0 0
23 1 46 1 67 2 0 0 0 0 0 0
0 1 47 1 68 2 0 0 0 0 0 0
1 1 24 1 69 2 0 0 0 0 0 0
2 1 25 1 70 2 0 0 0 0 0 0
3 1 26 1 71 2 0 0 0 0 0 0
4 3 36 3 69 3 281474976710656 0 562949953421312 0 844424930131968 0
5 3 37 3 70 3 1125899906842624 0 2251799813685248 0 3377699720527872 0
6 3 38 3 71 3 4503599627370496 0 9007199254740992 0 13510798882111488 0
7 3 39 3 48 3 18014398509481984 0 36028797018963968 0 54043195528445952 0
8 3 40 3 49 3 72057594037927936 0 144115188075855872 0 216172782113783808 0
9 3 41 3 50 3 288230376151711744 0 576460752303423488 0 864691128455135232 0
10 3 42 3 51 3 1152921504606846976 0 2305843009213693952 0 3458764513820540928 0
11 3 43 3 52 3 4611686018427387904 0 9223372036854775808 0 13835058055282163712 0
12 3 44 3 53 3 0 1 0 2 0 3
13 3 45 3 54 3 0 4 0 8 0 12
14 3 46 3 55 3 0 16 0 32 0 48
15 3 47 3 56 3 0 64 0 128 0 192
16 3 24 3 57 3 0 256 0 512 0 768
17 3 25 3 58 3 0 1024 0 2048 0 3072
18 3 26 3 59 3 0 4096 0 8192 0 12288
19 3 27 3 60 3 0 16384 0 32768 0 49152
20 3 28 3 61 3 0 65536 0 131072 0 196608
21 3 29 3 62 3 0 262144 0 524288 0 786432
22 3 30 3 63 3 0 1048576 0 2097152 0 3145728
23 3 31 3 64 3 0 4194304 0 8388608 0 12582912
0 3 32 3 65 3 0 16777216 0 33554432 0 50331648
1 3 33 3 66 3 0 67108864 0 134217728 0 201326592
2 3 34 3 67 3 0 268435456 0 536870912 0 805306368
3 3 35 3 68 3 0 1073741824 0 2147483648 0 3221225472
