192 72 2 24
0 2 24 1 48 1 0 0 0 0 0 0
1 2 25 1 49 1 0 0 0 0 0 0
2 2 26 1 50 1 0 0 0 0 0 0
3 2 27 1 51 1 0 0 0 0 0 0
4 2 28 1 52 1 0 0 0 0 0 0
5 2 29 1 53 1 0 0 0 0 0 0
6 2 30 1 54 1 0 0 0 0 0 0
7 2 31 1 55 1 0 0 0 0 0 0
8 2 32 1 56 1 0 0 0 0 0 0
9 2 33 1 57 1 0 0 0 0 0 0
10 2 34 1 58 1 0 0 0 0 0 0
11 2 35 1 59 1 0 0 0 0 0 0
12 2 36 1 60 1 0 0 0 0 0 0
13 2 37 1 61 1 0 0 0 0 0 0
14 2 38 1 62 1 0 0 0 0 0 0
15 2 39 1 63 1 0 0 0 0 0 0
16 2 40 1 64 1 0 0 0 0 0 0
17 2 41 1 65 1 0 0 0 0 0 0
18 2 42 1 66 1 0 0 0 0 0 0
19 2 43 1 67 1 0 0 0 0 0 0
20 2 44 1 68 1 0 0 0 0 0 0
21 2 45 1 69 1 0 0 0 0 0 0
22 2 46 1 70 1 0 0 0 0 0 0
23 2 47 1 71 1 0 0 0 0 0 0
0 1 30 2 66 1 0 0 0 0 0 0
1 1 31 2 67 1 0 0 0 0 0 0
2 1 32 2 68 1 0 0 0 0 0 0
3 1 33 2 69 1 0 0 0 0 0 0
4 1 34 2 70 1 0 0 0 0 0 0
5 1 35 2 71 1 0 0 0 0 0 0
6 1 36 2 48 1 0 0 0 0 0 0
7 1 37 2 49 1 0 0 0 0 0 0
8 1 38 2 50 1 0 0 0 0 0 0
9 1 39 2 51 1 0 0 0 0 0 0
10 1 40 2 52 1 0 0 0 0 0 0
11 1 41 2 53 1 0 0 0 0 0 0
12 1 42 2 54 1 0 0 0 0 0 0
13 1 43 2 55 1 0 0 0 0 0 0
14 1 44 2 56 1 0 0 0 0 0 0
15 1 45 2 57 1 0 0 0 0 0 0
16 1 46 2 58 1 0 0 0 0 0 0
17 1 47 2 59 1 0 0 0 0 0 0
18 1 24 2 60 1 0 0 0 0 0 0
19 1 25 2 61 1 0 0 0 0 0 0
20 1 26 2 62 1 0 0 0 0 0 0
21 1 27 2 63 1 0 0 0 0 0 0
22 1 28 2 64 1 0 0 0 0 0 0
23 1 29 2 65 1 0 0 0 0 0 0
0 1 33 1 51 2 0 0 0 0 0 0
1 1 34 1 52 2 0 0 0 0 0 0
2 1 35 1 53 2 0 0 0 0 0 0
3 1 36 1 54 2 0 0 0 0 0 0
4 1 37 1 55 2 0 0 0 0 0 0
5 1 38 1 56 2 0 0 0 0 0 0
6 1 39 1 57 2 0 0 0 0 0 0
7 1 40 1 58 2 0 0 0 0 0 0
8 1 41 1 59 2 0 0 0 0 0 0
9 1 42 1 60 2 0 0 0 0 0 0
10 1 43 1 61 2 0 0 0 0 0 0
11 1 44 1 62 2 0 0 0 0 0 0
12 1 45 1 63 2 0 0 0 0 0 0
13 1 46 1 64 2 0 0 0 0 0 0
14 1 47 1 65 2 0 0 0 0 0 0
15 1 24 1 66 2 0 0 0 0 0 0
16 1 25 1 67 2 0 0 0 0 0 0
17 1 26 1 68 2 0 0 0 0 0 0
18 1 27 1 69 2 0 0 0 0 0 0
19 1 28 1 70 2 0 0 0 0 0 0
20 1 29 1 71 2 0 0 0 0 0 0
21 1 30 1 48 2 0 0 0 0 0 0
22 1 31 1 49 2 0 0 0 0 0 0
23 1 32 1 50 2 0 0 0 0 0 0
0 3 36 3 69 3 1 0 2 0 3 0
1 3 37 3 70 3 4 0 8 0 12 0
2 3 38 3 71 3 16 0 32 0 48 0
3 3 39 3 48 3 64 0 128 0 192 0
4 3 40 3 49 3 256 0 512 0 768 0
5 3 41 3 50 3 1024 0 2048 0 3072 0
6 3 42 3 51 3 4096 0 8192 0 12288 0
7 3 43 3 52 3 16384 0 32768 0 49152 0
8 3 44 3 53 3 65536 0 131072 0 196608 0
9 3 45 3 54 3 262144 0 524288 0 786432 0
10 3 46 3 55 3 1048576 0 2097152 0 3145728 0
11 3 47 3 56 3 4194304 0 8388608 0 12582912 0
12 3 24 3 57 3 16777216 0 33554432 0 50331648 0
13 3 25 3 58 3 67108864 0 134217728 0 201326592 0
14 3 26 3 59 3 268435456 0 536870912 0 805306368 0
15 3 27 3 60 3 1073741824 0 2147483648 0 3221225472 0
16 3 28 3 61 3 4294967296 0 8589934592 0 12884901888 0
17 3 29 3 62 3 17179869184 0 34359738368 0 51539607552 0
18 3 30 3 63 3 68719476736 0 137438953472 0 206158430208 0
19 3 31 3 64 3 274877906944 0 549755813888 0 824633720832 0
20 3 32 3 65 3 1099511627776 0 2199023255552 0 3298534883328 0
21 3 33 3 66 3 4398046511104 0 8796093022208 0 13194139533312 0
22 3 34 3 67 3 17592186044416 0 35184372088832 0 52776558133248 0
23 3 35 3 68 3 70368744177664 0 140737488355328 0 211106232532992 0
0 1 38 1 59 1 585609823199036432 2181836867 878415284673906720 3271823489 292807661051776048 1091051714
1 1 39 1 60 1 2342439292796145730 137412876 3513661138695626883 202392068 1171230644207104193 69239560
2 1 40 1 61 1 9369757171184582920 549651504 14054644554782507532 809568272 4684922576828416772 276958240
3 1 41 1 62 1 585540537319228448 2198606018 878345998001375280 3238273091 292946233604115472 1107832961
4 1 42 1 63 1 2342443624253624449 204489480 3513665466982211778 68190476 1171221984463040579 136364548
5 1 43 1 64 1 9369774497014497796 817957920 14054661867928847112 272761904 4684887937852162316 545458192
6 1 44 1 65 1 585609840638887952 3271831682 878415250586733600 1091047619 292807677699097648 2181832769
7 1 45 1 66 1 2342720837532262466 202424840 3513098052393513091 69223180 1171512185773101249 137396484
8 1 46 1 67 1 9370883350129049864 809699360 14052392209574052364 276892720 4686048743092404996 549585936
9 1 47 1 68 1 590045253097096224 3238797442 869336617167554608 1107570883 297450898660068368 2198343745
10 1 24 1 69 1 2360743962341806209 70287880 3477064993693507778 135316236 1189522119663562819 203440388
11 1 25 1 70 1 9442975849367224836 281151520 13908259974774031112 541264944 4758088478654251276 813761552
12 1 26 1 71 1 878415250049796112 1124606082 292807677967469600 2165059779 585609840907453488 3255046209
13 1 27 1 48 1 3513098050245763139 203457032 1171512186846589057 70304524 2342720838606524610 135282948
14 1 28 1 49 1 14052392200983052556 813828128 4686048747386356228 281218096 9370883354426098440 541131792
15 1 29 1 50 1 869336582803555376 3255312515 297450915835873296 1124872385 590045270285290528 2164527170
16 1 30 1 51 1 3477627806190932162 136348172 1189240713390071875 204522244 2360462556117872769 68174088
17 1 31 1 52 1 13910511224763728648 545392688 4756962853560287500 818088976 9441850224471491076 272696352
18 1 32 1 53 1 301812677926259744 2181570755 581107340531598384 3272355905 873912750466861072 1090785410
19 1 33 1 54 1 1207532186681749633 136348428 2324710837103104194 204521732 3495088051914022979 68174344
20 1 34 1 55 1 4830128746726998532 545393712 9298843348412416776 818086928 13980352207656091916 272697376
21 1 35 1 56 1 873770913198442512 2181574849 301885246230563872 3272347714 581176609495712816 1090789507
22 1 36 1 57 1 3495365127770480705 136364804 1207822459898966146 204488968 2324143488029429955 68190732
23 1 37 1 58 1 13981460511081922820 545459216 4831289839595864584 817955872 9296573952117719820 272762928
0 1 37 1 63 1 1153484456724791488 70271748 2306687437399130176 135299336 3459045989922111616 203473420
1 1 38 1 64 1 4613937826899165952 281086992 9226749749596520704 541197344 13836183959688446464 813893680
2 1 39 1 65 1 9007233887112192 1124347969 13510850966979584 2164789378 4503617625131008 3255574723
3 1 40 1 66 1 36310410525159424 202424580 54606353821339648 69222920 18858895430656000 137397004
4 1 41 1 67 1 145241642100637696 809698320 218425415285358592 276891680 75435581722624000 549588016
5 1 42 1 68 1 580966568402550784 3238793280 873701661141434368 1107566720 301742326890496000 2198352064
6 1 43 1 69 1 2324710698540335104 70271232 3495088119542448128 135299584 1207532257515405312 203473664
7 1 44 1 70 1 9298842794161340416 281084928 13980352478169792512 541198336 4830129030061621248 813894656
8 1 45 1 71 1 301883029226258432 1124339714 581177691550515200 2164793347 873772046536933376 3255578625
9 1 46 1 48 1 1207250641928323074 202391560 2324429291225350147 69238796 3495651136101154817 137412612
10 1 47 1 49 1 4829002567713292296 809566240 9297717164901400588 276955184 13982604544404619268 549650448
11 1 24 1 50 1 869266197143617568 3238264961 297380512186499120 1107820738 590185956489822224 2198601795
12 1 25 1 51 1 3477627738527891585 68157956 1189240573769285826 136315656 2360462350982578243 204472588
13 1 26 1 52 1 13910510954111566340 272631824 4756962295077143304 545262624 9441849403930312972 817890352
14 1 27 1 53 1 301811595317610512 1090527299 581105106599021600 2181050497 873909468302148656 3271561410
15 1 28 1 54 1 1207246381270442049 67141900 2324420426396086402 134267396 3495637873208594627 201343752
16 1 29 1 55 1 4828985525081768196 268567600 9297681705584345608 537069584 13982551492834378508 805375008
17 1 30 1 56 1 869198026617521168 1074270401 297238674918279200 2148278338 589973750208859184 3221500035
18 1 31 1 57 1 3477073581446795328 2114308 1189517649626538112 3178760 2360739425765568704 1098252
19 1 32 1 58 1 13908294325787181312 8457232 4758070598506152448 12715040 9442957703062274816 4393008
20 1 33 1 59 1 292945082020070400 33828931 585538320315058176 50860161 878342664829996032 17572034
21 1 34 1 60 1 1170935903150149635 135315724 2341871806283522049 203440644 3512807709366562818 70288136
22 1 35 1 61 1 4683743612600598540 541262896 9367487225134088196 813762576 14051230837466251272 281152544
23 1 36 1 62 1 288230376692842544 2165051585 576460753117249552 3255050306 864691128736350240 1124610179
0 1 27 1 52 1 2306137750321496195 1048576 3459332000350732481 2097152 1153774933969731650 3145728
1 1 28 1 53 1 9224551001285984780 4194304 13837328001402929924 8388608 4615099735878926600 12582912
2 1 29 1 54 1 4715857724835888 16777218 9079784483064848 33554435 13654869806154784 50331649
3 1 30 1 55 1 18019005969211587 67108872 36037662955548737 134217740 54056529271197826 201326596
4 1 31 1 56 1 72076023876846348 268435488 144150651822194948 536870960 216226117084791304 805306384
5 1 32 1 57 1 288304095507385392 1073741952 576602607288779792 2147483840 864904468339165216 3221225536
6 1 33 1 58 1 1153216382029541569 512 2306410429155119170 768 3459617873356660867 256
7 1 34 1 59 1 4612865528118166276 2048 9225641716620476680 3072 13838471493426643468 1024
8 1 35 1 60 1 4718038763113488 8193 9078719062803488 12290 13653752577919024 4099
9 1 36 1 61 1 18027730122321987 32772 36033401274503297 49160 54052060358254786 16396
10 1 37 1 62 1 72110920489287948 131088 144133605098013188 196640 216208241433019144 65584
11 1 38 1 63 1 288443681957151792 524352 576534420392052752 786560 864832965732076576 262336
12 1 39 1 64 1 1152930302898475203 2097408 2305856206591500353 3146240 3458768912974884994 1049344
13 1 40 1 65 1 4611721211593900812 8389632 9223424826366001412 12584960 13835075651899539976 4197376
14 1 41 1 66 1 140772666051632 33558529 211158044902416 50339842 70386469505056 16789507
15 1 42 1 67 1 140710785218 134234116 207249477699 201359368 70901309569 67158028
16 1 43 1 68 1 562843140872 536936464 828997910796 805437472 283605238276 268632112
17 1 44 1 69 1 2251372563488 2147745856 3315991643184 3221749888 1134420953104 1074528448
18 1 45 1 70 1 571955443675264 1048832 857688896704704 2097664 286012660523072 3146496
19 1 46 1 71 1 2287821774701056 4195328 3430755586818816 8390656 1144050642092288 12585984
20 1 47 1 48 1 9151287098804224 16781312 13723022347275264 33562624 4576202568369152 50343936
21 1 24 1 49 1 36042198441795586 67125248 54047664458969091 134250496 18023335296765953 201375744
22 1 25 1 50 1 144168793767182344 268500992 216190657835876364 537001984 72093341187063812 805502976
23 1 26 1 51 1 576675175068729376 1074003968 864762631343505456 2148007936 288373364748255248 3222011904
0 2 45 2 60 2 281474976710656 0 562949953421312 0 844424930131968 0
1 2 46 2 61 2 1125899906842624 0 2251799813685248 0 3377699720527872 0
2 2 47 2 62 2 4503599627370496 0 9007199254740992 0 13510798882111488 0
3 2 24 2 63 2 18014398509481984 0 36028797018963968 0 54043195528445952 0
4 2 25 2 64 2 72057594037927936 0 144115188075855872 0 216172782113783808 0
5 2 26 2 65 2 288230376151711744 0 576460752303423488 0 864691128455135232 0
6 2 27 2 66 2 1152921504606846976 0 2305843009213693952 0 3458764513820540928 0
7 2 28 2 67 2 4611686018427387904 0 9223372036854775808 0 13835058055282163712 0
8 2 29 2 68 2 0 1 0 2 0 3
9 2 30 2 69 2 0 4 0 8 0 12
10 2 31 2 70 2 0 16 0 32 0 48
11 2 32 2 71 2 0 64 0 128 0 192
12 2 33 2 48 2 0 256 0 512 0 768
13 2 34 2 49 2 0 1024 0 2048 0 3072
14 2 35 2 50 2 0 4096 0 8192 0 12288
15 2 36 2 51 2 0 16384 0 32768 0 49152
16 2 37 2 52 2 0 65536 0 131072 0 196608
17 2 38 2 53 2 0 262144 0 524288 0 786432
18 2 39 2 54 2 0 1048576 0 2097152 0 3145728
19 2 40 2 55 2 0 4194304 0 8388608 0 12582912
20 2 41 2 56 2 0 16777216 0 33554432 0 50331648
21 2 42 2 57 2 0 67108864 0 134217728 0 201326592
22 2 43 2 58 2 0 268435456 0 536870912 0 805306368
23 2 44 2 59 2 0 1073741824 0 2147483648 0 3221225472
