320 120 160 40
0 1 40 1 80 1
1 1 41 1 81 1
2 1 42 1 82 1
3 1 43 1 83 1
4 1 44 1 84 1
5 1 45 1 85 1
6 1 46 1 86 1
7 1 47 1 87 1
8 1 48 1 88 1
9 1 49 1 89 1
10 1 50 1 90 1
11 1 51 1 91 1
12 1 52 1 92 1
13 1 53 1 93 1
14 1 54 1 94 1
15 1 55 1 95 1
16 1 56 1 96 1
17 1 57 1 97 1
18 1 58 1 98 1
19 1 59 1 99 1
20 1 60 1 100 1
21 1 61 1 101 1
22 1 62 1 102 1
23 1 63 1 103 1
24 1 64 1 104 1
25 1 65 1 105 1
26 1 66 1 106 1
27 1 67 1 107 1
28 1 68 1 108 1
29 1 69 1 109 1
30 1 70 1 110 1
31 1 71 1 111 1
32 1 72 1 112 1
33 1 73 1 113 1
34 1 74 1 114 1
35 1 75 1 115 1
36 1 76 1 116 1
37 1 77 1 117 1
38 1 78 1 118 1
39 1 79 1 119 1
19 1 78 1 106 1
20 1 79 1 107 1
21 1 40 1 108 1
22 1 41 1 109 1
23 1 42 1 110 1
24 1 43 1 111 1
25 1 44 1 112 1
26 1 45 1 113 1
27 1 46 1 114 1
28 1 47 1 115 1
29 1 48 1 116 1
30 1 49 1 117 1
31 1 50 1 118 1
32 1 51 1 119 1
33 1 52 1 80 1
34 1 53 1 81 1
35 1 54 1 82 1
36 1 55 1 83 1
37 1 56 1 84 1
38 1 57 1 85 1
39 1 58 1 86 1
0 1 59 1 87 1
1 1 60 1 88 1
2 1 61 1 89 1
3 1 62 1 90 1
4 1 63 1 91 1
5 1 64 1 92 1
6 1 65 1 93 1
7 1 66 1 94 1
8 1 67 1 95 1
9 1 68 1 96 1
10 1 69 1 97 1
11 1 70 1 98 1
12 1 71 1 99 1
13 1 72 1 100 1
14 1 73 1 101 1
15 1 74 1 102 1
16 1 75 1 103 1
17 1 76 1 104 1
18 1 77 1 105 1
19 1 74 1 81 1
20 1 75 1 82 1
21 1 76 1 83 1
22 1 77 1 84 1
23 1 78 1 85 1
24 1 79 1 86 1
25 1 40 1 87 1
26 1 41 1 88 1
27 1 42 1 89 1
28 1 43 1 90 1
29 1 44 1 91 1
30 1 45 1 92 1
31 1 46 1 93 1
32 1 47 1 94 1
33 1 48 1 95 1
34 1 49 1 96 1
35 1 50 1 97 1
36 1 51 1 98 1
37 1 52 1 99 1
38 1 53 1 100 1
39 1 54 1 101 1
0 1 55 1 102 1
1 1 56 1 103 1
2 1 57 1 104 1
3 1 58 1 105 1
4 1 59 1 106 1
5 1 60 1 107 1
6 1 61 1 108 1
7 1 62 1 109 1
8 1 63 1 110 1
9 1 64 1 111 1
10 1 65 1 112 1
11 1 66 1 113 1
12 1 67 1 114 1
13 1 68 1 115 1
14 1 69 1 116 1
15 1 70 1 117 1
16 1 71 1 118 1
17 1 72 1 119 1
18 1 73 1 80 1
22 1 78 1 101 1
23 1 79 1 102 1
24 1 40 1 103 1
25 1 41 1 104 1
26 1 42 1 105 1
27 1 43 1 106 1
28 1 44 1 107 1
29 1 45 1 108 1
30 1 46 1 109 1
31 1 47 1 110 1
32 1 48 1 111 1
33 1 49 1 112 1
34 1 50 1 113 1
35 1 51 1 114 1
36 1 52 1 115 1
37 1 53 1 116 1
38 1 54 1 117 1
39 1 55 1 118 1
0 1 56 1 119 1
1 1 57 1 80 1
2 1 58 1 81 1
3 1 59 1 82 1
4 1 60 1 83 1
5 1 61 1 84 1
6 1 62 1 85 1
7 1 63 1 86 1
8 1 64 1 87 1
9 1 65 1 88 1
10 1 66 1 89 1
11 1 67 1 90 1
12 1 68 1 91 1
13 1 69 1 92 1
14 1 70 1 93 1
15 1 71 1 94 1
16 1 72 1 95 1
17 1 73 1 96 1
18 1 74 1 97 1
19 1 75 1 98 1
20 1 76 1 99 1
21 1 77 1 100 1
0 2 65 1 81 1
1 2 66 1 82 1
2 2 67 1 83 1
3 2 68 1 84 1
4 2 69 1 85 1
5 2 70 1 86 1
6 2 71 1 87 1
7 2 72 1 88 1
8 2 73 1 89 1
9 2 74 1 90 1
10 2 75 1 91 1
11 2 76 1 92 1
12 2 77 1 93 1
13 2 78 1 94 1
14 2 79 1 95 1
15 2 40 1 96 1
16 2 41 1 97 1
17 2 42 1 98 1
18 2 43 1 99 1
19 2 44 1 100 1
20 2 45 1 101 1
21 2 46 1 102 1
22 2 47 1 103 1
23 2 48 1 104 1
24 2 49 1 105 1
25 2 50 1 106 1
26 2 51 1 107 1
27 2 52 1 108 1
28 2 53 1 109 1
29 2 54 1 110 1
30 2 55 1 111 1
31 2 56 1 112 1
32 2 57 1 113 1
33 2 58 1 114 1
34 2 59 1 115 1
35 2 60 1 116 1
36 2 61 1 117 1
37 2 62 1 118 1
38 2 63 1 119 1
39 2 64 1 80 1
22 1 40 2 106 1
23 1 41 2 107 1
24 1 42 2 108 1
25 1 43 2 109 1
26 1 44 2 110 1
27 1 45 2 111 1
28 1 46 2 112 1
29 1 47 2 113 1
30 1 48 2 114 1
31 1 49 2 115 1
32 1 50 2 116 1
33 1 51 2 117 1
34 1 52 2 118 1
35 1 53 2 119 1
36 1 54 2 80 1
37 1 55 2 81 1
38 1 56 2 82 1
39 1 57 2 83 1
0 1 58 2 84 1
1 1 59 2 85 1
2 1 60 2 86 1
3 1 61 2 87 1
4 1 62 2 88 1
5 1 63 2 89 1
6 1 64 2 90 1
7 1 65 2 91 1
8 1 66 2 92 1
9 1 67 2 93 1
10 1 68 2 94 1
11 1 69 2 95 1
12 1 70 2 96 1
13 1 71 2 97 1
14 1 72 2 98 1
15 1 73 2 99 1
16 1 74 2 100 1
17 1 75 2 101 1
18 1 76 2 102 1
19 1 77 2 103 1
20 1 78 2 104 1
21 1 79 2 105 1
26 1 74 1 80 2
27 1 75 1 81 2
28 1 76 1 82 2
29 1 77 1 83 2
30 1 78 1 84 2
31 1 79 1 85 2
32 1 40 1 86 2
33 1 41 1 87 2
34 1 42 1 88 2
35 1 43 1 89 2
36 1 44 1 90 2
37 1 45 1 91 2
38 1 46 1 92 2
39 1 47 1 93 2
0 1 48 1 94 2
1 1 49 1 95 2
2 1 50 1 96 2
3 1 51 1 97 2
4 1 52 1 98 2
5 1 53 1 99 2
6 1 54 1 100 2
7 1 55 1 101 2
8 1 56 1 102 2
9 1 57 1 103 2
10 1 58 1 104 2
11 1 59 1 105 2
12 1 60 1 106 2
13 1 61 1 107 2
14 1 62 1 108 2
15 1 63 1 109 2
16 1 64 1 110 2
17 1 65 1 111 2
18 1 66 1 112 2
19 1 67 1 113 2
20 1 68 1 114 2
21 1 69 1 115 2
22 1 70 1 116 2
23 1 71 1 117 2
24 1 72 1 118 2
25 1 73 1 119 2
26 1 65 1 101 1
27 1 66 1 102 1
28 1 67 1 103 1
29 1 68 1 104 1
30 1 69 1 105 1
31 1 70 1 106 1
32 1 71 1 107 1
33 1 72 1 108 1
34 1 73 1 109 1
35 1 74 1 110 1
36 1 75 1 111 1
37 1 76 1 112 1
38 1 77 1 113 1
39 1 78 1 114 1
0 1 79 1 115 1
1 1 40 1 116 1
2 1 41 1 117 1
3 1 42 1 118 1
4 1 43 1 119 1
5 1 44 1 80 1
6 1 45 1 81 1
7 1 46 1 82 1
8 1 47 1 83 1
9 1 48 1 84 1
10 1 49 1 85 1
11 1 50 1 86 1
12 1 51 1 87 1
13 1 52 1 88 1
14 1 53 1 89 1
15 1 54 1 90 1
16 1 55 1 91 1
17 1 56 1 92 1
18 1 57 1 93 1
19 1 58 1 94 1
20 1 59 1 95 1
21 1 60 1 96 1
22 1 61 1 97 1
23 1 62 1 98 1
24 1 63 1 99 1
25 1 64 1 100 1
72199432245936320 936748722769887240 0
71468390088833 10160120759348691008 16
72268701344202817 9223372037132451912 16
144398864491872640 1873497445539774480 0
142936780177666 1873497444987830400 33
144537402688405634 555352208 33
288797728983745280 3746994891079548960 0
285873560355332 3746994889975660800 66
289074805376811268 1110704416 66
577595457967490560 7493989782159097920 0
571747120710664 7493989779951321600 132
578149610753622536 2221408832 132
1155190915934981120 14987979564318195840 0
1143494241421328 14987979559902643200 264
1156299221507245072 4442817664 264
2310381831869962240 11529215054926840064 1
2286988482842656 11529215046095734784 529
2312598443014490144 8885635328 528
4620763663739924480 4611686036144128512 3
4573976965685312 4611686018481917952 1059
4625196886028980288 17771270656 1056
9241527327479848960 9223372072288257024 6
9147953931370624 9223372036963835904 2118
9250393772057960576 35542541312 2112
36310581250146304 70866962433 13
18295907862741248 218120192 4237
54043470406369536 71085082625 4224
72621162500292608 141733924866 26
36591815725482496 436240384 8474
108086940812739072 142170165250 8448
145241225488957441 283467849732 52
73184730962592768 872415232 16948
216173881625478145 284340264964 16896
290482450977914882 566935699464 104
146369461925185536 1744830464 33896
432347763250956290 568680529928 33792
580964901955829764 1133871398928 208
292738923850371072 3489660928 67792
864695526501912580 1137361059856 67584
1161929803911659529 2267742732320 416
585476748189114369 6979321856 135584
1729392152515452936 2274722054176 135168
2323859607823319058 4535485464640 832
1170953496378228738 13958643712 271168
3458784305030905872 4549444108352 270336
4647719215646638116 9070970929280 1664
2341906992756457476 27917287424 542336
6917568610061811744 9098888216704 540672
9295438431293276232 18141941858560 3328
4683813985512914952 55834574848 1084672
13835137220123623488 18197776433408 1081344
144132788877000848 36283883717121 6656
9367627971025829904 111669149696 2169344
9223530366537695360 36395552866817 2162688
288265577754001696 72567767434242 13312
288511868342108192 223338299393 4338688
316659365839104 72791105733635 4325376
576531155508003392 145135534868484 26624
577023736684216384 446676598786 8677376
633318731678208 145582211467270 8650752
1153062311016006784 290271069736968 53248
1154047473368432768 893353197572 17354752
1266637463356416 291164422934540 17301504
2306124622032013568 580542139473936 106496
2308094946736865536 1786706395144 34709504
2533274926712832 582328845869080 34603008
4612249244064027136 1161084278947872 212992
4616189893473731072 3573412790288 69419008
5066549853425664 1164657691738160 69206016
9224498488128054272 2322168557895744 425984
9232379786947462144 7146825580576 138838016
10133099706851328 2329315383476320 138412032
2252902546556929 4644337115725953 851968
18014400673744897 14293651161153 277676032
20267298925330432 4658630766887104 276824064
4505805093113858 9288674231451906 1703936
36028801347489794 28587302322306 555352064
40534597850660864 9317261533774208 553648128
9011610186227716 18577348462903812 3407872
72057602694979588 57174604644612 1110704128
81069195701321728 18634523067548416 1107296256
18023220372455432 37154696925807624 6815744
144115205389959176 114349209289224 2221408256
162138391402643456 37269046135096832 2214592512
36046440744910864 2251799813752848 13631488
288230410779918352 72286292456506384 147849216
324276782805286912 74538092270259200 134217728
72092881489821728 4503599627505696 27262976
576460821559836704 144572584913012768 295698432
648553565610573824 149076184540518400 268435456
144185762979643456 9007199255011392 54525952
1152921643119673408 289145169826025536 591396864
1297107131221147648 298152369081036800 536870912
288371525959286912 18014398510022784 109051904
2305843286239346816 578290339652051072 1182793728
2594214262442295296 596304738162073600 1073741824
576743051918573824 36028797020045568 218103808
4611686572478693632 1156580679304102144 2365587456
5188428524884590592 1192609476324147200 2147483648
1153486103837147649 2163200 436207616
9223372045445759489 2385218952646132224 436207616
10376858149280808960 2385218952648294400 0
2306971108162667523 4326400 872415232
1116693595138 4770437905292198913 872415232
2306972224852066305 4770437905296523265 0
4613942216325335046 8652800 1744830464
2233387190276 9540875810584397826 1744830464
4613944449704132610 9540875810593046530 0
9227884432650670092 17305600 3489660928
4466774380552 635007547459244036 3489660929
9227888899408265220 635007547476541444 1
9024791591788568 72057594072539137 2684354560
8933548761104 1270015094918553608 2684354562
9033725106978824 1197957500915220489 2
18049583183577136 216172782183006210 1073741824
17867097522208 2540030189837172752 1073741828
18067450213957648 2323857407792578578 4
36099166367154272 432345564366012420 2147483648
35734195044416 5080060379674345504 2147483656
36134900427915296 4647714815585157156 8
144115325583163392 585538595180781636 4112
1224979237224710144 68988436544 541085712
1369094287795486720 585538664168169476 541081600
288230651166326784 1171077190361563272 8224
2449958474449420288 137976873088 1082171424
2738188575590973440 1171077328336338952 1082163200
576461302332653568 2342154380723126544 16448
4899916948898840576 275953746176 2164342848
5476377151181946880 2342154656672677904 2164326400
1152922604665307137 4612251167408325152 32896
9799832798286053377 72058145945420288 33718400
10952755401875521536 4684309313345355808 33685504
2305845209330614274 9224502334816650304 65792
1152921522862555138 144116291890840577 67436800
3458766730041491456 9368618626690711617 67371008
4611690418661228548 2260595923748992 131585
2305843045725110276 288232583781681154 134873600
6917533460082982912 290493179671871618 134742017
9223380837322457096 4521191847497984 263170
4611686091450220552 576465167563362308 269747200
13835066920165965824 580986359343743236 269484034
17600935362576 9042383694995969 526340
9223372182900441104 1152930335126724616 539494400
9223389766622380032 1161972718687486473 538968068
35201870725152 18084767389991938 1052680
292091330592 2305860670253449233 1078988800
35459535208448 2323945437374972947 1077936136
70403741450304 36169534779983876 2105360
584182661184 4611721340506898466 2157977600
70919070416896 4647890874749945894 2155872272
141906994528384 281475522039816 4210720
1168365322369 9295500275051659332 20987904
140738629206017 9295781749499957324 16777248
283813989056768 562951044079632 8421440
2336730644738 144256476393767048 41975809
281477258412034 144819425290363032 33554497
567627978113536 1125902088159264 16842880
4673461289476 288512952787534096 83951618
562954516824068 289638850580726064 67108994
1135255956227072 2251804176318528 33685760
9346922578952 577025905575068192 167903236
1125909033648136 579277701161452128 134217988
2270511912454145 4503608352571520 67371520
17594333530129 1154051811150136384 335806472
2252917578924048 1158555402322838720 268435976
4541023824908290 9007216705143040 134743040
35188667060258 2308103622300272768 671612944
4505835157848096 2317110804645677440 536871952
9082047649816580 18014433410286080 269486080
70377334120516 4616207244600545536 1343225888
9011670315696192 4634221609291354880 1073743904
18164095299633160 36028866820572160 538972160
140754668241032 9232414489201091072 2686451776
18023340631392384 9268443218582709760 2147487808
36328190599266320 139603281920 1077944320
281509336482064 90142498730558464 1077936257
36046681262784768 90142363455933440 8321
72656381198532640 279206563840 2155888640
563018672964128 180284997461116928 2155872514
72093362525569536 180284726911866880 16642
145311662885437505 72058152451055616 16809984
1127136857556032 360569994922233856 16777732
144186725051139073 288511859785805824 33284
290623325770875010 144116304902111232 33619968
2254273715112064 721139989844467712 33555464
288373450102278146 577023719571611648 66568
581246651541750020 288232609804222464 67239936
4508547430224128 1442279979688935424 67110928
576746900204556292 1154047439143223296 133136
1162493303083500041 576465219608379392 134479872
9015995348820481 2884559959377870848 134221856
1153494899920740360 2308094878286381056 266272
2324985506655372307 1152930439216758784 268959744
18033090209268738 5769119918755676160 268443712
2306989799841480721 4616189756572696576 532544
4649971013310744614 2305860878433517568 537919488
36066180418537476 11538239837511352320 536887424
4613979599682961442 9232379513145393152 1065088
9299942026621489228 4611721756867035136 1075838976
72132360837074952 4629735601313153024 1073774849
9227959199365922884 18014952581234688 2130177
153139979533426840 9223443513734070273 2151677952
144264721674149904 9259471202626306048 2147549698
9174325022294152 36029905162469377 4260354
306279959066853680 72200547796516866 8388609
288529443348299808 72198331543126016 132101
18348650044588304 2216287076354 8520708
612559918133707360 144401095593033732 16777218
577058886696599616 144396663086252032 264202
36697300089176608 4432574152708 17041416
1225119836267414720 288802191186067464 33554436
1154117773393199232 288793326172504064 528404
73394600178353216 8865148305416 34082832
2450239672534829440 577604382372134928 67108872
2308235546786398464 577586652345008128 1056808
146789200356706432 17730296610832 68165664
4900479345069658880 1155208764744269856 134217744
4616471093572796928 1155173304690016256 2113616
293578400713412864 35460593221664 136331328
9800958690139317760 2310417529488539712 268435488
9232942187145593856 2310346609380032512 4227232
587156801426825728 70921186443328 272662656
1155173306569083904 4620835058977079425 536870976
19140300581636096 4620693218760065025 8454464
1174313602853651456 141842372886656 545325312
2310346613138167808 9241670117954158850 1073741952
38280601163272192 9241386437520130050 16908928
2348627205707302912 283684745773312 1090650624
4620693226276335616 36596162198766084 2147483905
76561202326544384 36028801330708484 33817857
4697254411414605824 567369491546624 2181301248
9241386452552671232 73192324397597704 514
153122404653088768 8623554568 67635714
9394508822829211648 73192333021021184 67635200
36028831395790848 146384648795195409 1028
306244809306177536 17247109136 135271428
342273571948871680 146384666042042369 135270400
72057662791581696 292769297590390818 2056
612489618612355072 34494218272 270542856
684547143897743360 292769332084084738 270540800
70368811286528 360358622401921028 524288
70368811286592 72066390131277824 4735488
64 288309824456818692 4211200
140737622573056 720717244803842056 1048576
140737622573184 144132780262555648 9470976
128 576619648913637384 8422400
281475245146112 1441434489607684112 2097152
281475245146368 288265560525111296 18941952
256 1153239297827274768 16844800
562950490292224 2882868979215368224 4194304
562950490292736 576531121050222592 37883904
512 2306478595654549536 33689600
1125900980584448 5765737958430736448 8388608
1125900980585472 1153062242100445184 75767808
1024 4612957191309099072 67379200
2251801961168896 11531475916861472896 16777216
2251801961170944 2306124484200890368 151535616
2048 9225914382618198144 134758400
4503603922337792 4616207760013394176 33554433
4503603922341888 4612248968401780736 303071232
4096 5084691526844672 269516801
9007207844675584 9232415520026788352 67108866
9007207844683776 9224497936803561472 606142464
8192 10169383053689344 539033602
18014415689351168 18086966344025088 134217733
18014415689367552 2251799897571328 1212284929
16384 20338766107378688 1078067204
36028831378702336 36173932688050176 268435466
36028831378735104 4503599795142656 2424569858
32768 40677532214757376 2156134408
72057662757404672 290271338237952 536870932
72057662757470208 81064793628213248 554172420
65536 81355064429580288 17301520
144115325514809344 580542676475904 1073741864
144115325514940416 162129587256426496 1108344840
131072 162710128859160576 34603040
288230651029618688 1161085352951808 2147483728
288230651029880832 324259174512852992 2216689680
262144 325420257718321152 69206080
576461302059237376 74379764743831552 160
576461302059761664 648518349025771520 138412064
524288 578782921398779904 138412160
1152922604118474753 148759529487597568 320
1152921504607895553 1297036698051543040 276824128
1099512676352 1157565842797494272 276824320
2305845208236949506 297519058975195136 640
2305843009215791106 2594073396103086080 553648256
2199025352704 2315131685594988544 553648640
4611690416473899012 595038117950390272 1280
4611686018431582212 5188146792206172160 1107296512
4398050705408 4630263371189977088 1107297280
9223380832947798024 1190076235900780544 2560
9223372036863164424 10376293584412344320 2214593024
8796101410816 9260526742379954176 2214594560
17592186044432 2308094877763698689 5120
16777232 2377900689153064961 134218753
17592202821632 74309411050422272 134221825
35184372088864 4616189755527397378 10240
33554464 4755801378306129922 268437506
35184405643264 148618822100844544 268443650
70368744177728 9232379511054794756 20480
67108928 9511602756612259844 536875012
70368811286528 297237644201689088 536887300
140737488355456 18014948400037896 40961
134217856 576461439514968072 1073750025
140737622573056 594475288403378176 1073774600
281474976710912 36029896800075792 81922
268435712 1152922879029936144 2147500050
281475245146112 1188950576806756352 2147549200
562949953421824 2199562289184 163844
536871424 2377903352097800224 32804
562950490292224 2377901153613578240 131104
1125899906843648 4399124578368 327688
1073742848 4755806704195600448 65608
1125900980584448 4755802307227156480 262208
2251799813687296 8798249156736 655376
2147485696 9511613408391200896 131216
2251801961168896 9511604614454312960 524416
4503599627374592 17596498313472 1310752
4294971392 576482743072850176 262433
4503603922337792 576465155199074304 1048833
9007199254749184 35192996626944 2621504
8589942784 1152965486145700352 524866
9007207844675584 1152930310398148608 2097666
18014398509498368 70385993253888 5243008
17179885568 2305930972291400704 1049732
18014415689351168 2305860620796297216 4195332
36028797018996736 140771986507776 10486016
34359771136 4611861944582801408 2099464
36028831378702336 4611721241592594432 8390664
72057594037993472 281543973015552 20972032
68719542272 9223723889165602816 4198928
72057662757404672 9223442483185188864 16781328
144115188075986944 563087946031104 41944064
137439084544 703704621654016 8397857
144115325514809344 140892660826112 33562657
288230376151973888 1126175892062208 83888128
274878169088 1407409243308032 16795714
288230651029618688 281785321652224 67125314
576460752303947776 2252351784124416 167776256
549756338176 2814818486616064 33591428
576461302059237376 563570643304448 134250628
1152922604119523328 4504703568183296 335552512
1099512676353 5629636973166592 67182856
1152921504606846977 1127141286608896 268501256
2305845208239046656 9009407136366592 671105024
2199025352706 11259273946333184 134365712
2305843009213693954 2254282573217792 537002512
4611690416478093312 18018814272733184 1342210048
4398050705412 22518547892666368 268731424
4611686018427387908 4508565146435584 1074005024
9223380832956186624 36037628545466368 2684420096
8796101410824 45037095785332736 537462848
9223372036854775816 9017130292871168 2148010048
17592202821632 72075257090998273 1073872896
17592202821648 18016597532803072 1074925696
16 90091854623670273 1052800
35184405643264 144150514181996546 2147745792
35184405643296 36033195065606144 2149851392
32 180183709247340546 2105600
144116425161834625 8192 0
1153062379534286849 8 0
1297178529817952384 8200 0
288232850323669250 16384 0
2306124759068573698 16 0
2594357059635904768 16400 0
576465700647338500 32768 0
4612249518137147396 32 0
5188714119271809536 32800 0
1152931401294677001 0 0
9224497936762667017 64 0
10377429338055246848 64 0
2305862802589354002 0 0
2251799815782418 129 0
2308114602400942080 129 0
4611725605178708004 0 0
4503599631564836 258 0
4616229204801884160 258 0
9223451210357416008 0 0
9007199263129672 516 0
9232458409603768320 516 0
158347005280400 1 0
18014398526259344 1032 0
18172745497985024 1033 0
316694010560800 2 0
36028797052518688 2064 0
36345490995970048 2066 0
633388021121600 4 0
72057594105037376 4128 0
72690981991940096 4132 0
1266776042243200 8 0
144115188210074752 8256 0
145381963983880192 8264 0
2533552084486400 16 0
288230376420149504 16512 0
290763927967760384 16528 0
5067104168972800 32 0
576460752840299008 33024 0
581527855935520768 33056 0
10133108826317825 64 0
1152922605192225792 512 0
1163055711871041537 576 0
20266217652635650 128 0
2305845210384451584 1024 0
2326111423742083074 1152 0
40532435305271300 256 0
4611690420768903168 2048 0
4652222847484166148 2304 0
81064870610542600 512 0
9223380841537806336 4096 0
9304445694968332296 4608 0
162129741221085200 1024 0
17609366061056 8193 0
162147316227112976 9217 0
324259482442170400 2048 0
35218732122112 16386 0
324294632454225952 18434 0
648518964884340800 4096 0
70437464244224 32772 0
648589264908451904 36868 0
1297036830257053825 8192 0
141974440116224 8 0
1297178529816903809 8200 0
2594073660514107650 16384 0
283948880232448 16 0
2594357059633807618 16400 0
5188147321028215300 32768 0
567897760464896 32 0
5188714119267615236 32800 0
10376294642056430601 0 0
1134696009302017 64 0
10377429338046858248 64 0
2305845210403309586 1 0
2269392018604034 128 0
2308114602384164880 129 0
4611690420806619172 2 0
4538784037208068 256 0
4616229204768329760 258 0
9223380841613238344 4 0
9077568074416136 512 0
9232458409536659520 516 0
17609516925072 9 0
18155136148832272 1024 0
18172745363767424 1033 0
35219033850144 18 0
36310272297664544 2048 0
36345490727534848 2066 0
70438067700288 36 0
72620544595329088 4096 0
72690981455069696 4132 0
140876135400576 72 0
145241089190658176 8192 0
145381962910139392 8264 0
281752270801152 144 0
290482178381316352 16384 0
290763925820278784 16528 0
563504541602304 288 0
580964356762632704 32768 0
581527851640557568 33056 0
1125909571576833 576 0
1161929813036893184 0 0
1163055703281115137 576 0
2251819143153666 1152 0
2323859626073786368 0 0
2326111406562230274 1152 0
4503638286307332 2304 0
4647719252147572736 0 0
4652222813124460548 2304 0
9007276572614664 4608 0
9295438504295145472 0 0
9304445626248921096 4608 0
18014553145229328 9216 0
144132934880739328 1 0
162147178788290576 9217 0
36029106290458656 18432 0
288265869761478656 2 0
324294357576581152 18434 0
72058212580917312 36864 0
576531739522957312 4 0
648588715153162304 36868 0
0 0 0
0 0 0
0 0 0
0 0 0
0 0 0
0 0 0
0 0 0
0 0 0
0 0 0
0 0 0
0 0 0
0 0 0
0 0 0
0 0 0
0 0 0
0 0 0
0 0 0
0 0 0
0 0 0
0 0 0
0 0 0
0 0 0
0 0 0
0 0 0
0 0 0
0 0 0
0 0 0
0 0 0
0 0 0
0 0 0
0 0 0
0 0 0
0 0 0
0 0 0
0 0 0
0 0 0
0 0 0
0 0 0
0 0 0
0 0 0
0 0 0
0 0 0
0 0 0
0 0 0
0 0 0
0 0 0
0 0 0
0 0 0
0 0 0
0 0 0
0 0 0
0 0 0
0 0 0
0 0 0
0 0 0
0 0 0
0 0 0
0 0 0
0 0 0
0 0 0
0 0 0
0 0 0
0 0 0
0 0 0
0 0 0
0 0 0
0 0 0
0 0 0
0 0 0
0 0 0
0 0 0
0 0 0
0 0 0
0 0 0
0 0 0
0 0 0
0 0 0
0 0 0
0 0 0
0 0 0
0 0 0
0 0 0
0 0 0
0 0 0
0 0 0
0 0 0
0 0 0
0 0 0
0 0 0
0 0 0
0 0 0
0 0 0
0 0 0
0 0 0
0 0 0
0 0 0
0 0 0
0 0 0
0 0 0
0 0 0
0 0 0
0 0 0
0 0 0
0 0 0
0 0 0
0 0 0
0 0 0
0 0 0
0 0 0
0 0 0
0 0 0
0 0 0
0 0 0
0 0 0
0 0 0
0 0 0
0 0 0
0 0 0
0 0 0
0 0 0
0 0 0
0 0 0
0 0 0
0 0 0
0 0 0
0 0 0
0 0 0
0 0 0
0 0 0
0 0 0
0 0 0
0 0 0
0 0 0
0 0 0
0 0 0
0 0 0
0 0 0
0 0 0
0 0 0
0 0 0
0 0 0
0 0 0
0 0 0
0 0 0
0 0 0
0 0 0
0 0 0
0 0 0
0 0 0
0 0 0
0 0 0
0 0 0
0 0 0
0 0 0
0 0 0
0 0 0
0 0 0
0 0 0
0 0 0
0 0 0
0 0 0
0 0 0
0 0 0
0 0 0
0 0 0
0 0 0
0 0 0
0 0 0
0 0 0
0 0 0
0 0 0
0 0 0
0 0 0
0 0 0
0 0 0
0 0 0
0 0 0
0 0 0
0 0 0
0 0 0
0 0 0
0 0 0
0 0 0
0 0 0
0 0 0
0 0 0
0 0 0
0 0 0
0 0 0
0 0 0
0 0 0
0 0 0
0 0 0
0 0 0
0 0 0
0 0 0
0 0 0
0 0 0
0 0 0
0 0 0
0 0 0
0 0 0
0 0 0
0 0 0
0 0 0
0 0 0
0 0 0
0 0 0
0 0 0
0 0 0
0 0 0
0 0 0
0 0 0
0 0 0
0 0 0
0 0 0
0 0 0
0 0 0
0 0 0
0 0 0
0 0 0
0 0 0
0 0 0
0 0 0
0 0 0
0 0 0
0 0 0
0 0 0
0 0 0
0 0 0
0 0 0
0 0 0
0 0 0
0 0 0
0 0 0
0 0 0
0 0 0
0 0 0
0 0 0
0 0 0
0 0 0
0 0 0
0 0 0
0 0 0
0 0 0
0 0 0
0 0 0
0 0 0
0 0 0
0 0 0
0 0 0
0 0 0
0 0 0
0 0 0
0 0 0
0 0 0
0 0 0
0 0 0
0 0 0
0 0 0
0 0 0
0 0 0
0 0 0
0 0 0
0 0 0
0 0 0
0 0 0
0 0 0
0 0 0
0 0 0
0 0 0
0 0 0
0 0 0
0 0 0
0 0 0
0 0 0
0 0 0
0 0 0
0 0 0
0 0 0
0 0 0
0 0 0
0 0 0
0 0 0
0 0 0
0 0 0
0 0 0
0 0 0
0 0 0
0 0 0
0 0 0
0 0 0
0 0 0
0 0 0
0 0 0
0 0 0
0 0 0
0 0 0
0 0 0
0 0 0
0 0 0
0 0 0
0 0 0
0 0 0
0 0 0
0 0 0
0 0 0
0 0 0
0 0 0
0 0 0
0 0 0
0 0 0
0 0 0
0 0 0
0 0 0
0 0 0
0 0 0
0 0 0
0 0 0
0 0 0
0 0 0
0 0 0
0 0 0
0 0 0
0 0 0
0 0 0
0 0 0
0 0 0
0 0 0
0 0 0
0 0 0
0 0 0
0 0 0
0 0 0
0 0 0
0 0 0
0 0 0
0 0 0
0 0 0
0 0 0
0 0 0
0 0 0
0 0 0
0 0 0
0 0 0
0 0 0
0 0 0
0 0 0
0 0 0
0 0 0
0 0 0
0 0 0
0 0 0
0 0 0
0 0 0
0 0 0
0 0 0
0 0 0
0 0 0
0 0 0
0 9232379244699516928 528384
0 9295438495713591296 537399808
0 81073666703556608 536871424
0 18014415689482240 1056769
0 144132917717630976 1074799617
0 162147333407113216 1073742848
0 36028831378964480 2113538
0 288265835435261952 2149599234
0 324294666814226432 2147485696
0 68720066560 4227076
0 648589264908451840 4231172
0 648589333628518400 4096
0 137440133120 8454152
0 1297178529816903680 8462344
0 1297178667257036800 8192
0 274880266240 16908304
0 2594357059633807360 16924688
0 2594357334514073600 16384
0 549760532480 33816608
0 5188714119267614720 33849376
0 5188714669028147200 32768
0 1099521064960 67633216
0 10377428238535229440 67698752
0 10377429338056294400 65536
0 2199042129920 135266432
0 2308112403360907264 135397505
0 2308114602403037184 131073
0 4398084259840 270532864
0 4616224806721814528 270795010
0 4616229204806074368 262146
0 8796168519680 541065728
0 9232449613443629056 541590020
0 9232458409612148736 524292
0 17592337039360 1082131456
0 18155153177706496 1083180041
0 18172745514745856 1048585
0 35184674078720 2164262912
0 36310306355412992 2166360082
0 36345491029491712 2097170
0 72127963386085376 33558528
0 72620612710891520 37752868
0 633388021121024 4194340
0 144255926772170752 67117056
0 145241225421783040 75505736
0 1266776042242048 8388680
0 288511853544341504 134234112
0 290482450843566080 151011472
0 2533552084484096 16777360
0 577023707088683008 268468224
0 580964901687132160 302022944
0 5067104168968192 33554720
0 1154047414177366016 536936448
0 1161929803374264320 604045888
0 10134208337936384 67109440
0 2308094828354732032 1073872896
0 2323859606748528640 1208091776
0 20268416675872768 134218880
0 4616189656709464064 2147745792
0 4647719213497057280 2416183552
0 40536833351745536 268437760
0 9304436907456856064 524288
0 9295438426994180096 537399808
0 9016072665628672 536875520
0 162129741204160512 1048577
0 144132780278808576 1074799617
0 18032145331257344 1073751040
0 324259482408321024 2097154
0 288265560557617152 2149599234
0 36064290662514688 2147502080
0 576461370778779648 4194308
0 648588715153162240 4231172
0 72128581325094912 36864
0 1152922741557559296 8388616
0 1297177430306324480 8462344
0 144257162650189824 73728
0 2305845483115118592 16777232
0 2594354860612648960 16924688
0 288514325300379648 147456
0 4611690966230237184 33554464
0 5188709721225297920 33849376
0 577028650600759296 294912
0 9223381932460474368 67108928
0 10377419442450595840 67698752
0 1154057301201518592 589824
0 19791211397120 134217857
0 2308094811191640064 135397505
0 2308114602403037184 1179648
0 39582422794240 268435714
0 4616189622383280128 270795010
0 4616229204806074368 2359296
0 79164845588480 536871428
0 9232379244766560256 541590020
0 9232458409612148736 4718592
0 158329691176960 1073742856
0 18014415823568896 1083180041
0 18172745514745856 9437185
0 316659382353920 2147485712
0 36028831647137792 2166360082
0 36345491029491712 18874370
0 72690912802635776 4128
0 72057663294341120 37752868
0 633388021121024 37748740
0 145381825605271552 8256
0 144115326588682240 75505736
0 1266776042242048 75497480
0 290763651210543104 16512
0 288230653177364480 151011472
0 2533552084484096 150994960
0 581527302421086208 33024
0 576461306354728960 302022944
0 5067104168968192 301989920
0 1163054604842172416 66048
0 1152922612709457920 604045888
0 10134208337936384 603979840
0 2326109209684344832 132096
0 2305845225418915840 1208091776
0 20268416675872768 1207959680
0 4652218419368689664 264192
0 4611690450837831680 2416183552
0 40536833351745536 2415919360
