320 120 160 40
0 2 40 1 80 1
1 2 41 1 81 1
2 2 42 1 82 1
3 2 43 1 83 1
4 2 44 1 84 1
5 2 45 1 85 1
6 2 46 1 86 1
7 2 47 1 87 1
8 2 48 1 88 1
9 2 49 1 89 1
10 2 50 1 90 1
11 2 51 1 91 1
12 2 52 1 92 1
13 2 53 1 93 1
14 2 54 1 94 1
15 2 55 1 95 1
16 2 56 1 96 1
17 2 57 1 97 1
18 2 58 1 98 1
19 2 59 1 99 1
20 2 60 1 100 1
21 2 61 1 101 1
22 2 62 1 102 1
23 2 63 1 103 1
24 2 64 1 104 1
25 2 65 1 105 1
26 2 66 1 106 1
27 2 67 1 107 1
28 2 68 1 108 1
29 2 69 1 109 1
30 2 70 1 110 1
31 2 71 1 111 1
32 2 72 1 112 1
33 2 73 1 113 1
34 2 74 1 114 1
35 2 75 1 115 1
36 2 76 1 116 1
37 2 77 1 117 1
38 2 78 1 118 1
39 2 79 1 119 1
0 1 60 2 110 1
1 1 61 2 111 1
2 1 62 2 112 1
3 1 63 2 113 1
4 1 64 2 114 1
5 1 65 2 115 1
6 1 66 2 116 1
7 1 67 2 117 1
8 1 68 2 118 1
9 1 69 2 119 1
10 1 70 2 80 1
11 1 71 2 81 1
12 1 72 2 82 1
13 1 73 2 83 1
14 1 74 2 84 1
15 1 75 2 85 1
16 1 76 2 86 1
17 1 77 2 87 1
18 1 78 2 88 1
19 1 79 2 89 1
20 1 40 2 90 1
21 1 41 2 91 1
22 1 42 2 92 1
23 1 43 2 93 1
24 1 44 2 94 1
25 1 45 2 95 1
26 1 46 2 96 1
27 1 47 2 97 1
28 1 48 2 98 1
29 1 49 2 99 1
30 1 50 2 100 1
31 1 51 2 101 1
32 1 52 2 102 1
33 1 53 2 103 1
34 1 54 2 104 1
35 1 55 2 105 1
36 1 56 2 106 1
37 1 57 2 107 1
38 1 58 2 108 1
39 1 59 2 109 1
0 1 50 1 107 2
1 1 51 1 108 2
2 1 52 1 109 2
3 1 53 1 110 2
4 1 54 1 111 2
5 1 55 1 112 2
6 1 56 1 113 2
7 1 57 1 114 2
8 1 58 1 115 2
9 1 59 1 116 2
10 1 60 1 117 2
11 1 61 1 118 2
12 1 62 1 119 2
13 1 63 1 80 2
14 1 64 1 81 2
15 1 65 1 82 2
16 1 66 1 83 2
17 1 67 1 84 2
18 1 68 1 85 2
19 1 69 1 86 2
20 1 70 1 87 2
21 1 71 1 88 2
22 1 72 1 89 2
23 1 73 1 90 2
24 1 74 1 91 2
25 1 75 1 92 2
26 1 76 1 93 2
27 1 77 1 94 2
28 1 78 1 95 2
29 1 79 1 96 2
30 1 40 1 97 2
31 1 41 1 98 2
32 1 42 1 99 2
33 1 43 1 100 2
34 1 44 1 101 2
35 1 45 1 102 2
36 1 46 1 103 2
37 1 47 1 104 2
38 1 48 1 105 2
39 1 49 1 106 2
0 1 70 1 101 1
1 1 71 1 102 1
2 1 72 1 103 1
3 1 73 1 104 1
4 1 74 1 105 1
5 1 75 1 106 1
6 1 76 1 107 1
7 1 77 1 108 1
8 1 78 1 109 1
9 1 79 1 110 1
10 1 40 1 111 1
11 1 41 1 112 1
12 1 42 1 113 1
13 1 43 1 114 1
14 1 44 1 115 1
15 1 45 1 116 1
16 1 46 1 117 1
17 1 47 1 118 1
18 1 48 1 119 1
19 1 49 1 80 1
20 1 50 1 81 1
21 1 51 1 82 1
22 1 52 1 83 1
23 1 53 1 84 1
24 1 54 1 85 1
25 1 55 1 86 1
26 1 56 1 87 1
27 1 57 1 88 1
28 1 58 1 89 1
29 1 59 1 90 1
30 1 60 1 91 1
31 1 61 1 92 1
32 1 62 1 93 1
33 1 63 1 94 1
34 1 64 1 95 1
35 1 65 1 96 1
36 1 66 1 97 1
37 1 67 1 98 1
38 1 68 1 99 1
39 1 69 1 100 1
0 1 41 1 88 1
1 1 42 1 89 1
2 1 43 1 90 1
3 1 44 1 91 1
4 1 45 1 92 1
5 1 46 1 93 1
6 1 47 1 94 1
7 1 48 1 95 1
8 1 49 1 96 1
9 1 50 1 97 1
10 1 51 1 98 1
11 1 52 1 99 1
12 1 53 1 100 1
13 1 54 1 101 1
14 1 55 1 102 1
15 1 56 1 103 1
16 1 57 1 104 1
17 1 58 1 105 1
18 1 59 1 106 1
19 1 60 1 107 1
20 1 61 1 108 1
21 1 62 1 109 1
22 1 63 1 110 1
23 1 64 1 111 1
24 1 65 1 112 1
25 1 66 1 113 1
26 1 67 1 114 1
27 1 68 1 115 1
28 1 69 1 116 1
29 1 70 1 117 1
30 1 71 1 118 1
31 1 72 1 119 1
32 1 73 1 80 1
33 1 74 1 81 1
34 1 75 1 82 1
35 1 76 1 83 1
36 1 77 1 84 1
37 1 78 1 85 1
38 1 79 1 86 1
39 1 40 1 87 1
0 1 62 1 113 1
1 1 63 1 114 1
2 1 64 1 115 1
3 1 65 1 116 1
4 1 66 1 117 1
5 1 67 1 118 1
6 1 68 1 119 1
7 1 69 1 80 1
8 1 70 1 81 1
9 1 71 1 82 1
10 1 72 1 83 1
11 1 73 1 84 1
12 1 74 1 85 1
13 1 75 1 86 1
14 1 76 1 87 1
15 1 77 1 88 1
16 1 78 1 89 1
17 1 79 1 90 1
18 1 40 1 91 1
19 1 41 1 92 1
20 1 42 1 93 1
21 1 43 1 94 1
22 1 44 1 95 1
23 1 45 1 96 1
24 1 46 1 97 1
25 1 47 1 98 1
26 1 48 1 99 1
27 1 49 1 100 1
28 1 50 1 101 1
29 1 51 1 102 1
30 1 52 1 103 1
31 1 53 1 104 1
32 1 54 1 105 1
33 1 55 1 106 1
34 1 56 1 107 1
35 1 57 1 108 1
36 1 58 1 109 1
37 1 59 1 110 1
38 1 60 1 111 1
39 1 61 1 112 1
0 1 74 1 106 1
1 1 75 1 107 1
2 1 76 1 108 1
3 1 77 1 109 1
4 1 78 1 110 1
5 1 79 1 111 1
6 1 40 1 112 1
7 1 41 1 113 1
8 1 42 1 114 1
9 1 43 1 115 1
10 1 44 1 116 1
11 1 45 1 117 1
12 1 46 1 118 1
13 1 47 1 119 1
14 1 48 1 80 1
15 1 49 1 81 1
16 1 50 1 82 1
17 1 51 1 83 1
18 1 52 1 84 1
19 1 53 1 85 1
20 1 54 1 86 1
21 1 55 1 87 1
22 1 56 1 88 1
23 1 57 1 89 1
24 1 58 1 90 1
25 1 59 1 91 1
26 1 60 1 92 1
27 1 61 1 93 1
28 1 62 1 94 1
29 1 63 1 95 1
30 1 64 1 96 1
31 1 65 1 97 1
32 1 66 1 98 1
33 1 67 1 99 1
34 1 68 1 100 1
35 1 69 1 101 1
36 1 70 1 102 1
37 1 71 1 103 1
38 1 72 1 104 1
39 1 73 1 105 1
0 1 57 1 105 1
1 1 58 1 106 1
2 1 59 1 107 1
3 1 60 1 108 1
4 1 61 1 109 1
5 1 62 1 110 1
6 1 63 1 111 1
7 1 64 1 112 1
8 1 65 1 113 1
9 1 66 1 114 1
10 1 67 1 115 1
11 1 68 1 116 1
12 1 69 1 117 1
13 1 70 1 118 1
14 1 71 1 119 1
15 1 72 1 80 1
16 1 73 1 81 1
17 1 74 1 82 1
18 1 75 1 83 1
19 1 76 1 84 1
20 1 77 1 85 1
21 1 78 1 86 1
22 1 79 1 87 1
23 1 40 1 88 1
24 1 41 1 89 1
25 1 42 1 90 1
26 1 43 1 91 1
27 1 44 1 92 1
28 1 45 1 93 1
29 1 46 1 94 1
30 1 47 1 95 1
31 1 48 1 96 1
32 1 49 1 97 1
33 1 50 1 98 1
34 1 51 1 99 1
35 1 52 1 100 1
36 1 53 1 101 1
37 1 54 1 102 1
38 1 55 1 103 1
39 1 56 1 104 1
0 0 0
0 0 0
0 0 0
0 0 0
0 0 0
0 0 0
0 0 0
0 0 0
0 0 0
0 0 0
0 0 0
0 0 0
0 0 0
0 0 0
0 0 0
0 0 0
0 0 0
0 0 0
0 0 0
0 0 0
0 0 0
0 0 0
0 0 0
0 0 0
0 0 0
0 0 0
0 0 0
0 0 0
0 0 0
0 0 0
0 0 0
0 0 0
0 0 0
0 0 0
0 0 0
0 0 0
0 0 0
0 0 0
0 0 0
0 0 0
0 0 0
0 0 0
0 0 0
0 0 0
0 0 0
0 0 0
0 0 0
0 0 0
0 0 0
0 0 0
0 0 0
0 0 0
0 0 0
0 0 0
0 0 0
0 0 0
0 0 0
0 0 0
0 0 0
0 0 0
0 0 0
0 0 0
0 0 0
0 0 0
0 0 0
0 0 0
0 0 0
0 0 0
0 0 0
0 0 0
0 0 0
0 0 0
0 0 0
0 0 0
0 0 0
0 0 0
0 0 0
0 0 0
0 0 0
0 0 0
0 0 0
0 0 0
0 0 0
0 0 0
0 0 0
0 0 0
0 0 0
0 0 0
0 0 0
0 0 0
0 0 0
0 0 0
0 0 0
0 0 0
0 0 0
0 0 0
0 0 0
0 0 0
0 0 0
0 0 0
0 0 0
0 0 0
0 0 0
0 0 0
0 0 0
0 0 0
0 0 0
0 0 0
0 0 0
0 0 0
0 0 0
0 0 0
0 0 0
0 0 0
0 0 0
0 0 0
0 0 0
0 0 0
0 0 0
0 0 0
0 0 0
0 0 0
0 0 0
0 0 0
0 0 0
0 0 0
0 0 0
0 0 0
0 0 0
0 0 0
0 0 0
0 0 0
0 0 0
0 0 0
0 0 0
0 0 0
0 0 0
0 0 0
0 0 0
0 0 0
0 0 0
0 0 0
0 0 0
0 0 0
0 0 0
0 0 0
0 0 0
0 0 0
0 0 0
0 0 0
0 0 0
0 0 0
0 0 0
0 0 0
0 0 0
0 0 0
0 0 0
0 0 0
0 0 0
0 0 0
0 0 0
0 0 0
0 0 0
0 0 0
0 0 0
0 0 0
0 0 0
0 0 0
0 0 0
0 0 0
0 0 0
0 0 0
0 0 0
0 0 0
0 0 0
0 0 0
0 0 0
0 0 0
0 0 0
0 0 0
0 0 0
0 0 0
0 0 0
0 0 0
0 0 0
0 0 0
0 0 0
0 0 0
0 0 0
0 0 0
0 0 0
0 0 0
0 0 0
0 0 0
0 0 0
0 0 0
0 0 0
0 0 0
0 0 0
0 0 0
0 0 0
0 0 0
0 0 0
0 0 0
0 0 0
0 0 0
0 0 0
0 0 0
0 0 0
0 0 0
0 0 0
0 0 0
0 0 0
0 0 0
0 0 0
0 0 0
0 0 0
0 0 0
0 0 0
0 0 0
0 0 0
0 0 0
0 0 0
0 0 0
0 0 0
0 0 0
0 0 0
0 0 0
0 0 0
0 0 0
0 0 0
0 0 0
0 0 0
0 0 0
0 0 0
0 0 0
0 0 0
0 0 0
0 0 0
0 0 0
0 0 0
0 0 0
0 0 0
0 0 0
0 0 0
0 0 0
0 0 0
0 0 0
0 0 0
0 0 0
0 0 0
0 0 0
0 0 0
0 0 0
0 0 0
0 0 0
0 0 0
0 0 0
0 0 0
0 0 0
0 0 0
0 0 0
0 0 0
0 0 0
0 0 0
0 0 0
0 0 0
0 0 0
0 0 0
0 0 0
0 0 0
0 0 0
0 0 0
0 0 0
0 0 0
0 0 0
0 0 0
0 0 0
0 0 0
0 0 0
0 0 0
0 0 0
0 0 0
0 0 0
0 0 0
0 0 0
0 0 0
0 0 0
0 0 0
0 0 0
0 0 0
0 0 0
0 0 0
0 0 0
0 0 0
0 0 0
0 0 0
0 0 0
0 0 0
0 0 0
0 0 0
0 0 0
0 0 0
0 0 0
0 0 0
0 0 0
0 0 0
0 0 0
0 0 0
0 0 0
0 0 0
0 0 0
0 0 0
0 0 0
0 0 0
0 0 0
0 0 0
0 0 0
0 0 0
0 0 0
0 0 0
0 0 0
0 0 0
0 0 0
0 0 0
0 0 0
0 0 0
0 0 0
0 0 0
0 0 0
0 0 0
0 0 0
0 0 0
0 0 0
0 0 0
0 0 0
0 0 0
0 0 0
0 0 0
0 0 0
0 0 0
0 0 0
0 0 0
0 0 0
0 0 0
0 0 0
0 0 0
0 0 0
0 0 0
0 0 0
0 0 0
0 0 0
0 0 0
0 0 0
0 0 0
0 0 0
0 0 0
0 0 0
0 0 0
0 0 0
1161928703869976585 512 0
10385310644912005120 512 0
9223381941058805769 0 0
2323857407739953170 1024 0
2323877216114458624 1025 0
19808408059922 1 0
4647714815479906340 2048 0
4647754432228917248 2050 0
39616816119844 2 0
9295429630959812680 4096 0
9295508864457834496 4100 0
79233632239688 4 0
144115188210073744 8193 0
144273655206117376 8201 0
158467264479376 8 0
288230376420147488 16386 0
288547310412234752 16402 0
316934528958752 16 0
576460752840294976 32772 0
577094620824469504 32804 0
633869057917504 32 0
1152922605192217728 8 0
1154189241648939009 72 0
1266638604207233 64 0
2305845210384435456 16 0
2308378483297878018 144 0
2533277208414466 128 0
4611690420768870912 32 0
4616756966595756036 288 0
5066554416828932 256 0
9223380841537741824 64 0
9233513933191512072 576 0
10133108833657864 512 0
17609365932032 129 0
20283792673472528 1153 0
20266217667315728 1024 0
35218731864064 258 0
40567585346945056 2306 0
40532435334631456 2048 0
70437463728128 516 0
81135170693890112 4612 0
81064870669262912 4096 0
140874927456256 1032 0
162270341387780224 9224 0
162129741338525824 8192 0
281749854912512 2064 0
324540682775560448 18448 0
324259482677051648 16384 0
563499709825024 4128 0
649081365551120896 36896 0
648518965354103296 32768 0
1125899908022273 8256 0
1298163830613869568 8256 0
1297037930708206593 0 0
2251799816044546 16512 0
2596327661227739136 16512 0
2594075861416413186 0 0
4503599632089092 33024 0
5192655322455478272 33024 0
5188151722832826372 0 0
9008298775805960 512 0
10385310644910956545 512 0
10376302346154024969 0 0
18016597551611920 1024 0
2323877216112361474 1025 0
2305860618598498322 1 0
36033195103223840 2048 0
4647754432224722948 2050 0
4611721237196996644 2 0
72066390206447680 4096 0
9295508864449445896 4100 0
9223442474393993288 4 0
144132780412895360 8192 0
144273655189340176 8201 0
140875078434960 9 0
288265560825790720 16384 0
288547310378680352 16402 0
281750156869920 18 0
576531121651581440 32768 0
577094620757360704 32804 0
563500313739840 36 0
1153063342814790656 0 0
1154189241514721409 72 0
1125901115851905 72 0
2306126685629581312 0 0
2308378483029442818 144 0
2251802231703810 144 0
4612253371259162624 0 0
4616756966058885636 288 0
4503604463407620 288 0
9224506742518325248 0 0
9233513932117771272 576 0
9007208926815240 576 0
2269411327098880 1 0
20283790525990928 1153 0
18014417853630480 1152 0
4538822654197760 2 0
40567581051981856 2306 0
36028835707260960 2304 0
9077645308395520 4 0
81135162103963712 4612 0
72057671414521920 4608 0
18155290616791040 8 0
162270324207927424 9224 0
144115342829043840 9216 0
36310581233582080 16 0
324540648415854848 18448 0
288230685658087680 18432 0
72621162467164160 32 0
649081296831709696 36896 0
576461371316175360 36864 0
145241225422700545 64 0
1298163693175047168 8256 0
1152922742632350721 8192 0
290482450845401090 128 0
2596327386350094336 16512 0
2305845485264701442 16384 0
580964901690802180 256 0
5192654772700188672 33024 0
4611690970529402884 32768 0
1441152156710469640 1125899906843136 67108928
1152930309291114496 1125900980601408 64
288239456787365896 1073758272 67108864
2882304313420939280 2251799813686272 134217856
2305860618582228992 2251801961202816 128
576478913574731792 2147516544 134217728
5764607527330250785 4503599627372544 268435712
4611722336676085760 4503603922340096 256
1152957827149463585 4294967552 268435456
11529215054660501570 9007199254745088 536871424
9223444673352171520 9007207844680192 512
2305915654298927170 8589935104 536870912
4611686035611451524 18014398509490177 1073742848
145272994791424 18014415689360385 1024
4611831308597854340 17179870208 1073741824
9223372071222903048 36028797018980354 2147485696
290545989582848 36028831378720770 2048
9223662617195708680 34359740416 2147483648
68736254480 72057594038026245 4096
581091979165696 68719579140 4096
581160681865744 72057662757408769 0
1236984136736 144115188075986954 8192
1162183958331393 137439092744 8192
1161221852103713 144115325514817538 0
2473968273472 288230376151973908 16384
2324367916662786 274878185488 16384
2322443704207426 288230651029635076 0
4947936546944 576460752303947816 32768
4648735833325572 549756370976 32768
4644887408414852 576461302059270152 0
8796361466113 1152921504607895632 65536
9298571178278920 1099512676416 65536
9289774816829705 1152922604118474768 0
17592722932226 2305843009215791264 131072
18597142356557840 2199025352832 131072
18579549633659410 2305845208236949536 0
35185445864452 4611686018431582528 262144
37194284713115680 4398050705664 262144
37159099267318820 4611690416473899072 0
70370891728904 9223372036863165056 524288
74388569426231360 8796101411328 524288
74318198534637640 9223380832947798144 0
140741783457808 16778496 1048577
148777138852462720 17592202822656 1048576
148636397069275280 17592186044672 1
281483566915616 33556992 2097154
297554277704925440 35184405645312 2097152
297272794138550560 35184372089344 2
562967133831232 67113984 4194308
595108555409850880 70368811290624 4194304
594545588277101120 70368744178688 4
1125934267662464 134227968 8388616
1190217110819701760 140737622581248 8388608
1189091176554202240 140737488357376 8
2251868535324928 268455936 16777232
2380434221639403520 281475245162496 16777216
2378182353108404480 281474976714752 16
4503737070649856 536911872 33554464
4760868443278807040 562950490324992 33554432
4756364706216808960 562949953429504 32
9008573652927488 1073758208 67108928
9521736886557614081 1125900980584448 67108864
9512728312921990145 1125899906859008 64
18017147305854976 2147516416 134217856
596729699405676546 2251801961168897 134217728
578712552134428674 2251799813718017 128
36034294611709953 4294967296 268435712
1193458299299725317 4503603922337794 268435456
1157426203780485124 4503599627370498 256
72068589223419906 8589934592 536871424
2386916598599450634 9007207844675588 536870912
2314852407560970248 9007199254740996 512
144137178446839812 17179869184 1073742848
4773833197198901268 18014415689351176 1073741824
4629704815121940496 18014398509481992 1024
288274356893679624 34359738368 2147485696
9547666394397802536 36028831378702352 2147483648
9259409630243880992 36028797018963984 2048
576548713787359248 72057662757404672 4096
648588715086053456 72057662757470241 0
72075186778210368 65569 4096
1153097427574718496 144115325514809344 8192
1297177430172106912 144115325514940482 0
144150373556420736 131138 8192
2306194855149436992 288230651029618688 16384
2594354860344213824 288230651029880964 0
288300747112841472 262276 16384
4612389710298873984 576461302059237376 32768
5188709720688427648 576461302059761928 0
576601494225682944 524552 32768
9224779420597747968 1152922604118474752 65536
10377419441376855296 1152922604119523856 0
1153202988451365888 1049104 65536
2814767485944320 2305845208236949505 131072
2308094809044158976 2305845208239047713 0
2306405976902731776 2098208 131072
5629534971888640 4611690416473899010 262144
4616189618088317952 4611690416478095426 0
4612811953805463552 4196416 262144
11259069943777280 9223380832947798020 524288
9232379236176635904 9223380832956190852 0
9225623907610927104 8392832 524288
22518139887554560 17592186044424 1048577
18014398643720192 17592202830089 1
4503741512302592 16785665 1048576
45036279775109120 35184372088848 2097154
36028797287440384 35184405660178 2
9007483024605184 33571330 2097152
90072559550218240 70368744177696 4194308
72057594574880768 70368811320356 4
18014966049210368 67142660 4194304
180144019588808705 140737488355392 8388616
144116288661389312 140737622575176 8
36029932098420737 134219784 8388608
360288039177617410 281474976710784 16777232
288232577322778624 281475245150352 16
72059864196841474 268439568 16777216
720576078355234820 562949953421568 33554464
576465154645557248 562950490300704 32
144119728393682948 536879136 33554432
4398054932740 55009957904898 1050753
9259682317473939460 17628710044162 2228352
9259686715528872192 37385542828032 3278849
8796109865480 110019915809796 2101506
72620561238327304 35257420088325 4456704
72629357348192768 74771085656065 6557698
17592219730960 220039831619592 4203012
145241122476654608 70514840176650 8913408
145258714696385536 149542171312130 13115396
35184439461920 440079663239184 8406024
290482244953309216 141029680353300 17826816
290517429392771072 299084342624260 26230792
70368878923840 880159326478368 16812048
580964489906618432 282059360706600 35653632
581034858785542144 598168685248520 52461584
140737757847680 1760318652956736 33624096
1161928979813236864 564118721413200 71307264
1162069717571084288 1196337370497040 104923168
281475515695360 3520637305913472 67248192
2323857959626473728 1128237442826400 142614528
2324139435142168576 2392674740994080 209846336
564050543018496 7041274611761408 134496384
4647715919252947457 2256474885587264 285229056
4648277770772709377 4785349481988160 419692672
1128101086036992 14082549223522816 268992768
9295431838505894914 4512949771174528 570458112
9296555541545418754 9570698963976320 839385344
2256202172073984 28165098447045632 537985536
144119603302238212 9025899542349057 1140916224
146367009381285892 19141397927952641 1678770688
4512404344147968 56330196894091264 1075971072
288239206604476424 18051799084698114 2281832448
292734018762571784 38282795855905282 3357541376
9024808688295936 40602799750320128 2151942144
576478413208952848 108161192207324164 268697600
585468037525143568 76565591711876100 2420115456
18049617376591872 81205599500705792 8916992
1152956826417905696 144264790376785928 537395200
1170936075050287136 225188777461680136 545263616
36099234753183744 162411199001411584 17833984
2305913652835811392 288529580753571856 1074790400
2341872150100574272 450377554923360272 1090527232
72198469506367488 324822398002823168 35667968
4611827305671622784 577059161507143712 2149580800
4683744300201148544 900755109846720544 2181054464
144398038524362752 577587201967718400 71335936
9223654611343245569 1226175917052149824 4194304
9367487500890669313 1801510219693506624 67141632
288796077048725504 1155174403935436800 142671872
565148976939522 2452351834104299649 8388608
288230928071787010 3603020439387013249 134283264
577591054585823233 2310348807870873600 285343744
1131397465506820 4904703668208533762 16777216
576461856143574021 7206040878773960962 268566528
1155182109171646466 4620697615741747200 570687488
2262794931013640 9809407336417067524 33554432
1152923712287148042 14412081757547921924 537133056
2310364218343292932 9241395231483494400 1141374976
4525589862027280 1172070599124583432 67108865
2305847424574296084 10377419441386292232 1074266113
4620728436686585864 36046389257437184 2282749953
9051179724054560 2344141198249166864 134217730
4611694849148592168 2308094809063032848 2148532227
9241456873373171728 72092778514939904 270532610
18102359448109120 4616224802460471328 268435460
9223389698297184336 4688247212163993632 2097158
36169673036791840 144185557029879809 541065220
36204718896218240 9232449604920942656 536870920
35322884817056 9376494424327987265 4194316
72339346073583680 288371114059759618 1082130440
72409437792436480 18155136132333696 1073741841
70645769634112 306244774946422914 8388633
144678692147167360 576742228119519236 2164260880
144818875584872960 36310272264667392 2147483682
141291539268224 612489549892845828 16777266
289356284782706945 1225542050276966408 33554464
289638850681373696 72620544529334784 68
282583078536449 1152921505747763720 33554532
578712569565413890 2451084100553932816 67108928
579277701362747392 145241089058669568 136
565166157072898 2305843011495527440 67109064
1157425139130827780 4902168201107865632 134217856
1158555402725494784 290482178117339136 272
1130332314145796 4611686022991054880 134218128
2314850278261655560 9804336402215731264 268435712
2317110805450989568 580964356234678272 544
2260664628291592 9223372045982109760 268436256
4629700556523311120 1161928730721910912 536871425
4634221610901979136 1161928712469356544 1088
4521329256583184 18254667904 536872513
9259401113046622240 2323857461443821824 1073742850
9268443221803958272 2323857424938713088 2176
9042658513166368 36509335808 1073745026
72058152383692864 4647714922887643649 2147485700
90142369898364928 4647714849877426177 4352
18085317026332736 73018671616 2147490052
144115205255757953 9295429845775352834 4104
180285839308357632 9223372105716924418 8704
36170634052665473 72057740075205632 12808
288230410511515906 144115617841154052 8209
360571678616715264 137724297220 17409
72341268105330946 144115480150411264 25616
576460821023031812 288231235682308104 16418
721143357233430528 275448594440 34818
144682536210661892 288230960300822528 51232
1152921642046063624 576462471364616208 32836
1442286714466861056 550897188880 69636
289365072421323784 576461920601645056 102464
2305843284092127248 1152924942729232416 65672
2884573428933722112 1101794377760 139272
578730144842647568 1152923841203290112 204928
4611686568184254496 2305849885458464832 131344
5769146857867444224 2203588755520 278544
1157460289685295136 2305847682406580224 409856
9223373136368508993 4611699770916864128 262688
11538292616223260673 4407177511040 557088
2314921678882218048 4611695364813094912 819712
2199027466370 9223399541833728257 525376
4629841158736969730 8814355022081 1114176
4629843357764436096 9223390729626189824 1639424
792633534417211520 576777412458053632 16779280
797277871533654016 281509605408768 2099232
4644337116450944 576495971572121600 18874416
1585267068834423040 1153554824916107264 33558560
1594555743067308032 563019210817536 4198464
9288674232901888 1152991943144243200 37748832
3170534137668846080 2307109649832214528 67117120
3189111486134616064 1126038421635072 8396928
18577348465803776 2305983886288486400 75497664
6341068275337692160 4614219299664429056 134234240
6378222972269232128 2252076843270144 16793856
37154696931607552 4611967772576972800 150995328
12682136550675384320 9228438599328858112 268468480
12756445944538464256 4504153686540288 33587712
74309393863215104 9223935545153945600 301990656
6917529027641217024 10133124948164609 536936961
7066147815367376896 9008307373080577 67175424
148618787726430208 1127016598339584 603981313
13835058055282434048 20266249896329218 1073873922
14132295630734753792 18016614746161154 134350848
297237575452860416 2254033196679168 1207962626
9223372036855316480 40532499792658437 2147747844
9817847187759955968 36033229492322309 268701696
594475150905720832 4508066393358336 2415925252
1081344 81064999585382411 528392
1188950301810360320 8864946782219 537403392
1188950301811441664 81073726824644608 536883208
2162688 162129999170764822 1056784
2377900603620720640 17729893564438 1074806784
2377900603622883328 162147453649289216 1073766416
4325376 324259998341529644 2113568
4755801207241441280 35459787128876 2149613568
4755801207245766656 324294907298578432 2147532832
8650752 576462402645196888 4227136
9511602414482882560 72128513612185688 4259840
9511602414491533312 648589814597222400 98368
17301504 1152924805290393776 8454272
576460755256213504 144257027224371377 8519680
576460755273515008 1297179629194444801 196736
34603008 2305849610580787552 16908544
1152921510512427008 288514054448742754 17039360
1152921510547030016 2594359258388889602 393472
69206016 4611699221161575104 33817088
2305843021024854016 577028108897485508 34078720
2305843021094060032 5188718516777779204 786944
138412032 9223398442323150208 67634176
4611686042049708032 1154056217794971016 68157440
4611686042188120064 10377437033555558408 1573888
276824064 52810936748800 135268353
9223372084099416064 2308112435589942032 136314880
9223372084376240128 2308129993401565200 3147777
553648128 105621873497600 270536706
94489280512 4616224871179884065 272629760
95042928640 4616259986803130401 6295554
1107296256 211243746995200 541073412
188978561024 9232449742359768130 545259520
190085857280 9232519973606260802 12591108
2214592512 422487493990400 1082146824
377957122048 18155411009984644 1090519041
380171714560 18295873502969988 25182217
4429185024 844974987980800 2164293648
755914244096 36310822019969288 2181038082
760343429120 36591747005939976 50364434
1108369997824 73747544013824000 33620000
1511828488193 72621644039938576 67108868
421175230465 1125899974017552 100728868
2216739995648 147495088027648000 67240000
3023656976386 145243288079877152 134217736
842350460930 2251799948035104 201457736
5532991619072 294990176055230464 134480000
6047313952773 290486576159688768 268435472
585189294085 4503599896070208 402915472
12165494865920 589980352110395392 268960000
12094627905547 580973152319312000 536870944
70866960395 9007199792140416 805830944
24330989731840 1179960704220790784 537920000
24189255811094 1161946304638624000 1073741888
141733920790 18014399584280832 1611661888
48661979463680 2359921408441581568 1075840000
48378511622188 2323892609277248000 2147483776
283467841580 36028799168561664 3223323776
97323958927360 4647785222845300736 2151680000
96757023244376 4719842812592423936 256
566935683160 72057598337188864 2151680256
193548406226945 9295570445690667008 8392704
194613558116528 9367628031146919936 512
1133871366321 216172790712240128 8393216
387096812453890 144396817671782400 16785409
389227116233056 288511988584288256 1025
2267742732642 432345581424480256 16786432
774193624907780 288793635343564800 33570818
778454232466112 577023977168576512 2050
4535485465284 864691162848960512 33572864
1548387249815560 577587270687129600 67141636
1556908464932224 1154047954337153024 4100
9070970930568 1729382325697921024 67145728
3096774499631120 1155174541374259200 134283272
3113816929864448 2308095908674306048 8200
18141941861136 3458764651395842048 134291456
6192449487634465 2310349082748518400 268566544
6228733371356672 4616191817348546560 16400
36283883722273 6917529302791618560 268582912
12384898975268930 4620698165497036800 537133088
12457466742713344 9232383634697093120 32800
72567767444546 13835058605583237120 537165824
24769797950537860 9241396330994073600 1074266176
24914933485426688 18023195684634624 65601
145135534889092 9223373137456922624 1074331649
49539595901075720 36048588278595584 2148532353
49829866970853376 36046391369269248 131202
290271069778184 2201204293632 2148663299
99079191802151440 72097176557256704 2097410
99659733941706752 35188700676096 262404
580542139556368 72061996446515200 2359302
198158383604302880 144194353114513408 4194820
199319467883413504 70377401352192 524808
1161084279112736 144123992893030400 4718604
396316767208605760 288388706229026816 8389640
398638935766827008 140754802704384 1049616
2322168558225472 288247985786060800 9437208
0 649081915307524096 32768
0 549756403712 33558560
0 649081365551120384 33591328
0 1298163830615048192 65536
0 1099512807424 67117120
0 1298162731102240768 67182656
0 2596327661230096384 131072
0 2199025614848 134234240
0 2596325462204481536 134365312
0 5192655322460192768 262144
0 4398051229696 268468480
0 5192650924408963072 268730624
0 10385310644920385536 524288
0 8796102459392 536936960
0 10385301848817926144 537461248
0 2323877216131219456 1048577
0 17592204918784 1073873920
0 2323859623926300672 1074922497
0 4647754432262438912 2097154
0 35184409837568 2147747840
0 4647719247852601344 2149844994
0 9223451270487015424 4194308
0 72127962857603072 528384
0 9295438495705268224 4722692
0 158467264479232 8388617
0 144255925715206144 1056768
0 144132917700984832 9445385
0 316934528958464 16777234
0 288511851430412288 2113536
0 288265835401969664 18890770
0 633869057916928 33554468
0 577023702860824576 4227072
0 576531670803939328 37781540
0 1267738115833856 67108936
0 1154047405721649152 8454144
0 1153063341607878656 75563080
0 2535476231667712 134217872
0 2308094811443298304 16908288
0 2306126683215757312 151126160
0 5070952463335424 268435744
0 4616189622886596608 33816576
0 4612253366431514624 302252320
0 10141904926670848 536871488
0 9232379245773193216 67633152
0 9224506732863029248 604504640
0 20283809853341696 1073742976
0 18014417836834816 135266305
0 2269392016506880 1209009281
0 40567619706683392 2147485952
0 36028835673669632 270532610
0 4538784033013760 2418018562
0 81135239413432320 4608
0 77309476864 541065220
0 81135162103955456 541069828
0 162270478826864640 9216
0 154618953728 1082130440
0 162270324207910912 1082139656
0 324540957653729280 18432
0 309237907456 2164260880
0 324540648415821824 2164279312
0 577024321269596160 36864
0 72058212513742848 33554464
0 649081296831709184 33591328
0 1154048642539192320 73728
0 144116425027485696 67108928
0 1298162593663418368 67182656
0 2308097285078384640 147456
0 288232850054971392 134217856
0 2596325187326836736 134365312
0 4616194570156769280 294912
0 576465700109942784 268435712
0 5192650374653673472 268730624
0 9232389140313538560 589824
0 1152931400219885568 536871424
0 10385300749307346944 537461248
0 18034206917525504 1179649
0 2305862800439771136 1073742848
0 2323857424905142272 1074922497
0 36068413835051008 2359298
0 4611725600879542272 2147485696
0 4647714849810284544 2149844994
0 79233632239616 4718596
0 9295508795797012480 4096
0 9295429699620634624 4722692
0 158467264479232 9437192
0 144273517884473344 8193
0 144115325531717632 9445385
0 316934528958464 18874384
0 288547035768946688 16386
0 288230651063435264 18890770
0 633869057916928 37748768
0 577094071537893376 32772
0 576461302126870528 37781540
0 1267738115833856 75497536
0 1154188143075786752 65544
0 1152922604253741056 75563080
0 2535476231667712 150995072
0 2308376286151573504 131088
0 2305845208507482112 151126160
0 5070952463335424 301990144
0 4616752572303147008 262176
0 4611690417014964224 302252320
0 10141904926670848 603980288
0 9233505144606294016 524352
0 9223380834029928448 604504640
0 20283809853341696 1207960576
0 20266215503036416 1048705
0 17594350305280 1209009281
0 40567619706683392 2415921152
0 40532431006072832 2097410
0 35188700610560 2418018562
0 81135239413432320 536875008
0 9007267974283264 4194820
0 72127971439149056 541069828
0 162270478826864640 1073750016
0 18014535948566528 8389640
0 144255942878298112 1082139656
0 324540957653729280 2147500032
0 36029071897133056 16779280
0 288511885756596224 2164279312
