224 84 112 28
0 1 28 1 56 1
1 1 29 1 57 1
2 1 30 1 58 1
3 1 31 1 59 1
4 1 32 1 60 1
5 1 33 1 61 1
6 1 34 1 62 1
7 1 35 1 63 1
8 1 36 1 64 1
9 1 37 1 65 1
10 1 38 1 66 1
11 1 39 1 67 1
12 1 40 1 68 1
13 1 41 1 69 1
14 1 42 1 70 1
15 1 43 1 71 1
16 1 44 1 72 1
17 1 45 1 73 1
18 1 46 1 74 1
19 1 47 1 75 1
20 1 48 1 76 1
21 1 49 1 77 1
22 1 50 1 78 1
23 1 51 1 79 1
24 1 52 1 80 1
25 1 53 1 81 1
26 1 54 1 82 1
27 1 55 1 83 1
19 1 41 1 66 1
20 1 42 1 67 1
21 1 43 1 68 1
22 1 44 1 69 1
23 1 45 1 70 1
24 1 46 1 71 1
25 1 47 1 72 1
26 1 48 1 73 1
27 1 49 1 74 1
0 1 50 1 75 1
1 1 51 1 76 1
2 1 52 1 77 1
3 1 53 1 78 1
4 1 54 1 79 1
5 1 55 1 80 1
6 1 28 1 81 1
7 1 29 1 82 1
8 1 30 1 83 1
9 1 31 1 56 1
10 1 32 1 57 1
11 1 33 1 58 1
12 1 34 1 59 1
13 1 35 1 60 1
14 1 36 1 61 1
15 1 37 1 62 1
16 1 38 1 63 1
17 1 39 1 64 1
18 1 40 1 65 1
19 1 40 1 59 1
20 1 41 1 60 1
21 1 42 1 61 1
22 1 43 1 62 1
23 1 44 1 63 1
24 1 45 1 64 1
25 1 46 1 65 1
26 1 47 1 66 1
27 1 48 1 67 1
0 1 49 1 68 1
1 1 50 1 69 1
2 1 51 1 70 1
3 1 52 1 71 1
4 1 53 1 72 1
5 1 54 1 73 1
6 1 55 1 74 1
7 1 28 1 75 1
8 1 29 1 76 1
9 1 30 1 77 1
10 1 31 1 78 1
11 1 32 1 79 1
12 1 33 1 80 1
13 1 34 1 81 1
14 1 35 1 82 1
15 1 36 1 83 1
16 1 37 1 56 1
17 1 38 1 57 1
18 1 39 1 58 1
8 1 39 1 71 1
9 1 40 1 72 1
10 1 41 1 73 1
11 1 42 1 74 1
12 1 43 1 75 1
13 1 44 1 76 1
14 1 45 1 77 1
15 1 46 1 78 1
16 1 47 1 79 1
17 1 48 1 80 1
18 1 49 1 81 1
19 1 50 1 82 1
20 1 51 1 83 1
21 1 52 1 56 1
22 1 53 1 57 1
23 1 54 1 58 1
24 1 55 1 59 1
25 1 28 1 60 1
26 1 29 1 61 1
27 1 30 1 62 1
0 1 31 1 63 1
1 1 32 1 64 1
2 1 33 1 65 1
3 1 34 1 66 1
4 1 35 1 67 1
5 1 36 1 68 1
6 1 37 1 69 1
7 1 38 1 70 1
0 2 41 1 59 1
1 2 42 1 60 1
2 2 43 1 61 1
3 2 44 1 62 1
4 2 45 1 63 1
5 2 46 1 64 1
6 2 47 1 65 1
7 2 48 1 66 1
8 2 49 1 67 1
9 2 50 1 68 1
10 2 51 1 69 1
11 2 52 1 70 1
12 2 53 1 71 1
13 2 54 1 72 1
14 2 55 1 73 1
15 2 28 1 74 1
16 2 29 1 75 1
17 2 30 1 76 1
18 2 31 1 77 1
19 2 32 1 78 1
20 2 33 1 79 1
21 2 34 1 80 1
22 2 35 1 81 1
23 2 36 1 82 1
24 2 37 1 83 1
25 2 38 1 56 1
26 2 39 1 57 1
27 2 40 1 58 1
8 1 28 2 66 1
9 1 29 2 67 1
10 1 30 2 68 1
11 1 31 2 69 1
12 1 32 2 70 1
13 1 33 2 71 1
14 1 34 2 72 1
15 1 35 2 73 1
16 1 36 2 74 1
17 1 37 2 75 1
18 1 38 2 76 1
19 1 39 2 77 1
20 1 40 2 78 1
21 1 41 2 79 1
22 1 42 2 80 1
23 1 43 2 81 1
24 1 44 2 82 1
25 1 45 2 83 1
26 1 46 2 56 1
27 1 47 2 57 1
0 1 48 2 58 1
1 1 49 2 59 1
2 1 50 2 60 1
3 1 51 2 61 1
4 1 52 2 62 1
5 1 53 2 63 1
6 1 54 2 64 1
7 1 55 2 65 1
5 1 39 1 56 2
6 1 40 1 57 2
7 1 41 1 58 2
8 1 42 1 59 2
9 1 43 1 60 2
10 1 44 1 61 2
11 1 45 1 62 2
12 1 46 1 63 2
13 1 47 1 64 2
14 1 48 1 65 2
15 1 49 1 66 2
16 1 50 1 67 2
17 1 51 1 68 2
18 1 52 1 69 2
19 1 53 1 70 2
20 1 54 1 71 2
21 1 55 1 72 2
22 1 28 1 73 2
23 1 29 1 74 2
24 1 30 1 75 2
25 1 31 1 76 2
26 1 32 1 77 2
27 1 33 1 78 2
0 1 34 1 79 2
1 1 35 1 80 2
2 1 36 1 81 2
3 1 37 1 82 2
4 1 38 1 83 2
5 1 40 1 71 1
6 1 41 1 72 1
7 1 42 1 73 1
8 1 43 1 74 1
9 1 44 1 75 1
10 1 45 1 76 1
11 1 46 1 77 1
12 1 47 1 78 1
13 1 48 1 79 1
14 1 49 1 80 1
15 1 50 1 81 1
16 1 51 1 82 1
17 1 52 1 83 1
18 1 53 1 56 1
19 1 54 1 57 1
20 1 55 1 58 1
21 1 28 1 59 1
22 1 29 1 60 1
23 1 30 1 61 1
24 1 31 1 62 1
25 1 32 1 63 1
26 1 33 1 64 1
27 1 34 1 65 1
0 1 35 1 66 1
1 1 36 1 67 1
2 1 37 1 68 1
3 1 38 1 69 1
4 1 39 1 70 1
2387190385619763200 279441311760
141845624524832 824936760337
2387330014971957280 554085387265
4774380771239526400 558882623520
283691249049664 1649873520674
4774660029943914560 1108170774530
9548761542479052800 1117765247040
567382498099328 3299747041348
9549320059887829120 2216341549060
578721417210626049 2235530494081
1134764727763201 6599494082696
579838452296614144 4432683098121
1157442834421252098 4471060988162
2269529455526402 13198988165392
1159676904593228288 8865366196242
2314885668842504196 8942121976324
4539058911052804 26397976330784
2319353809186456576 17730732392484
4629771337685008392 17884243952648
9078117822105608 52795952661568
4638707618372913152 35461464784968
9259542675370016784 35768487905296
18156235644211216 105591905323136
9277415236745826304 70922929569936
283682992554017 71536975810593
36312471019986977 211183810646272
36028806012608512 141845859139873
72624959754600515 143073950572610
567348270481474 140892645630464
72057612025217025 2216741569090
145249919509201030 4672925483140
73192290578890884 310314550272
216172818088361986 4433482089604
290499839018402060 9345850966280
146384581157781768 620629100544
432345636176723972 8866964179208
580999678036804120 18691701932560
292769162315563536 1241258201088
864691272353447944 17733928358416
1161999356073608240 37383403865120
585538324631127072 2482516402176
1729382544706895888 35467856716832
2323998712147216480 74766807730240
1171076649262254144 4965032804352
3458765089413791776 70935713433664
4647997424294432960 149533615460480
2342153298524508288 9930065608704
6917530178827583552 141871426867328
9295994848857301376 17592254210304
4684306597049016577 19860130168832
13835060357386731649 2267878072576
145245624005051136 35184508420609
9368613194098033154 39720260337664
9223376641063911682 4535756145153
290491248010102272 70369016841218
290482314486514692 79440520675329
9208418271748 9071512290307
580982496020204544 140738033682436
580964628973029384 158881041350658
18416836543496 18143024580614
1161964992040409088 1091702792
1233986851983986704 36287105990660
72094427711014928 36286048112652
2323929984080818176 2183405584
2467973703967973408 72574211981320
144188855422029856 72572096225304
4647859968161636352 4366811168
4935947407935946816 145148423962640
288377710844059712 145144192450608
9295719936591708160 8732573760
9799837221833965697 8821872263200
648813015457611905 8813408190560
144695799473864704 17465147521
1152930369958379778 17643744526401
1297626030915223810 17626816381120
289391598947729408 34930295042
2305860739916759556 35287489052802
2595252061830447620 35253632762240
578783197895458816 69860590084
4611721479833519112 70574978105604
5190504123660895240 70507265524480
1157566395790917632 139721180168
9223442959667038224 141149956211208
10381008247321790480 141014531048960
198300220839170080 274912773136
2387048548786507776 70373075846144
2585067294246305824 70647919411216
324542847640412225 549825546272
4774097097304580097 140746151692288
5098076994723119168 141295838822432
649085695280824451 1099650043968
9548194194340724739 17327722496
10196153989714673792 1116700934208
1298171390293213447 2199300087936
577586721202405382 34655444993
1873506311681868033 2233401868417
2596342780586426894 4398600175872
1155173442404810764 69310889986
3747012623363736066 4466803736834
5192685561172853788 8797200351744
2310346884809621528 138621779972
7494025246727472132 8933607473668
10385371122345707576 17594400703488
4620693769619243056 277243559944
14988050493454944264 17867214947336
2323998170981863536 35188801406977
9241387539238486112 554487119888
11529356913200336912 35734429894673
4647996341963727072 70377602813954
36031004767420608 1108974239777
4611969752691122208 71468859789347
9223935090157961664 140755205627908
4415496913281 2217948479554
9223939505113808961 142937719578694
73183700644299648 35434545161
72066425031754498 4435895910532
1134936518066306 4400463495309
146367401288599296 70869090322
144132850063508996 8871791821064
2269873036132612 8800926990618
292734802577198592 141738180644
288265700127017992 17743583642128
4539746072265224 17601853981236
585469605154397184 283476361288
576531400254035984 35487167284256
9079492144530448 35203707962472
1170939210308794368 566952722576
1153062800508071968 70974334568512
18158984289060896 70407415924944
2341878420617588736 1133905445152
2306125601016143936 141948669137024
36317968578121792 140814831849888
4683756841235177473 2267809841728
4612251201763852417 2422362611968
72635937424679040 154686989120
9367513682470354946 4535619683456
9224502403527704834 4844725223936
145271874849358080 309373978240
288283291231158276 9071239366913
2260733345858052 9689450447873
290543749698716160 618747956480
576566582462316552 18142478733826
4521466691716104 19378900895746
581087499397432320 1237495912960
1153133164924633104 36284957467652
9042933383432208 38757801791492
1162174998794864640 2474991825920
2306266329849266208 72569914935304
18085866766864416 77515603582984
2324349997589729280 4949983651840
4612532659698532416 145139829870608
36171733533728832 155031207165968
4648699995179458560 9899967303680
9225065319128629377 8804684079136
72343467335893120 28587437621280
9297399990358917121 19799933558784
3386564547707138 17609368158273
144686934671786240 57174875242560
148055907008282626 39599867117569
6773129095414276 35218736316546
289373869343572480 114349750485120
296111814016565252 79199734235138
13546258190828552 70437472633092
578747738687144960 228699500970240
592223628033130504 158399468470276
99150110419585040 140874944217608
1157495477374289920 175924026278400
1256504850104188944 35323960229896
4809844428002820160 1649536139265
8791261280 72018080831489
4809844419211558944 70369082087424
9547631261967712385 3299072278530
17314087105 144036161662978
9547631244653625408 140738164174848
648518450225873155 6598143508485
34359738755 6597347663876
648518415866134656 1351639041
1297036900451746310 13196287016970
68719477510 13194695327752
1297036831732269312 2703278082
2594073800903492620 26392574033940
137438955020 26389390655504
2594073663464538624 5406556164
5188147601806985240 52785148067880
274877910040 52778781311008
5188147326929077248 10813112328
10376295203613970480 105570296135760
549755820080 105557562622016
10376294653858154496 21626224656
2305846333518389344 211140592271521
1099511640160 211115125244032
2305845234006757376 43252449313
4611692667036778688 140806208880962
72059793061208256 140755273777408
4683748062051442688 86503850050
9223385334073557376 137442099844
216177180160344448 35570844160
9439553718140813312 173006651524
26594437563136 274884199689
432354360320688896 71141688320
432363362572075008 346013303049
53188875126272 549768399378
864708720641377792 142283376640
864726725144150016 692026606098
106377750252544 1099536798756
1729417441282755584 284566753280
1729453450288300032 1384053212196
212755500505088 2199073597512
3458834882565511168 569133506560
3458906900576600064 2768106424392
425511001010176 4398147195024
6917669765131022336 1138267013120
6917813801153200128 5536212848784
851022002020352 8796294390048
13835339530262044672 2276534026240
13835627602306400256 11072425697568
1702044004040704 17592588780096
9223934986814537728 4553068052481
9224511130903248896 22144851395137
3404088008081408 35185177560192
1125899919523840 9106136104963
2278188096946176 44289702790275
6808176016162816 70370355120384
2251799839047680 18212272209926
4556376193892352 88579405580550
13616352032325632 140740710240768
4503599678095360 36424544419852
9112752387784704 177158811161100
99290298102579200 6443770880
81064793394118656 72849087791128
18225504775569408 72842646660120
198580596205158400 12887541760
162129586788237312 145698175582256
36451009551138816 145685293320240
397161192410316801 25774034944
324259173308039169 9921375502432
72902019370713088 9895609929824
722264791051141122 51548069888
576460752578150403 19842751004864
145804038472990721 19791219859648
1444529582102282244 103096139776
1152921505156300806 39685502009728
291608076945981442 39582439719296
2889059164204564488 206192279552
2305843010312601612 79371004019456
583216153891962884 79164879438592
5778118328409128976 412384559104
4611686020625203224 158742008038912
1166432307783925768 158329758877184
11628294250856185888 824768069632
9223372041250406448 36009040415744
2404922209605779472 35184541043712
17180917824 0
281474976710720 0
281492157628416 0
34361835648 0
562949953421440 0
562984315256832 0
68723671296 0
1125899906842880 0
1125968630513664 0
137447342592 0
2251799813685760 0
2251937261027328 0
274894685184 0
4503599627371520 0
4503874522054656 0
549789370368 0
9007199254743040 0
9007749044109312 0
1099578740736 0
18014398509486080 0
18015498088218624 0
2199157481472 0
36028797018972160 0
36030996176437248 0
4398046527489 0
268451840 0
4398314946561 0
8796093054978 0
536903680 0
8796629893122 0
17592186109956 0
1073807360 0
17593259786244 0
35184372219912 0
2147614720 0
35186519572488 0
70368744439824 0
4295229440 0
70373039144976 0
140737488879648 0
8590458880 0
140746078289952 0
281474977759296 0
17180917760 0
281492156579904 0
562949955518592 0
34361835520 0
562984313159808 0
1125899911037184 0
68723671040 0
1125968626319616 0
2251799822074368 0
137447342080 0
2251937252639232 0
4503599644148736 0
274894684160 0
4503874505278464 0
9007199288297472 0
549789368320 0
9007749010556928 0
18014398576594944 0
1099578736640 0
18015498021113856 0
36028797153189888 0
2199157473280 0
36030996042227712 0
268451841 0
4398046511105 0
4398314962944 0
536903682 0
8796093022210 0
8796629925888 0
1073807364 0
17592186044420 0
17593259851776 0
2147614728 0
35184372088840 0
35186519703552 0
4295229456 0
70368744177680 0
70373039407104 0
8590458912 0
140737488355360 0
140746078814208 0
0 0
0 0
0 0
0 0
0 0
0 0
0 0
0 0
0 0
0 0
0 0
0 0
0 0
0 0
0 0
0 0
0 0
0 0
0 0
0 0
0 0
0 0
0 0
0 0
0 0
0 0
0 0
0 0
0 0
0 0
0 0
0 0
0 0
0 0
0 0
0 0
0 0
0 0
0 0
0 0
0 0
0 0
0 0
0 0
0 0
0 0
0 0
0 0
0 0
0 0
0 0
0 0
0 0
0 0
0 0
0 0
0 0
0 0
0 0
0 0
0 0
0 0
0 0
0 0
0 0
0 0
0 0
0 0
0 0
0 0
0 0
0 0
0 0
0 0
0 0
0 0
0 0
0 0
0 0
0 0
0 0
0 0
0 0
0 0
0 0
0 0
0 0
0 0
0 0
0 0
0 0
0 0
0 0
0 0
0 0
0 0
0 0
0 0
0 0
0 0
0 0
0 0
0 0
0 0
0 0
0 0
0 0
0 0
0 0
0 0
0 0
0 0
0 0
0 0
0 0
0 0
0 0
0 0
0 0
0 0
0 0
0 0
0 0
0 0
0 0
0 0
0 0
0 0
0 0
0 0
0 0
0 0
0 0
0 0
0 0
0 0
0 0
0 0
0 0
0 0
0 0
0 0
0 0
0 0
0 0
0 0
0 0
0 0
0 0
0 0
0 0
0 0
0 0
0 0
0 0
0 0
0 0
0 0
0 0
0 0
0 0
0 0
0 0
0 0
0 0
0 0
0 0
0 0
0 0
0 0
0 0
0 0
0 0
0 0
0 0
0 0
0 0
0 0
0 0
0 0
0 0
0 0
0 0
0 0
0 0
0 0
0 0
0 0
0 0
0 0
0 0
0 0
0 0
0 0
0 0
0 0
0 0
0 0
0 0
0 0
0 0
0 0
0 0
0 0
0 0
0 0
0 0
0 0
0 0
0 0
0 0
0 0
0 0
0 0
0 0
0 0
0 0
0 0
0 0
0 0
0 0
0 0
0 0
0 0
0 0
0 0
0 0
0 0
0 0
0 0
0 0
0 0
0 0
0 0
0 0
0 0
0 0
0 0
0 0
0 0
0 0
0 0
0 0
0 0
0 0
0 0
0 0
0 0
0 0
0 0
0 0
0 0
4611686018427387904 1099511627776
0 1099578740736
4611686018427387904 67112960
9223372036854775808 2199023255552
0 2199157481472
9223372036854775808 134225920
0 4398046511105
0 4398314962944
0 268451841
0 8796093022210
0 8796629925888
0 536903682
0 17592186044420
0 17593259851776
0 1073807364
0 35184372088840
0 35186519703552
0 2147614728
0 70368744177680
0 70373039407104
0 4295229456
0 140737488355360
0 140746078814208
0 8590458912
0 1048640
72057594037927936 17180917760
72057594037927936 17179869248
0 2097280
144115188075855872 34361835520
144115188075855872 34359738496
0 4194560
288230376151711744 68723671040
288230376151711744 68719476992
0 8389120
576460752303423488 137447342080
576460752303423488 137438953984
0 16778240
1152921504606846976 274894684160
1152921504606846976 274877907968
0 33556480
2305843009213693952 549789368320
2305843009213693952 549755815936
0 67112960
4611686018427387904 1099578736640
4611686018427387904 1099511631872
0 134225920
9223372036854775808 2199157473280
9223372036854775808 2199023263744
0 268451840
0 4398314946561
0 4398046527489
0 536903680
0 8796629893122
0 8796093054978
0 1073807360
0 17593259786244
0 17592186109956
0 2147614720
0 35186519572488
0 35184372219912
0 4295229440
0 70373039144976
0 70368744439824
0 8590458880
0 140746078289952
0 140737488879648
72057594037927936 17179869184
0 17180917824
72057594037927936 1048640
144115188075855872 34359738368
0 34361835648
144115188075855872 2097280
288230376151711744 68719476736
0 68723671296
288230376151711744 4194560
576460752303423488 137438953472
0 137447342592
576460752303423488 8389120
1152921504606846976 274877906944
0 274894685184
1152921504606846976 16778240
2305843009213693952 549755813888
0 549789370368
2305843009213693952 33556480
