168 448
8 1 56 112 168 224 280 336 392
9 0 1 57 113 169 225 281 337 393
8 3 58 114 170 226 282 338 394
9 2 3 59 115 171 227 283 339 395
8 5 60 116 172 228 284 340 396
9 4 5 61 117 173 229 285 341 397
8 7 62 118 174 230 286 342 398
9 6 7 63 119 175 231 287 343 399
8 9 64 120 176 232 288 344 400
9 8 9 65 121 177 233 289 345 401
8 11 66 122 178 234 290 346 402
9 10 11 67 123 179 235 291 347 403
8 13 68 124 180 236 292 348 404
9 12 13 69 125 181 237 293 349 405
8 15 70 126 182 238 294 350 406
9 14 15 71 127 183 239 295 351 407
8 17 72 128 184 240 296 352 408
9 16 17 73 129 185 241 297 353 409
8 19 74 130 186 242 298 354 410
9 18 19 75 131 187 243 299 355 411
8 21 76 132 188 244 300 356 412
9 20 21 77 133 189 245 301 357 413
8 23 78 134 190 246 302 358 414
9 22 23 79 135 191 247 303 359 415
8 25 80 136 192 248 304 360 416
9 24 25 81 137 193 249 305 361 417
8 27 82 138 194 250 306 362 418
9 26 27 83 139 195 251 307 363 419
8 29 84 140 196 252 308 364 420
9 28 29 85 141 197 253 309 365 421
8 31 86 142 198 254 310 366 422
9 30 31 87 143 199 255 311 367 423
8 33 88 144 200 256 312 368 424
9 32 33 89 145 201 257 313 369 425
8 35 90 146 202 258 314 370 426
9 34 35 91 147 203 259 315 371 427
8 37 92 148 204 260 316 372 428
9 36 37 93 149 205 261 317 373 429
8 39 94 150 206 262 318 374 430
9 38 39 95 151 207 263 319 375 431
8 41 96 152 208 264 320 376 432
9 40 41 97 153 209 265 321 377 433
8 43 98 154 210 266 322 378 434
9 42 43 99 155 211 267 323 379 435
8 45 100 156 212 268 324 380 436
9 44 45 101 157 213 269 325 381 437
8 47 102 158 214 270 326 382 438
9 46 47 103 159 215 271 327 383 439
8 49 104 160 216 272 328 384 440
9 48 49 105 161 217 273 329 385 441
8 51 106 162 218 274 330 386 442
9 50 51 107 163 219 275 331 387 443
8 53 108 164 220 276 332 388 444
9 52 53 109 165 221 277 333 389 445
8 55 110 166 222 278 334 390 446
9 54 55 111 167 223 279 335 391 447
8 0 71 166 196 276 320 370 418
9 1 70 71 167 197 277 321 371 419
8 2 73 112 198 278 322 372 420
9 3 72 73 113 199 279 323 373 421
8 4 75 114 200 224 324 374 422
9 5 74 75 115 201 225 325 375 423
8 6 77 116 202 226 326 376 424
9 7 76 77 117 203 227 327 377 425
8 8 79 118 204 228 328 378 426
9 9 78 79 119 205 229 329 379 427
8 10 81 120 206 230 330 380 428
9 11 80 81 121 207 231 331 381 429
8 12 83 122 208 232 332 382 430
9 13 82 83 123 209 233 333 383 431
8 14 85 124 210 234 334 384 432
9 15 84 85 125 211 235 335 385 433
8 16 87 126 212 236 280 386 434
9 17 86 87 127 213 237 281 387 435
8 18 89 128 214 238 282 388 436
9 19 88 89 129 215 239 283 389 437
8 20 91 130 216 240 284 390 438
9 21 90 91 131 217 241 285 391 439
8 22 93 132 218 242 286 336 440
9 23 92 93 133 219 243 287 337 441
8 24 95 134 220 244 288 338 442
9 25 94 95 135 221 245 289 339 443
8 26 97 136 222 246 290 340 444
9 27 96 97 137 223 247 291 341 445
8 28 99 138 168 248 292 342 446
9 29 98 99 139 169 249 293 343 447
8 30 101 140 170 250 294 344 392
9 31 100 101 141 171 251 295 345 393
8 32 103 142 172 252 296 346 394
9 33 102 103 143 173 253 297 347 395
8 34 105 144 174 254 298 348 396
9 35 104 105 145 175 255 299 349 397
8 36 107 146 176 256 300 350 398
9 37 106 107 147 177 257 301 351 399
8 38 109 148 178 258 302 352 400
9 39 108 109 149 179 259 303 353 401
8 40 111 150 180 260 304 354 402
9 41 110 111 151 181 261 305 355 403
8 42 57 152 182 262 306 356 404
9 43 56 57 153 183 263 307 357 405
8 44 59 154 184 264 308 358 406
9 45 58 59 155 185 265 309 359 407
8 46 61 156 186 266 310 360 408
9 47 60 61 157 187 267 311 361 409
8 48 63 158 188 268 312 362 410
9 49 62 63 159 189 269 313 363 411
8 50 65 160 190 270 314 364 412
9 51 64 65 161 191 271 315 365 413
8 52 67 162 192 272 316 366 414
9 53 66 67 163 193 273 317 367 415
8 54 69 164 194 274 318 368 416
9 55 68 69 165 195 275 319 369 417
8 0 98 153 194 246 288 382 424
9 1 99 152 153 195 247 289 383 425
8 2 100 155 196 248 290 384 426
9 3 101 154 155 197 249 291 385 427
8 4 102 157 198 250 292 386 428
9 5 103 156 157 199 251 293 387 429
8 6 104 159 200 252 294 388 430
9 7 105 158 159 201 253 295 389 431
8 8 106 161 202 254 296 390 432
9 9 107 160 161 203 255 297 391 433
8 10 108 163 204 256 298 336 434
9 11 109 162 163 205 257 299 337 435
8 12 110 165 206 258 300 338 436
9 13 111 164 165 207 259 301 339 437
8 14 56 167 208 260 302 340 438
9 15 57 166 167 209 261 303 341 439
8 16 58 113 210 262 304 342 440
9 17 59 112 113 211 263 305 343 441
8 18 60 115 212 264 306 344 442
9 19 61 114 115 213 265 307 345 443
8 20 62 117 214 266 308 346 444
9 21 63 116 117 215 267 309 347 445
8 22 64 119 216 268 310 348 446
9 23 65 118 119 217 269 311 349 447
8 24 66 121 218 270 312 350 392
9 25 67 120 121 219 271 313 351 393
8 26 68 123 220 272 314 352 394
9 27 69 122 123 221 273 315 353 395
8 28 70 125 222 274 316 354 396
9 29 71 124 125 223 275 317 355 397
8 30 72 127 168 276 318 356 398
9 31 73 126 127 169 277 319 357 399
8 32 74 129 170 278 320 358 400
9 33 75 128 129 171 279 321 359 401
8 34 76 131 172 224 322 360 402
9 35 77 130 131 173 225 323 361 403
8 36 78 133 174 226 324 362 404
9 37 79 132 133 175 227 325 363 405
8 38 80 135 176 228 326 364 406
9 39 81 134 135 177 229 327 365 407
8 40 82 137 178 230 328 366 408
9 41 83 136 137 179 231 329 367 409
8 42 84 139 180 232 330 368 410
9 43 85 138 139 181 233 331 369 411
8 44 86 141 182 234 332 370 412
9 45 87 140 141 183 235 333 371 413
8 46 88 143 184 236 334 372 414
9 47 89 142 143 185 237 335 373 415
8 48 90 145 186 238 280 374 416
9 49 91 144 145 187 239 281 375 417
8 50 92 147 188 240 282 376 418
9 51 93 146 147 189 241 283 377 419
8 52 94 149 190 242 284 378 420
9 53 95 148 149 191 243 285 379 421
8 54 96 151 192 244 286 380 422
9 55 97 150 151 193 245 287 381 423
