224 84 112 28
0 2 28 1 56 1
1 2 29 1 57 1
2 2 30 1 58 1
3 2 31 1 59 1
4 2 32 1 60 1
5 2 33 1 61 1
6 2 34 1 62 1
7 2 35 1 63 1
8 2 36 1 64 1
9 2 37 1 65 1
10 2 38 1 66 1
11 2 39 1 67 1
12 2 40 1 68 1
13 2 41 1 69 1
14 2 42 1 70 1
15 2 43 1 71 1
16 2 44 1 72 1
17 2 45 1 73 1
18 2 46 1 74 1
19 2 47 1 75 1
20 2 48 1 76 1
21 2 49 1 77 1
22 2 50 1 78 1
23 2 51 1 79 1
24 2 52 1 80 1
25 2 53 1 81 1
26 2 54 1 82 1
27 2 55 1 83 1
0 1 49 2 63 1
1 1 50 2 64 1
2 1 51 2 65 1
3 1 52 2 66 1
4 1 53 2 67 1
5 1 54 2 68 1
6 1 55 2 69 1
7 1 28 2 70 1
8 1 29 2 71 1
9 1 30 2 72 1
10 1 31 2 73 1
11 1 32 2 74 1
12 1 33 2 75 1
13 1 34 2 76 1
14 1 35 2 77 1
15 1 36 2 78 1
16 1 37 2 79 1
17 1 38 2 80 1
18 1 39 2 81 1
19 1 40 2 82 1
20 1 41 2 83 1
21 1 42 2 56 1
22 1 43 2 57 1
23 1 44 2 58 1
24 1 45 2 59 1
25 1 46 2 60 1
26 1 47 2 61 1
27 1 48 2 62 1
0 1 29 1 64 2
1 1 30 1 65 2
2 1 31 1 66 2
3 1 32 1 67 2
4 1 33 1 68 2
5 1 34 1 69 2
6 1 35 1 70 2
7 1 36 1 71 2
8 1 37 1 72 2
9 1 38 1 73 2
10 1 39 1 74 2
11 1 40 1 75 2
12 1 41 1 76 2
13 1 42 1 77 2
14 1 43 1 78 2
15 1 44 1 79 2
16 1 45 1 80 2
17 1 46 1 81 2
18 1 47 1 82 2
19 1 48 1 83 2
20 1 49 1 56 2
21 1 50 1 57 2
22 1 51 1 58 2
23 1 52 1 59 2
24 1 53 1 60 2
25 1 54 1 61 2
26 1 55 1 62 2
27 1 28 1 63 2
0 1 42 1 71 1
1 1 43 1 72 1
2 1 44 1 73 1
3 1 45 1 74 1
4 1 46 1 75 1
5 1 47 1 76 1
6 1 48 1 77 1
7 1 49 1 78 1
8 1 50 1 79 1
9 1 51 1 80 1
10 1 52 1 81 1
11 1 53 1 82 1
12 1 54 1 83 1
13 1 55 1 56 1
14 1 28 1 57 1
15 1 29 1 58 1
16 1 30 1 59 1
17 1 31 1 60 1
18 1 32 1 61 1
19 1 33 1 62 1
20 1 34 1 63 1
21 1 35 1 64 1
22 1 36 1 65 1
23 1 37 1 66 1
24 1 38 1 67 1
25 1 39 1 68 1
26 1 40 1 69 1
27 1 41 1 70 1
0 1 30 1 73 1
1 1 31 1 74 1
2 1 32 1 75 1
3 1 33 1 76 1
4 1 34 1 77 1
5 1 35 1 78 1
6 1 36 1 79 1
7 1 37 1 80 1
8 1 38 1 81 1
9 1 39 1 82 1
10 1 40 1 83 1
11 1 41 1 56 1
12 1 42 1 57 1
13 1 43 1 58 1
14 1 44 1 59 1
15 1 45 1 60 1
16 1 46 1 61 1
17 1 47 1 62 1
18 1 48 1 63 1
19 1 49 1 64 1
20 1 50 1 65 1
21 1 51 1 66 1
22 1 52 1 67 1
23 1 53 1 68 1
24 1 54 1 69 1
25 1 55 1 70 1
26 1 28 1 71 1
27 1 29 1 72 1
0 1 36 1 80 1
1 1 37 1 81 1
2 1 38 1 82 1
3 1 39 1 83 1
4 1 40 1 56 1
5 1 41 1 57 1
6 1 42 1 58 1
7 1 43 1 59 1
8 1 44 1 60 1
9 1 45 1 61 1
10 1 46 1 62 1
11 1 47 1 63 1
12 1 48 1 64 1
13 1 49 1 65 1
14 1 50 1 66 1
15 1 51 1 67 1
16 1 52 1 68 1
17 1 53 1 69 1
18 1 54 1 70 1
19 1 55 1 71 1
20 1 28 1 72 1
21 1 29 1 73 1
22 1 30 1 74 1
23 1 31 1 75 1
24 1 32 1 76 1
25 1 33 1 77 1
26 1 34 1 78 1
27 1 35 1 79 1
0 1 39 1 61 1
1 1 40 1 62 1
2 1 41 1 63 1
3 1 42 1 64 1
4 1 43 1 65 1
5 1 44 1 66 1
6 1 45 1 67 1
7 1 46 1 68 1
8 1 47 1 69 1
9 1 48 1 70 1
10 1 49 1 71 1
11 1 50 1 72 1
12 1 51 1 73 1
13 1 52 1 74 1
14 1 53 1 75 1
15 1 54 1 76 1
16 1 55 1 77 1
17 1 28 1 78 1
18 1 29 1 79 1
19 1 30 1 80 1
20 1 31 1 81 1
21 1 32 1 82 1
22 1 33 1 83 1
23 1 34 1 56 1
24 1 35 1 57 1
25 1 36 1 58 1
26 1 37 1 59 1
27 1 38 1 60 1
0 1 43 1 68 1
1 1 44 1 69 1
2 1 45 1 70 1
3 1 46 1 71 1
4 1 47 1 72 1
5 1 48 1 73 1
6 1 49 1 74 1
7 1 50 1 75 1
8 1 51 1 76 1
9 1 52 1 77 1
10 1 53 1 78 1
11 1 54 1 79 1
12 1 55 1 80 1
13 1 28 1 81 1
14 1 29 1 82 1
15 1 30 1 83 1
16 1 31 1 56 1
17 1 32 1 57 1
18 1 33 1 58 1
19 1 34 1 59 1
20 1 35 1 60 1
21 1 36 1 61 1
22 1 37 1 62 1
23 1 38 1 63 1
24 1 39 1 64 1
25 1 40 1 65 1
26 1 41 1 66 1
27 1 42 1 67 1
0 0
0 0
0 0
0 0
0 0
0 0
0 0
0 0
0 0
0 0
0 0
0 0
0 0
0 0
0 0
0 0
0 0
0 0
0 0
0 0
0 0
0 0
0 0
0 0
0 0
0 0
0 0
0 0
0 0
0 0
0 0
0 0
0 0
0 0
0 0
0 0
0 0
0 0
0 0
0 0
0 0
0 0
0 0
0 0
0 0
0 0
0 0
0 0
0 0
0 0
0 0
0 0
0 0
0 0
0 0
0 0
0 0
0 0
0 0
0 0
0 0
0 0
0 0
0 0
0 0
0 0
0 0
0 0
0 0
0 0
0 0
0 0
0 0
0 0
0 0
0 0
0 0
0 0
0 0
0 0
0 0
0 0
0 0
0 0
0 0
0 0
0 0
0 0
0 0
0 0
0 0
0 0
0 0
0 0
0 0
0 0
0 0
0 0
0 0
0 0
0 0
0 0
0 0
0 0
0 0
0 0
0 0
0 0
0 0
0 0
0 0
0 0
0 0
0 0
0 0
0 0
0 0
0 0
0 0
0 0
0 0
0 0
0 0
0 0
0 0
0 0
0 0
0 0
0 0
0 0
0 0
0 0
0 0
0 0
0 0
0 0
0 0
0 0
0 0
0 0
0 0
0 0
0 0
0 0
0 0
0 0
0 0
0 0
0 0
0 0
0 0
0 0
0 0
0 0
0 0
0 0
0 0
0 0
0 0
0 0
0 0
0 0
0 0
0 0
0 0
0 0
0 0
0 0
0 0
0 0
0 0
0 0
0 0
0 0
0 0
0 0
0 0
0 0
0 0
0 0
0 0
0 0
0 0
0 0
0 0
0 0
0 0
0 0
0 0
0 0
0 0
0 0
0 0
0 0
0 0
0 0
0 0
0 0
0 0
0 0
0 0
0 0
0 0
0 0
0 0
0 0
0 0
0 0
0 0
0 0
0 0
0 0
0 0
0 0
0 0
0 0
0 0
0 0
0 0
0 0
0 0
0 0
0 0
0 0
0 0
0 0
0 0
0 0
0 0
0 0
0 0
0 0
0 0
0 0
0 0
0 0
0 0
0 0
0 0
0 0
0 0
0 0
0 0
0 0
0 0
0 0
0 0
0 0
0 0
0 0
0 0
0 0
281474976710720 0
281492157628416 0
17180917824 0
562949953421440 0
562984315256832 0
34361835648 0
1125899906842880 0
1125968630513664 0
68723671296 0
2251799813685760 0
2251937261027328 0
137447342592 0
4503599627371520 0
4503874522054656 0
274894685184 0
9007199254743040 0
9007749044109312 0
549789370368 0
18014398509486080 0
18015498088218624 0
1099578740736 0
36028797018972160 0
36030996176437248 0
2199157481472 0
268451840 0
4398314946561 0
4398046527489 0
536903680 0
8796629893122 0
8796093054978 0
1073807360 0
17593259786244 0
17592186109956 0
2147614720 0
35186519572488 0
35184372219912 0
4295229440 0
70373039144976 0
70368744439824 0
8590458880 0
140746078289952 0
140737488879648 0
17180917760 0
281492156579904 0
281474977759296 0
34361835520 0
562984313159808 0
562949955518592 0
68723671040 0
1125968626319616 0
1125899911037184 0
137447342080 0
2251937252639232 0
2251799822074368 0
274894684160 0
4503874505278464 0
4503599644148736 0
549789368320 0
9007749010556928 0
9007199288297472 0
1099578736640 0
18015498021113856 0
18014398576594944 0
2199157473280 0
36030996042227712 0
36028797153189888 0
4398046511105 0
4398314962944 0
268451841 0
8796093022210 0
8796629925888 0
536903682 0
17592186044420 0
17593259851776 0
1073807364 0
35184372088840 0
35186519703552 0
2147614728 0
70368744177680 0
70373039407104 0
4295229456 0
140737488355360 0
140746078814208 0
8590458912 0
432627245502169092 13194145841152
469500468386595584 8796093071360
37436173114671876 4398052835328
865254490735902729 26388291682304
866943343003698688 17592186142720
2814752191415817 8796105670656
1730508981471805458 52776583364608
1733886686007397376 35184372285440
5629504382831634 17592211341312
3461017962943610916 105553166729216
3467773372014794752 70368744570880
11259008765663268 35184422682624
6922035925887221832 211106333458432
6935546744029589504 140737489141760
22518017531326536 70368845365248
13844071851774443664 140737691254784
13943151082097106944 1572864
117093629100581008 140737689681920
9313457223608828193 405798913
9439558090753097728 2097153
162129664163234081 403701760
180170373508104770 811597827
432372107796643840 4194307
324259328326468162 807403520
288283152978281605 1623195654
864744215324852225 8388614
576461062883443844 1614807040
576566305956563210 3246391308
1729488430649704450 16777228
1152922125766887688 3229614080
1153132611913126420 6492782616
3458976861299408900 33554456
2305844251533775376 6459228160
2306265223826252840 12985565232
6917953722598817800 67108912
4611688503067550752 12918456320
4612530447652505680 25971130464
13835907445197635600 134217824
9223377006135101504 25836912640
9225060895305011360 51942260928
9225070816685719584 268435649
9938560651392 51673825281
3377716900471104 103884521857
3397559661887552 536871299
19877121302784 103347650562
6755433800942208 207769043714
6795119323775104 1073742598
39754242605568 206695301124
13510867601884416 415538087428
13590238647550208 2147485196
79508485211136 413390602248
27021735203768832 831076174856
27180477295100416 4294970392
159016970422272 826781204496
54043470407537664 1662152349712
54360954590200832 8589940784
318033940844544 1653562408992
36029347045582848 3324304699424
36664315142473729 17179881568
636067613253633 3307124817984
1100321673216 6648609398848
1271036247019523 34359763136
1272134958071811 6614249635968
2200643346432 13297218797696
2542072494039046 68719526272
2544269916143622 13228499271936
4401286692864 26594437595392
5084144988078092 137439052544
5088539832287244 26456998543872
8802573385728 53188875190784
10168289976156184 274878105088
10177079664574488 52913997087744
17605146771456 106377750381568
20336579952312368 549756210176
20354159329148976 105827994175488
35210293542912 212755500763136
40673159904624736 1099512420352
40708318658297952 211655988350976
72128014356578305 144036024815616
81346320077684928 2199023792128
9359043278667969 141837001039872
216313622751084546 6597072920576
234750234193297792 4398046535680
18718086557335938 2199026417664
288265595965801024 8865617838087
2251989866119300 69797445891
290517514964697796 8797976264964
576531191931602048 17731235676174
4503979732238600 139594891782
581035029929395592 17595952529928
1153062383863204096 35462471352348
9007959464477200 279189783564
1162070059858791184 35191905059856
2306124767726408192 70924942704696
18015918928954400 558379567128
2324140119717582368 70383810119712
4612249535452816384 141849885409392
36031837857908800 1116759134256
4648280239435164736 140767620239424
9296556664675125249 2224794108128
72063675984253056 2233517219936
9224502884832401537 60264816768
146369255640698882 4449588216257
144127351968506112 4467034439872
2261695955251458 120529633537
292738511281397764 8899176432514
288254703937012224 8934068879744
4523391910502916 241059267074
585477022562795528 17798352865028
576509407874024448 17868137759488
9046783821005832 482118534148
1170954045125591056 35596705730056
1153018815748048896 35736275518976
18093567642011664 964237068296
2341908090251182112 71193411460112
2306037631496097792 71472551037952
36187135284023328 1928474136592
4611758586464436289 142386822920224
4612075262723760129 142945102075904
316676798554176 3856948273184
9223517172928872578 3298670178368
9296208119485448194 4415227441152
72690947635036288 7713895497792
290272148193540 6597340356737
145672165261344772 8830454882305
145381895270072576 15427790995584
580544296387080 13194680713474
291344330522689544 17660909764610
290763790540145152 30855581991168
1161088592774160 26389361426948
582688661045379088 35321819529220
581527581080290304 61711163982336
2322177185548320 52778722853896
1165377322090758176 70643639058440
1163055162160580608 123422327964672
4644354371096640 105557445707792
2330754644181516352 141287278116880
2326110324321161216 246844655929344
81346302780121216 211114890367008
4661509288363032704 1099580571680
4724278242680250368 212214335148032
234750199329734913 140754804023360
9323018576994500864 2199160094784
9376498891322572801 142953694633984
541557992697397762 34631336064
271350674317378048 4398319140993
306253708935593986 4432413605889
1011058391625303044 69262672128
470643754596828161 8796638281986
612507417602752517 8864827211778
2022116782982170633 138525344256
869229915424163842 17593276563972
1152957241167577099 17729654423556
4044233565964341266 277050688512
1738459830848327684 35186553127944
2305914482335154198 35459308847112
8088467131928682532 554101377024
3476919661696655368 70373106255888
4611828964670308396 70918617694224
16176934263857365064 1108202754048
6953839323393310736 140746212511776
9223657929340616792 141837235388448
13907124454273613968 2216404459521
13835621052748693537 17449361472
72629378741174449 2199494066241
9367504834837676320 4432808919043
9224498031787835458 34898722945
145258757482348898 4398988132482
6989624039468703808 1108136165376
2387224513394909312 1108168675360
4620976908896698560 101716000
13979248078937407616 2216272330752
4774449026789818624 2216337350720
9241953817793397120 203432000
9511752084165263616 4432544661505
9548898053579637248 4432674701440
37163561877242624 406864001
576760094352540161 8865089323011
578994439680230400 8865349402881
2269529716557313 813728002
1153520188705080322 17730178646022
1157988879360460800 17730698805762
4539059433114626 1627456004
2307040377410160644 35460357292044
2315977758720921600 35461397611524
9078118866229252 3254912008
4614080754820321288 70920714584088
4631955517441843200 70922795223048
18156237732458504 6509824016
9228161509640642576 141841429168176
9263911034883686400 141845590446096
36312475464917008 13019648032
9578945303298081 2207882674273
81077996326256640 2216204181537
72624950929834017 26038247488
19157890606596162 4415765348546
162155992652513280 4432408363074
145249901859668034 52076494976
38315781213192324 8831530697092
324311985305026560 8864816726148
290499803719336068 104152989952
4573968656892168 17663061394184
576566376572125185 17729633452296
580999607170236681 208305979904
9147937313784336 35326122788368
1153132753144250370 35459266904592
1161999214340473362 416611959808
18295874627568672 70652245576736
2306265506288500740 70918533809184
2323998428680946724 833223919616
36591749255137344 141304491153472
4612531012577001480 141837067618368
4647996857361893448 1666447839232
1125904472346753 1134006644864
9297119618923495441 2199158526080
9295993714992222352 3332894629888
2251808944693506 2268013289728
147495164137439266 4398317052161
145243356274893088 6665789259777
4503617889387012 4536026579456
294990328274878532 8796634104322
290486712549786176 13331578519554
9007235778774024 9072053158912
589980656549757064 17593268208644
580973425099572352 26663157039108
18014471557548048 18144106317824
1179961313099514128 35186536417288
1161946850199144704 53326314078216
36028943115096096 36288212635648
2359922626199028256 70373072834576
2323893700398289408 106652628156432
292460699712 72576425271296
4647787658360128577 140746145669152
4647787400528143361 213305256312864
72058178690891905 145152849494016
9223517722950764674 17315676224
9295574801056286723 145135535915072
216173951419711746 8830722277376
72348966229905668 34630303873
144405528403021830 8796096168065
432347902839423492 17661444554752
144697932459811336 69260607746
288811056806043660 17592192336130
864695805678846984 35322889109504
289395864919622672 138521215492
577622113612087320 35184384672260
1729391611357693968 70645778219008
578791729839245344 277042430984
1155244227224174640 70368769344520
3458783222715387936 141291556438016
1157583459678490688 554084861968
2310488454448349280 140737538689040
4611686018427387904 67112960
4611686018427387904 1099511627776
0 1099578740736
9223372036854775808 134225920
9223372036854775808 2199023255552
0 2199157481472
0 268451841
0 4398046511105
0 4398314962944
0 536903682
0 8796093022210
0 8796629925888
0 1073807364
0 17592186044420
0 17593259851776
0 2147614728
0 35184372088840
0 35186519703552
0 4295229456
0 70368744177680
0 70373039407104
0 8590458912
0 140737488355360
0 140746078814208
72057594037927936 17179869248
0 1048640
72057594037927936 17180917760
144115188075855872 34359738496
0 2097280
144115188075855872 34361835520
288230376151711744 68719476992
0 4194560
288230376151711744 68723671040
576460752303423488 137438953984
0 8389120
576460752303423488 137447342080
1152921504606846976 274877907968
0 16778240
1152921504606846976 274894684160
2305843009213693952 549755815936
0 33556480
2305843009213693952 549789368320
4611686018427387904 1099511631872
0 67112960
4611686018427387904 1099578736640
9223372036854775808 2199023263744
0 134225920
9223372036854775808 2199157473280
0 4398046527489
0 268451840
0 4398314946561
0 8796093054978
0 536903680
0 8796629893122
0 17592186109956
0 1073807360
0 17593259786244
0 35184372219912
0 2147614720
0 35186519572488
0 70368744439824
0 4295229440
0 70373039144976
0 140737488879648
0 8590458880
0 140746078289952
72057594037927936 1048640
72057594037927936 17179869184
0 17180917824
144115188075855872 2097280
144115188075855872 34359738368
0 34361835648
288230376151711744 4194560
288230376151711744 68719476736
0 68723671296
576460752303423488 8389120
576460752303423488 137438953472
0 137447342592
1152921504606846976 16778240
1152921504606846976 274877906944
0 274894685184
2305843009213693952 33556480
2305843009213693952 549755813888
0 549789370368
