168 448
8 0 74 130 208 225 320 382 438
9 1 75 131 209 224 225 321 383 439
8 2 76 132 210 227 322 384 440
9 3 77 133 211 226 227 323 385 441
8 4 78 134 212 229 324 386 442
9 5 79 135 213 228 229 325 387 443
8 6 80 136 214 231 326 388 444
9 7 81 137 215 230 231 327 389 445
8 8 82 138 216 233 328 390 446
9 9 83 139 217 232 233 329 391 447
8 10 84 140 218 235 330 336 392
9 11 85 141 219 234 235 331 337 393
8 12 86 142 220 237 332 338 394
9 13 87 143 221 236 237 333 339 395
8 14 88 144 222 239 334 340 396
9 15 89 145 223 238 239 335 341 397
8 16 90 146 168 241 280 342 398
9 17 91 147 169 240 241 281 343 399
8 18 92 148 170 243 282 344 400
9 19 93 149 171 242 243 283 345 401
8 20 94 150 172 245 284 346 402
9 21 95 151 173 244 245 285 347 403
8 22 96 152 174 247 286 348 404
9 23 97 153 175 246 247 287 349 405
8 24 98 154 176 249 288 350 406
9 25 99 155 177 248 249 289 351 407
8 26 100 156 178 251 290 352 408
9 27 101 157 179 250 251 291 353 409
8 28 102 158 180 253 292 354 410
9 29 103 159 181 252 253 293 355 411
8 30 104 160 182 255 294 356 412
9 31 105 161 183 254 255 295 357 413
8 32 106 162 184 257 296 358 414
9 33 107 163 185 256 257 297 359 415
8 34 108 164 186 259 298 360 416
9 35 109 165 187 258 259 299 361 417
8 36 110 166 188 261 300 362 418
9 37 111 167 189 260 261 301 363 419
8 38 56 112 190 263 302 364 420
9 39 57 113 191 262 263 303 365 421
8 40 58 114 192 265 304 366 422
9 41 59 115 193 264 265 305 367 423
8 42 60 116 194 267 306 368 424
9 43 61 117 195 266 267 307 369 425
8 44 62 118 196 269 308 370 426
9 45 63 119 197 268 269 309 371 427
8 46 64 120 198 271 310 372 428
9 47 65 121 199 270 271 311 373 429
8 48 66 122 200 273 312 374 430
9 49 67 123 201 272 273 313 375 431
8 50 68 124 202 275 314 376 432
9 51 69 125 203 274 275 315 377 433
8 52 70 126 204 277 316 378 434
9 53 71 127 205 276 277 317 379 435
8 54 72 128 206 279 318 380 436
9 55 73 129 207 278 279 319 381 437
8 0 86 144 202 254 281 370 424
9 1 87 145 203 255 280 281 371 425
8 2 88 146 204 256 283 372 426
9 3 89 147 205 257 282 283 373 427
8 4 90 148 206 258 285 374 428
9 5 91 149 207 259 284 285 375 429
8 6 92 150 208 260 287 376 430
9 7 93 151 209 261 286 287 377 431
8 8 94 152 210 262 289 378 432
9 9 95 153 211 263 288 289 379 433
8 10 96 154 212 264 291 380 434
9 11 97 155 213 265 290 291 381 435
8 12 98 156 214 266 293 382 436
9 13 99 157 215 267 292 293 383 437
8 14 100 158 216 268 295 384 438
9 15 101 159 217 269 294 295 385 439
8 16 102 160 218 270 297 386 440
9 17 103 161 219 271 296 297 387 441
8 18 104 162 220 272 299 388 442
9 19 105 163 221 273 298 299 389 443
8 20 106 164 222 274 301 390 444
9 21 107 165 223 275 300 301 391 445
8 22 108 166 168 276 303 336 446
9 23 109 167 169 277 302 303 337 447
8 24 110 112 170 278 305 338 392
9 25 111 113 171 279 304 305 339 393
8 26 56 114 172 224 307 340 394
9 27 57 115 173 225 306 307 341 395
8 28 58 116 174 226 309 342 396
9 29 59 117 175 227 308 309 343 397
8 30 60 118 176 228 311 344 398
9 31 61 119 177 229 310 311 345 399
8 32 62 120 178 230 313 346 400
9 33 63 121 179 231 312 313 347 401
8 34 64 122 180 232 315 348 402
9 35 65 123 181 233 314 315 349 403
8 36 66 124 182 234 317 350 404
9 37 67 125 183 235 316 317 351 405
8 38 68 126 184 236 319 352 406
9 39 69 127 185 237 318 319 353 407
8 40 70 128 186 238 321 354 408
9 41 71 129 187 239 320 321 355 409
8 42 72 130 188 240 323 356 410
9 43 73 131 189 241 322 323 357 411
8 44 74 132 190 242 325 358 412
9 45 75 133 191 243 324 325 359 413
8 46 76 134 192 244 327 360 414
9 47 77 135 193 245 326 327 361 415
8 48 78 136 194 246 329 362 416
9 49 79 137 195 247 328 329 363 417
8 50 80 138 196 248 331 364 418
9 51 81 139 197 249 330 331 365 419
8 52 82 140 198 250 333 366 420
9 53 83 141 199 251 332 333 367 421
8 54 84 142 200 252 335 368 422
9 55 85 143 201 253 334 335 369 423
8 0 92 162 194 274 316 337 418
9 1 93 163 195 275 317 336 337 419
8 2 94 164 196 276 318 339 420
9 3 95 165 197 277 319 338 339 421
8 4 96 166 198 278 320 341 422
9 5 97 167 199 279 321 340 341 423
8 6 98 112 200 224 322 343 424
9 7 99 113 201 225 323 342 343 425
8 8 100 114 202 226 324 345 426
9 9 101 115 203 227 325 344 345 427
8 10 102 116 204 228 326 347 428
9 11 103 117 205 229 327 346 347 429
8 12 104 118 206 230 328 349 430
9 13 105 119 207 231 329 348 349 431
8 14 106 120 208 232 330 351 432
9 15 107 121 209 233 331 350 351 433
8 16 108 122 210 234 332 353 434
9 17 109 123 211 235 333 352 353 435
8 18 110 124 212 236 334 355 436
9 19 111 125 213 237 335 354 355 437
8 20 56 126 214 238 280 357 438
9 21 57 127 215 239 281 356 357 439
8 22 58 128 216 240 282 359 440
9 23 59 129 217 241 283 358 359 441
8 24 60 130 218 242 284 361 442
9 25 61 131 219 243 285 360 361 443
8 26 62 132 220 244 286 363 444
9 27 63 133 221 245 287 362 363 445
8 28 64 134 222 246 288 365 446
9 29 65 135 223 247 289 364 365 447
8 30 66 136 168 248 290 367 392
9 31 67 137 169 249 291 366 367 393
8 32 68 138 170 250 292 369 394
9 33 69 139 171 251 293 368 369 395
8 34 70 140 172 252 294 371 396
9 35 71 141 173 253 295 370 371 397
8 36 72 142 174 254 296 373 398
9 37 73 143 175 255 297 372 373 399
8 38 74 144 176 256 298 375 400
9 39 75 145 177 257 299 374 375 401
8 40 76 146 178 258 300 377 402
9 41 77 147 179 259 301 376 377 403
8 42 78 148 180 260 302 379 404
9 43 79 149 181 261 303 378 379 405
8 44 80 150 182 262 304 381 406
9 45 81 151 183 263 305 380 381 407
8 46 82 152 184 264 306 383 408
9 47 83 153 185 265 307 382 383 409
8 48 84 154 186 266 308 385 410
9 49 85 155 187 267 309 384 385 411
8 50 86 156 188 268 310 387 412
9 51 87 157 189 269 311 386 387 413
8 52 88 158 190 270 312 389 414
9 53 89 159 191 271 313 388 389 415
8 54 90 160 192 272 314 391 416
9 55 91 161 193 273 315 390 391 417
