512 192 4 64
0 2 64 1 128 1 0 0 0 0 0 0 0 0 0 0 0 0
1 2 65 1 129 1 0 0 0 0 0 0 0 0 0 0 0 0
2 2 66 1 130 1 0 0 0 0 0 0 0 0 0 0 0 0
3 2 67 1 131 1 0 0 0 0 0 0 0 0 0 0 0 0
4 2 68 1 132 1 0 0 0 0 0 0 0 0 0 0 0 0
5 2 69 1 133 1 0 0 0 0 0 0 0 0 0 0 0 0
6 2 70 1 134 1 0 0 0 0 0 0 0 0 0 0 0 0
7 2 71 1 135 1 0 0 0 0 0 0 0 0 0 0 0 0
8 2 72 1 136 1 0 0 0 0 0 0 0 0 0 0 0 0
9 2 73 1 137 1 0 0 0 0 0 0 0 0 0 0 0 0
10 2 74 1 138 1 0 0 0 0 0 0 0 0 0 0 0 0
11 2 75 1 139 1 0 0 0 0 0 0 0 0 0 0 0 0
12 2 76 1 140 1 0 0 0 0 0 0 0 0 0 0 0 0
13 2 77 1 141 1 0 0 0 0 0 0 0 0 0 0 0 0
14 2 78 1 142 1 0 0 0 0 0 0 0 0 0 0 0 0
15 2 79 1 143 1 0 0 0 0 0 0 0 0 0 0 0 0
16 2 80 1 144 1 0 0 0 0 0 0 0 0 0 0 0 0
17 2 81 1 145 1 0 0 0 0 0 0 0 0 0 0 0 0
18 2 82 1 146 1 0 0 0 0 0 0 0 0 0 0 0 0
19 2 83 1 147 1 0 0 0 0 0 0 0 0 0 0 0 0
20 2 84 1 148 1 0 0 0 0 0 0 0 0 0 0 0 0
21 2 85 1 149 1 0 0 0 0 0 0 0 0 0 0 0 0
22 2 86 1 150 1 0 0 0 0 0 0 0 0 0 0 0 0
23 2 87 1 151 1 0 0 0 0 0 0 0 0 0 0 0 0
24 2 88 1 152 1 0 0 0 0 0 0 0 0 0 0 0 0
25 2 89 1 153 1 0 0 0 0 0 0 0 0 0 0 0 0
26 2 90 1 154 1 0 0 0 0 0 0 0 0 0 0 0 0
27 2 91 1 155 1 0 0 0 0 0 0 0 0 0 0 0 0
28 2 92 1 156 1 0 0 0 0 0 0 0 0 0 0 0 0
29 2 93 1 157 1 0 0 0 0 0 0 0 0 0 0 0 0
30 2 94 1 158 1 0 0 0 0 0 0 0 0 0 0 0 0
31 2 95 1 159 1 0 0 0 0 0 0 0 0 0 0 0 0
32 2 96 1 160 1 0 0 0 0 0 0 0 0 0 0 0 0
33 2 97 1 161 1 0 0 0 0 0 0 0 0 0 0 0 0
34 2 98 1 162 1 0 0 0 0 0 0 0 0 0 0 0 0
35 2 99 1 163 1 0 0 0 0 0 0 0 0 0 0 0 0
36 2 100 1 164 1 0 0 0 0 0 0 0 0 0 0 0 0
37 2 101 1 165 1 0 0 0 0 0 0 0 0 0 0 0 0
38 2 102 1 166 1 0 0 0 0 0 0 0 0 0 0 0 0
39 2 103 1 167 1 0 0 0 0 0 0 0 0 0 0 0 0
40 2 104 1 168 1 0 0 0 0 0 0 0 0 0 0 0 0
41 2 105 1 169 1 0 0 0 0 0 0 0 0 0 0 0 0
42 2 106 1 170 1 0 0 0 0 0 0 0 0 0 0 0 0
43 2 107 1 171 1 0 0 0 0 0 0 0 0 0 0 0 0
44 2 108 1 172 1 0 0 0 0 0 0 0 0 0 0 0 0
45 2 109 1 173 1 0 0 0 0 0 0 0 0 0 0 0 0
46 2 110 1 174 1 0 0 0 0 0 0 0 0 0 0 0 0
47 2 111 1 175 1 0 0 0 0 0 0 0 0 0 0 0 0
48 2 112 1 176 1 0 0 0 0 0 0 0 0 0 0 0 0
49 2 113 1 177 1 0 0 0 0 0 0 0 0 0 0 0 0
50 2 114 1 178 1 0 0 0 0 0 0 0 0 0 0 0 0
51 2 115 1 179 1 0 0 0 0 0 0 0 0 0 0 0 0
52 2 116 1 180 1 0 0 0 0 0 0 0 0 0 0 0 0
53 2 117 1 181 1 0 0 0 0 0 0 0 0 0 0 0 0
54 2 118 1 182 1 0 0 0 0 0 0 0 0 0 0 0 0
55 2 119 1 183 1 0 0 0 0 0 0 0 0 0 0 0 0
56 2 120 1 184 1 0 0 0 0 0 0 0 0 0 0 0 0
57 2 121 1 185 1 0 0 0 0 0 0 0 0 0 0 0 0
58 2 122 1 186 1 0 0 0 0 0 0 0 0 0 0 0 0
59 2 123 1 187 1 0 0 0 0 0 0 0 0 0 0 0 0
60 2 124 1 188 1 0 0 0 0 0 0 0 0 0 0 0 0
61 2 125 1 189 1 0 0 0 0 0 0 0 0 0 0 0 0
62 2 126 1 190 1 0 0 0 0 0 0 0 0 0 0 0 0
63 2 127 1 191 1 0 0 0 0 0 0 0 0 0 0 0 0
0 1 112 2 144 1 0 0 0 0 0 0 0 0 0 0 0 0
1 1 113 2 145 1 0 0 0 0 0 0 0 0 0 0 0 0
2 1 114 2 146 1 0 0 0 0 0 0 0 0 0 0 0 0
3 1 115 2 147 1 0 0 0 0 0 0 0 0 0 0 0 0
4 1 116 2 148 1 0 0 0 0 0 0 0 0 0 0 0 0
5 1 117 2 149 1 0 0 0 0 0 0 0 0 0 0 0 0
6 1 118 2 150 1 0 0 0 0 0 0 0 0 0 0 0 0
7 1 119 2 151 1 0 0 0 0 0 0 0 0 0 0 0 0
8 1 120 2 152 1 0 0 0 0 0 0 0 0 0 0 0 0
9 1 121 2 153 1 0 0 0 0 0 0 0 0 0 0 0 0
10 1 122 2 154 1 0 0 0 0 0 0 0 0 0 0 0 0
11 1 123 2 155 1 0 0 0 0 0 0 0 0 0 0 0 0
12 1 124 2 156 1 0 0 0 0 0 0 0 0 0 0 0 0
13 1 125 2 157 1 0 0 0 0 0 0 0 0 0 0 0 0
14 1 126 2 158 1 0 0 0 0 0 0 0 0 0 0 0 0
15 1 127 2 159 1 0 0 0 0 0 0 0 0 0 0 0 0
16 1 64 2 160 1 0 0 0 0 0 0 0 0 0 0 0 0
17 1 65 2 161 1 0 0 0 0 0 0 0 0 0 0 0 0
18 1 66 2 162 1 0 0 0 0 0 0 0 0 0 0 0 0
19 1 67 2 163 1 0 0 0 0 0 0 0 0 0 0 0 0
20 1 68 2 164 1 0 0 0 0 0 0 0 0 0 0 0 0
21 1 69 2 165 1 0 0 0 0 0 0 0 0 0 0 0 0
22 1 70 2 166 1 0 0 0 0 0 0 0 0 0 0 0 0
23 1 71 2 167 1 0 0 0 0 0 0 0 0 0 0 0 0
24 1 72 2 168 1 0 0 0 0 0 0 0 0 0 0 0 0
25 1 73 2 169 1 0 0 0 0 0 0 0 0 0 0 0 0
26 1 74 2 170 1 0 0 0 0 0 0 0 0 0 0 0 0
27 1 75 2 171 1 0 0 0 0 0 0 0 0 0 0 0 0
28 1 76 2 172 1 0 0 0 0 0 0 0 0 0 0 0 0
29 1 77 2 173 1 0 0 0 0 0 0 0 0 0 0 0 0
30 1 78 2 174 1 0 0 0 0 0 0 0 0 0 0 0 0
31 1 79 2 175 1 0 0 0 0 0 0 0 0 0 0 0 0
32 1 80 2 176 1 0 0 0 0 0 0 0 0 0 0 0 0
33 1 81 2 177 1 0 0 0 0 0 0 0 0 0 0 0 0
34 1 82 2 178 1 0 0 0 0 0 0 0 0 0 0 0 0
35 1 83 2 179 1 0 0 0 0 0 0 0 0 0 0 0 0
36 1 84 2 180 1 0 0 0 0 0 0 0 0 0 0 0 0
37 1 85 2 181 1 0 0 0 0 0 0 0 0 0 0 0 0
38 1 86 2 182 1 0 0 0 0 0 0 0 0 0 0 0 0
39 1 87 2 183 1 0 0 0 0 0 0 0 0 0 0 0 0
40 1 88 2 184 1 0 0 0 0 0 0 0 0 0 0 0 0
41 1 89 2 185 1 0 0 0 0 0 0 0 0 0 0 0 0
42 1 90 2 186 1 0 0 0 0 0 0 0 0 0 0 0 0
43 1 91 2 187 1 0 0 0 0 0 0 0 0 0 0 0 0
44 1 92 2 188 1 0 0 0 0 0 0 0 0 0 0 0 0
45 1 93 2 189 1 0 0 0 0 0 0 0 0 0 0 0 0
46 1 94 2 190 1 0 0 0 0 0 0 0 0 0 0 0 0
47 1 95 2 191 1 0 0 0 0 0 0 0 0 0 0 0 0
48 1 96 2 128 1 0 0 0 0 0 0 0 0 0 0 0 0
49 1 97 2 129 1 0 0 0 0 0 0 0 0 0 0 0 0
50 1 98 2 130 1 0 0 0 0 0 0 0 0 0 0 0 0
51 1 99 2 131 1 0 0 0 0 0 0 0 0 0 0 0 0
52 1 100 2 132 1 0 0 0 0 0 0 0 0 0 0 0 0
53 1 101 2 133 1 0 0 0 0 0 0 0 0 0 0 0 0
54 1 102 2 134 1 0 0 0 0 0 0 0 0 0 0 0 0
55 1 103 2 135 1 0 0 0 0 0 0 0 0 0 0 0 0
56 1 104 2 136 1 0 0 0 0 0 0 0 0 0 0 0 0
57 1 105 2 137 1 0 0 0 0 0 0 0 0 0 0 0 0
58 1 106 2 138 1 0 0 0 0 0 0 0 0 0 0 0 0
59 1 107 2 139 1 0 0 0 0 0 0 0 0 0 0 0 0
60 1 108 2 140 1 0 0 0 0 0 0 0 0 0 0 0 0
61 1 109 2 141 1 0 0 0 0 0 0 0 0 0 0 0 0
62 1 110 2 142 1 0 0 0 0 0 0 0 0 0 0 0 0
63 1 111 2 143 1 0 0 0 0 0 0 0 0 0 0 0 0
0 1 104 1 184 2 0 0 0 0 0 0 0 0 0 0 0 0
1 1 105 1 185 2 0 0 0 0 0 0 0 0 0 0 0 0
2 1 106 1 186 2 0 0 0 0 0 0 0 0 0 0 0 0
3 1 107 1 187 2 0 0 0 0 0 0 0 0 0 0 0 0
4 1 108 1 188 2 0 0 0 0 0 0 0 0 0 0 0 0
5 1 109 1 189 2 0 0 0 0 0 0 0 0 0 0 0 0
6 1 110 1 190 2 0 0 0 0 0 0 0 0 0 0 0 0
7 1 111 1 191 2 0 0 0 0 0 0 0 0 0 0 0 0
8 1 112 1 128 2 0 0 0 0 0 0 0 0 0 0 0 0
9 1 113 1 129 2 0 0 0 0 0 0 0 0 0 0 0 0
10 1 114 1 130 2 0 0 0 0 0 0 0 0 0 0 0 0
11 1 115 1 131 2 0 0 0 0 0 0 0 0 0 0 0 0
12 1 116 1 132 2 0 0 0 0 0 0 0 0 0 0 0 0
13 1 117 1 133 2 0 0 0 0 0 0 0 0 0 0 0 0
14 1 118 1 134 2 0 0 0 0 0 0 0 0 0 0 0 0
15 1 119 1 135 2 0 0 0 0 0 0 0 0 0 0 0 0
16 1 120 1 136 2 0 0 0 0 0 0 0 0 0 0 0 0
17 1 121 1 137 2 0 0 0 0 0 0 0 0 0 0 0 0
18 1 122 1 138 2 0 0 0 0 0 0 0 0 0 0 0 0
19 1 123 1 139 2 0 0 0 0 0 0 0 0 0 0 0 0
20 1 124 1 140 2 0 0 0 0 0 0 0 0 0 0 0 0
21 1 125 1 141 2 0 0 0 0 0 0 0 0 0 0 0 0
22 1 126 1 142 2 0 0 0 0 0 0 0 0 0 0 0 0
23 1 127 1 143 2 0 0 0 0 0 0 0 0 0 0 0 0
24 1 64 1 144 2 0 0 0 0 0 0 0 0 0 0 0 0
25 1 65 1 145 2 0 0 0 0 0 0 0 0 0 0 0 0
26 1 66 1 146 2 0 0 0 0 0 0 0 0 0 0 0 0
27 1 67 1 147 2 0 0 0 0 0 0 0 0 0 0 0 0
28 1 68 1 148 2 0 0 0 0 0 0 0 0 0 0 0 0
29 1 69 1 149 2 0 0 0 0 0 0 0 0 0 0 0 0
30 1 70 1 150 2 0 0 0 0 0 0 0 0 0 0 0 0
31 1 71 1 151 2 0 0 0 0 0 0 0 0 0 0 0 0
32 1 72 1 152 2 0 0 0 0 0 0 0 0 0 0 0 0
33 1 73 1 153 2 0 0 0 0 0 0 0 0 0 0 0 0
34 1 74 1 154 2 0 0 0 0 0 0 0 0 0 0 0 0
35 1 75 1 155 2 0 0 0 0 0 0 0 0 0 0 0 0
36 1 76 1 156 2 0 0 0 0 0 0 0 0 0 0 0 0
37 1 77 1 157 2 0 0 0 0 0 0 0 0 0 0 0 0
38 1 78 1 158 2 0 0 0 0 0 0 0 0 0 0 0 0
39 1 79 1 159 2 0 0 0 0 0 0 0 0 0 0 0 0
40 1 80 1 160 2 0 0 0 0 0 0 0 0 0 0 0 0
41 1 81 1 161 2 0 0 0 0 0 0 0 0 0 0 0 0
42 1 82 1 162 2 0 0 0 0 0 0 0 0 0 0 0 0
43 1 83 1 163 2 0 0 0 0 0 0 0 0 0 0 0 0
44 1 84 1 164 2 0 0 0 0 0 0 0 0 0 0 0 0
45 1 85 1 165 2 0 0 0 0 0 0 0 0 0 0 0 0
46 1 86 1 166 2 0 0 0 0 0 0 0 0 0 0 0 0
47 1 87 1 167 2 0 0 0 0 0 0 0 0 0 0 0 0
48 1 88 1 168 2 0 0 0 0 0 0 0 0 0 0 0 0
49 1 89 1 169 2 0 0 0 0 0 0 0 0 0 0 0 0
50 1 90 1 170 2 0 0 0 0 0 0 0 0 0 0 0 0
51 1 91 1 171 2 0 0 0 0 0 0 0 0 0 0 0 0
52 1 92 1 172 2 0 0 0 0 0 0 0 0 0 0 0 0
53 1 93 1 173 2 0 0 0 0 0 0 0 0 0 0 0 0
54 1 94 1 174 2 0 0 0 0 0 0 0 0 0 0 0 0
55 1 95 1 175 2 0 0 0 0 0 0 0 0 0 0 0 0
56 1 96 1 176 2 0 0 0 0 0 0 0 0 0 0 0 0
57 1 97 1 177 2 0 0 0 0 0 0 0 0 0 0 0 0
58 1 98 1 178 2 0 0 0 0 0 0 0 0 0 0 0 0
59 1 99 1 179 2 0 0 0 0 0 0 0 0 0 0 0 0
60 1 100 1 180 2 0 0 0 0 0 0 0 0 0 0 0 0
61 1 101 1 181 2 0 0 0 0 0 0 0 0 0 0 0 0
62 1 102 1 182 2 0 0 0 0 0 0 0 0 0 0 0 0
63 1 103 1 183 2 0 0 0 0 0 0 0 0 0 0 0 0
0 3 96 3 136 3 1 0 0 0 2 0 0 0 3 0 0 0
1 3 97 3 137 3 4 0 0 0 8 0 0 0 12 0 0 0
2 3 98 3 138 3 16 0 0 0 32 0 0 0 48 0 0 0
3 3 99 3 139 3 64 0 0 0 128 0 0 0 192 0 0 0
4 3 100 3 140 3 256 0 0 0 512 0 0 0 768 0 0 0
5 3 101 3 141 3 1024 0 0 0 2048 0 0 0 3072 0 0 0
6 3 102 3 142 3 4096 0 0 0 8192 0 0 0 12288 0 0 0
7 3 103 3 143 3 16384 0 0 0 32768 0 0 0 49152 0 0 0
8 3 104 3 144 3 65536 0 0 0 131072 0 0 0 196608 0 0 0
9 3 105 3 145 3 262144 0 0 0 524288 0 0 0 786432 0 0 0
10 3 106 3 146 3 1048576 0 0 0 2097152 0 0 0 3145728 0 0 0
11 3 107 3 147 3 4194304 0 0 0 8388608 0 0 0 12582912 0 0 0
12 3 108 3 148 3 16777216 0 0 0 33554432 0 0 0 50331648 0 0 0
13 3 109 3 149 3 67108864 0 0 0 134217728 0 0 0 201326592 0 0 0
14 3 110 3 150 3 268435456 0 0 0 536870912 0 0 0 805306368 0 0 0
15 3 111 3 151 3 1073741824 0 0 0 2147483648 0 0 0 3221225472 0 0 0
16 3 112 3 152 3 4294967296 0 0 0 8589934592 0 0 0 12884901888 0 0 0
17 3 113 3 153 3 17179869184 0 0 0 34359738368 0 0 0 51539607552 0 0 0
18 3 114 3 154 3 68719476736 0 0 0 137438953472 0 0 0 206158430208 0 0 0
19 3 115 3 155 3 274877906944 0 0 0 549755813888 0 0 0 824633720832 0 0 0
20 3 116 3 156 3 1099511627776 0 0 0 2199023255552 0 0 0 3298534883328 0 0 0
21 3 117 3 157 3 4398046511104 0 0 0 8796093022208 0 0 0 13194139533312 0 0 0
22 3 118 3 158 3 17592186044416 0 0 0 35184372088832 0 0 0 52776558133248 0 0 0
23 3 119 3 159 3 70368744177664 0 0 0 140737488355328 0 0 0 211106232532992 0 0 0
24 3 120 3 160 3 281474976710656 0 0 0 562949953421312 0 0 0 844424930131968 0 0 0
25 3 121 3 161 3 1125899906842624 0 0 0 2251799813685248 0 0 0 3377699720527872 0 0 0
26 3 122 3 162 3 4503599627370496 0 0 0 9007199254740992 0 0 0 13510798882111488 0 0 0
27 3 123 3 163 3 18014398509481984 0 0 0 36028797018963968 0 0 0 54043195528445952 0 0 0
28 3 124 3 164 3 72057594037927936 0 0 0 144115188075855872 0 0 0 216172782113783808 0 0 0
29 3 125 3 165 3 288230376151711744 0 0 0 576460752303423488 0 0 0 864691128455135232 0 0 0
30 3 126 3 166 3 1152921504606846976 0 0 0 2305843009213693952 0 0 0 3458764513820540928 0 0 0
31 3 127 3 167 3 4611686018427387904 0 0 0 9223372036854775808 0 0 0 13835058055282163712 0 0 0
32 3 64 3 168 3 0 1 0 0 0 2 0 0 0 3 0 0
33 3 65 3 169 3 0 4 0 0 0 8 0 0 0 12 0 0
34 3 66 3 170 3 0 16 0 0 0 32 0 0 0 48 0 0
35 3 67 3 171 3 0 64 0 0 0 128 0 0 0 192 0 0
36 3 68 3 172 3 0 256 0 0 0 512 0 0 0 768 0 0
37 3 69 3 173 3 0 1024 0 0 0 2048 0 0 0 3072 0 0
38 3 70 3 174 3 0 4096 0 0 0 8192 0 0 0 12288 0 0
39 3 71 3 175 3 0 16384 0 0 0 32768 0 0 0 49152 0 0
40 3 72 3 176 3 0 65536 0 0 0 131072 0 0 0 196608 0 0
41 3 73 3 177 3 0 262144 0 0 0 524288 0 0 0 786432 0 0
42 3 74 3 178 3 0 1048576 0 0 0 2097152 0 0 0 3145728 0 0
43 3 75 3 179 3 0 4194304 0 0 0 8388608 0 0 0 12582912 0 0
44 3 76 3 180 3 0 16777216 0 0 0 33554432 0 0 0 50331648 0 0
45 3 77 3 181 3 0 67108864 0 0 0 134217728 0 0 0 201326592 0 0
46 3 78 3 182 3 0 268435456 0 0 0 536870912 0 0 0 805306368 0 0
47 3 79 3 183 3 0 1073741824 0 0 0 2147483648 0 0 0 3221225472 0 0
48 3 80 3 184 3 0 4294967296 0 0 0 8589934592 0 0 0 12884901888 0 0
49 3 81 3 185 3 0 17179869184 0 0 0 34359738368 0 0 0 51539607552 0 0
50 3 82 3 186 3 0 68719476736 0 0 0 137438953472 0 0 0 206158430208 0 0
51 3 83 3 187 3 0 274877906944 0 0 0 549755813888 0 0 0 824633720832 0 0
52 3 84 3 188 3 0 1099511627776 0 0 0 2199023255552 0 0 0 3298534883328 0 0
53 3 85 3 189 3 0 4398046511104 0 0 0 8796093022208 0 0 0 13194139533312 0 0
54 3 86 3 190 3 0 17592186044416 0 0 0 35184372088832 0 0 0 52776558133248 0 0
55 3 87 3 191 3 0 70368744177664 0 0 0 140737488355328 0 0 0 211106232532992 0 0
56 3 88 3 128 3 0 281474976710656 0 0 0 562949953421312 0 0 0 844424930131968 0 0
57 3 89 3 129 3 0 1125899906842624 0 0 0 2251799813685248 0 0 0 3377699720527872 0 0
58 3 90 3 130 3 0 4503599627370496 0 0 0 9007199254740992 0 0 0 13510798882111488 0 0
59 3 91 3 131 3 0 18014398509481984 0 0 0 36028797018963968 0 0 0 54043195528445952 0 0
60 3 92 3 132 3 0 72057594037927936 0 0 0 144115188075855872 0 0 0 216172782113783808 0 0
61 3 93 3 133 3 0 288230376151711744 0 0 0 576460752303423488 0 0 0 864691128455135232 0 0
62 3 94 3 134 3 0 1152921504606846976 0 0 0 2305843009213693952 0 0 0 3458764513820540928 0 0
63 3 95 3 135 3 0 4611686018427387904 0 0 0 9223372036854775808 0 0 0 13835058055282163712 0 0
0 1 114 1 186 1 9007267975266336 13510867603685392 9007336695791664 4503805788946464 13510936323162160 4503737069469728 13511005043687440 9007267975266352 4503805788946448 9007405414219824 4503668347895840 13510936323162128
1 1 115 1 187 1 36029071901065344 54043470414741568 36029346783166656 18015223155785856 54043745292648640 18014948277878912 54044020174749760 36029071901065408 18015223155785792 36029621656879296 18014673391583360 54043745292648512
2 1 116 1 188 1 144116287604261376 216173881658966272 144117387132666624 72060892623143424 216174981170594560 72059793111515648 216176080698999040 144116287604261632 72060892623143168 144118486627517184 72058693566333440 216174981170594048
3 1 117 1 189 1 576465150417045504 864695526635865088 576469548530666496 288243570492573696 864699924682378240 288239172446062592 864704322795996160 576465150417046528 288243570492572672 576473946510068736 288234774265333760 864699924682376192
4 1 118 1 190 1 2305860601668182016 3458782106543460352 2305878194122665984 1152974281970294784 3458799698729512960 1152956689784250368 3458817291183984640 2305860601668186112 1152974281970290688 2305895786040274944 1152939097061335040 3458799698729504768
5 1 119 1 191 1 9223442406672728064 13835128426173841408 9223512776490663936 4611897127881179136 13835198794918051840 4611826759137001472 13835269164735938560 9223442406672744448 4611897127881162752 9223583144161099776 4611756388245340160 13835198794918019072
6 1 120 1 128 1 281479271809027 281483566710786 562958543552513 844437815164930 562958543552513 562962838454275 844437815099394 281479271874563 844437815099394 844429225295873 281479271809027 562958543421441
7 1 121 1 129 1 1125917087236108 1125934266843144 2251834174210052 3377751260659720 2251834174210052 2251851353817100 3377751260397576 1125917087498252 3377751260397576 3377716901183492 1125917087236108 2251834173685764
8 1 122 1 130 1 4503668348944432 4503737067372576 9007336696840208 13511005042638880 9007336696840208 9007405415268400 13511005041590304 4503668349993008 13511005041590304 13510867604733968 4503668348944432 9007336694743056
9 1 123 1 131 1 18014673395777728 18014948269490304 36029346787360832 54044020170555520 36029346787360832 36029621661073600 54044020166361216 18014673399972032 54044020166361216 54043470418935872 18014673395777728 36029346778972224
10 1 124 1 132 1 72058693583110912 72059793077961216 144117387149443328 216176080682222080 144117387149443328 144118486644294400 216176080665444864 72058693599888128 216176080665444864 216173881675743488 72058693583110912 144117387115888896
11 1 125 1 133 1 288234774332443648 288239172311844864 576469548597773312 864704322728888320 576469548597773312 576473946577177600 864704322661779456 288234774399552512 864704322661779456 864695526702973952 288234774332443648 576469548463555584
12 1 126 1 134 1 1152939097329774592 1152956689247379456 2305878194391093248 3458817290915553280 2305878194391093248 2305895786308710400 3458817290647117824 1152939097598210048 3458817290647117824 3458782106811895808 1152939097329774592 2305878193854222336
13 1 127 1 135 1 4611756389319098368 4611826756989517824 9223512777564372992 13835269163662213120 9223512777564372992 9223583145234841600 13835269162588471296 4611756390392840192 13835269162588471296 13835128427247583232 4611756389319098368 9223512775416889344
14 1 64 1 136 1 281483566841857 562954248519681 562962838388739 844433520197634 562962838388738 844433520263170 844429225230337 281487861809155 844429225230339 281487861678083 281483566841858 562954248454145
15 1 65 1 137 1 1125934267367428 2251816994078724 2251851353554956 3377734080790536 2251851353554952 3377734081052680 3377716900921348 1125951447236620 3377716900921356 1125951446712332 1125934267367432 2251816993816580
16 1 66 1 138 1 4503737069469712 9007267976314896 9007405414219824 13510936323162144 9007405414219808 13510936324210720 13510867603685392 4503805788946480 13510867603685424 4503805786849328 4503737069469728 9007267975266320
17 1 67 1 139 1 18014948277878848 36029071905259584 36029621656879296 54043745292648576 36029621656879232 54043745296842880 54043470414741568 18015223155785920 54043470414741696 18015223147397312 18014948277878912 36029071901065280
18 1 68 1 140 1 72059793111515392 144116287621038336 144118486627517184 216174981170594304 144118486627516928 216174981187371520 216173881658966272 72060892623143680 216173881658966784 72060892589589248 72059793111515648 144116287604261120
19 1 69 1 141 1 288239172446061568 576465150484153344 576473946510068736 864699924682377216 576473946510067712 864699924749486080 864695526635865088 288243570492574720 864695526635867136 288243570358356992 288239172446062592 576465150417044480
20 1 70 1 142 1 1152956689784246272 2305860601936613376 2305895786040274944 3458799698729508864 2305895786040270848 3458799698997944320 3458782106543460352 1152974281970298880 3458782106543468544 1152974281433427968 1152956689784250368 2305860601668177920
21 1 71 1 143 1 4611826759136985088 9223442407746453504 9223583144161099776 13835198794918035456 9223583144161083392 13835198795991777280 13835128426173841408 4611897127881195520 13835128426173874176 4611897125733711872 4611826759137001472 9223442406672711680
22 1 72 1 144 1 562962838388738 281483566710785 844429225295875 562958543486978 844429225230339 562962838454274 281483566710785 844437815230467 281483566841857 844429225295875 562962838454274 281479271743489
23 1 73 1 145 1 2251851353554952 1125934266843140 3377716901183500 2251834173947912 3377716900921356 2251851353817096 1125934266843140 3377751260921868 1125934267367428 3377716901183500 2251851353817096 1125917086973956
24 1 74 1 146 1 9007405414219808 4503737067372560 13510867604734000 9007336695791648 13510867603685424 9007405415268384 4503737067372560 13511005043687472 4503737069469712 13510867604734000 9007405415268384 4503668347895824
25 1 75 1 147 1 36029621656879232 18014948269490240 54043470418936000 36029346783166592 54043470414741696 36029621661073536 18014948269490240 54044020174749888 18014948277878848 54043470418936000 36029621661073536 18014673391583296
26 1 76 1 148 1 144118486627516928 72059793077960960 216173881675744000 144117387132666368 216173881658966784 144118486644294144 72059793077960960 216176080698999552 72059793111515392 216173881675744000 144118486644294144 72058693566333184
27 1 77 1 149 1 576473946510067712 288239172311843840 864695526702976000 576469548530665472 864695526635867136 576473946577176576 288239172311843840 864704322795998208 288239172446061568 864695526702976000 576473946577176576 288234774265332736
28 1 78 1 150 1 2305895786040270848 1152956689247375360 3458782106811904000 2305878194122661888 3458782106543468544 2305895786308706304 1152956689247375360 3458817291183992832 1152956689784246272 3458782106811904000 2305895786308706304 1152939097061330944
29 1 79 1 151 1 9223583144161083392 4611826756989501440 13835128427247616000 9223512776490647552 13835128426173874176 9223583145234825216 4611826756989501440 13835269164735971328 4611826759136985088 13835128427247616000 9223583145234825216 4611756388245323776
30 1 80 1 152 1 844429225230337 562954248454146 281487861809154 562958543486979 281483566841858 844433520197635 562954248454147 844437815230465 562962838388739 281487861809153 844433520197633 281479271743490
31 1 81 1 153 1 3377716900921348 2251816993816584 1125951447236616 2251834173947916 1125934267367432 3377734080790540 2251816993816588 3377751260921860 2251851353554956 1125951447236612 3377734080790532 1125917086973960
32 1 82 1 154 1 13510867603685392 9007267975266336 4503805788946464 9007336695791664 4503737069469728 13510936323162160 9007267975266352 13511005043687440 9007405414219824 4503805788946448 13510936323162128 4503668347895840
33 1 83 1 155 1 54043470414741568 36029071901065344 18015223155785856 36029346783166656 18014948277878912 54043745292648640 36029071901065408 54044020174749760 36029621656879296 18015223155785792 54043745292648512 18014673391583360
34 1 84 1 156 1 216173881658966272 144116287604261376 72060892623143424 144117387132666624 72059793111515648 216174981170594560 144116287604261632 216176080698999040 144118486627517184 72060892623143168 216174981170594048 72058693566333440
35 1 85 1 157 1 864695526635865088 576465150417045504 288243570492573696 576469548530666496 288239172446062592 864699924682378240 576465150417046528 864704322795996160 576473946510068736 288243570492572672 864699924682376192 288234774265333760
36 1 86 1 158 1 3458782106543460352 2305860601668182016 1152974281970294784 2305878194122665984 1152956689784250368 3458799698729512960 2305860601668186112 3458817291183984640 2305895786040274944 1152974281970290688 3458799698729504768 1152939097061335040
37 1 87 1 159 1 13835128426173841408 9223442406672728064 4611897127881179136 9223512776490663936 4611826759137001472 13835198794918051840 9223442406672744448 13835269164735938560 9223583144161099776 4611897127881162752 13835198794918019072 4611756388245340160
38 1 88 1 160 1 281483566710786 281479271809027 844437815164930 562958543552513 562962838454275 562958543552513 281479271874563 844437815099394 844429225295873 844437815099394 562958543421441 281479271809027
39 1 89 1 161 1 1125934266843144 1125917087236108 3377751260659720 2251834174210052 2251851353817100 2251834174210052 1125917087498252 3377751260397576 3377716901183492 3377751260397576 2251834173685764 1125917087236108
40 1 90 1 162 1 4503737067372576 4503668348944432 13511005042638880 9007336696840208 9007405415268400 9007336696840208 4503668349993008 13511005041590304 13510867604733968 13511005041590304 9007336694743056 4503668348944432
41 1 91 1 163 1 18014948269490304 18014673395777728 54044020170555520 36029346787360832 36029621661073600 36029346787360832 18014673399972032 54044020166361216 54043470418935872 54044020166361216 36029346778972224 18014673395777728
42 1 92 1 164 1 72059793077961216 72058693583110912 216176080682222080 144117387149443328 144118486644294400 144117387149443328 72058693599888128 216176080665444864 216173881675743488 216176080665444864 144117387115888896 72058693583110912
43 1 93 1 165 1 288239172311844864 288234774332443648 864704322728888320 576469548597773312 576473946577177600 576469548597773312 288234774399552512 864704322661779456 864695526702973952 864704322661779456 576469548463555584 288234774332443648
44 1 94 1 166 1 1152956689247379456 1152939097329774592 3458817290915553280 2305878194391093248 2305895786308710400 2305878194391093248 1152939097598210048 3458817290647117824 3458782106811895808 3458817290647117824 2305878193854222336 1152939097329774592
45 1 95 1 167 1 4611826756989517824 4611756389319098368 13835269163662213120 9223512777564372992 9223583145234841600 9223512777564372992 4611756390392840192 13835269162588471296 13835128427247583232 13835269162588471296 9223512775416889344 4611756389319098368
46 1 96 1 168 1 562954248519681 281483566841857 844433520197634 562962838388739 844433520263170 562962838388738 281487861809155 844429225230337 281487861678083 844429225230339 562954248454145 281483566841858
47 1 97 1 169 1 2251816994078724 1125934267367428 3377734080790536 2251851353554956 3377734081052680 2251851353554952 1125951447236620 3377716900921348 1125951446712332 3377716900921356 2251816993816580 1125934267367432
48 1 98 1 170 1 9007267976314896 4503737069469712 13510936323162144 9007405414219824 13510936324210720 9007405414219808 4503805788946480 13510867603685392 4503805786849328 13510867603685424 9007267975266320 4503737069469728
49 1 99 1 171 1 36029071905259584 18014948277878848 54043745292648576 36029621656879296 54043745296842880 36029621656879232 18015223155785920 54043470414741568 18015223147397312 54043470414741696 36029071901065280 18014948277878912
50 1 100 1 172 1 144116287621038336 72059793111515392 216174981170594304 144118486627517184 216174981187371520 144118486627516928 72060892623143680 216173881658966272 72060892589589248 216173881658966784 144116287604261120 72059793111515648
51 1 101 1 173 1 576465150484153344 288239172446061568 864699924682377216 576473946510068736 864699924749486080 576473946510067712 288243570492574720 864695526635865088 288243570358356992 864695526635867136 576465150417044480 288239172446062592
52 1 102 1 174 1 2305860601936613376 1152956689784246272 3458799698729508864 2305895786040274944 3458799698997944320 2305895786040270848 1152974281970298880 3458782106543460352 1152974281433427968 3458782106543468544 2305860601668177920 1152956689784250368
53 1 103 1 175 1 9223442407746453504 4611826759136985088 13835198794918035456 9223583144161099776 13835198795991777280 9223583144161083392 4611897127881195520 13835128426173841408 4611897125733711872 13835128426173874176 9223442406672711680 4611826759137001472
54 1 104 1 176 1 281483566710785 562962838388738 562958543486978 844429225295875 562962838454274 844429225230339 844437815230467 281483566710785 844429225295875 281483566841857 281479271743489 562962838454274
55 1 105 1 177 1 1125934266843140 2251851353554952 2251834173947912 3377716901183500 2251851353817096 3377716900921356 3377751260921868 1125934266843140 3377716901183500 1125934267367428 1125917086973956 2251851353817096
56 1 106 1 178 1 4503737067372560 9007405414219808 9007336695791648 13510867604734000 9007405415268384 13510867603685424 13511005043687472 4503737067372560 13510867604734000 4503737069469712 4503668347895824 9007405415268384
57 1 107 1 179 1 18014948269490240 36029621656879232 36029346783166592 54043470418936000 36029621661073536 54043470414741696 54044020174749888 18014948269490240 54043470418936000 18014948277878848 18014673391583296 36029621661073536
58 1 108 1 180 1 72059793077960960 144118486627516928 144117387132666368 216173881675744000 144118486644294144 216173881658966784 216176080698999552 72059793077960960 216173881675744000 72059793111515392 72058693566333184 144118486644294144
59 1 109 1 181 1 288239172311843840 576473946510067712 576469548530665472 864695526702976000 576473946577176576 864695526635867136 864704322795998208 288239172311843840 864695526702976000 288239172446061568 288234774265332736 576473946577176576
60 1 110 1 182 1 1152956689247375360 2305895786040270848 2305878194122661888 3458782106811904000 2305895786308706304 3458782106543468544 3458817291183992832 1152956689247375360 3458782106811904000 1152956689784246272 1152939097061330944 2305895786308706304
61 1 111 1 183 1 4611826756989501440 9223583144161083392 9223512776490647552 13835128427247616000 9223583145234825216 13835128426173874176 13835269164735971328 4611826756989501440 13835128427247616000 4611826759136985088 4611756388245323776 9223583145234825216
62 1 112 1 184 1 562954248454146 844429225230337 562958543486979 281487861809154 844433520197635 281483566841858 844437815230465 562954248454147 281487861809153 562962838388739 281479271743490 844433520197633
63 1 113 1 185 1 2251816993816584 3377716900921348 2251834173947916 1125951447236616 3377734080790540 1125934267367432 3377751260921860 2251816993816588 1125951447236612 2251851353554956 1125917086973960 3377734080790532
0 1 70 1 152 1 562949953421312 844424930197505 281487861678082 4295032835 844424930131968 281474976841730 562954248519683 8590065665 281474976710656 562949953617923 844433520263169 12885098498
1 1 71 1 153 1 2251799813685248 3377699720790020 1125951446712328 17180131340 3377699720527872 1125899907366920 2251816994078732 34360262660 1125899906842624 2251799814471692 3377734081052676 51540393992
2 1 72 1 154 1 9007199254740992 13510798883160080 4503805786849312 68720525360 13510798882111488 4503599629467680 9007267976314928 137441050640 4503599627370496 9007199257886768 13510936324210704 206161575968
3 1 73 1 155 1 36028797018963968 54043195532640320 18015223147397248 274882101440 54043195528445952 18014398517870720 36029071905259712 549764202560 18014398509481984 36028797031547072 54043745296842816 824646303872
4 1 74 1 156 1 144115188075855872 216172782130561280 72060892589588992 1099528405760 216172782113783808 72057594071482880 144116287621038848 2199056810240 72057594037927936 144115188126188288 216174981187371264 3298585215488
5 1 75 1 157 1 576460752303423488 864691128522245120 288243570358355968 4398113623040 864691128455135232 288230376285931520 576465150484155392 8796227240960 288230376151711744 576460752504753152 864699924749485056 13194340861952
6 1 76 1 158 1 2305843009213693952 3458764514088980480 1152974281433423872 17592454492160 3458764513820540928 1152921505143726080 2305860601936621568 35184908963840 1152921504606846976 2305843010019012608 3458799698997940224 52777363447808
7 1 77 1 159 1 9223372036854775808 13835058056355921920 4611897125733695488 70369817968640 13835058055282163712 4611686020574904320 9223442407746486272 140739635855360 4611686018427387904 9223372040076050432 13835198795991760896 211109453791232
8 1 78 1 160 1 3 4295032834 844429225230336 281479271874561 1 8590065667 281483566841856 562958543421442 2 12885098497 562962838388736 844437815164931
9 1 79 1 161 1 12 17180131336 3377716900921344 1125917087498244 4 34360262668 1125934267367424 2251834173685768 8 51540393988 2251851353554944 3377751260659724
10 1 80 1 162 1 48 68720525344 13510867603685376 4503668349992976 16 137441050672 4503737069469696 9007336694743072 32 206161575952 9007405414219776 13511005042638896
11 1 81 1 163 1 192 274882101376 54043470414741504 18014673399971904 64 549764202688 18014948277878784 36029346778972288 128 824646303808 36029621656879104 54044020170555584
12 1 82 1 164 1 768 1099528405504 216173881658966016 72058693599887616 256 2199056810752 72059793111515136 144117387115889152 512 3298585215232 144118486627516416 216176080682222336
13 1 83 1 165 1 3072 4398113622016 864695526635864064 288234774399550464 1024 8796227243008 288239172446060544 576469548463556608 2048 13194340860928 576473946510065664 864704322728889344
14 1 84 1 166 1 12288 17592454488064 3458782106543456256 1152939097598201856 4096 35184908972032 1152956689784242176 2305878193854226432 8192 52777363443712 2305895786040262656 3458817290915557376
15 1 85 1 167 1 49152 70369817952256 13835128426173825024 4611756390392807424 16384 140739635888128 4611826759136968704 9223512775416905728 32768 211109453774848 9223583144161050624 13835269163662229504
16 1 86 1 168 1 196608 281479271809024 281483566645249 281487861678083 65536 562958543552512 562962838323202 562954248519681 131072 844437815099392 844429225099267 844433520263170
17 1 87 1 169 1 786432 1125917087236096 1125934266580996 1125951446712332 262144 2251834174210048 2251851353292808 2251816994078724 524288 3377751260397568 3377716900397068 3377734081052680
18 1 88 1 170 1 3145728 4503668348944384 4503737066323984 4503805786849328 1048576 9007336696840192 9007405413171232 9007267976314896 2097152 13511005041590272 13510867601588272 13510936324210720
19 1 89 1 171 1 12582912 18014673395777536 18014948265295936 18015223147397312 4194304 36029346787360768 36029621652684928 36029071905259584 8388608 54044020166361088 54043470406353088 54043745296842880
20 1 90 1 172 1 50331648 72058693583110144 72059793061183744 72060892589589248 16777216 144117387149443072 144118486610739712 144116287621038336 33554432 216176080665444352 216173881625412352 216174981187371520
21 1 91 1 173 1 201326592 288234774332440576 288239172244734976 288243570358356992 67108864 576469548597772288 576473946442958848 576465150484153344 134217728 864704322661777408 864695526501649408 864699924749486080
22 1 92 1 174 1 805306368 1152939097329762304 1152956688978939904 1152974281433427968 268435456 2305878194391089152 2305895785771835392 2305860601936613376 536870912 3458817290647109632 3458782106006597632 3458799698997944320
23 1 93 1 175 1 3221225472 4611756389319049216 4611826755915759616 4611897125733711872 1073741824 9223512777564356608 9223583143087341568 9223442407746453504 2147483648 13835269162588438528 13835128424026390528 13835198795991777280
24 1 94 1 176 1 12884901889 281483566645248 562949953486849 844429225295873 4294967298 562962838323200 844424930263042 281483566710786 8589934595 844429225099264 281474976907267 562962838454275
25 1 95 1 177 1 51539607556 1125934266580992 2251799813947396 3377716901183492 17179869192 2251851353292800 3377699721052168 1125934266843144 34359738380 3377716900397056 1125899907629068 2251851353817100
26 1 96 1 178 1 206158430224 4503737066323968 9007199255789584 13510867604733968 68719476768 9007405413171200 13510798884208672 4503737067372576 137438953520 13510867601588224 4503599630516272 9007405415268400
27 1 97 1 179 1 824633720896 18014948265295872 36028797023158336 54043470418935872 274877907072 36029621652684800 54043195536834688 18014948269490304 549755814080 54043470406352896 18014398522065088 36029621661073600
28 1 98 1 180 1 3298534883584 72059793061183488 144115188092633344 216173881675743488 1099511628288 144118486610739200 216172782147338752 72059793077961216 2199023256320 216173881625411584 72057594088260352 144118486644294400
29 1 99 1 181 1 13194139534336 288239172244733952 576460752370533376 864695526702973952 4398046513152 576473946442956800 864691128589355008 288239172311844864 8796093025280 864695526501646336 288230376353041408 576473946577177600
30 1 100 1 182 1 52776558137344 1152956688978935808 2305843009482133504 3458782106811895808 17592186052608 2305895785771827200 3458764514357420032 1152956689247379456 35184372101120 3458782106006585344 1152921505412165632 2305895786308710400
31 1 101 1 183 1 211106232549376 4611826755915743232 9223372037928534016 13835128427247583232 70368744210432 9223583143087308800 13835058057429680128 4611826756989517824 140737488404480 13835128424026341376 4611686021648662528 9223583145234841600
32 1 102 1 184 1 844424930197505 562949953421312 4295032835 281487861678082 281474976841730 844424930131968 8590065665 562954248519683 562949953617923 281474976710656 12885098498 844433520263169
33 1 103 1 185 1 3377699720790020 2251799813685248 17180131340 1125951446712328 1125899907366920 3377699720527872 34360262660 2251816994078732 2251799814471692 1125899906842624 51540393992 3377734081052676
34 1 104 1 186 1 13510798883160080 9007199254740992 68720525360 4503805786849312 4503599629467680 13510798882111488 137441050640 9007267976314928 9007199257886768 4503599627370496 206161575968 13510936324210704
35 1 105 1 187 1 54043195532640320 36028797018963968 274882101440 18015223147397248 18014398517870720 54043195528445952 549764202560 36029071905259712 36028797031547072 18014398509481984 824646303872 54043745296842816
36 1 106 1 188 1 216172782130561280 144115188075855872 1099528405760 72060892589588992 72057594071482880 216172782113783808 2199056810240 144116287621038848 144115188126188288 72057594037927936 3298585215488 216174981187371264
37 1 107 1 189 1 864691128522245120 576460752303423488 4398113623040 288243570358355968 288230376285931520 864691128455135232 8796227240960 576465150484155392 576460752504753152 288230376151711744 13194340861952 864699924749485056
38 1 108 1 190 1 3458764514088980480 2305843009213693952 17592454492160 1152974281433423872 1152921505143726080 3458764513820540928 35184908963840 2305860601936621568 2305843010019012608 1152921504606846976 52777363447808 3458799698997940224
39 1 109 1 191 1 13835058056355921920 9223372036854775808 70369817968640 4611897125733695488 4611686020574904320 13835058055282163712 140739635855360 9223442407746486272 9223372040076050432 4611686018427387904 211109453791232 13835198795991760896
40 1 110 1 128 1 4295032834 3 281479271874561 844429225230336 8590065667 1 562958543421442 281483566841856 12885098497 2 844437815164931 562962838388736
41 1 111 1 129 1 17180131336 12 1125917087498244 3377716900921344 34360262668 4 2251834173685768 1125934267367424 51540393988 8 3377751260659724 2251851353554944
42 1 112 1 130 1 68720525344 48 4503668349992976 13510867603685376 137441050672 16 9007336694743072 4503737069469696 206161575952 32 13511005042638896 9007405414219776
43 1 113 1 131 1 274882101376 192 18014673399971904 54043470414741504 549764202688 64 36029346778972288 18014948277878784 824646303808 128 54044020170555584 36029621656879104
44 1 114 1 132 1 1099528405504 768 72058693599887616 216173881658966016 2199056810752 256 144117387115889152 72059793111515136 3298585215232 512 216176080682222336 144118486627516416
45 1 115 1 133 1 4398113622016 3072 288234774399550464 864695526635864064 8796227243008 1024 576469548463556608 288239172446060544 13194340860928 2048 864704322728889344 576473946510065664
46 1 116 1 134 1 17592454488064 12288 1152939097598201856 3458782106543456256 35184908972032 4096 2305878193854226432 1152956689784242176 52777363443712 8192 3458817290915557376 2305895786040262656
47 1 117 1 135 1 70369817952256 49152 4611756390392807424 13835128426173825024 140739635888128 16384 9223512775416905728 4611826759136968704 211109453774848 32768 13835269163662229504 9223583144161050624
48 1 118 1 136 1 281479271809024 196608 281487861678083 281483566645249 562958543552512 65536 562954248519681 562962838323202 844437815099392 131072 844433520263170 844429225099267
49 1 119 1 137 1 1125917087236096 786432 1125951446712332 1125934266580996 2251834174210048 262144 2251816994078724 2251851353292808 3377751260397568 524288 3377734081052680 3377716900397068
50 1 120 1 138 1 4503668348944384 3145728 4503805786849328 4503737066323984 9007336696840192 1048576 9007267976314896 9007405413171232 13511005041590272 2097152 13510936324210720 13510867601588272
51 1 121 1 139 1 18014673395777536 12582912 18015223147397312 18014948265295936 36029346787360768 4194304 36029071905259584 36029621652684928 54044020166361088 8388608 54043745296842880 54043470406353088
52 1 122 1 140 1 72058693583110144 50331648 72060892589589248 72059793061183744 144117387149443072 16777216 144116287621038336 144118486610739712 216176080665444352 33554432 216174981187371520 216173881625412352
53 1 123 1 141 1 288234774332440576 201326592 288243570358356992 288239172244734976 576469548597772288 67108864 576465150484153344 576473946442958848 864704322661777408 134217728 864699924749486080 864695526501649408
54 1 124 1 142 1 1152939097329762304 805306368 1152974281433427968 1152956688978939904 2305878194391089152 268435456 2305860601936613376 2305895785771835392 3458817290647109632 536870912 3458799698997944320 3458782106006597632
55 1 125 1 143 1 4611756389319049216 3221225472 4611897125733711872 4611826755915759616 9223512777564356608 1073741824 9223442407746453504 9223583143087341568 13835269162588438528 2147483648 13835198795991777280 13835128424026390528
56 1 126 1 144 1 281483566645248 12884901889 844429225295873 562949953486849 562962838323200 4294967298 281483566710786 844424930263042 844429225099264 8589934595 562962838454275 281474976907267
57 1 127 1 145 1 1125934266580992 51539607556 3377716901183492 2251799813947396 2251851353292800 17179869192 1125934266843144 3377699721052168 3377716900397056 34359738380 2251851353817100 1125899907629068
58 1 64 1 146 1 4503737066323968 206158430224 13510867604733968 9007199255789584 9007405413171200 68719476768 4503737067372576 13510798884208672 13510867601588224 137438953520 9007405415268400 4503599630516272
59 1 65 1 147 1 18014948265295872 824633720896 54043470418935872 36028797023158336 36029621652684800 274877907072 18014948269490304 54043195536834688 54043470406352896 549755814080 36029621661073600 18014398522065088
60 1 66 1 148 1 72059793061183488 3298534883584 216173881675743488 144115188092633344 144118486610739200 1099511628288 72059793077961216 216172782147338752 216173881625411584 2199023256320 144118486644294400 72057594088260352
61 1 67 1 149 1 288239172244733952 13194139534336 864695526702973952 576460752370533376 576473946442956800 4398046513152 288239172311844864 864691128589355008 864695526501646336 8796093025280 576473946577177600 288230376353041408
62 1 68 1 150 1 1152956688978935808 52776558137344 3458782106811895808 2305843009482133504 2305895785771827200 17592186052608 1152956689247379456 3458764514357420032 3458782106006585344 35184372101120 2305895786308710400 1152921505412165632
63 1 69 1 151 1 4611826755915743232 211106232549376 13835128427247583232 9223372037928534016 9223583143087308800 70368744210432 4611826756989517824 13835058057429680128 13835128424026341376 140737488404480 9223583145234841600 4611686021648662528
0 1 120 1 158 1 844429225295875 562949953552387 4294967297 8589934592 281483566710785 844424930328577 8589934594 12884901888 562962838454274 281474976776194 12884901891 4294967296
1 1 121 1 159 1 3377716901183500 2251799814209548 17179869188 34359738368 1125934266843140 3377699721314308 34359738376 51539607552 2251851353817096 1125899907104776 51539607564 17179869184
2 1 122 1 160 1 13510867604734000 9007199256838192 68719476752 137438953472 4503737067372560 13510798885257232 137438953504 206158430208 9007405415268384 4503599628419104 206158430256 68719476736
3 1 123 1 161 1 54043470418936000 36028797027352768 274877907008 549755813888 18014948269490240 54043195541028928 549755814016 824633720832 36029621661073536 18014398513676416 824633721024 274877906944
4 1 124 1 162 1 216173881675744000 144115188109411072 1099511628032 2199023255552 72059793077960960 216172782164115712 2199023256064 3298534883328 144118486644294144 72057594054705664 3298534884096 1099511627776
5 1 125 1 163 1 864695526702976000 576460752437644288 4398046512128 8796093022208 288239172311843840 864691128656462848 8796093024256 13194139533312 576473946577176576 288230376218822656 13194139536384 4398046511104
6 1 126 1 164 1 3458782106811904000 2305843009750577152 17592186048512 35184372088832 1152956689247375360 3458764514625851392 35184372097024 52776558133248 2305895786308706304 1152921504875290624 52776558145536 17592186044416
7 1 127 1 165 1 13835128427247616000 9223372039002308608 70368744194048 140737488355328 4611826756989501440 13835058058503405568 140737488388096 211106232532992 9223583145234825216 4611686019501162496 211106232582144 70368744177664
8 1 64 1 166 1 281487861809154 8590131203 281474976776192 562949953421312 562954248454147 12884967425 562949953552384 844424930131968 844433520197633 4295098370 844424930328576 281474976710656
9 1 65 1 167 1 1125951447236616 34360524812 1125899907104768 2251799813685248 2251816993816588 51539869700 2251799814209536 3377699720527872 3377734080790532 17180393480 3377699721314304 1125899906842624
10 1 66 1 168 1 4503805788946464 137442099248 4503599628419072 9007199254740992 9007267975266352 206159478800 9007199256838144 13510798882111488 13510936323162128 68721573920 13510798885257216 4503599627370496
11 1 67 1 169 1 18015223155785856 549768396992 18014398513676288 36028797018963968 36029071901065408 824637915200 36028797027352576 54043195528445952 54043745292648512 274886295680 54043195541028864 18014398509481984
12 1 68 1 170 1 72060892623143424 2199073587968 72057594054705152 144115188075855872 144116287604261632 3298551660800 144115188109410304 216172782113783808 216174981170594048 1099545182720 216172782164115456 72057594037927936
13 1 69 1 171 1 288243570492573696 8796294351872 288230376218820608 576460752303423488 576465150417046528 13194206643200 576460752437641216 864691128455135232 864699924682376192 4398180730880 864691128656461824 288230376151711744
14 1 70 1 172 1 1152974281970294784 35185177407488 1152921504875282432 2305843009213693952 2305860601668186112 52776826572800 2305843009750564864 3458764513820540928 3458799698729504768 17592722923520 3458764514625847296 1152921504606846976
15 1 71 1 173 1 4611897127881179136 140740709629952 4611686019501129728 9223372036854775808 9223442406672744448 211107306291200 9223372039002259456 13835058055282163712 13835198794918019072 70370891694080 13835058058503389184 4611686018427387904
16 1 72 1 174 1 844437815164928 562962838519809 4294967298 1 281479271874560 844429225164802 8589934595 2 562958543421440 281483566776323 12884901889 3
17 1 73 1 175 1 3377751260659712 2251851354079236 17179869192 4 1125917087498240 3377716900659208 34359738380 8 2251834173685760 1125934267105292 51539607556 12
18 1 74 1 176 1 13511005042638848 9007405416316944 68719476768 16 4503668349992960 13510867602636832 137438953520 32 9007336694743040 4503737068421168 206158430224 48
19 1 75 1 177 1 54044020170555392 36029621665267776 274877907072 64 18014673399971840 54043470410547328 549755814080 128 36029346778972160 18014948273684672 824633720896 192
20 1 76 1 178 1 216176080682221568 144118486661071104 1099511628288 256 72058693599887360 216173881642189312 2199023256320 512 144117387115888640 72059793094738688 3298534883584 768
21 1 77 1 179 1 864704322728886272 576473946644284416 4398046513152 1024 288234774399549440 864695526568757248 8796093025280 2048 576469548463554560 288239172378954752 13194139534336 3072
22 1 78 1 180 1 3458817290915545088 2305895786577137664 17592186052608 4096 1152939097598197760 3458782106275028992 35184372101120 8192 2305878193854218240 1152956689515819008 52776558137344 12288
23 1 79 1 181 1 13835269163662180352 9223583146308550656 70368744210432 16384 4611756390392791040 13835128425100115968 140737488404480 32768 9223512775416872960 4611826758063276032 211106232549376 49152
24 1 80 1 182 1 844433520066562 844437815099395 281474976841728 65536 281487861612547 281479271809025 562949953617920 131072 562954248388609 562958543552514 844424930197504 196608
25 1 81 1 183 1 3377734080266248 3377751260397580 1125899907366912 262144 1125951446450188 1125917087236100 2251799814471680 524288 2251816993554436 2251834174210056 3377699720790016 786432
26 1 82 1 184 1 13510936321064992 13511005041590320 4503599629467648 1048576 4503805785800752 4503668348944400 9007199257886720 2097152 9007267974217744 9007336696840224 13510798883160064 3145728
27 1 83 1 185 1 54043745284259968 54044020166361280 18014398517870592 4194304 18015223143203008 18014673395777600 36028797031546880 8388608 36029071896870976 36029346787360896 54043195532640256 12582912
28 1 84 1 186 1 216174981137039872 216176080665445120 72057594071482368 16777216 72060892572812032 72058693583110400 144115188126187520 33554432 144116287587483904 144117387149443584 216172782130561024 50331648
29 1 85 1 187 1 864699924548159488 864704322661780480 288230376285929472 67108864 288243570291248128 288234774332441600 576460752504750080 134217728 576465150349935616 576469548597774336 864691128522244096 201326592
30 1 86 1 188 1 3458799698192637952 3458817290647121920 1152921505143717888 268435456 1152974281164992512 1152939097329766400 2305843010019000320 536870912 2305860601399742464 2305878194391097344 3458764514088976384 805306368
31 1 87 1 189 1 13835198792770551808 13835269162588487680 4611686020574871552 1073741824 4611897124659970048 4611756389319065600 9223372040076001280 2147483648 9223442405598969856 9223512777564389376 13835058056355905536 3221225472
32 1 88 1 190 1 562949953552387 844429225295875 8589934592 4294967297 844424930328577 281483566710785 12884901888 8589934594 281474976776194 562962838454274 4294967296 12884901891
33 1 89 1 191 1 2251799814209548 3377716901183500 34359738368 17179869188 3377699721314308 1125934266843140 51539607552 34359738376 1125899907104776 2251851353817096 17179869184 51539607564
34 1 90 1 128 1 9007199256838192 13510867604734000 137438953472 68719476752 13510798885257232 4503737067372560 206158430208 137438953504 4503599628419104 9007405415268384 68719476736 206158430256
35 1 91 1 129 1 36028797027352768 54043470418936000 549755813888 274877907008 54043195541028928 18014948269490240 824633720832 549755814016 18014398513676416 36029621661073536 274877906944 824633721024
36 1 92 1 130 1 144115188109411072 216173881675744000 2199023255552 1099511628032 216172782164115712 72059793077960960 3298534883328 2199023256064 72057594054705664 144118486644294144 1099511627776 3298534884096
37 1 93 1 131 1 576460752437644288 864695526702976000 8796093022208 4398046512128 864691128656462848 288239172311843840 13194139533312 8796093024256 288230376218822656 576473946577176576 4398046511104 13194139536384
38 1 94 1 132 1 2305843009750577152 3458782106811904000 35184372088832 17592186048512 3458764514625851392 1152956689247375360 52776558133248 35184372097024 1152921504875290624 2305895786308706304 17592186044416 52776558145536
39 1 95 1 133 1 9223372039002308608 13835128427247616000 140737488355328 70368744194048 13835058058503405568 4611826756989501440 211106232532992 140737488388096 4611686019501162496 9223583145234825216 70368744177664 211106232582144
40 1 96 1 134 1 8590131203 281487861809154 562949953421312 281474976776192 12884967425 562954248454147 844424930131968 562949953552384 4295098370 844433520197633 281474976710656 844424930328576
41 1 97 1 135 1 34360524812 1125951447236616 2251799813685248 1125899907104768 51539869700 2251816993816588 3377699720527872 2251799814209536 17180393480 3377734080790532 1125899906842624 3377699721314304
42 1 98 1 136 1 137442099248 4503805788946464 9007199254740992 4503599628419072 206159478800 9007267975266352 13510798882111488 9007199256838144 68721573920 13510936323162128 4503599627370496 13510798885257216
43 1 99 1 137 1 549768396992 18015223155785856 36028797018963968 18014398513676288 824637915200 36029071901065408 54043195528445952 36028797027352576 274886295680 54043745292648512 18014398509481984 54043195541028864
44 1 100 1 138 1 2199073587968 72060892623143424 144115188075855872 72057594054705152 3298551660800 144116287604261632 216172782113783808 144115188109410304 1099545182720 216174981170594048 72057594037927936 216172782164115456
45 1 101 1 139 1 8796294351872 288243570492573696 576460752303423488 288230376218820608 13194206643200 576465150417046528 864691128455135232 576460752437641216 4398180730880 864699924682376192 288230376151711744 864691128656461824
46 1 102 1 140 1 35185177407488 1152974281970294784 2305843009213693952 1152921504875282432 52776826572800 2305860601668186112 3458764513820540928 2305843009750564864 17592722923520 3458799698729504768 1152921504606846976 3458764514625847296
47 1 103 1 141 1 140740709629952 4611897127881179136 9223372036854775808 4611686019501129728 211107306291200 9223442406672744448 13835058055282163712 9223372039002259456 70370891694080 13835198794918019072 4611686018427387904 13835058058503389184
48 1 104 1 142 1 562962838519809 844437815164928 1 4294967298 844429225164802 281479271874560 2 8589934595 281483566776323 562958543421440 3 12884901889
49 1 105 1 143 1 2251851354079236 3377751260659712 4 17179869192 3377716900659208 1125917087498240 8 34359738380 1125934267105292 2251834173685760 12 51539607556
50 1 106 1 144 1 9007405416316944 13511005042638848 16 68719476768 13510867602636832 4503668349992960 32 137438953520 4503737068421168 9007336694743040 48 206158430224
51 1 107 1 145 1 36029621665267776 54044020170555392 64 274877907072 54043470410547328 18014673399971840 128 549755814080 18014948273684672 36029346778972160 192 824633720896
52 1 108 1 146 1 144118486661071104 216176080682221568 256 1099511628288 216173881642189312 72058693599887360 512 2199023256320 72059793094738688 144117387115888640 768 3298534883584
53 1 109 1 147 1 576473946644284416 864704322728886272 1024 4398046513152 864695526568757248 288234774399549440 2048 8796093025280 288239172378954752 576469548463554560 3072 13194139534336
54 1 110 1 148 1 2305895786577137664 3458817290915545088 4096 17592186052608 3458782106275028992 1152939097598197760 8192 35184372101120 1152956689515819008 2305878193854218240 12288 52776558137344
55 1 111 1 149 1 9223583146308550656 13835269163662180352 16384 70368744210432 13835128425100115968 4611756390392791040 32768 140737488404480 4611826758063276032 9223512775416872960 49152 211106232549376
56 1 112 1 150 1 844437815099395 844433520066562 65536 281474976841728 281479271809025 281487861612547 131072 562949953617920 562958543552514 562954248388609 196608 844424930197504
57 1 113 1 151 1 3377751260397580 3377734080266248 262144 1125899907366912 1125917087236100 1125951446450188 524288 2251799814471680 2251834174210056 2251816993554436 786432 3377699720790016
58 1 114 1 152 1 13511005041590320 13510936321064992 1048576 4503599629467648 4503668348944400 4503805785800752 2097152 9007199257886720 9007336696840224 9007267974217744 3145728 13510798883160064
59 1 115 1 153 1 54044020166361280 54043745284259968 4194304 18014398517870592 18014673395777600 18015223143203008 8388608 36028797031546880 36029346787360896 36029071896870976 12582912 54043195532640256
60 1 116 1 154 1 216176080665445120 216174981137039872 16777216 72057594071482368 72058693583110400 72060892572812032 33554432 144115188126187520 144117387149443584 144116287587483904 50331648 216172782130561024
61 1 117 1 155 1 864704322661780480 864699924548159488 67108864 288230376285929472 288234774332441600 288243570291248128 134217728 576460752504750080 576469548597774336 576465150349935616 201326592 864691128522244096
62 1 118 1 156 1 3458817290647121920 3458799698192637952 268435456 1152921505143717888 1152939097329766400 1152974281164992512 536870912 2305843010019000320 2305878194391097344 2305860601399742464 805306368 3458764514088976384
63 1 119 1 157 1 13835269162588487680 13835198792770551808 1073741824 4611686020574871552 4611756389319065600 4611897124659970048 2147483648 9223372040076001280 9223512777564389376 9223442405598969856 3221225472 13835058056355905536
0 2 72 2 160 2 0 0 1 0 0 0 2 0 0 0 3 0
1 2 73 2 161 2 0 0 4 0 0 0 8 0 0 0 12 0
2 2 74 2 162 2 0 0 16 0 0 0 32 0 0 0 48 0
3 2 75 2 163 2 0 0 64 0 0 0 128 0 0 0 192 0
4 2 76 2 164 2 0 0 256 0 0 0 512 0 0 0 768 0
5 2 77 2 165 2 0 0 1024 0 0 0 2048 0 0 0 3072 0
6 2 78 2 166 2 0 0 4096 0 0 0 8192 0 0 0 12288 0
7 2 79 2 167 2 0 0 16384 0 0 0 32768 0 0 0 49152 0
8 2 80 2 168 2 0 0 65536 0 0 0 131072 0 0 0 196608 0
9 2 81 2 169 2 0 0 262144 0 0 0 524288 0 0 0 786432 0
10 2 82 2 170 2 0 0 1048576 0 0 0 2097152 0 0 0 3145728 0
11 2 83 2 171 2 0 0 4194304 0 0 0 8388608 0 0 0 12582912 0
12 2 84 2 172 2 0 0 16777216 0 0 0 33554432 0 0 0 50331648 0
13 2 85 2 173 2 0 0 67108864 0 0 0 134217728 0 0 0 201326592 0
14 2 86 2 174 2 0 0 268435456 0 0 0 536870912 0 0 0 805306368 0
15 2 87 2 175 2 0 0 1073741824 0 0 0 2147483648 0 0 0 3221225472 0
16 2 88 2 176 2 0 0 4294967296 0 0 0 8589934592 0 0 0 12884901888 0
17 2 89 2 177 2 0 0 17179869184 0 0 0 34359738368 0 0 0 51539607552 0
18 2 90 2 178 2 0 0 68719476736 0 0 0 137438953472 0 0 0 206158430208 0
19 2 91 2 179 2 0 0 274877906944 0 0 0 549755813888 0 0 0 824633720832 0
20 2 92 2 180 2 0 0 1099511627776 0 0 0 2199023255552 0 0 0 3298534883328 0
21 2 93 2 181 2 0 0 4398046511104 0 0 0 8796093022208 0 0 0 13194139533312 0
22 2 94 2 182 2 0 0 17592186044416 0 0 0 35184372088832 0 0 0 52776558133248 0
23 2 95 2 183 2 0 0 70368744177664 0 0 0 140737488355328 0 0 0 211106232532992 0
24 2 96 2 184 2 0 0 281474976710656 0 0 0 562949953421312 0 0 0 844424930131968 0
25 2 97 2 185 2 0 0 1125899906842624 0 0 0 2251799813685248 0 0 0 3377699720527872 0
26 2 98 2 186 2 0 0 4503599627370496 0 0 0 9007199254740992 0 0 0 13510798882111488 0
27 2 99 2 187 2 0 0 18014398509481984 0 0 0 36028797018963968 0 0 0 54043195528445952 0
28 2 100 2 188 2 0 0 72057594037927936 0 0 0 144115188075855872 0 0 0 216172782113783808 0
29 2 101 2 189 2 0 0 288230376151711744 0 0 0 576460752303423488 0 0 0 864691128455135232 0
30 2 102 2 190 2 0 0 1152921504606846976 0 0 0 2305843009213693952 0 0 0 3458764513820540928 0
31 2 103 2 191 2 0 0 4611686018427387904 0 0 0 9223372036854775808 0 0 0 13835058055282163712 0
32 2 104 2 128 2 0 0 0 1 0 0 0 2 0 0 0 3
33 2 105 2 129 2 0 0 0 4 0 0 0 8 0 0 0 12
34 2 106 2 130 2 0 0 0 16 0 0 0 32 0 0 0 48
35 2 107 2 131 2 0 0 0 64 0 0 0 128 0 0 0 192
36 2 108 2 132 2 0 0 0 256 0 0 0 512 0 0 0 768
37 2 109 2 133 2 0 0 0 1024 0 0 0 2048 0 0 0 3072
38 2 110 2 134 2 0 0 0 4096 0 0 0 8192 0 0 0 12288
39 2 111 2 135 2 0 0 0 16384 0 0 0 32768 0 0 0 49152
40 2 112 2 136 2 0 0 0 65536 0 0 0 131072 0 0 0 196608
41 2 113 2 137 2 0 0 0 262144 0 0 0 524288 0 0 0 786432
42 2 114 2 138 2 0 0 0 1048576 0 0 0 2097152 0 0 0 3145728
43 2 115 2 139 2 0 0 0 4194304 0 0 0 8388608 0 0 0 12582912
44 2 116 2 140 2 0 0 0 16777216 0 0 0 33554432 0 0 0 50331648
45 2 117 2 141 2 0 0 0 67108864 0 0 0 134217728 0 0 0 201326592
46 2 118 2 142 2 0 0 0 268435456 0 0 0 536870912 0 0 0 805306368
47 2 119 2 143 2 0 0 0 1073741824 0 0 0 2147483648 0 0 0 3221225472
48 2 120 2 144 2 0 0 0 4294967296 0 0 0 8589934592 0 0 0 12884901888
49 2 121 2 145 2 0 0 0 17179869184 0 0 0 34359738368 0 0 0 51539607552
50 2 122 2 146 2 0 0 0 68719476736 0 0 0 137438953472 0 0 0 206158430208
51 2 123 2 147 2 0 0 0 274877906944 0 0 0 549755813888 0 0 0 824633720832
52 2 124 2 148 2 0 0 0 1099511627776 0 0 0 2199023255552 0 0 0 3298534883328
53 2 125 2 149 2 0 0 0 4398046511104 0 0 0 8796093022208 0 0 0 13194139533312
54 2 126 2 150 2 0 0 0 17592186044416 0 0 0 35184372088832 0 0 0 52776558133248
55 2 127 2 151 2 0 0 0 70368744177664 0 0 0 140737488355328 0 0 0 211106232532992
56 2 64 2 152 2 0 0 0 281474976710656 0 0 0 562949953421312 0 0 0 844424930131968
57 2 65 2 153 2 0 0 0 1125899906842624 0 0 0 2251799813685248 0 0 0 3377699720527872
58 2 66 2 154 2 0 0 0 4503599627370496 0 0 0 9007199254740992 0 0 0 13510798882111488
59 2 67 2 155 2 0 0 0 18014398509481984 0 0 0 36028797018963968 0 0 0 54043195528445952
60 2 68 2 156 2 0 0 0 72057594037927936 0 0 0 144115188075855872 0 0 0 216172782113783808
61 2 69 2 157 2 0 0 0 288230376151711744 0 0 0 576460752303423488 0 0 0 864691128455135232
62 2 70 2 158 2 0 0 0 1152921504606846976 0 0 0 2305843009213693952 0 0 0 3458764513820540928
63 2 71 2 159 2 0 0 0 4611686018427387904 0 0 0 9223372036854775808 0 0 0 13835058055282163712
