512 192 4 64
0 1 64 1 128 1 131072 281474976776192 844433520066562 844437815099395 196608 562949953552384 281487861612547 281479271809025 65536 844424930328576 562954248388609 562958543552514
1 1 65 1 129 1 524288 1125899907104768 3377734080266248 3377751260397580 786432 2251799814209536 1125951446450188 1125917087236100 262144 3377699721314304 2251816993554436 2251834174210056
2 1 66 1 130 1 2097152 4503599628419072 13510936321064992 13511005041590320 3145728 9007199256838144 4503805785800752 4503668348944400 1048576 13510798885257216 9007267974217744 9007336696840224
3 1 67 1 131 1 8388608 18014398513676288 54043745284259968 54044020166361280 12582912 36028797027352576 18015223143203008 18014673395777600 4194304 54043195541028864 36029071896870976 36029346787360896
4 1 68 1 132 1 33554432 72057594054705152 216174981137039872 216176080665445120 50331648 144115188109410304 72060892572812032 72058693583110400 16777216 216172782164115456 144116287587483904 144117387149443584
5 1 69 1 133 1 134217728 288230376218820608 864699924548159488 864704322661780480 201326592 576460752437641216 288243570291248128 288234774332441600 67108864 864691128656461824 576465150349935616 576469548597774336
6 1 70 1 134 1 536870912 1152921504875282432 3458799698192637952 3458817290647121920 805306368 2305843009750564864 1152974281164992512 1152939097329766400 268435456 3458764514625847296 2305860601399742464 2305878194391097344
7 1 71 1 135 1 2147483648 4611686019501129728 13835198792770551808 13835269162588487680 3221225472 9223372039002259456 4611897124659970048 4611756389319065600 1073741824 13835058058503389184 9223442405598969856 9223512777564389376
8 1 72 1 136 1 8589934593 4294967296 562949953552387 844429225295875 12884901890 8589934592 844424930328577 281483566710785 4294967299 12884901888 281474976776194 562962838454274
9 1 73 1 137 1 34359738372 17179869184 2251799814209548 3377716901183500 51539607560 34359738368 3377699721314308 1125934266843140 17179869196 51539607552 1125899907104776 2251851353817096
10 1 74 1 138 1 137438953488 68719476736 9007199256838192 13510867604734000 206158430240 137438953472 13510798885257232 4503737067372560 68719476784 206158430208 4503599628419104 9007405415268384
11 1 75 1 139 1 549755813952 274877906944 36028797027352768 54043470418936000 824633720960 549755813888 54043195541028928 18014948269490240 274877907136 824633720832 18014398513676416 36029621661073536
12 1 76 1 140 1 2199023255808 1099511627776 144115188109411072 216173881675744000 3298534883840 2199023255552 216172782164115712 72059793077960960 1099511628544 3298534883328 72057594054705664 144118486644294144
13 1 77 1 141 1 8796093023232 4398046511104 576460752437644288 864695526702976000 13194139535360 8796093022208 864691128656462848 288239172311843840 4398046514176 13194139533312 288230376218822656 576473946577176576
14 1 78 1 142 1 35184372092928 17592186044416 2305843009750577152 3458782106811904000 52776558141440 35184372088832 3458764514625851392 1152956689247375360 17592186056704 52776558133248 1152921504875290624 2305895786308706304
15 1 79 1 143 1 140737488371712 70368744177664 9223372039002308608 13835128427247616000 211106232565760 140737488355328 13835058058503405568 4611826756989501440 70368744226816 211106232532992 4611686019501162496 9223583145234825216
16 1 80 1 144 1 562949953486848 281474976710656 8590131203 281487861809154 844424930263040 562949953421312 12884967425 562954248454147 281474976907264 844424930131968 4295098370 844433520197633
17 1 81 1 145 1 2251799813947392 1125899906842624 34360524812 1125951447236616 3377699721052160 2251799813685248 51539869700 2251816993816588 1125899907629056 3377699720527872 17180393480 3377734080790532
18 1 82 1 146 1 9007199255789568 4503599627370496 137442099248 4503805788946464 13510798884208640 9007199254740992 206159478800 9007267975266352 4503599630516224 13510798882111488 68721573920 13510936323162128
19 1 83 1 147 1 36028797023158272 18014398509481984 549768396992 18015223155785856 54043195536834560 36028797018963968 824637915200 36029071901065408 18014398522064896 54043195528445952 274886295680 54043745292648512
20 1 84 1 148 1 144115188092633088 72057594037927936 2199073587968 72060892623143424 216172782147338240 144115188075855872 3298551660800 144116287604261632 72057594088259584 216172782113783808 1099545182720 216174981170594048
21 1 85 1 149 1 576460752370532352 288230376151711744 8796294351872 288243570492573696 864691128589352960 576460752303423488 13194206643200 576465150417046528 288230376353038336 864691128455135232 4398180730880 864699924682376192
22 1 86 1 150 1 2305843009482129408 1152921504606846976 35185177407488 1152974281970294784 3458764514357411840 2305843009213693952 52776826572800 2305860601668186112 1152921505412153344 3458764513820540928 17592722923520 3458799698729504768
23 1 87 1 151 1 9223372037928517632 4611686018427387904 140740709629952 4611897127881179136 13835058057429647360 9223372036854775808 211107306291200 9223442406672744448 4611686021648613376 13835058055282163712 70370891694080 13835198794918019072
24 1 88 1 152 1 4294967297 2 562962838519809 844437815164928 8589934594 3 844429225164802 281479271874560 12884901891 1 281483566776323 562958543421440
25 1 89 1 153 1 17179869188 8 2251851354079236 3377751260659712 34359738376 12 3377716900659208 1125917087498240 51539607564 4 1125934267105292 2251834173685760
26 1 90 1 154 1 68719476752 32 9007405416316944 13511005042638848 137438953504 48 13510867602636832 4503668349992960 206158430256 16 4503737068421168 9007336694743040
27 1 91 1 155 1 274877907008 128 36029621665267776 54044020170555392 549755814016 192 54043470410547328 18014673399971840 824633721024 64 18014948273684672 36029346778972160
28 1 92 1 156 1 1099511628032 512 144118486661071104 216176080682221568 2199023256064 768 216173881642189312 72058693599887360 3298534884096 256 72059793094738688 144117387115888640
29 1 93 1 157 1 4398046512128 2048 576473946644284416 864704322728886272 8796093024256 3072 864695526568757248 288234774399549440 13194139536384 1024 288239172378954752 576469548463554560
30 1 94 1 158 1 17592186048512 8192 2305895786577137664 3458817290915545088 35184372097024 12288 3458782106275028992 1152939097598197760 52776558145536 4096 1152956689515819008 2305878193854218240
31 1 95 1 159 1 70368744194048 32768 9223583146308550656 13835269163662180352 140737488388096 49152 13835128425100115968 4611756390392791040 211106232582144 16384 4611826758063276032 9223512775416872960
32 1 96 1 160 1 281474976776192 131072 844437815099395 844433520066562 562949953552384 196608 281479271809025 281487861612547 844424930328576 65536 562958543552514 562954248388609
33 1 97 1 161 1 1125899907104768 524288 3377751260397580 3377734080266248 2251799814209536 786432 1125917087236100 1125951446450188 3377699721314304 262144 2251834174210056 2251816993554436
34 1 98 1 162 1 4503599628419072 2097152 13511005041590320 13510936321064992 9007199256838144 3145728 4503668348944400 4503805785800752 13510798885257216 1048576 9007336696840224 9007267974217744
35 1 99 1 163 1 18014398513676288 8388608 54044020166361280 54043745284259968 36028797027352576 12582912 18014673395777600 18015223143203008 54043195541028864 4194304 36029346787360896 36029071896870976
36 1 100 1 164 1 72057594054705152 33554432 216176080665445120 216174981137039872 144115188109410304 50331648 72058693583110400 72060892572812032 216172782164115456 16777216 144117387149443584 144116287587483904
37 1 101 1 165 1 288230376218820608 134217728 864704322661780480 864699924548159488 576460752437641216 201326592 288234774332441600 288243570291248128 864691128656461824 67108864 576469548597774336 576465150349935616
38 1 102 1 166 1 1152921504875282432 536870912 3458817290647121920 3458799698192637952 2305843009750564864 805306368 1152939097329766400 1152974281164992512 3458764514625847296 268435456 2305878194391097344 2305860601399742464
39 1 103 1 167 1 4611686019501129728 2147483648 13835269162588487680 13835198792770551808 9223372039002259456 3221225472 4611756389319065600 4611897124659970048 13835058058503389184 1073741824 9223512777564389376 9223442405598969856
40 1 104 1 168 1 4294967296 8589934593 844429225295875 562949953552387 8589934592 12884901890 281483566710785 844424930328577 12884901888 4294967299 562962838454274 281474976776194
41 1 105 1 169 1 17179869184 34359738372 3377716901183500 2251799814209548 34359738368 51539607560 1125934266843140 3377699721314308 51539607552 17179869196 2251851353817096 1125899907104776
42 1 106 1 170 1 68719476736 137438953488 13510867604734000 9007199256838192 137438953472 206158430240 4503737067372560 13510798885257232 206158430208 68719476784 9007405415268384 4503599628419104
43 1 107 1 171 1 274877906944 549755813952 54043470418936000 36028797027352768 549755813888 824633720960 18014948269490240 54043195541028928 824633720832 274877907136 36029621661073536 18014398513676416
44 1 108 1 172 1 1099511627776 2199023255808 216173881675744000 144115188109411072 2199023255552 3298534883840 72059793077960960 216172782164115712 3298534883328 1099511628544 144118486644294144 72057594054705664
45 1 109 1 173 1 4398046511104 8796093023232 864695526702976000 576460752437644288 8796093022208 13194139535360 288239172311843840 864691128656462848 13194139533312 4398046514176 576473946577176576 288230376218822656
46 1 110 1 174 1 17592186044416 35184372092928 3458782106811904000 2305843009750577152 35184372088832 52776558141440 1152956689247375360 3458764514625851392 52776558133248 17592186056704 2305895786308706304 1152921504875290624
47 1 111 1 175 1 70368744177664 140737488371712 13835128427247616000 9223372039002308608 140737488355328 211106232565760 4611826756989501440 13835058058503405568 211106232532992 70368744226816 9223583145234825216 4611686019501162496
48 1 112 1 176 1 281474976710656 562949953486848 281487861809154 8590131203 562949953421312 844424930263040 562954248454147 12884967425 844424930131968 281474976907264 844433520197633 4295098370
49 1 113 1 177 1 1125899906842624 2251799813947392 1125951447236616 34360524812 2251799813685248 3377699721052160 2251816993816588 51539869700 3377699720527872 1125899907629056 3377734080790532 17180393480
50 1 114 1 178 1 4503599627370496 9007199255789568 4503805788946464 137442099248 9007199254740992 13510798884208640 9007267975266352 206159478800 13510798882111488 4503599630516224 13510936323162128 68721573920
51 1 115 1 179 1 18014398509481984 36028797023158272 18015223155785856 549768396992 36028797018963968 54043195536834560 36029071901065408 824637915200 54043195528445952 18014398522064896 54043745292648512 274886295680
52 1 116 1 180 1 72057594037927936 144115188092633088 72060892623143424 2199073587968 144115188075855872 216172782147338240 144116287604261632 3298551660800 216172782113783808 72057594088259584 216174981170594048 1099545182720
53 1 117 1 181 1 288230376151711744 576460752370532352 288243570492573696 8796294351872 576460752303423488 864691128589352960 576465150417046528 13194206643200 864691128455135232 288230376353038336 864699924682376192 4398180730880
54 1 118 1 182 1 1152921504606846976 2305843009482129408 1152974281970294784 35185177407488 2305843009213693952 3458764514357411840 2305860601668186112 52776826572800 3458764513820540928 1152921505412153344 3458799698729504768 17592722923520
55 1 119 1 183 1 4611686018427387904 9223372037928517632 4611897127881179136 140740709629952 9223372036854775808 13835058057429647360 9223442406672744448 211107306291200 13835058055282163712 4611686021648613376 13835198794918019072 70370891694080
56 1 120 1 184 1 2 4294967297 844437815164928 562962838519809 3 8589934594 281479271874560 844429225164802 1 12884901891 562958543421440 281483566776323
57 1 121 1 185 1 8 17179869188 3377751260659712 2251851354079236 12 34359738376 1125917087498240 3377716900659208 4 51539607564 2251834173685760 1125934267105292
58 1 122 1 186 1 32 68719476752 13511005042638848 9007405416316944 48 137438953504 4503668349992960 13510867602636832 16 206158430256 9007336694743040 4503737068421168
59 1 123 1 187 1 128 274877907008 54044020170555392 36029621665267776 192 549755814016 18014673399971840 54043470410547328 64 824633721024 36029346778972160 18014948273684672
60 1 124 1 188 1 512 1099511628032 216176080682221568 144118486661071104 768 2199023256064 72058693599887360 216173881642189312 256 3298534884096 144117387115888640 72059793094738688
61 1 125 1 189 1 2048 4398046512128 864704322728886272 576473946644284416 3072 8796093024256 288234774399549440 864695526568757248 1024 13194139536384 576469548463554560 288239172378954752
62 1 126 1 190 1 8192 17592186048512 3458817290915545088 2305895786577137664 12288 35184372097024 1152939097598197760 3458782106275028992 4096 52776558145536 2305878193854218240 1152956689515819008
63 1 127 1 191 1 32768 70368744194048 13835269163662180352 9223583146308550656 49152 140737488388096 4611756390392791040 13835128425100115968 16384 211106232582144 9223512775416872960 4611826758063276032
62 1 106 1 184 1 281487861678081 8590000131 562954248454144 844424930131968 562954248519682 12885032961 844433520197632 281474976710656 844433520263171 4295163906 281487861809152 562949953421312
63 1 107 1 185 1 1125951446712324 34360000524 2251816993816576 3377699720527872 2251816994078728 51540131844 3377734080790528 1125899906842624 3377734081052684 17180655624 1125951447236608 2251799813685248
0 1 108 1 186 1 4503805786849296 137440002096 9007267975266304 13510798882111488 9007267976314912 206160527376 13510936323162112 4503599627370496 13510936324210736 68722622496 4503805788946432 9007199254740992
1 1 109 1 187 1 18015223147397184 549760008384 36029071901065216 54043195528445952 36029071905259648 824642109504 54043745292648448 18014398509481984 54043745296842944 274890489984 18015223155785728 36028797018963968
2 1 110 1 188 1 72060892589588736 2199040033536 144116287604260864 216172782113783808 144116287621038592 3298568438016 216174981170593792 72057594037927936 216174981187371776 1099561959936 72060892623142912 144115188075855872
3 1 111 1 189 1 288243570358354944 8796160134144 576465150417043456 864691128455135232 576465150484154368 13194273752064 864699924682375168 288230376151711744 864699924749487104 4398247839744 288243570492571648 576460752303423488
4 1 112 1 190 1 1152974281433419776 35184640536576 2305860601668173824 3458764513820540928 2305860601936617472 52777095008256 3458799698729500672 1152921504606846976 3458799698997948416 17592991358976 1152974281970286592 2305843009213693952
5 1 113 1 191 1 4611897125733679104 140738562146304 9223442406672695296 13835058055282163712 9223442407746469888 211108380033024 13835198794918002688 4611686018427387904 13835198795991793664 70371965435904 4611897127881146368 9223372036854775808
6 1 114 1 128 1 844429225164800 562954248585217 281479271677955 2 281483566776320 844433520132098 562958543355905 3 562962838519808 281487861743619 844437815033858 1
7 1 115 1 129 1 3377716900659200 2251816994340868 1125917086711820 8 1125934267105280 3377734080528392 2251834173423620 12 2251851354079232 1125951446974476 3377751260135432 4
8 1 116 1 130 1 13510867602636800 9007267977363472 4503668346847280 32 4503737068421120 13510936322113568 9007336693694480 48 9007405416316928 4503805787897904 13511005040541728 16
9 1 117 1 131 1 54043470410547200 36029071909453888 18014673387389120 128 18014948273684480 54043745288454272 36029346774777920 192 36029621665267712 18015223151591616 54044020162166912 64
10 1 118 1 132 1 216173881642188800 144116287637815552 72058693549556480 512 72059793094737920 216174981153817088 144117387099111680 768 144118486661070848 72060892606366464 216176080648667648 256
11 1 119 1 133 1 864695526568755200 576465150551262208 288234774198225920 2048 288239172378951680 864699924615268352 576469548396446720 3072 576473946644283392 288243570425465856 864704322594670592 1024
12 1 120 1 134 1 3458782106275020800 2305860602205048832 1152939096792903680 8192 1152956689515806720 3458799698461073408 2305878193585786880 12288 2305895786577133568 1152974281701863424 3458817290378682368 4096
13 1 121 1 135 1 13835128425100083200 9223442408820195328 4611756387171614720 32768 4611826758063226880 13835198793844293632 9223512774343147520 49152 9223583146308534272 4611897126807453696 13835269161514729472 16384
14 1 122 1 136 1 281479271677954 281487861678083 281474976907264 131073 562958543355907 562954248519681 562949953486848 196610 844437815033857 844433520263170 844424930263040 65539
15 1 123 1 137 1 1125917086711816 1125951446712332 1125899907629056 524292 2251834173423628 2251816994078724 2251799813947392 786440 3377751260135428 3377734081052680 3377699721052160 262156
16 1 124 1 138 1 4503668346847264 4503805786849328 4503599630516224 2097168 9007336693694512 9007267976314896 9007199255789568 3145760 13511005040541712 13510936324210720 13510798884208640 1048624
17 1 125 1 139 1 18014673387389056 18015223147397312 18014398522064896 8388672 36029346774778048 36029071905259584 36028797023158272 12583040 54044020162166848 54043745296842880 54043195536834560 4194496
18 1 126 1 140 1 72058693549556224 72060892589589248 72057594088259584 33554688 144117387099112192 144116287621038336 144115188092633088 50332160 216176080648667392 216174981187371520 216172782147338240 16777984
19 1 127 1 141 1 288234774198224896 288243570358356992 288230376353038336 134218752 576469548396448768 576465150484153344 576460752370532352 201328640 864704322594669568 864699924749486080 864691128589352960 67111936
20 1 64 1 142 1 1152939096792899584 1152974281433427968 1152921505412153344 536875008 2305878193585795072 2305860601936613376 2305843009482129408 805314560 3458817290378678272 3458799698997944320 3458764514357411840 268447744
21 1 65 1 143 1 4611756387171598336 4611897125733711872 4611686021648613376 2147500032 9223512774343180288 9223442407746453504 9223372037928517632 3221258240 13835269161514713088 13835198795991777280 13835058057429647360 1073790976
22 1 66 1 144 1 281474976841729 844429225295873 12884901888 8590000129 562949953617922 281483566710786 4294967296 12885032962 844424930197507 562962838454275 8589934592 4295163907
23 1 67 1 145 1 1125899907366916 3377716901183492 51539607552 34360000516 2251799814471688 1125934266843144 17179869184 51540131848 3377699720790028 2251851353817100 34359738368 17180655628
24 1 68 1 146 1 4503599629467664 13510867604733968 206158430208 137440002064 9007199257886752 4503737067372576 68719476736 206160527392 13510798883160112 9007405415268400 137438953472 68722622512
25 1 69 1 147 1 18014398517870656 54043470418935872 824633720832 549760008256 36028797031547008 18014948269490304 274877906944 824642109568 54043195532640448 36029621661073600 549755813888 274890490048
26 1 70 1 148 1 72057594071482624 216173881675743488 3298534883328 2199040033024 144115188126188032 72059793077961216 1099511627776 3298568438272 216172782130561792 144118486644294400 2199023255552 1099561960192
27 1 71 1 149 1 288230376285930496 864695526702973952 13194139533312 8796160132096 576460752504752128 288239172311844864 4398046511104 13194273753088 864691128522247168 576473946577177600 8796093022208 4398247840768
28 1 72 1 150 1 1152921505143721984 3458782106811895808 52776558133248 35184640528384 2305843010019008512 1152956689247379456 17592186044416 52777095012352 3458764514088988672 2305895786308710400 35184372088832 17592991363072
29 1 73 1 151 1 4611686020574887936 13835128427247583232 211106232532992 140738562113536 9223372040076034048 4611826756989517824 70368744177664 211108380049408 13835058056355954688 9223583145234841600 140737488355328 70371965452288
30 1 74 1 152 1 8590000131 281487861678081 844424930131968 562954248454144 12885032961 562954248519682 281474976710656 844433520197632 4295163906 844433520263171 562949953421312 281487861809152
31 1 75 1 153 1 34360000524 1125951446712324 3377699720527872 2251816993816576 51540131844 2251816994078728 1125899906842624 3377734080790528 17180655624 3377734081052684 2251799813685248 1125951447236608
32 1 76 1 154 1 137440002096 4503805786849296 13510798882111488 9007267975266304 206160527376 9007267976314912 4503599627370496 13510936323162112 68722622496 13510936324210736 9007199254740992 4503805788946432
33 1 77 1 155 1 549760008384 18015223147397184 54043195528445952 36029071901065216 824642109504 36029071905259648 18014398509481984 54043745292648448 274890489984 54043745296842944 36028797018963968 18015223155785728
34 1 78 1 156 1 2199040033536 72060892589588736 216172782113783808 144116287604260864 3298568438016 144116287621038592 72057594037927936 216174981170593792 1099561959936 216174981187371776 144115188075855872 72060892623142912
35 1 79 1 157 1 8796160134144 288243570358354944 864691128455135232 576465150417043456 13194273752064 576465150484154368 288230376151711744 864699924682375168 4398247839744 864699924749487104 576460752303423488 288243570492571648
36 1 80 1 158 1 35184640536576 1152974281433419776 3458764513820540928 2305860601668173824 52777095008256 2305860601936617472 1152921504606846976 3458799698729500672 17592991358976 3458799698997948416 2305843009213693952 1152974281970286592
37 1 81 1 159 1 140738562146304 4611897125733679104 13835058055282163712 9223442406672695296 211108380033024 9223442407746469888 4611686018427387904 13835198794918002688 70371965435904 13835198795991793664 9223372036854775808 4611897127881146368
38 1 82 1 160 1 562954248585217 844429225164800 2 281479271677955 844433520132098 281483566776320 3 562958543355905 281487861743619 562962838519808 1 844437815033858
39 1 83 1 161 1 2251816994340868 3377716900659200 8 1125917086711820 3377734080528392 1125934267105280 12 2251834173423620 1125951446974476 2251851354079232 4 3377751260135432
40 1 84 1 162 1 9007267977363472 13510867602636800 32 4503668346847280 13510936322113568 4503737068421120 48 9007336693694480 4503805787897904 9007405416316928 16 13511005040541728
41 1 85 1 163 1 36029071909453888 54043470410547200 128 18014673387389120 54043745288454272 18014948273684480 192 36029346774777920 18015223151591616 36029621665267712 64 54044020162166912
42 1 86 1 164 1 144116287637815552 216173881642188800 512 72058693549556480 216174981153817088 72059793094737920 768 144117387099111680 72060892606366464 144118486661070848 256 216176080648667648
43 1 87 1 165 1 576465150551262208 864695526568755200 2048 288234774198225920 864699924615268352 288239172378951680 3072 576469548396446720 288243570425465856 576473946644283392 1024 864704322594670592
44 1 88 1 166 1 2305860602205048832 3458782106275020800 8192 1152939096792903680 3458799698461073408 1152956689515806720 12288 2305878193585786880 1152974281701863424 2305895786577133568 4096 3458817290378682368
45 1 89 1 167 1 9223442408820195328 13835128425100083200 32768 4611756387171614720 13835198793844293632 4611826758063226880 49152 9223512774343147520 4611897126807453696 9223583146308534272 16384 13835269161514729472
46 1 90 1 168 1 281487861678083 281479271677954 131073 281474976907264 562954248519681 562958543355907 196610 562949953486848 844433520263170 844437815033857 65539 844424930263040
47 1 91 1 169 1 1125951446712332 1125917086711816 524292 1125899907629056 2251816994078724 2251834173423628 786440 2251799813947392 3377734081052680 3377751260135428 262156 3377699721052160
48 1 92 1 170 1 4503805786849328 4503668346847264 2097168 4503599630516224 9007267976314896 9007336693694512 3145760 9007199255789568 13510936324210720 13511005040541712 1048624 13510798884208640
49 1 93 1 171 1 18015223147397312 18014673387389056 8388672 18014398522064896 36029071905259584 36029346774778048 12583040 36028797023158272 54043745296842880 54044020162166848 4194496 54043195536834560
50 1 94 1 172 1 72060892589589248 72058693549556224 33554688 72057594088259584 144116287621038336 144117387099112192 50332160 144115188092633088 216174981187371520 216176080648667392 16777984 216172782147338240
51 1 95 1 173 1 288243570358356992 288234774198224896 134218752 288230376353038336 576465150484153344 576469548396448768 201328640 576460752370532352 864699924749486080 864704322594669568 67111936 864691128589352960
52 1 96 1 174 1 1152974281433427968 1152939096792899584 536875008 1152921505412153344 2305860601936613376 2305878193585795072 805314560 2305843009482129408 3458799698997944320 3458817290378678272 268447744 3458764514357411840
53 1 97 1 175 1 4611897125733711872 4611756387171598336 2147500032 4611686021648613376 9223442407746453504 9223512774343180288 3221258240 9223372037928517632 13835198795991777280 13835269161514713088 1073790976 13835058057429647360
54 1 98 1 176 1 844429225295873 281474976841729 8590000129 12884901888 281483566710786 562949953617922 12885032962 4294967296 562962838454275 844424930197507 4295163907 8589934592
55 1 99 1 177 1 3377716901183492 1125899907366916 34360000516 51539607552 1125934266843144 2251799814471688 51540131848 17179869184 2251851353817100 3377699720790028 17180655628 34359738368
56 1 100 1 178 1 13510867604733968 4503599629467664 137440002064 206158430208 4503737067372576 9007199257886752 206160527392 68719476736 9007405415268400 13510798883160112 68722622512 137438953472
57 1 101 1 179 1 54043470418935872 18014398517870656 549760008256 824633720832 18014948269490304 36028797031547008 824642109568 274877906944 36029621661073600 54043195532640448 274890490048 549755813888
58 1 102 1 180 1 216173881675743488 72057594071482624 2199040033024 3298534883328 72059793077961216 144115188126188032 3298568438272 1099511627776 144118486644294400 216172782130561792 1099561960192 2199023255552
59 1 103 1 181 1 864695526702973952 288230376285930496 8796160132096 13194139533312 288239172311844864 576460752504752128 13194273753088 4398046511104 576473946577177600 864691128522247168 4398247840768 8796093022208
60 1 104 1 182 1 3458782106811895808 1152921505143721984 35184640528384 52776558133248 1152956689247379456 2305843010019008512 52777095012352 17592186044416 2305895786308710400 3458764514088988672 17592991363072 35184372088832
61 1 105 1 183 1 13835128427247583232 4611686020574887936 140738562113536 211106232532992 4611826756989517824 9223372040076034048 211108380049408 70368744177664 9223583145234841600 13835058056355954688 70371965452288 140737488355328
62 1 96 1 154 1 281487861743618 562958543552515 844433520132097 562954248519681 562954248585219 844437815099393 281487861743618 844433520263170 844433520132097 281479271809026 562954248585219 281487861678083
63 1 97 1 155 1 1125951446974472 2251834174210060 3377734080528388 2251816994078724 2251816994340876 3377751260397572 1125951446974472 3377734081052680 3377734080528388 1125917087236104 2251816994340876 1125951446712332
0 1 98 1 156 1 4503805787897888 9007336696840240 13510936322113552 9007267976314896 9007267977363504 13511005041590288 4503805787897888 13510936324210720 13510936322113552 4503668348944416 9007267977363504 4503805786849328
1 1 99 1 157 1 18015223151591552 36029346787360960 54043745288454208 36029071905259584 36029071909454016 54044020166361152 18015223151591552 54043745296842880 54043745288454208 18014673395777664 36029071909454016 18015223147397312
2 1 100 1 158 1 72060892606366208 144117387149443840 216174981153816832 144116287621038336 144116287637816064 216176080665444608 72060892606366208 216174981187371520 216174981153816832 72058693583110656 144116287637816064 72060892589589248
3 1 101 1 159 1 288243570425464832 576469548597775360 864699924615267328 576465150484153344 576465150551264256 864704322661778432 288243570425464832 864699924749486080 864699924615267328 288234774332442624 576465150551264256 288243570358356992
4 1 102 1 160 1 1152974281701859328 2305878194391101440 3458799698461069312 2305860601936613376 2305860602205057024 3458817290647113728 1152974281701859328 3458799698997944320 3458799698461069312 1152939097329770496 2305860602205057024 1152974281433427968
5 1 103 1 161 1 4611897126807437312 9223512777564405760 13835198793844277248 9223442407746453504 9223442408820228096 13835269162588454912 4611897126807437312 13835198795991777280 13835198793844277248 4611756389319081984 9223442408820228096 4611897125733711872
6 1 104 1 162 1 844433520197634 562962838519809 562954248454146 281483566710787 281487861809155 844429225164802 844433520197635 562962838454273 562954248454145 281483566776323 281487861809153 844429225295874
7 1 105 1 163 1 3377734080790536 2251851354079236 2251816993816584 1125934266843148 1125951447236620 3377716900659208 3377734080790540 2251851353817092 2251816993816580 1125934267105292 1125951447236612 3377716901183496
8 1 106 1 164 1 13510936323162144 9007405416316944 9007267975266336 4503737067372592 4503805788946480 13510867602636832 13510936323162160 9007405415268368 9007267975266320 4503737068421168 4503805788946448 13510867604733984
9 1 107 1 165 1 54043745292648576 36029621665267776 36029071901065344 18014948269490368 18015223155785920 54043470410547328 54043745292648640 36029621661073472 36029071901065280 18014948273684672 18015223155785792 54043470418935936
10 1 108 1 166 1 216174981170594304 144118486661071104 144116287604261376 72059793077961472 72060892623143680 216173881642189312 216174981170594560 144118486644293888 144116287604261120 72059793094738688 72060892623143168 216173881675743744
11 1 109 1 167 1 864699924682377216 576473946644284416 576465150417045504 288239172311845888 288243570492574720 864695526568757248 864699924682378240 576473946577175552 576465150417044480 288239172378954752 288243570492572672 864695526702974976
12 1 110 1 168 1 3458799698729508864 2305895786577137664 2305860601668182016 1152956689247383552 1152974281970298880 3458782106275028992 3458799698729512960 2305895786308702208 2305860601668177920 1152956689515819008 1152974281970290688 3458782106811899904
13 1 111 1 169 1 13835198794918035456 9223583146308550656 9223442406672728064 4611826756989534208 4611897127881195520 13835128425100115968 13835198794918051840 9223583145234808832 9223442406672711680 4611826758063276032 4611897127881162752 13835128427247599616
14 1 112 1 170 1 562958543486978 844437815099395 281479271809025 562954248585218 844437815230467 281479271809025 562958543552514 844433520132099 281479271743489 562958543552514 844437815099395 281487861743617
15 1 113 1 171 1 2251834173947912 3377751260397580 1125917087236100 2251816994340872 3377751260921868 1125917087236100 2251834174210056 3377734080528396 1125917086973956 2251834174210056 3377751260397580 1125951446974468
16 1 114 1 172 1 9007336695791648 13511005041590320 4503668348944400 9007267977363488 13511005043687472 4503668348944400 9007336696840224 13510936322113584 4503668347895824 9007336696840224 13511005041590320 4503805787897872
17 1 115 1 173 1 36029346783166592 54044020166361280 18014673395777600 36029071909453952 54044020174749888 18014673395777600 36029346787360896 54043745288454336 18014673391583296 36029346787360896 54044020166361280 18015223151591488
18 1 116 1 174 1 144117387132666368 216176080665445120 72058693583110400 144116287637815808 216176080698999552 72058693583110400 144117387149443584 216174981153817344 72058693566333184 144117387149443584 216176080665445120 72060892606365952
19 1 117 1 175 1 576469548530665472 864704322661780480 288234774332441600 576465150551263232 864704322795998208 288234774332441600 576469548597774336 864699924615269376 288234774265332736 576469548597774336 864704322661780480 288243570425463808
20 1 118 1 176 1 2305878194122661888 3458817290647121920 1152939097329766400 2305860602205052928 3458817291183992832 1152939097329766400 2305878194391097344 3458799698461077504 1152939097061330944 2305878194391097344 3458817290647121920 1152974281701855232
21 1 119 1 177 1 9223512776490647552 13835269162588487680 4611756389319065600 9223442408820211712 13835269164735971328 4611756389319065600 9223512777564389376 13835198793844310016 4611756388245323776 9223512777564389376 13835269162588487680 4611897126807420928
22 1 120 1 178 1 562958543486979 844429225295874 281483566710786 281487861743617 844437815230465 281483566710787 562962838454275 562954248585218 281479271743490 562962838454273 844429225295873 844433520132099
23 1 121 1 179 1 2251834173947916 3377716901183496 1125934266843144 1125951446974468 3377751260921860 1125934266843148 2251851353817100 2251816994340872 1125917086973960 2251851353817092 3377716901183492 3377734080528396
24 1 122 1 180 1 9007336695791664 13510867604733984 4503737067372576 4503805787897872 13511005043687440 4503737067372592 9007405415268400 9007267977363488 4503668347895840 9007405415268368 13510867604733968 13510936322113584
25 1 123 1 181 1 36029346783166656 54043470418935936 18014948269490304 18015223151591488 54044020174749760 18014948269490368 36029621661073600 36029071909453952 18014673391583360 36029621661073472 54043470418935872 54043745288454336
26 1 124 1 182 1 144117387132666624 216173881675743744 72059793077961216 72060892606365952 216176080698999040 72059793077961472 144118486644294400 144116287637815808 72058693566333440 144118486644293888 216173881675743488 216174981153817344
27 1 125 1 183 1 576469548530666496 864695526702974976 288239172311844864 288243570425463808 864704322795996160 288239172311845888 576473946577177600 576465150551263232 288234774265333760 576473946577175552 864695526702973952 864699924615269376
28 1 126 1 184 1 2305878194122665984 3458782106811899904 1152956689247379456 1152974281701855232 3458817291183984640 1152956689247383552 2305895786308710400 2305860602205052928 1152939097061335040 2305895786308702208 3458782106811895808 3458799698461077504
29 1 127 1 185 1 9223512776490663936 13835128427247599616 4611826756989517824 4611897126807420928 13835269164735938560 4611826756989534208 9223583145234841600 9223442408820211712 4611756388245340160 9223583145234808832 13835128427247583232 13835198793844310016
30 1 64 1 186 1 562958543552515 281487861743618 562954248519681 844433520132097 844437815099393 562954248585219 844433520263170 281487861743618 281479271809026 844433520132097 281487861678083 562954248585219
31 1 65 1 187 1 2251834174210060 1125951446974472 2251816994078724 3377734080528388 3377751260397572 2251816994340876 3377734081052680 1125951446974472 1125917087236104 3377734080528388 1125951446712332 2251816994340876
32 1 66 1 188 1 9007336696840240 4503805787897888 9007267976314896 13510936322113552 13511005041590288 9007267977363504 13510936324210720 4503805787897888 4503668348944416 13510936322113552 4503805786849328 9007267977363504
33 1 67 1 189 1 36029346787360960 18015223151591552 36029071905259584 54043745288454208 54044020166361152 36029071909454016 54043745296842880 18015223151591552 18014673395777664 54043745288454208 18015223147397312 36029071909454016
34 1 68 1 190 1 144117387149443840 72060892606366208 144116287621038336 216174981153816832 216176080665444608 144116287637816064 216174981187371520 72060892606366208 72058693583110656 216174981153816832 72060892589589248 144116287637816064
35 1 69 1 191 1 576469548597775360 288243570425464832 576465150484153344 864699924615267328 864704322661778432 576465150551264256 864699924749486080 288243570425464832 288234774332442624 864699924615267328 288243570358356992 576465150551264256
36 1 70 1 128 1 2305878194391101440 1152974281701859328 2305860601936613376 3458799698461069312 3458817290647113728 2305860602205057024 3458799698997944320 1152974281701859328 1152939097329770496 3458799698461069312 1152974281433427968 2305860602205057024
37 1 71 1 129 1 9223512777564405760 4611897126807437312 9223442407746453504 13835198793844277248 13835269162588454912 9223442408820228096 13835198795991777280 4611897126807437312 4611756389319081984 13835198793844277248 4611897125733711872 9223442408820228096
38 1 72 1 130 1 562962838519809 844433520197634 281483566710787 562954248454146 844429225164802 281487861809155 562962838454273 844433520197635 281483566776323 562954248454145 844429225295874 281487861809153
39 1 73 1 131 1 2251851354079236 3377734080790536 1125934266843148 2251816993816584 3377716900659208 1125951447236620 2251851353817092 3377734080790540 1125934267105292 2251816993816580 3377716901183496 1125951447236612
40 1 74 1 132 1 9007405416316944 13510936323162144 4503737067372592 9007267975266336 13510867602636832 4503805788946480 9007405415268368 13510936323162160 4503737068421168 9007267975266320 13510867604733984 4503805788946448
41 1 75 1 133 1 36029621665267776 54043745292648576 18014948269490368 36029071901065344 54043470410547328 18015223155785920 36029621661073472 54043745292648640 18014948273684672 36029071901065280 54043470418935936 18015223155785792
42 1 76 1 134 1 144118486661071104 216174981170594304 72059793077961472 144116287604261376 216173881642189312 72060892623143680 144118486644293888 216174981170594560 72059793094738688 144116287604261120 216173881675743744 72060892623143168
43 1 77 1 135 1 576473946644284416 864699924682377216 288239172311845888 576465150417045504 864695526568757248 288243570492574720 576473946577175552 864699924682378240 288239172378954752 576465150417044480 864695526702974976 288243570492572672
44 1 78 1 136 1 2305895786577137664 3458799698729508864 1152956689247383552 2305860601668182016 3458782106275028992 1152974281970298880 2305895786308702208 3458799698729512960 1152956689515819008 2305860601668177920 3458782106811899904 1152974281970290688
45 1 79 1 137 1 9223583146308550656 13835198794918035456 4611826756989534208 9223442406672728064 13835128425100115968 4611897127881195520 9223583145234808832 13835198794918051840 4611826758063276032 9223442406672711680 13835128427247599616 4611897127881162752
46 1 80 1 138 1 844437815099395 562958543486978 562954248585218 281479271809025 281479271809025 844437815230467 844433520132099 562958543552514 562958543552514 281479271743489 281487861743617 844437815099395
47 1 81 1 139 1 3377751260397580 2251834173947912 2251816994340872 1125917087236100 1125917087236100 3377751260921868 3377734080528396 2251834174210056 2251834174210056 1125917086973956 1125951446974468 3377751260397580
48 1 82 1 140 1 13511005041590320 9007336695791648 9007267977363488 4503668348944400 4503668348944400 13511005043687472 13510936322113584 9007336696840224 9007336696840224 4503668347895824 4503805787897872 13511005041590320
49 1 83 1 141 1 54044020166361280 36029346783166592 36029071909453952 18014673395777600 18014673395777600 54044020174749888 54043745288454336 36029346787360896 36029346787360896 18014673391583296 18015223151591488 54044020166361280
50 1 84 1 142 1 216176080665445120 144117387132666368 144116287637815808 72058693583110400 72058693583110400 216176080698999552 216174981153817344 144117387149443584 144117387149443584 72058693566333184 72060892606365952 216176080665445120
51 1 85 1 143 1 864704322661780480 576469548530665472 576465150551263232 288234774332441600 288234774332441600 864704322795998208 864699924615269376 576469548597774336 576469548597774336 288234774265332736 288243570425463808 864704322661780480
52 1 86 1 144 1 3458817290647121920 2305878194122661888 2305860602205052928 1152939097329766400 1152939097329766400 3458817291183992832 3458799698461077504 2305878194391097344 2305878194391097344 1152939097061330944 1152974281701855232 3458817290647121920
53 1 87 1 145 1 13835269162588487680 9223512776490647552 9223442408820211712 4611756389319065600 4611756389319065600 13835269164735971328 13835198793844310016 9223512777564389376 9223512777564389376 4611756388245323776 4611897126807420928 13835269162588487680
54 1 88 1 146 1 844429225295874 562958543486979 281487861743617 281483566710786 281483566710787 844437815230465 562954248585218 562962838454275 562962838454273 281479271743490 844433520132099 844429225295873
55 1 89 1 147 1 3377716901183496 2251834173947916 1125951446974468 1125934266843144 1125934266843148 3377751260921860 2251816994340872 2251851353817100 2251851353817092 1125917086973960 3377734080528396 3377716901183492
56 1 90 1 148 1 13510867604733984 9007336695791664 4503805787897872 4503737067372576 4503737067372592 13511005043687440 9007267977363488 9007405415268400 9007405415268368 4503668347895840 13510936322113584 13510867604733968
57 1 91 1 149 1 54043470418935936 36029346783166656 18015223151591488 18014948269490304 18014948269490368 54044020174749760 36029071909453952 36029621661073600 36029621661073472 18014673391583360 54043745288454336 54043470418935872
58 1 92 1 150 1 216173881675743744 144117387132666624 72060892606365952 72059793077961216 72059793077961472 216176080698999040 144116287637815808 144118486644294400 144118486644293888 72058693566333440 216174981153817344 216173881675743488
59 1 93 1 151 1 864695526702974976 576469548530666496 288243570425463808 288239172311844864 288239172311845888 864704322795996160 576465150551263232 576473946577177600 576473946577175552 288234774265333760 864699924615269376 864695526702973952
60 1 94 1 152 1 3458782106811899904 2305878194122665984 1152974281701855232 1152956689247379456 1152956689247383552 3458817291183984640 2305860602205052928 2305895786308710400 2305895786308702208 1152939097061335040 3458799698461077504 3458782106811895808
61 1 95 1 153 1 13835128427247599616 9223512776490663936 4611897126807420928 4611826756989517824 4611826756989534208 13835269164735938560 9223442408820211712 9223583145234841600 9223583145234808832 4611756388245340160 13835198793844310016 13835128427247583232
6 2 120 2 136 2 1 0 0 0 2 0 0 0 3 0 0 0
7 2 121 2 137 2 4 0 0 0 8 0 0 0 12 0 0 0
8 2 122 2 138 2 16 0 0 0 32 0 0 0 48 0 0 0
9 2 123 2 139 2 64 0 0 0 128 0 0 0 192 0 0 0
10 2 124 2 140 2 256 0 0 0 512 0 0 0 768 0 0 0
11 2 125 2 141 2 1024 0 0 0 2048 0 0 0 3072 0 0 0
12 2 126 2 142 2 4096 0 0 0 8192 0 0 0 12288 0 0 0
13 2 127 2 143 2 16384 0 0 0 32768 0 0 0 49152 0 0 0
14 2 64 2 144 2 65536 0 0 0 131072 0 0 0 196608 0 0 0
15 2 65 2 145 2 262144 0 0 0 524288 0 0 0 786432 0 0 0
16 2 66 2 146 2 1048576 0 0 0 2097152 0 0 0 3145728 0 0 0
17 2 67 2 147 2 4194304 0 0 0 8388608 0 0 0 12582912 0 0 0
18 2 68 2 148 2 16777216 0 0 0 33554432 0 0 0 50331648 0 0 0
19 2 69 2 149 2 67108864 0 0 0 134217728 0 0 0 201326592 0 0 0
20 2 70 2 150 2 268435456 0 0 0 536870912 0 0 0 805306368 0 0 0
21 2 71 2 151 2 1073741824 0 0 0 2147483648 0 0 0 3221225472 0 0 0
22 2 72 2 152 2 4294967296 0 0 0 8589934592 0 0 0 12884901888 0 0 0
23 2 73 2 153 2 17179869184 0 0 0 34359738368 0 0 0 51539607552 0 0 0
24 2 74 2 154 2 68719476736 0 0 0 137438953472 0 0 0 206158430208 0 0 0
25 2 75 2 155 2 274877906944 0 0 0 549755813888 0 0 0 824633720832 0 0 0
26 2 76 2 156 2 1099511627776 0 0 0 2199023255552 0 0 0 3298534883328 0 0 0
27 2 77 2 157 2 4398046511104 0 0 0 8796093022208 0 0 0 13194139533312 0 0 0
28 2 78 2 158 2 17592186044416 0 0 0 35184372088832 0 0 0 52776558133248 0 0 0
29 2 79 2 159 2 70368744177664 0 0 0 140737488355328 0 0 0 211106232532992 0 0 0
30 2 80 2 160 2 281474976710656 0 0 0 562949953421312 0 0 0 844424930131968 0 0 0
31 2 81 2 161 2 1125899906842624 0 0 0 2251799813685248 0 0 0 3377699720527872 0 0 0
32 2 82 2 162 2 4503599627370496 0 0 0 9007199254740992 0 0 0 13510798882111488 0 0 0
33 2 83 2 163 2 18014398509481984 0 0 0 36028797018963968 0 0 0 54043195528445952 0 0 0
34 2 84 2 164 2 72057594037927936 0 0 0 144115188075855872 0 0 0 216172782113783808 0 0 0
35 2 85 2 165 2 288230376151711744 0 0 0 576460752303423488 0 0 0 864691128455135232 0 0 0
36 2 86 2 166 2 1152921504606846976 0 0 0 2305843009213693952 0 0 0 3458764513820540928 0 0 0
37 2 87 2 167 2 4611686018427387904 0 0 0 9223372036854775808 0 0 0 13835058055282163712 0 0 0
38 2 88 2 168 2 0 1 0 0 0 2 0 0 0 3 0 0
39 2 89 2 169 2 0 4 0 0 0 8 0 0 0 12 0 0
40 2 90 2 170 2 0 16 0 0 0 32 0 0 0 48 0 0
41 2 91 2 171 2 0 64 0 0 0 128 0 0 0 192 0 0
42 2 92 2 172 2 0 256 0 0 0 512 0 0 0 768 0 0
43 2 93 2 173 2 0 1024 0 0 0 2048 0 0 0 3072 0 0
44 2 94 2 174 2 0 4096 0 0 0 8192 0 0 0 12288 0 0
45 2 95 2 175 2 0 16384 0 0 0 32768 0 0 0 49152 0 0
46 2 96 2 176 2 0 65536 0 0 0 131072 0 0 0 196608 0 0
47 2 97 2 177 2 0 262144 0 0 0 524288 0 0 0 786432 0 0
48 2 98 2 178 2 0 1048576 0 0 0 2097152 0 0 0 3145728 0 0
49 2 99 2 179 2 0 4194304 0 0 0 8388608 0 0 0 12582912 0 0
50 2 100 2 180 2 0 16777216 0 0 0 33554432 0 0 0 50331648 0 0
51 2 101 2 181 2 0 67108864 0 0 0 134217728 0 0 0 201326592 0 0
52 2 102 2 182 2 0 268435456 0 0 0 536870912 0 0 0 805306368 0 0
53 2 103 2 183 2 0 1073741824 0 0 0 2147483648 0 0 0 3221225472 0 0
54 2 104 2 184 2 0 4294967296 0 0 0 8589934592 0 0 0 12884901888 0 0
55 2 105 2 185 2 0 17179869184 0 0 0 34359738368 0 0 0 51539607552 0 0
56 2 106 2 186 2 0 68719476736 0 0 0 137438953472 0 0 0 206158430208 0 0
57 2 107 2 187 2 0 274877906944 0 0 0 549755813888 0 0 0 824633720832 0 0
58 2 108 2 188 2 0 1099511627776 0 0 0 2199023255552 0 0 0 3298534883328 0 0
59 2 109 2 189 2 0 4398046511104 0 0 0 8796093022208 0 0 0 13194139533312 0 0
60 2 110 2 190 2 0 17592186044416 0 0 0 35184372088832 0 0 0 52776558133248 0 0
61 2 111 2 191 2 0 70368744177664 0 0 0 140737488355328 0 0 0 211106232532992 0 0
62 2 112 2 128 2 0 281474976710656 0 0 0 562949953421312 0 0 0 844424930131968 0 0
63 2 113 2 129 2 0 1125899906842624 0 0 0 2251799813685248 0 0 0 3377699720527872 0 0
0 2 114 2 130 2 0 4503599627370496 0 0 0 9007199254740992 0 0 0 13510798882111488 0 0
1 2 115 2 131 2 0 18014398509481984 0 0 0 36028797018963968 0 0 0 54043195528445952 0 0
2 2 116 2 132 2 0 72057594037927936 0 0 0 144115188075855872 0 0 0 216172782113783808 0 0
3 2 117 2 133 2 0 288230376151711744 0 0 0 576460752303423488 0 0 0 864691128455135232 0 0
4 2 118 2 134 2 0 1152921504606846976 0 0 0 2305843009213693952 0 0 0 3458764513820540928 0 0
5 2 119 2 135 2 0 4611686018427387904 0 0 0 9223372036854775808 0 0 0 13835058055282163712 0 0
0 2 106 1 154 1 0 0 0 0 0 0 0 0 0 0 0 0
1 2 107 1 155 1 0 0 0 0 0 0 0 0 0 0 0 0
2 2 108 1 156 1 0 0 0 0 0 0 0 0 0 0 0 0
3 2 109 1 157 1 0 0 0 0 0 0 0 0 0 0 0 0
4 2 110 1 158 1 0 0 0 0 0 0 0 0 0 0 0 0
5 2 111 1 159 1 0 0 0 0 0 0 0 0 0 0 0 0
6 2 112 1 160 1 0 0 0 0 0 0 0 0 0 0 0 0
7 2 113 1 161 1 0 0 0 0 0 0 0 0 0 0 0 0
8 2 114 1 162 1 0 0 0 0 0 0 0 0 0 0 0 0
9 2 115 1 163 1 0 0 0 0 0 0 0 0 0 0 0 0
10 2 116 1 164 1 0 0 0 0 0 0 0 0 0 0 0 0
11 2 117 1 165 1 0 0 0 0 0 0 0 0 0 0 0 0
12 2 118 1 166 1 0 0 0 0 0 0 0 0 0 0 0 0
13 2 119 1 167 1 0 0 0 0 0 0 0 0 0 0 0 0
14 2 120 1 168 1 0 0 0 0 0 0 0 0 0 0 0 0
15 2 121 1 169 1 0 0 0 0 0 0 0 0 0 0 0 0
16 2 122 1 170 1 0 0 0 0 0 0 0 0 0 0 0 0
17 2 123 1 171 1 0 0 0 0 0 0 0 0 0 0 0 0
18 2 124 1 172 1 0 0 0 0 0 0 0 0 0 0 0 0
19 2 125 1 173 1 0 0 0 0 0 0 0 0 0 0 0 0
20 2 126 1 174 1 0 0 0 0 0 0 0 0 0 0 0 0
21 2 127 1 175 1 0 0 0 0 0 0 0 0 0 0 0 0
22 2 64 1 176 1 0 0 0 0 0 0 0 0 0 0 0 0
23 2 65 1 177 1 0 0 0 0 0 0 0 0 0 0 0 0
24 2 66 1 178 1 0 0 0 0 0 0 0 0 0 0 0 0
25 2 67 1 179 1 0 0 0 0 0 0 0 0 0 0 0 0
26 2 68 1 180 1 0 0 0 0 0 0 0 0 0 0 0 0
27 2 69 1 181 1 0 0 0 0 0 0 0 0 0 0 0 0
28 2 70 1 182 1 0 0 0 0 0 0 0 0 0 0 0 0
29 2 71 1 183 1 0 0 0 0 0 0 0 0 0 0 0 0
30 2 72 1 184 1 0 0 0 0 0 0 0 0 0 0 0 0
31 2 73 1 185 1 0 0 0 0 0 0 0 0 0 0 0 0
32 2 74 1 186 1 0 0 0 0 0 0 0 0 0 0 0 0
33 2 75 1 187 1 0 0 0 0 0 0 0 0 0 0 0 0
34 2 76 1 188 1 0 0 0 0 0 0 0 0 0 0 0 0
35 2 77 1 189 1 0 0 0 0 0 0 0 0 0 0 0 0
36 2 78 1 190 1 0 0 0 0 0 0 0 0 0 0 0 0
37 2 79 1 191 1 0 0 0 0 0 0 0 0 0 0 0 0
38 2 80 1 128 1 0 0 0 0 0 0 0 0 0 0 0 0
39 2 81 1 129 1 0 0 0 0 0 0 0 0 0 0 0 0
40 2 82 1 130 1 0 0 0 0 0 0 0 0 0 0 0 0
41 2 83 1 131 1 0 0 0 0 0 0 0 0 0 0 0 0
42 2 84 1 132 1 0 0 0 0 0 0 0 0 0 0 0 0
43 2 85 1 133 1 0 0 0 0 0 0 0 0 0 0 0 0
44 2 86 1 134 1 0 0 0 0 0 0 0 0 0 0 0 0
45 2 87 1 135 1 0 0 0 0 0 0 0 0 0 0 0 0
46 2 88 1 136 1 0 0 0 0 0 0 0 0 0 0 0 0
47 2 89 1 137 1 0 0 0 0 0 0 0 0 0 0 0 0
48 2 90 1 138 1 0 0 0 0 0 0 0 0 0 0 0 0
49 2 91 1 139 1 0 0 0 0 0 0 0 0 0 0 0 0
50 2 92 1 140 1 0 0 0 0 0 0 0 0 0 0 0 0
51 2 93 1 141 1 0 0 0 0 0 0 0 0 0 0 0 0
52 2 94 1 142 1 0 0 0 0 0 0 0 0 0 0 0 0
53 2 95 1 143 1 0 0 0 0 0 0 0 0 0 0 0 0
54 2 96 1 144 1 0 0 0 0 0 0 0 0 0 0 0 0
55 2 97 1 145 1 0 0 0 0 0 0 0 0 0 0 0 0
56 2 98 1 146 1 0 0 0 0 0 0 0 0 0 0 0 0
57 2 99 1 147 1 0 0 0 0 0 0 0 0 0 0 0 0
58 2 100 1 148 1 0 0 0 0 0 0 0 0 0 0 0 0
59 2 101 1 149 1 0 0 0 0 0 0 0 0 0 0 0 0
60 2 102 1 150 1 0 0 0 0 0 0 0 0 0 0 0 0
61 2 103 1 151 1 0 0 0 0 0 0 0 0 0 0 0 0
62 2 104 1 152 1 0 0 0 0 0 0 0 0 0 0 0 0
63 2 105 1 153 1 0 0 0 0 0 0 0 0 0 0 0 0
6 1 64 2 184 1 0 0 0 0 0 0 0 0 0 0 0 0
7 1 65 2 185 1 0 0 0 0 0 0 0 0 0 0 0 0
8 1 66 2 186 1 0 0 0 0 0 0 0 0 0 0 0 0
9 1 67 2 187 1 0 0 0 0 0 0 0 0 0 0 0 0
10 1 68 2 188 1 0 0 0 0 0 0 0 0 0 0 0 0
11 1 69 2 189 1 0 0 0 0 0 0 0 0 0 0 0 0
12 1 70 2 190 1 0 0 0 0 0 0 0 0 0 0 0 0
13 1 71 2 191 1 0 0 0 0 0 0 0 0 0 0 0 0
14 1 72 2 128 1 0 0 0 0 0 0 0 0 0 0 0 0
15 1 73 2 129 1 0 0 0 0 0 0 0 0 0 0 0 0
16 1 74 2 130 1 0 0 0 0 0 0 0 0 0 0 0 0
17 1 75 2 131 1 0 0 0 0 0 0 0 0 0 0 0 0
18 1 76 2 132 1 0 0 0 0 0 0 0 0 0 0 0 0
19 1 77 2 133 1 0 0 0 0 0 0 0 0 0 0 0 0
20 1 78 2 134 1 0 0 0 0 0 0 0 0 0 0 0 0
21 1 79 2 135 1 0 0 0 0 0 0 0 0 0 0 0 0
22 1 80 2 136 1 0 0 0 0 0 0 0 0 0 0 0 0
23 1 81 2 137 1 0 0 0 0 0 0 0 0 0 0 0 0
24 1 82 2 138 1 0 0 0 0 0 0 0 0 0 0 0 0
25 1 83 2 139 1 0 0 0 0 0 0 0 0 0 0 0 0
26 1 84 2 140 1 0 0 0 0 0 0 0 0 0 0 0 0
27 1 85 2 141 1 0 0 0 0 0 0 0 0 0 0 0 0
28 1 86 2 142 1 0 0 0 0 0 0 0 0 0 0 0 0
29 1 87 2 143 1 0 0 0 0 0 0 0 0 0 0 0 0
30 1 88 2 144 1 0 0 0 0 0 0 0 0 0 0 0 0
31 1 89 2 145 1 0 0 0 0 0 0 0 0 0 0 0 0
32 1 90 2 146 1 0 0 0 0 0 0 0 0 0 0 0 0
33 1 91 2 147 1 0 0 0 0 0 0 0 0 0 0 0 0
34 1 92 2 148 1 0 0 0 0 0 0 0 0 0 0 0 0
35 1 93 2 149 1 0 0 0 0 0 0 0 0 0 0 0 0
36 1 94 2 150 1 0 0 0 0 0 0 0 0 0 0 0 0
37 1 95 2 151 1 0 0 0 0 0 0 0 0 0 0 0 0
38 1 96 2 152 1 0 0 0 0 0 0 0 0 0 0 0 0
39 1 97 2 153 1 0 0 0 0 0 0 0 0 0 0 0 0
40 1 98 2 154 1 0 0 0 0 0 0 0 0 0 0 0 0
41 1 99 2 155 1 0 0 0 0 0 0 0 0 0 0 0 0
42 1 100 2 156 1 0 0 0 0 0 0 0 0 0 0 0 0
43 1 101 2 157 1 0 0 0 0 0 0 0 0 0 0 0 0
44 1 102 2 158 1 0 0 0 0 0 0 0 0 0 0 0 0
45 1 103 2 159 1 0 0 0 0 0 0 0 0 0 0 0 0
46 1 104 2 160 1 0 0 0 0 0 0 0 0 0 0 0 0
47 1 105 2 161 1 0 0 0 0 0 0 0 0 0 0 0 0
48 1 106 2 162 1 0 0 0 0 0 0 0 0 0 0 0 0
49 1 107 2 163 1 0 0 0 0 0 0 0 0 0 0 0 0
50 1 108 2 164 1 0 0 0 0 0 0 0 0 0 0 0 0
51 1 109 2 165 1 0 0 0 0 0 0 0 0 0 0 0 0
52 1 110 2 166 1 0 0 0 0 0 0 0 0 0 0 0 0
53 1 111 2 167 1 0 0 0 0 0 0 0 0 0 0 0 0
54 1 112 2 168 1 0 0 0 0 0 0 0 0 0 0 0 0
55 1 113 2 169 1 0 0 0 0 0 0 0 0 0 0 0 0
56 1 114 2 170 1 0 0 0 0 0 0 0 0 0 0 0 0
57 1 115 2 171 1 0 0 0 0 0 0 0 0 0 0 0 0
58 1 116 2 172 1 0 0 0 0 0 0 0 0 0 0 0 0
59 1 117 2 173 1 0 0 0 0 0 0 0 0 0 0 0 0
60 1 118 2 174 1 0 0 0 0 0 0 0 0 0 0 0 0
61 1 119 2 175 1 0 0 0 0 0 0 0 0 0 0 0 0
62 1 120 2 176 1 0 0 0 0 0 0 0 0 0 0 0 0
63 1 121 2 177 1 0 0 0 0 0 0 0 0 0 0 0 0
0 1 122 2 178 1 0 0 0 0 0 0 0 0 0 0 0 0
1 1 123 2 179 1 0 0 0 0 0 0 0 0 0 0 0 0
2 1 124 2 180 1 0 0 0 0 0 0 0 0 0 0 0 0
3 1 125 2 181 1 0 0 0 0 0 0 0 0 0 0 0 0
4 1 126 2 182 1 0 0 0 0 0 0 0 0 0 0 0 0
5 1 127 2 183 1 0 0 0 0 0 0 0 0 0 0 0 0
30 1 120 1 128 2 0 0 0 0 0 0 0 0 0 0 0 0
31 1 121 1 129 2 0 0 0 0 0 0 0 0 0 0 0 0
32 1 122 1 130 2 0 0 0 0 0 0 0 0 0 0 0 0
33 1 123 1 131 2 0 0 0 0 0 0 0 0 0 0 0 0
34 1 124 1 132 2 0 0 0 0 0 0 0 0 0 0 0 0
35 1 125 1 133 2 0 0 0 0 0 0 0 0 0 0 0 0
36 1 126 1 134 2 0 0 0 0 0 0 0 0 0 0 0 0
37 1 127 1 135 2 0 0 0 0 0 0 0 0 0 0 0 0
38 1 64 1 136 2 0 0 0 0 0 0 0 0 0 0 0 0
39 1 65 1 137 2 0 0 0 0 0 0 0 0 0 0 0 0
40 1 66 1 138 2 0 0 0 0 0 0 0 0 0 0 0 0
41 1 67 1 139 2 0 0 0 0 0 0 0 0 0 0 0 0
42 1 68 1 140 2 0 0 0 0 0 0 0 0 0 0 0 0
43 1 69 1 141 2 0 0 0 0 0 0 0 0 0 0 0 0
44 1 70 1 142 2 0 0 0 0 0 0 0 0 0 0 0 0
45 1 71 1 143 2 0 0 0 0 0 0 0 0 0 0 0 0
46 1 72 1 144 2 0 0 0 0 0 0 0 0 0 0 0 0
47 1 73 1 145 2 0 0 0 0 0 0 0 0 0 0 0 0
48 1 74 1 146 2 0 0 0 0 0 0 0 0 0 0 0 0
49 1 75 1 147 2 0 0 0 0 0 0 0 0 0 0 0 0
50 1 76 1 148 2 0 0 0 0 0 0 0 0 0 0 0 0
51 1 77 1 149 2 0 0 0 0 0 0 0 0 0 0 0 0
52 1 78 1 150 2 0 0 0 0 0 0 0 0 0 0 0 0
53 1 79 1 151 2 0 0 0 0 0 0 0 0 0 0 0 0
54 1 80 1 152 2 0 0 0 0 0 0 0 0 0 0 0 0
55 1 81 1 153 2 0 0 0 0 0 0 0 0 0 0 0 0
56 1 82 1 154 2 0 0 0 0 0 0 0 0 0 0 0 0
57 1 83 1 155 2 0 0 0 0 0 0 0 0 0 0 0 0
58 1 84 1 156 2 0 0 0 0 0 0 0 0 0 0 0 0
59 1 85 1 157 2 0 0 0 0 0 0 0 0 0 0 0 0
60 1 86 1 158 2 0 0 0 0 0 0 0 0 0 0 0 0
61 1 87 1 159 2 0 0 0 0 0 0 0 0 0 0 0 0
62 1 88 1 160 2 0 0 0 0 0 0 0 0 0 0 0 0
63 1 89 1 161 2 0 0 0 0 0 0 0 0 0 0 0 0
0 1 90 1 162 2 0 0 0 0 0 0 0 0 0 0 0 0
1 1 91 1 163 2 0 0 0 0 0 0 0 0 0 0 0 0
2 1 92 1 164 2 0 0 0 0 0 0 0 0 0 0 0 0
3 1 93 1 165 2 0 0 0 0 0 0 0 0 0 0 0 0
4 1 94 1 166 2 0 0 0 0 0 0 0 0 0 0 0 0
5 1 95 1 167 2 0 0 0 0 0 0 0 0 0 0 0 0
6 1 96 1 168 2 0 0 0 0 0 0 0 0 0 0 0 0
7 1 97 1 169 2 0 0 0 0 0 0 0 0 0 0 0 0
8 1 98 1 170 2 0 0 0 0 0 0 0 0 0 0 0 0
9 1 99 1 171 2 0 0 0 0 0 0 0 0 0 0 0 0
10 1 100 1 172 2 0 0 0 0 0 0 0 0 0 0 0 0
11 1 101 1 173 2 0 0 0 0 0 0 0 0 0 0 0 0
12 1 102 1 174 2 0 0 0 0 0 0 0 0 0 0 0 0
13 1 103 1 175 2 0 0 0 0 0 0 0 0 0 0 0 0
14 1 104 1 176 2 0 0 0 0 0 0 0 0 0 0 0 0
15 1 105 1 177 2 0 0 0 0 0 0 0 0 0 0 0 0
16 1 106 1 178 2 0 0 0 0 0 0 0 0 0 0 0 0
17 1 107 1 179 2 0 0 0 0 0 0 0 0 0 0 0 0
18 1 108 1 180 2 0 0 0 0 0 0 0 0 0 0 0 0
19 1 109 1 181 2 0 0 0 0 0 0 0 0 0 0 0 0
20 1 110 1 182 2 0 0 0 0 0 0 0 0 0 0 0 0
21 1 111 1 183 2 0 0 0 0 0 0 0 0 0 0 0 0
22 1 112 1 184 2 0 0 0 0 0 0 0 0 0 0 0 0
23 1 113 1 185 2 0 0 0 0 0 0 0 0 0 0 0 0
24 1 114 1 186 2 0 0 0 0 0 0 0 0 0 0 0 0
25 1 115 1 187 2 0 0 0 0 0 0 0 0 0 0 0 0
26 1 116 1 188 2 0 0 0 0 0 0 0 0 0 0 0 0
27 1 117 1 189 2 0 0 0 0 0 0 0 0 0 0 0 0
28 1 118 1 190 2 0 0 0 0 0 0 0 0 0 0 0 0
29 1 119 1 191 2 0 0 0 0 0 0 0 0 0 0 0 0
30 3 96 3 136 3 0 0 1 0 0 0 2 0 0 0 3 0
31 3 97 3 137 3 0 0 4 0 0 0 8 0 0 0 12 0
32 3 98 3 138 3 0 0 16 0 0 0 32 0 0 0 48 0
33 3 99 3 139 3 0 0 64 0 0 0 128 0 0 0 192 0
34 3 100 3 140 3 0 0 256 0 0 0 512 0 0 0 768 0
35 3 101 3 141 3 0 0 1024 0 0 0 2048 0 0 0 3072 0
36 3 102 3 142 3 0 0 4096 0 0 0 8192 0 0 0 12288 0
37 3 103 3 143 3 0 0 16384 0 0 0 32768 0 0 0 49152 0
38 3 104 3 144 3 0 0 65536 0 0 0 131072 0 0 0 196608 0
39 3 105 3 145 3 0 0 262144 0 0 0 524288 0 0 0 786432 0
40 3 106 3 146 3 0 0 1048576 0 0 0 2097152 0 0 0 3145728 0
41 3 107 3 147 3 0 0 4194304 0 0 0 8388608 0 0 0 12582912 0
42 3 108 3 148 3 0 0 16777216 0 0 0 33554432 0 0 0 50331648 0
43 3 109 3 149 3 0 0 67108864 0 0 0 134217728 0 0 0 201326592 0
44 3 110 3 150 3 0 0 268435456 0 0 0 536870912 0 0 0 805306368 0
45 3 111 3 151 3 0 0 1073741824 0 0 0 2147483648 0 0 0 3221225472 0
46 3 112 3 152 3 0 0 4294967296 0 0 0 8589934592 0 0 0 12884901888 0
47 3 113 3 153 3 0 0 17179869184 0 0 0 34359738368 0 0 0 51539607552 0
48 3 114 3 154 3 0 0 68719476736 0 0 0 137438953472 0 0 0 206158430208 0
49 3 115 3 155 3 0 0 274877906944 0 0 0 549755813888 0 0 0 824633720832 0
50 3 116 3 156 3 0 0 1099511627776 0 0 0 2199023255552 0 0 0 3298534883328 0
51 3 117 3 157 3 0 0 4398046511104 0 0 0 8796093022208 0 0 0 13194139533312 0
52 3 118 3 158 3 0 0 17592186044416 0 0 0 35184372088832 0 0 0 52776558133248 0
53 3 119 3 159 3 0 0 70368744177664 0 0 0 140737488355328 0 0 0 211106232532992 0
54 3 120 3 160 3 0 0 281474976710656 0 0 0 562949953421312 0 0 0 844424930131968 0
55 3 121 3 161 3 0 0 1125899906842624 0 0 0 2251799813685248 0 0 0 3377699720527872 0
56 3 122 3 162 3 0 0 4503599627370496 0 0 0 9007199254740992 0 0 0 13510798882111488 0
57 3 123 3 163 3 0 0 18014398509481984 0 0 0 36028797018963968 0 0 0 54043195528445952 0
58 3 124 3 164 3 0 0 72057594037927936 0 0 0 144115188075855872 0 0 0 216172782113783808 0
59 3 125 3 165 3 0 0 288230376151711744 0 0 0 576460752303423488 0 0 0 864691128455135232 0
60 3 126 3 166 3 0 0 1152921504606846976 0 0 0 2305843009213693952 0 0 0 3458764513820540928 0
61 3 127 3 167 3 0 0 4611686018427387904 0 0 0 9223372036854775808 0 0 0 13835058055282163712 0
62 3 64 3 168 3 0 0 0 1 0 0 0 2 0 0 0 3
63 3 65 3 169 3 0 0 0 4 0 0 0 8 0 0 0 12
0 3 66 3 170 3 0 0 0 16 0 0 0 32 0 0 0 48
1 3 67 3 171 3 0 0 0 64 0 0 0 128 0 0 0 192
2 3 68 3 172 3 0 0 0 256 0 0 0 512 0 0 0 768
3 3 69 3 173 3 0 0 0 1024 0 0 0 2048 0 0 0 3072
4 3 70 3 174 3 0 0 0 4096 0 0 0 8192 0 0 0 12288
5 3 71 3 175 3 0 0 0 16384 0 0 0 32768 0 0 0 49152
6 3 72 3 176 3 0 0 0 65536 0 0 0 131072 0 0 0 196608
7 3 73 3 177 3 0 0 0 262144 0 0 0 524288 0 0 0 786432
8 3 74 3 178 3 0 0 0 1048576 0 0 0 2097152 0 0 0 3145728
9 3 75 3 179 3 0 0 0 4194304 0 0 0 8388608 0 0 0 12582912
10 3 76 3 180 3 0 0 0 16777216 0 0 0 33554432 0 0 0 50331648
11 3 77 3 181 3 0 0 0 67108864 0 0 0 134217728 0 0 0 201326592
12 3 78 3 182 3 0 0 0 268435456 0 0 0 536870912 0 0 0 805306368
13 3 79 3 183 3 0 0 0 1073741824 0 0 0 2147483648 0 0 0 3221225472
14 3 80 3 184 3 0 0 0 4294967296 0 0 0 8589934592 0 0 0 12884901888
15 3 81 3 185 3 0 0 0 17179869184 0 0 0 34359738368 0 0 0 51539607552
16 3 82 3 186 3 0 0 0 68719476736 0 0 0 137438953472 0 0 0 206158430208
17 3 83 3 187 3 0 0 0 274877906944 0 0 0 549755813888 0 0 0 824633720832
18 3 84 3 188 3 0 0 0 1099511627776 0 0 0 2199023255552 0 0 0 3298534883328
19 3 85 3 189 3 0 0 0 4398046511104 0 0 0 8796093022208 0 0 0 13194139533312
20 3 86 3 190 3 0 0 0 17592186044416 0 0 0 35184372088832 0 0 0 52776558133248
21 3 87 3 191 3 0 0 0 70368744177664 0 0 0 140737488355328 0 0 0 211106232532992
22 3 88 3 128 3 0 0 0 281474976710656 0 0 0 562949953421312 0 0 0 844424930131968
23 3 89 3 129 3 0 0 0 1125899906842624 0 0 0 2251799813685248 0 0 0 3377699720527872
24 3 90 3 130 3 0 0 0 4503599627370496 0 0 0 9007199254740992 0 0 0 13510798882111488
25 3 91 3 131 3 0 0 0 18014398509481984 0 0 0 36028797018963968 0 0 0 54043195528445952
26 3 92 3 132 3 0 0 0 72057594037927936 0 0 0 144115188075855872 0 0 0 216172782113783808
27 3 93 3 133 3 0 0 0 288230376151711744 0 0 0 576460752303423488 0 0 0 864691128455135232
28 3 94 3 134 3 0 0 0 1152921504606846976 0 0 0 2305843009213693952 0 0 0 3458764513820540928
29 3 95 3 135 3 0 0 0 4611686018427387904 0 0 0 9223372036854775808 0 0 0 13835058055282163712
