176 66 2 22
0 1 22 2 44 3 1156339611405189120 5308416 2307030756696391680 10616832 3461047649771126784 15925248
1 1 23 2 45 3 4625358445620756481 4456448 9228123026785566722 8912896 13844190599084507139 13369344
2 1 24 2 46 3 54707300959518724 1048577 19039144095252488 2097154 36582951767506956 3145731
3 1 25 2 47 3 218776427279941651 4194308 76138984194965537 8388616 146296622697938994 12582924
4 1 26 2 48 3 875123301305811020 16 304591121151950980 32 585239267349889224 48
5 1 27 2 49 3 3500493205223244080 64 1218364484607803920 128 2340957069399556896 192
6 1 28 2 50 3 14001972820892976320 256 4873457938431215680 512 9363828277598227584 768
7 1 29 2 51 3 667659062443250432 1027 1047087680015311104 2049 561824962973807104 3074
8 1 30 2 52 3 2670636249773001728 4108 4188350720061244416 8196 2247299851895228416 12296
9 1 31 2 53 3 10682544999092006912 16432 16753402880244977664 32784 8989199407580913664 49184
10 1 32 2 54 3 5836674256762880001 65730 11673344115479166978 131139 17510000780055969795 196737
11 1 33 2 55 3 4899917768969879558 262921 9799835537939431435 524558 14699753306909179917 786951
12 1 34 2 56 3 1152927002169966616 1051685 2305854004338622508 2098234 3458781006508064820 3147807
13 1 35 2 57 3 4611690416493822049 4206740 9223380832982401202 8392936 13835071249474126035 12591228
14 1 36 2 58 3 17592265736581 49745 35184510501578 17314 52776767849295 33267
15 1 37 2 59 3 70369062946324 198980 140738042006312 69256 211107071397180 133068
16 1 38 2 60 3 281476251785296 795920 562952168025248 277024 844428285588720 532272
17 1 39 2 61 3 1125905007141184 3183680 2251808672100992 1108096 3377713142354880 2129088
18 1 40 2 62 3 4503620028564736 12734720 9007234688403968 4432384 13510852569419520 8516352
19 1 41 2 63 3 18067256672392192 607232 36046530939660288 952320 54078594649766912 510976
20 1 42 2 64 3 72269026689568768 2428928 144186123758641152 3809280 216314378599067648 2043904
21 1 43 2 65 3 289076106758275072 9715712 576744495034564608 15237120 865257514396270592 8175616
3 3 23 1 56 1 2632363399988510720 3148800 4092660318659346432 1049600 2036757812709228544 2099200
4 3 24 1 57 1 10529418415581954050 12595200 16370588498079252483 4198400 8147013658650869761 8396800
5 3 25 1 58 1 5224238291466846216 49154 10142139363374399500 16387 14141345745266016260 32769
6 3 26 1 59 1 2450173907785744418 196617 3675016529520361523 65550 1225133167749365777 131079
7 3 27 1 60 1 9800678038956933257 786468 14700030933709357262 262200 4900479894439329863 524316
8 3 28 1 61 1 2309224008408629796 3145874 3459891513708774200 1048803 1155175504047767836 2097265
9 3 29 1 62 1 9236896033634519184 12583496 13839566054835096800 4195212 4620702016191071344 8389060
10 3 30 1 63 1 54095987118973507 2338 18031998211732353 3635 36063991054733762 1809
11 3 31 1 64 1 216383948475894028 9352 72127992846929412 14540 144255964218935048 7236
12 3 32 1 65 1 865535793903576112 37408 288511971387717648 58160 577023856875740192 28944
13 3 33 1 44 1 3462143175614304448 149632 1154047885550870592 232640 2308095427502960768 115776
14 3 34 1 45 1 13848572702457217792 598528 4616191542203482368 930560 9232381710011843072 463104
15 3 35 1 46 1 54058588700216320 2394115 18022095104377856 3722241 36038692628269056 1852418
16 3 36 1 47 1 216181578242732035 9576460 72070788231467009 14888964 144119586140987394 7409672
17 3 37 1 48 1 864726312970928142 4751408 288283152925868039 9224208 576478344563949577 12861472
18 3 38 1 49 1 3458922844069756984 2228416 1153167796075560988 3342400 2305966154813931556 1114240
19 3 39 1 50 1 13835691376279027936 8913664 4612671184302243952 13369600 9223864619255726224 4456960
20 3 40 1 51 1 2568468359545728 2100227 3993440057557440 3146753 1987921789846080 1050626
21 3 41 1 52 1 10273873438182912 8400908 15973760230229760 12587012 7951687159384320 4202504
0 3 42 1 53 1 41130678124820480 49200 63947817479052288 16400 31824340823581696 32800
1 3 43 1 54 1 164522712499281920 196800 255791269916209152 65600 127297363294326784 131200
2 3 22 1 55 1 658090849997127680 787200 1023165079664836608 262400 509189453177307136 524800
1 2 28 1 48 1 4341527421596663808 131074 1477207134833803264 196611 2936395473022484480 65537
2 2 29 1 49 1 17366092094200610817 524296 5908793354963124226 786444 11745529115531804675 262148
3 2 30 1 50 1 14124136155673788420 2097187 5188429346142945288 3145777 10088628314708115468 1048594
4 2 31 1 51 1 1156312401566498832 8388751 2306973310862229536 12583109 3461025111413358640 4194378
5 2 32 1 52 1 4625232014079950915 572 9227928427821006977 788 13844082853467390146 296
6 2 33 1 53 1 54183982610252044 2289 18225563864924676 3154 36099192740905736 1187
7 2 34 1 54 1 216735930441008176 9156 72902255459698704 12616 144396770963622944 4748
8 2 35 1 55 1 866943721764032704 36624 291609021838794816 50464 577587083854491776 18992
9 2 36 1 56 1 3467774887056130816 146496 1166436087355179264 201856 2310348335417967104 75968
10 2 37 1 57 1 13871099548224523264 585984 4665744349420717056 807424 9241393341671868416 303872
11 2 38 1 58 1 144130787397349378 2343939 216180547415183363 3229697 72067627082326017 1215490
12 2 39 1 59 1 576470373031264267 9375756 864704597474689037 12918788 288235323957215238 4861960
13 2 40 1 60 1 2305881492125057070 3948592 3458818389898756151 1343504 1152941295828860953 2670624
14 2 41 1 61 1 9223525968500228280 15794368 13835273559595024604 5374016 4611765183315443812 10682496
15 2 42 1 62 1 615726581809891 12845826 862017251443569 4718851 316659552223634 9175553
16 2 43 1 63 1 2515682885372812 1051656 3465661191818692 2098188 1301822580983368 3147780
17 2 22 1 64 1 10062731541491248 4206624 13862644767274768 8392752 5207290323933472 12591120
18 2 23 1 65 1 40268518352009408 49280 55485763441187904 16576 20881937853867136 32832
19 2 24 1 44 1 161074073408037632 197120 221943053764751616 66304 83527751415468544 131328
20 2 25 1 45 1 644296293632150528 788480 887772215059006464 265216 334111005661874176 525312
21 2 26 1 46 1 2577185174528602112 3153920 3551088860236025856 1060864 1336444022647496704 2101248
0 2 27 1 47 1 10308740698114408448 12615680 14204355440944103424 4243456 5345776090589986816 8404992
4 1 39 3 62 2 4399121301504 0 8798242603008 0 13197363904512 0
5 1 40 3 63 2 4299161601 0 8598323202 0 12897484803 0
6 1 41 3 64 2 17196646404 0 34393292808 0 51589939212 0
7 1 42 3 65 2 68786585616 0 137573171232 0 206359756848 0
8 1 43 3 44 2 275146342464 0 550292684928 0 825439027392 0
9 1 22 3 45 2 1100585369856 0 2201170739712 0 3301756109568 0
10 1 23 3 46 2 4402341479424 0 8804682958848 0 13207024438272 0
11 1 24 3 47 2 17179873281 0 34359746562 0 51539619843 0
12 1 25 3 48 2 68719493124 0 137438986248 0 206158479372 0
13 1 26 3 49 2 274877972496 0 549755944992 0 824633917488 0
14 1 27 3 50 2 1099511889984 0 2199023779968 0 3298535669952 0
15 1 28 3 51 2 4398047559936 0 8796095119872 0 13194142679808 0
16 1 29 3 52 2 4195329 0 8390658 0 12585987 0
17 1 30 3 53 2 16781316 0 33562632 0 50343948 0
18 1 31 3 54 2 67125264 0 134250528 0 201375792 0
19 1 32 3 55 2 268501056 0 537002112 0 805503168 0
20 1 33 3 56 2 1074004224 0 2148008448 0 3222012672 0
21 1 34 3 57 2 4296016896 0 8592033792 0 12888050688 0
0 1 35 3 58 2 17184067584 0 34368135168 0 51552202752 0
1 1 36 3 59 2 68736270336 0 137472540672 0 206208811008 0
2 1 37 3 60 2 274945081344 0 549890162688 0 824835244032 0
3 1 38 3 61 2 1099780325376 0 2199560650752 0 3299340976128 0
1 3 22 1 62 1 0 0 0 0 0 0
2 3 23 1 63 1 0 0 0 0 0 0
3 3 24 1 64 1 0 0 0 0 0 0
4 3 25 1 65 1 0 0 0 0 0 0
5 3 26 1 44 1 0 0 0 0 0 0
6 3 27 1 45 1 0 0 0 0 0 0
7 3 28 1 46 1 0 0 0 0 0 0
8 3 29 1 47 1 0 0 0 0 0 0
9 3 30 1 48 1 0 0 0 0 0 0
10 3 31 1 49 1 0 0 0 0 0 0
11 3 32 1 50 1 0 0 0 0 0 0
12 3 33 1 51 1 0 0 0 0 0 0
13 3 34 1 52 1 0 0 0 0 0 0
14 3 35 1 53 1 0 0 0 0 0 0
15 3 36 1 54 1 0 0 0 0 0 0
16 3 37 1 55 1 0 0 0 0 0 0
17 3 38 1 56 1 0 0 0 0 0 0
18 3 39 1 57 1 0 0 0 0 0 0
19 3 40 1 58 1 0 0 0 0 0 0
20 3 41 1 59 1 0 0 0 0 0 0
21 3 42 1 60 1 0 0 0 0 0 0
0 3 43 1 61 1 0 0 0 0 0 0
0 1 23 2 48 3 0 0 0 0 0 0
1 1 24 2 49 3 0 0 0 0 0 0
2 1 25 2 50 3 0 0 0 0 0 0
3 1 26 2 51 3 0 0 0 0 0 0
4 1 27 2 52 3 0 0 0 0 0 0
5 1 28 2 53 3 0 0 0 0 0 0
6 1 29 2 54 3 0 0 0 0 0 0
7 1 30 2 55 3 0 0 0 0 0 0
8 1 31 2 56 3 0 0 0 0 0 0
9 1 32 2 57 3 0 0 0 0 0 0
10 1 33 2 58 3 0 0 0 0 0 0
11 1 34 2 59 3 0 0 0 0 0 0
12 1 35 2 60 3 0 0 0 0 0 0
13 1 36 2 61 3 0 0 0 0 0 0
14 1 37 2 62 3 0 0 0 0 0 0
15 1 38 2 63 3 0 0 0 0 0 0
16 1 39 2 64 3 0 0 0 0 0 0
17 1 40 2 65 3 0 0 0 0 0 0
18 1 41 2 44 3 0 0 0 0 0 0
19 1 42 2 45 3 0 0 0 0 0 0
20 1 43 2 46 3 0 0 0 0 0 0
21 1 22 2 47 3 0 0 0 0 0 0
4 1 28 3 56 2 0 4195329 0 8390658 0 12585987
5 1 29 3 57 2 17592186044416 4100 35184372088832 8200 52776558133248 12300
6 1 30 3 58 2 70368744177664 16400 140737488355328 32800 211106232532992 49200
7 1 31 3 59 2 281474976710656 65600 562949953421312 131200 844424930131968 196800
8 1 32 3 60 2 1125899906842624 262400 2251799813685248 524800 3377699720527872 787200
9 1 33 3 61 2 4503599627370496 1049600 9007199254740992 2099200 13510798882111488 3148800
10 1 34 3 62 2 18014398509481984 4198400 36028797018963968 8396800 54043195528445952 12595200
11 1 35 3 63 2 72075186223972352 16384 144150372447944704 32768 216225558671917056 49152
12 1 36 3 64 2 288300744895889408 65536 576601489791778816 131072 864902234687668224 196608
13 1 37 3 65 2 1153202979583557632 262144 2306405959167115264 524288 3459608938750672896 786432
14 1 38 3 44 2 4612811918334230528 1048576 9225623836668461056 2097152 13838435755002691584 3145728
15 1 39 3 45 2 4503599627370496 4194305 9007199254740992 8388610 13510798882111488 12582915
16 1 40 3 46 2 18031990695526400 4 36063981391052800 8 54095972086579200 12
17 1 41 3 47 2 72127962782105600 16 144255925564211200 32 216383888346316800 48
18 1 42 3 48 2 288511851128422400 64 577023702256844800 128 865535553385267200 192
19 1 43 3 49 2 1154047404513689600 256 2308094809027379200 512 3462142213541068800 768
20 1 22 3 50 2 4616189618054758400 1024 9232379236109516800 2048 13848568854164275200 3072
21 1 23 3 51 2 18014398509481984 4097 36028797018963968 8194 54043195528445952 12291
0 1 24 3 52 2 72057594037927936 16388 144115188075855872 32776 216172782113783808 49164
1 1 25 3 53 2 288230376151711744 65552 576460752303423488 131104 864691128455135232 196656
2 1 26 3 54 2 1152921504606846976 262208 2305843009213693952 524416 3458764513820540928 786624
3 1 27 3 55 2 4611686018427387904 1048832 9223372036854775808 2097664 13835058055282163712 3146496
3 2 39 1 44 1 0 0 0 0 0 0
4 2 40 1 45 1 0 0 0 0 0 0
5 2 41 1 46 1 0 0 0 0 0 0
6 2 42 1 47 1 0 0 0 0 0 0
7 2 43 1 48 1 0 0 0 0 0 0
8 2 22 1 49 1 0 0 0 0 0 0
9 2 23 1 50 1 0 0 0 0 0 0
10 2 24 1 51 1 0 0 0 0 0 0
11 2 25 1 52 1 0 0 0 0 0 0
12 2 26 1 53 1 0 0 0 0 0 0
13 2 27 1 54 1 0 0 0 0 0 0
14 2 28 1 55 1 0 0 0 0 0 0
15 2 29 1 56 1 0 0 0 0 0 0
16 2 30 1 57 1 0 0 0 0 0 0
17 2 31 1 58 1 0 0 0 0 0 0
18 2 32 1 59 1 0 0 0 0 0 0
19 2 33 1 60 1 0 0 0 0 0 0
20 2 34 1 61 1 0 0 0 0 0 0
21 2 35 1 62 1 0 0 0 0 0 0
0 2 36 1 63 1 0 0 0 0 0 0
1 2 37 1 64 1 0 0 0 0 0 0
2 2 38 1 65 1 0 0 0 0 0 0
