370 111 5 37
1 2 54 2 109 3 72057594037927936 0 0 0 0 144115188075855872 0 0 0 0 216172782113783808 0 0 0 0
2 2 55 2 110 3 288230376151711744 0 0 0 0 576460752303423488 0 0 0 0 864691128455135232 0 0 0 0
3 2 56 2 74 3 1152921504606846976 0 0 0 0 2305843009213693952 0 0 0 0 3458764513820540928 0 0 0 0
4 2 57 2 75 3 4611686018427387904 0 0 0 0 9223372036854775808 0 0 0 0 13835058055282163712 0 0 0 0
5 2 58 2 76 3 0 1 0 0 0 0 2 0 0 0 0 3 0 0 0
6 2 59 2 77 3 0 4 0 0 0 0 8 0 0 0 0 12 0 0 0
7 2 60 2 78 3 0 16 0 0 0 0 32 0 0 0 0 48 0 0 0
8 2 61 2 79 3 0 64 0 0 0 0 128 0 0 0 0 192 0 0 0
9 2 62 2 80 3 0 256 0 0 0 0 512 0 0 0 0 768 0 0 0
10 2 63 2 81 3 1 0 0 0 0 2 0 0 0 0 3 0 0 0 0
11 2 64 2 82 3 4 0 0 0 0 8 0 0 0 0 12 0 0 0 0
12 2 65 2 83 3 16 0 0 0 0 32 0 0 0 0 48 0 0 0 0
13 2 66 2 84 3 64 0 0 0 0 128 0 0 0 0 192 0 0 0 0
14 2 67 2 85 3 256 0 0 0 0 512 0 0 0 0 768 0 0 0 0
15 2 68 2 86 3 1024 0 0 0 0 2048 0 0 0 0 3072 0 0 0 0
16 2 69 2 87 3 4096 0 0 0 0 8192 0 0 0 0 12288 0 0 0 0
17 2 70 2 88 3 16384 0 0 0 0 32768 0 0 0 0 49152 0 0 0 0
18 2 71 2 89 3 65536 0 0 0 0 131072 0 0 0 0 196608 0 0 0 0
19 2 72 2 90 3 262144 0 0 0 0 524288 0 0 0 0 786432 0 0 0 0
20 2 73 2 91 3 1048576 0 0 0 0 2097152 0 0 0 0 3145728 0 0 0 0
21 2 37 2 92 3 4194304 0 0 0 0 8388608 0 0 0 0 12582912 0 0 0 0
22 2 38 2 93 3 16777216 0 0 0 0 33554432 0 0 0 0 50331648 0 0 0 0
23 2 39 2 94 3 67108864 0 0 0 0 134217728 0 0 0 0 201326592 0 0 0 0
24 2 40 2 95 3 268435456 0 0 0 0 536870912 0 0 0 0 805306368 0 0 0 0
25 2 41 2 96 3 1073741824 0 0 0 0 2147483648 0 0 0 0 3221225472 0 0 0 0
26 2 42 2 97 3 4294967296 0 0 0 0 8589934592 0 0 0 0 12884901888 0 0 0 0
27 2 43 2 98 3 17179869184 0 0 0 0 34359738368 0 0 0 0 51539607552 0 0 0 0
28 2 44 2 99 3 68719476736 0 0 0 0 137438953472 0 0 0 0 206158430208 0 0 0 0
29 2 45 2 100 3 274877906944 0 0 0 0 549755813888 0 0 0 0 824633720832 0 0 0 0
30 2 46 2 101 3 1099511627776 0 0 0 0 2199023255552 0 0 0 0 3298534883328 0 0 0 0
31 2 47 2 102 3 4398046511104 0 0 0 0 8796093022208 0 0 0 0 13194139533312 0 0 0 0
32 2 48 2 103 3 17592186044416 0 0 0 0 35184372088832 0 0 0 0 52776558133248 0 0 0 0
33 2 49 2 104 3 70368744177664 0 0 0 0 140737488355328 0 0 0 0 211106232532992 0 0 0 0
34 2 50 2 105 3 281474976710656 0 0 0 0 562949953421312 0 0 0 0 844424930131968 0 0 0 0
35 2 51 2 106 3 1125899906842624 0 0 0 0 2251799813685248 0 0 0 0 3377699720527872 0 0 0 0
36 2 52 2 107 3 4503599627370496 0 0 0 0 9007199254740992 0 0 0 0 13510798882111488 0 0 0 0
0 2 53 2 108 3 18014398509481984 0 0 0 0 36028797018963968 0 0 0 0 54043195528445952 0 0 0 0
24 1 43 2 92 1 0 0 0 0 0 0 0 0 0 0 0 0 0 0 0
25 1 44 2 93 1 0 0 0 0 0 0 0 0 0 0 0 0 0 0 0
26 1 45 2 94 1 0 0 0 0 0 0 0 0 0 0 0 0 0 0 0
27 1 46 2 95 1 0 0 0 0 0 0 0 0 0 0 0 0 0 0 0
28 1 47 2 96 1 0 0 0 0 0 0 0 0 0 0 0 0 0 0 0
29 1 48 2 97 1 0 0 0 0 0 0 0 0 0 0 0 0 0 0 0
30 1 49 2 98 1 0 0 0 0 0 0 0 0 0 0 0 0 0 0 0
31 1 50 2 99 1 0 0 0 0 0 0 0 0 0 0 0 0 0 0 0
32 1 51 2 100 1 0 0 0 0 0 0 0 0 0 0 0 0 0 0 0
33 1 52 2 101 1 0 0 0 0 0 0 0 0 0 0 0 0 0 0 0
34 1 53 2 102 1 0 0 0 0 0 0 0 0 0 0 0 0 0 0 0
35 1 54 2 103 1 0 0 0 0 0 0 0 0 0 0 0 0 0 0 0
36 1 55 2 104 1 0 0 0 0 0 0 0 0 0 0 0 0 0 0 0
0 1 56 2 105 1 0 0 0 0 0 0 0 0 0 0 0 0 0 0 0
1 1 57 2 106 1 0 0 0 0 0 0 0 0 0 0 0 0 0 0 0
2 1 58 2 107 1 0 0 0 0 0 0 0 0 0 0 0 0 0 0 0
3 1 59 2 108 1 0 0 0 0 0 0 0 0 0 0 0 0 0 0 0
4 1 60 2 109 1 0 0 0 0 0 0 0 0 0 0 0 0 0 0 0
5 1 61 2 110 1 0 0 0 0 0 0 0 0 0 0 0 0 0 0 0
6 1 62 2 74 1 0 0 0 0 0 0 0 0 0 0 0 0 0 0 0
7 1 63 2 75 1 0 0 0 0 0 0 0 0 0 0 0 0 0 0 0
8 1 64 2 76 1 0 0 0 0 0 0 0 0 0 0 0 0 0 0 0
9 1 65 2 77 1 0 0 0 0 0 0 0 0 0 0 0 0 0 0 0
10 1 66 2 78 1 0 0 0 0 0 0 0 0 0 0 0 0 0 0 0
11 1 67 2 79 1 0 0 0 0 0 0 0 0 0 0 0 0 0 0 0
12 1 68 2 80 1 0 0 0 0 0 0 0 0 0 0 0 0 0 0 0
13 1 69 2 81 1 0 0 0 0 0 0 0 0 0 0 0 0 0 0 0
14 1 70 2 82 1 0 0 0 0 0 0 0 0 0 0 0 0 0 0 0
15 1 71 2 83 1 0 0 0 0 0 0 0 0 0 0 0 0 0 0 0
16 1 72 2 84 1 0 0 0 0 0 0 0 0 0 0 0 0 0 0 0
17 1 73 2 85 1 0 0 0 0 0 0 0 0 0 0 0 0 0 0 0
18 1 37 2 86 1 0 0 0 0 0 0 0 0 0 0 0 0 0 0 0
19 1 38 2 87 1 0 0 0 0 0 0 0 0 0 0 0 0 0 0 0
20 1 39 2 88 1 0 0 0 0 0 0 0 0 0 0 0 0 0 0 0
21 1 40 2 89 1 0 0 0 0 0 0 0 0 0 0 0 0 0 0 0
22 1 41 2 90 1 0 0 0 0 0 0 0 0 0 0 0 0 0 0 0
23 1 42 2 91 1 0 0 0 0 0 0 0 0 0 0 0 0 0 0 0
17 3 62 1 98 1 0 0 0 0 0 0 0 0 0 0 0 0 0 0 0
18 3 63 1 99 1 0 0 0 0 0 0 0 0 0 0 0 0 0 0 0
19 3 64 1 100 1 0 0 0 0 0 0 0 0 0 0 0 0 0 0 0
20 3 65 1 101 1 0 0 0 0 0 0 0 0 0 0 0 0 0 0 0
21 3 66 1 102 1 0 0 0 0 0 0 0 0 0 0 0 0 0 0 0
22 3 67 1 103 1 0 0 0 0 0 0 0 0 0 0 0 0 0 0 0
23 3 68 1 104 1 0 0 0 0 0 0 0 0 0 0 0 0 0 0 0
24 3 69 1 105 1 0 0 0 0 0 0 0 0 0 0 0 0 0 0 0
25 3 70 1 106 1 0 0 0 0 0 0 0 0 0 0 0 0 0 0 0
26 3 71 1 107 1 0 0 0 0 0 0 0 0 0 0 0 0 0 0 0
27 3 72 1 108 1 0 0 0 0 0 0 0 0 0 0 0 0 0 0 0
28 3 73 1 109 1 0 0 0 0 0 0 0 0 0 0 0 0 0 0 0
29 3 37 1 110 1 0 0 0 0 0 0 0 0 0 0 0 0 0 0 0
30 3 38 1 74 1 0 0 0 0 0 0 0 0 0 0 0 0 0 0 0
31 3 39 1 75 1 0 0 0 0 0 0 0 0 0 0 0 0 0 0 0
32 3 40 1 76 1 0 0 0 0 0 0 0 0 0 0 0 0 0 0 0
33 3 41 1 77 1 0 0 0 0 0 0 0 0 0 0 0 0 0 0 0
34 3 42 1 78 1 0 0 0 0 0 0 0 0 0 0 0 0 0 0 0
35 3 43 1 79 1 0 0 0 0 0 0 0 0 0 0 0 0 0 0 0
36 3 44 1 80 1 0 0 0 0 0 0 0 0 0 0 0 0 0 0 0
0 3 45 1 81 1 0 0 0 0 0 0 0 0 0 0 0 0 0 0 0
1 3 46 1 82 1 0 0 0 0 0 0 0 0 0 0 0 0 0 0 0
2 3 47 1 83 1 0 0 0 0 0 0 0 0 0 0 0 0 0 0 0
3 3 48 1 84 1 0 0 0 0 0 0 0 0 0 0 0 0 0 0 0
4 3 49 1 85 1 0 0 0 0 0 0 0 0 0 0 0 0 0 0 0
5 3 50 1 86 1 0 0 0 0 0 0 0 0 0 0 0 0 0 0 0
6 3 51 1 87 1 0 0 0 0 0 0 0 0 0 0 0 0 0 0 0
7 3 52 1 88 1 0 0 0 0 0 0 0 0 0 0 0 0 0 0 0
8 3 53 1 89 1 0 0 0 0 0 0 0 0 0 0 0 0 0 0 0
9 3 54 1 90 1 0 0 0 0 0 0 0 0 0 0 0 0 0 0 0
10 3 55 1 91 1 0 0 0 0 0 0 0 0 0 0 0 0 0 0 0
11 3 56 1 92 1 0 0 0 0 0 0 0 0 0 0 0 0 0 0 0
12 3 57 1 93 1 0 0 0 0 0 0 0 0 0 0 0 0 0 0 0
13 3 58 1 94 1 0 0 0 0 0 0 0 0 0 0 0 0 0 0 0
14 3 59 1 95 1 0 0 0 0 0 0 0 0 0 0 0 0 0 0 0
15 3 60 1 96 1 0 0 0 0 0 0 0 0 0 0 0 0 0 0 0
16 3 61 1 97 1 0 0 0 0 0 0 0 0 0 0 0 0 0 0 0
5 1 37 1 97 1 0 0 0 0 0 0 0 0 0 0 0 0 0 0 0
6 1 38 1 98 1 0 0 0 0 0 0 0 0 0 0 0 0 0 0 0
7 1 39 1 99 1 0 0 0 0 0 0 0 0 0 0 0 0 0 0 0
8 1 40 1 100 1 0 0 0 0 0 0 0 0 0 0 0 0 0 0 0
9 1 41 1 101 1 0 0 0 0 0 0 0 0 0 0 0 0 0 0 0
10 1 42 1 102 1 0 0 0 0 0 0 0 0 0 0 0 0 0 0 0
11 1 43 1 103 1 0 0 0 0 0 0 0 0 0 0 0 0 0 0 0
12 1 44 1 104 1 0 0 0 0 0 0 0 0 0 0 0 0 0 0 0
13 1 45 1 105 1 0 0 0 0 0 0 0 0 0 0 0 0 0 0 0
14 1 46 1 106 1 0 0 0 0 0 0 0 0 0 0 0 0 0 0 0
15 1 47 1 107 1 0 0 0 0 0 0 0 0 0 0 0 0 0 0 0
16 1 48 1 108 1 0 0 0 0 0 0 0 0 0 0 0 0 0 0 0
17 1 49 1 109 1 0 0 0 0 0 0 0 0 0 0 0 0 0 0 0
18 1 50 1 110 1 0 0 0 0 0 0 0 0 0 0 0 0 0 0 0
19 1 51 1 74 1 0 0 0 0 0 0 0 0 0 0 0 0 0 0 0
20 1 52 1 75 1 0 0 0 0 0 0 0 0 0 0 0 0 0 0 0
21 1 53 1 76 1 0 0 0 0 0 0 0 0 0 0 0 0 0 0 0
22 1 54 1 77 1 0 0 0 0 0 0 0 0 0 0 0 0 0 0 0
23 1 55 1 78 1 0 0 0 0 0 0 0 0 0 0 0 0 0 0 0
24 1 56 1 79 1 0 0 0 0 0 0 0 0 0 0 0 0 0 0 0
25 1 57 1 80 1 0 0 0 0 0 0 0 0 0 0 0 0 0 0 0
26 1 58 1 81 1 0 0 0 0 0 0 0 0 0 0 0 0 0 0 0
27 1 59 1 82 1 0 0 0 0 0 0 0 0 0 0 0 0 0 0 0
28 1 60 1 83 1 0 0 0 0 0 0 0 0 0 0 0 0 0 0 0
29 1 61 1 84 1 0 0 0 0 0 0 0 0 0 0 0 0 0 0 0
30 1 62 1 85 1 0 0 0 0 0 0 0 0 0 0 0 0 0 0 0
31 1 63 1 86 1 0 0 0 0 0 0 0 0 0 0 0 0 0 0 0
32 1 64 1 87 1 0 0 0 0 0 0 0 0 0 0 0 0 0 0 0
33 1 65 1 88 1 0 0 0 0 0 0 0 0 0 0 0 0 0 0 0
34 1 66 1 89 1 0 0 0 0 0 0 0 0 0 0 0 0 0 0 0
35 1 67 1 90 1 0 0 0 0 0 0 0 0 0 0 0 0 0 0 0
36 1 68 1 91 1 0 0 0 0 0 0 0 0 0 0 0 0 0 0 0
0 1 69 1 92 1 0 0 0 0 0 0 0 0 0 0 0 0 0 0 0
1 1 70 1 93 1 0 0 0 0 0 0 0 0 0 0 0 0 0 0 0
2 1 71 1 94 1 0 0 0 0 0 0 0 0 0 0 0 0 0 0 0
3 1 72 1 95 1 0 0 0 0 0 0 0 0 0 0 0 0 0 0 0
4 1 73 1 96 1 0 0 0 0 0 0 0 0 0 0 0 0 0 0 0
15 1 61 1 101 1 291608213345796096 17293822629232266256 289075080321826816 17594333528066 805584896 577586858421125120 5764607553099039776 576742785760100352 35187593314307 268992512 866942997008220160 11529215084723226672 865254916128505856 52777631875073 537706496
16 1 62 1 102 1 1166432853383184384 13835058295800410176 1156300321287307267 70377334112264 3222339584 2310347433684500480 4611686138686607488 2306971143040401409 140750373257228 1075970048 3467771988032880640 9223372191473803456 3461019664514023426 211110527500292 2150825984
17 1 63 1 103 1 4665731413532737536 962072985856 4625201285149229071 281509336449056 12889358336 9241389734738001920 481036878336 9227884572161605637 563001493028912 4303880192 13871087952131522560 618476110592 13844078658056093706 844442110001168 8603303936
18 1 64 1 104 1 216181580421398529 3848291942401 54061066887364668 1126037345796225 51557433344 72070791532904450 1924147511298 18050141227319316 2252005972115650 17215520768 144119587397435395 2473904439299 36082411095719976 3377768440004675 34413215744
19 1 65 1 105 1 864726321685594116 15393167769604 216244267549458672 4504149383184900 206229733376 288283166131617800 7696590045192 72200564909277264 9008023888462600 68862083072 576478349589741580 9895617757196 144329644382879904 13511073760018700 137652862976
20 1 66 1 106 1 3458905286742376464 61572671078416 864977070197834688 18016597532739600 824918933504 1153132664526471200 30786360180768 288802259637109056 36032095553850400 275448332288 2305913398358966320 39582471028784 577318577531519616 54044295040074800 550611451904
21 1 67 1 107 1 13835621146969505856 246290684313664 3459908280791338752 72066393352183872 1140850688 4612530658105884800 123145440723072 1155209038548436224 144128383289143424 2281701376 9223653593435865280 158329884115136 2309274310126078464 216177182307782848 3422552064
22 1 68 1 108 1 2252366749368576 985162737254659 13839633123165355008 288265573408735488 4563402752 3378558713987584 492581762892289 4620836154193744896 576513533156573696 9126805504 1126226324357888 633319536460546 9237097240504313856 864708729231131392 13690208256
23 1 69 1 109 1 9009466997474305 3940650949017612 18300271532765184 1153062293634941955 18253611008 13514234855950338 1970327051567108 36600543065427968 2306054132626294785 36507222016 4504905297431555 2533278145839112 54900814598152192 3458834916924525570 54760833024
24 1 70 1 110 1 36037867989897220 15762603796070448 73201086131060736 4612249174539767820 73014444032 54056939423801352 7881308206268432 146402172261711872 9224216530505179140 146028888064 18019621189726220 10133112583356448 219603258392608768 13835339667698102280 219043332096
25 1 71 1 74 1 144151471959588880 63050415184281792 292804344524242944 2252624449519664 292057776129 216227757695205408 31525232825073728 585608689046847488 3377974601613328 584115552258 72078484758904880 40532450333425792 878413033570435072 1126449663754272 876173328387
26 1 72 1 75 1 576605887838355520 252201660737130240 1171217378093826048 9010498871820480 68719476740 864911030780821632 126100931300295936 2342434756186341376 13511900553936960 137438953480 288313939035619520 162129801333705216 3513652134279643136 4505801876242560 206158430220
27 1 73 1 76 1 2306423551353422083 1008806642948520960 4684869512372158464 36041995487281920 274877906960 3459644123123286529 504403725201183744 9369739024744316928 54047602215747840 549755813920 1153255756142478082 648519205334820864 14054608537116475392 18023207504970240 824633720880
28 1 37 1 77 1 9225694205413688332 4035226571794083840 292733975779082240 144167983022869505 64 13838576492493146116 2017614900804734976 585467951558164480 216190411010475010 128 4613023024569912328 2594076821339283456 878201927337246720 72092833241106435 192
29 1 38 1 78 1 9288674235650096 16140906287176335362 1170935903116328960 576671932091478020 256 14073748843929616 8070459603218939907 2341871806232657920 864761644041900040 512 5348024570097696 10376307285357133825 3512807709348986880 288371332964425740 768
30 1 39 1 79 1 37154696942600384 9223392927576686600 4683743612467412995 2306687726218428432 1024 56294995375718464 13835094339166208012 9367487224933777409 3459046572946374688 2048 21392098280390784 4611740994009432068 14051230837396996098 1153485330783961136 3072
31 1 40 1 80 1 148618787770401536 83562887643168 288230376160100366 9226750904873713729 4096 225179981502873856 145135536177200 576460752316006407 13836186291785498754 8192 85568393121563136 219902328176656 864691128459329545 4613941323135844547 12288
32 1 41 1 81 1 594475151081606144 334251550572672 1152921504640401464 13515472075751684 16386 900719926011495424 580542144708800 2305843009264025628 4512946013340168 32771 342273572486252544 879609312706624 3458764513837318180 9021218833826572 49153
33 1 42 1 82 1 2377900604326424576 1337006202290688 4611686018562654432 54061887229264912 65544 3602879704045981696 2322168578835200 9223372037058199664 18051781905877024 131084 1369094289945010176 3518437250826496 13835058055352418448 36084872114080816 196612
34 1 43 1 83 1 9511602417305698306 5348024809160704 541066112 216247548917059649 262176 14411518816183926787 9288674315337728 813695424 72207127623508098 524336 5476377159780040705 14073749003304960 281018944 144339488456323267 786448
35 1 44 1 84 1 1152921521803689992 21392099236642818 2164264448 864990195668238596 1048704 2305843043607052300 37154697261350915 3254781696 288828510494032392 2097344 3458764565410611204 56294996013219841 1124075776 577357953825293068 3145792
36 1 45 1 85 1 4611686087214759968 85568396946571272 8657057792 3459960782672954384 4194816 9223372174428209200 148618789045403660 13019126784 1155314041976129568 8389376 13835058261642444816 225179984052879364 4496303104 2309431815301172272 12583168
0 1 46 1 86 1 275149488256 342273587786285089 34628231168 13839843130691817536 16779264 550293733568 594475156181614642 52076507136 4621256167904518272 33557504 825441124416 900719936211517459 17985212416 9237727261204689088 50332672
1 1 47 1 87 1 1100597953024 1369094351145140356 138516070400 19140298417389824 67117059 2201174934272 2377900624726458568 208307077120 38280596834779648 134230017 3301764497664 3602879744846069836 71942946816 57420895252169472 201330690
2 1 48 1 88 1 4402391812096 5476377404580561424 554064281600 76561193669559296 268468236 8804699737088 9511602498905834272 833228308480 153122387339118592 536920068 13207057990656 14411518979384279344 287771787264 229683581008677888 805322760
3 1 49 1 89 1 17609567248386 3458765544612695104 2216253980673 306244774678237184 1073872944 35218798948355 1152921848204231808 3332912185346 612489549356474368 2147680272 52828231962625 2305843696408463552 1151085051907 918734324034711552 3221291040
4 1 50 1 90 1 70438268993544 13835062178450782464 8865013825540 1224979098712948736 4295491776 140875195793420 4611687392816930304 13331645595656 2449958197425897472 8590721088 211312927850500 9223374785633855232 4604339159052 3674937296138846208 12885164160
5 1 51 1 91 1 281753075974177 16492674473984 35460055302163 4899916394851794944 17181967104 563500783173682 5497558167552 53326582382625 9799832789703589888 34362884352 845251711402003 10995116314624 18417356636210 14699749184555384832 51540656640
6 1 52 1 92 1 1127012303896708 65970697895936 141840222257228 1152921504623886336 68727868417 2254003132694728 21990232670208 213306331627652 2305843009247772672 137451537410 3381006845608012 43980465258496 73669429690568 3458764513871659008 206162626563
7 1 53 1 93 1 4508049215586832 263882791583744 567360889028912 4611686018495545344 274911473668 9016012530778912 87960930680832 853225326510608 9223372036991090688 549806149640 13524027382432048 175921861033984 294677718762272 13835058055486636032 824650506252
8 1 54 1 94 1 18032196862347328 1055531166334976 2269443556115648 1346371584 134266897 36064050123115648 351843722723328 3412901306042432 2692743168 201343010 54096109529728192 703687444135936 1178710875049088 4039114752 67141683
9 1 55 1 95 1 72128787449389312 4222124665339904 9077774225511168 4311744512 537067588 144256200492462592 1407374890893312 13651605226266880 8623489024 805372040 216384438118912768 2814749776543744 4714843503342080 12935233536 268566732
10 1 56 1 96 1 288515149797557248 16888498661359616 36311096902044672 17246978048 2148270352 577024801969850368 5629499563573248 54606420905067520 34493956096 3221488160 865537752475651072 11258999106174976 18859374013368320 51740934144 1074266928
11 1 57 1 97 1 1154060599190228992 67553994645438464 145244387608178688 68987912192 8593081408 2308099207879401472 22517998254292992 218425683620270080 137975824384 12885952640 3462151009902604288 45035996424699904 75437496053473280 206963736576 4297067712
12 1 58 1 98 1 4616242396760915968 270215978581753856 580977550433763328 274877906944 34372325632 9232396831517605888 90071993017171968 873702734483177472 549755813888 51543810560 13848604039610417152 180143985698799616 301749984217038848 824633720832 17188270848
13 1 59 1 99 1 18225513334112256 1080863914327016449 2323910201734004736 1099511627776 137489302528 36099178651320320 360287972068689922 3494810937930612736 2199023255552 206175242240 54183937313013760 720575942795201539 1206999936865009664 3298534883328 68753083392
14 1 60 1 100 1 72902053336449024 4323455657308065796 9295640806936018944 4398046511104 549957210112 144396714605281280 1441151888274759688 13979243751722450944 8796093022208 824700968960 216735749252055040 2882303771180806156 4827999747460038656 13194139533312 275012333568
19 1 40 1 94 1 0 0 4 0 0 0 0 8 0 0 0 0 12 0 0
20 1 41 1 95 1 0 0 16 0 0 0 0 32 0 0 0 0 48 0 0
21 1 42 1 96 1 0 0 64 0 0 0 0 128 0 0 0 0 192 0 0
22 1 43 1 97 1 0 0 256 0 0 0 0 512 0 0 0 0 768 0 0
23 1 44 1 98 1 0 0 1024 0 0 0 0 2048 0 0 0 0 3072 0 0
24 1 45 1 99 1 0 0 4096 0 0 0 0 8192 0 0 0 0 12288 0 0
25 1 46 1 100 1 0 0 16384 0 0 0 0 32768 0 0 0 0 49152 0 0
26 1 47 1 101 1 0 0 65536 0 0 0 0 131072 0 0 0 0 196608 0 0
27 1 48 1 102 1 0 0 262144 0 0 0 0 524288 0 0 0 0 786432 0 0
28 1 49 1 103 1 0 1024 0 0 0 0 2048 0 0 0 0 3072 0 0 0
29 1 50 1 104 1 0 4096 0 0 0 0 8192 0 0 0 0 12288 0 0 0
30 1 51 1 105 1 0 16384 0 0 0 0 32768 0 0 0 0 49152 0 0 0
31 1 52 1 106 1 0 65536 0 0 0 0 131072 0 0 0 0 196608 0 0 0
32 1 53 1 107 1 0 262144 0 0 0 0 524288 0 0 0 0 786432 0 0 0
33 1 54 1 108 1 0 1048576 0 0 0 0 2097152 0 0 0 0 3145728 0 0 0
34 1 55 1 109 1 0 4194304 0 0 0 0 8388608 0 0 0 0 12582912 0 0 0
35 1 56 1 110 1 0 16777216 0 0 0 0 33554432 0 0 0 0 50331648 0 0 0
36 1 57 1 74 1 0 67108864 0 0 0 0 134217728 0 0 0 0 201326592 0 0 0
0 1 58 1 75 1 0 268435456 0 0 0 0 536870912 0 0 0 0 805306368 0 0 0
1 1 59 1 76 1 0 1073741824 0 0 0 0 2147483648 0 0 0 0 3221225472 0 0 0
2 1 60 1 77 1 0 4294967296 0 0 0 0 8589934592 0 0 0 0 12884901888 0 0 0
3 1 61 1 78 1 0 17179869184 0 0 0 0 34359738368 0 0 0 0 51539607552 0 0 0
4 1 62 1 79 1 0 68719476736 0 0 0 0 137438953472 0 0 0 0 206158430208 0 0 0
5 1 63 1 80 1 0 274877906944 0 0 0 0 549755813888 0 0 0 0 824633720832 0 0 0
6 1 64 1 81 1 0 1099511627776 0 0 0 0 2199023255552 0 0 0 0 3298534883328 0 0 0
7 1 65 1 82 1 0 4398046511104 0 0 0 0 8796093022208 0 0 0 0 13194139533312 0 0 0
8 1 66 1 83 1 0 17592186044416 0 0 0 0 35184372088832 0 0 0 0 52776558133248 0 0 0
9 1 67 1 84 1 0 70368744177664 0 0 0 0 140737488355328 0 0 0 0 211106232532992 0 0 0
10 1 68 1 85 1 0 281474976710656 0 0 0 0 562949953421312 0 0 0 0 844424930131968 0 0 0
11 1 69 1 86 1 0 1125899906842624 0 0 0 0 2251799813685248 0 0 0 0 3377699720527872 0 0 0
12 1 70 1 87 1 0 4503599627370496 0 0 0 0 9007199254740992 0 0 0 0 13510798882111488 0 0 0
13 1 71 1 88 1 0 18014398509481984 0 0 0 0 36028797018963968 0 0 0 0 54043195528445952 0 0 0
14 1 72 1 89 1 0 72057594037927936 0 0 0 0 144115188075855872 0 0 0 0 216172782113783808 0 0 0
15 1 73 1 90 1 0 288230376151711744 0 0 0 0 576460752303423488 0 0 0 0 864691128455135232 0 0 0
16 1 37 1 91 1 0 1152921504606846976 0 0 0 0 2305843009213693952 0 0 0 0 3458764513820540928 0 0 0
17 1 38 1 92 1 0 4611686018427387904 0 0 0 0 9223372036854775808 0 0 0 0 13835058055282163712 0 0 0
18 1 39 1 93 1 0 0 1 0 0 0 0 2 0 0 0 0 3 0 0
28 1 61 1 88 2 3377837160530944 4035225352023330592 288230384808755200 216190375381961730 294916 1126106067372032 2017612804860708144 576460765322543104 72092780570084355 573448 2251868536310784 2594073643063495184 864691132951429120 144167967859410945 802828
29 1 62 1 89 2 13511348642123779 16140901408093319296 1152921539235020800 864761501527846920 1179664 4504424269488129 8070451219442831552 2305843061290172416 288371122280337420 2293792 9007474145243138 10376294572253978688 3458764531805716480 576671871437643780 3211312
30 1 63 1 90 2 54045394568495116 9223373411244622336 4611686156940083203 3459046006111387680 4718656 18017697077952516 13835060804061774592 9223372245160689665 1153484489121349680 9175168 36029896580972552 4611690141596811520 13835058127222865922 2306687485750575120 12845248
31 1 64 1 91 2 216181578273980466 5497559384064 554050781198 13836184024445550721 18874624 72070788311810067 10995118440448 833223655431 4613937956485398722 36700672 144119586323890209 16492677693440 287762808841 9226749943002300483 51380992
32 1 65 1 92 2 864726313095921864 21990237536256 2216205221944 4503874506064388 75498499 288283153247240268 43980473761792 3332897767452 9007749010817800 146802689 576478345295560836 65970710773760 1151052283940 13511623516356876 205523970
33 1 66 1 93 2 3458905252383687456 87960950145024 8864820887776 18015498024257552 301993996 1153132612988961072 175921895047168 13331591069808 36030996043271200 587210756 2305913381182243344 263882843095040 4604209135760 54046494065427504 822095880
34 1 67 1 94 2 13835621009534749824 351843800580096 35459283551104 72061992097030208 1207975984 4612530451955844288 703687580188672 53326364279232 144123984173084800 2348843024 9223653524728973376 1055531372380160 18416836543040 216185976261710016 3288383520
35 1 68 1 95 2 2251817010344448 1407375202320387 141837134204416 288247968388120832 4831903936 3377734113825536 2814750320754689 213305457116928 576495936692339200 9395372096 1125951496790272 4222125489520642 73667346172160 864743905046840064 13153534080
36 1 69 1 96 2 9007268041377792 5629500809281548 567348536817664 1152991873552483328 19327615744 13510936455302144 11259001283018756 853221828467712 2305983746769356800 37581488384 4503805987161088 16888501958082568 294669384688640 3458975620187360256 52614136320
0 1 70 1 97 2 36029072165511168 22518003237126192 2269394147270656 4611967494209933312 77310462976 54043745821208576 45036005132075024 3412887313870848 9223934987077427200 150325953536 18015223948644352 67554007832330272 1178677538754560 13835902480749441024 210456545280
1 1 71 1 98 2 144116288662044672 90072012948504768 9077576592228352 1125899908956160 309241851905 216174983284834304 180144020528300096 13651549256531968 2251799816863744 601303814146 72060895794577408 270216031329321088 4714710157115392 3377699721625600 841826181123
2 1 72 1 99 2 576465154648178688 360288051794019072 36310306368913408 4503600709566464 137455779844 864699933139337216 720576082113200384 54606197026127872 9007201414938624 206192001032 288243583178309632 1080864125317284352 18858840628461568 13510802107727872 68769841164
3 1 73 1 100 2 2305860618592714755 1441152207176076288 145241225472507904 18014402838265856 549823119376 3458799732557348865 2882304328452801536 218424788103462912 36028805659754496 824768004128 1152974332713238530 4323456501269137408 75435362511749120 54043208430911488 275079364656
4 1 37 1 101 2 9223442474370859020 5764608828704307200 580964901887934464 72057613500547072 269221952 13835198930229395460 11529217313811209216 873699152410705920 144115225860243456 537133184 4611897330852954120 17293826005076550656 301741450045947904 216172834797387776 805830848
5 1 38 1 102 2 281750064332848 4611691241107677186 2323859607551737857 288230454002188288 1076887808 563499788926992 9223381107825733635 3494796609642823682 576460903440973824 2148532736 845249702264864 13835071799177547777 1206965800183791619 864691339189551104 3223323392
6 1 39 1 103 2 1127000257331392 20890721157128 9295438430209048581 1152921813861269504 4307551232 2253999155707968 36283883831308 13979186438574440458 2305843610542669824 8594130944 3380998809059456 54975581536260 4827863200736215055 3458765355684462592 12893293568
7 1 40 1 104 2 4508001029325568 83562884628512 288265573417091092 4611687255445078018 17230204928 9015996622831872 145135535325232 576513533169106984 9223374442170679299 34376523776 13523995236237824 219902326145040 864708729235308604 13835061422737850369 51573174272
8 1 41 1 105 2 18032004117302272 334251538514048 1153062293668364368 4948070760456 68920819713 36063986491327488 580542141300928 2306054132676427936 9621263613964 137506095106 54095980944951296 879609304580160 3458834916941234416 13469822746628 206292697091
9 1 42 1 106 2 72128016469209088 1337006154056192 4612249174674506048 19791209300000 275683278852 144255945965309952 2322168565203712 9224216530707808896 38482906972208 550024380424 216383923779805184 3518437218320640 13835339667768083392 53876069761040 825170788364
10 1 43 1 107 2 288512065876836354 5348024616222720 2252624988472576 79165910941825 3221487632 577023783861239811 9288674260811776 3377975412132352 153933775372482 1074266144 865535695119220737 14073748873281536 1126449943678720 215507500269635 2148270128
11 1 44 1 108 2 1154048263507345416 21392098464890880 9010499953890304 316663643767300 12885950528 2308095135444959244 37154697043247104 13511901648529408 615735101489928 4297064576 3462142780476882948 56294995493126144 4505799774714880 862030001078540 8593080512
12 1 45 1 109 2 4616193054029381664 85568393859563520 36041999815561216 1266654575069200 51543802112 9232380541779836976 148618788172988416 54047606594117632 2462940405959712 17188258304 13848571121907531792 225179981972504576 18023199098859520 3448120004314160 34372322048
13 1 46 1 110 2 18028142407975040 342273575438254081 144167999262244864 5066618300276800 206175208448 36034019700244672 594475152691953666 216190426376470528 9851761623838848 68753033216 54052266501472320 900719927890018307 72092796395438080 13792480017256640 137489288192
14 1 47 1 74 2 72112569631900160 1369094301753016324 576671997048979456 20266473201107200 824700833792 144136078800978688 2377900610767814664 864761705505882112 39407046495355392 275012132864 216209066005889280 3602879711560073228 288371185581752320 55169920069026560 549957152768
15 1 48 1 75 2 288450278527600640 5476377207012066320 2306687988194869248 81065896025654272 268451840 576544315203914752 9511602443071260704 3459046822021431296 157628187055163392 536903680 864836264023557120 14411518846240295984 1153484742323863552 220679682423589888 805355520
16 1 49 1 76 2 1153801114110402560 3458764754338714688 9226751952778428417 324263584102617088 1073807360 2306177260815659008 1152921624865941632 13836187288083628034 630512748220653568 2147614720 3459345056094228480 2305843163832532160 4613938969292308483 882718729694359552 3221422080
17 1 50 1 77 2 4615204456441610240 13835059017354858752 13519663694610436 1297054336410468354 4295229440 9224709043262636032 4611686499463766528 4516931205857288 2522050992882614275 8590458880 13837380224376913920 9223372655330128640 9011803459682316 3530874918777438209 12885688320
18 1 51 1 78 2 14073752056889345 3848290779137 54078654778441747 5188217345641873416 17180917760 5348025631440898 1924145512450 18067724823429153 10088203971530457100 34361835520 9288676379000835 2473901408259 36047213838729266 14123499675109752836 51542753280
19 1 52 1 79 2 56295008227557380 15393163116548 216314619113766988 2306125308857942048 68723671041 21392102525763592 7696582049800 72270899293716612 3459327738702725168 137447342082 37154705516003340 9895605633036 144188855354917064 1153766479310356496 206171013123
20 1 53 1 80 2 225180032910229520 61572652466192 865258476455067952 9224501235431768192 274894684164 85568410103054368 30786328199200 289083597174866448 13837310954810900672 549789368328 148618822064013360 39582422532144 576755421419668256 4615065917241425984 824684052492
21 1 54 1 81 2 900720131640918080 246290609864768 3461033905820271808 4516795381711360 67108882 342273640412217472 123145312796800 1156334388699465792 9011600262431488 134217763 594475288256053440 158329690128576 2307021685678673024 13519598477377792 201326641
22 1 55 1 82 2 3602880526563672320 985162439459072 13844135623283184384 18067179379361792 268435528 1369094561648869888 492581251187200 4625337554801008896 36046397828500480 536871052 2377901153024213760 633318760514304 9228086742715740672 54078392835769344 805306564
23 1 56 1 83 2 14411522106254689281 3940649757835264 36310272004082688 72268717517447171 1073742112 5476378246595479554 1970325004746752 54606145494483968 144185591314001921 2147484208 9511604612096855043 2533275042054144 18858823443859456 216313571343077378 3221226256
24 1 57 1 84 2 2305856203890102276 15762599031341059 145241088016330752 289074870069788684 4294968448 3458768912672366600 7881300018987009 218424581977935872 576742365256007684 8589936832 1152930300968316940 10133100168216578 75435293775437824 865254285372309512 12884905024
25 1 58 1 85 2 9223424815560409104 63050396125364236 580964352066371584 1156299479205412912 17179873792 13835075650689466400 31525200075948036 873698327913840640 2306969458876547088 34359747328 4611721203873267760 40532400672866312 301741175104897024 3461017138268012576 51539620096
26 1 59 1 86 2 211114822533184 252201584501457970 2323857408264437760 4625197916821651648 68719495168 70381629210752 126100800303794195 3494793311653265408 9227877835506188352 137438989312 140741783519424 162129602691468321 1206964700416442368 13844068553072050304 206158480384
27 1 60 1 87 2 844459290132736 1008806338005831880 9295429633057751040 54047593577054976 274877980673 281526516843008 504403201215176780 13979173246613061632 18023194605650176 549755957250 562967134077696 648518410765873284 4827858801665769472 36041991159546368 824633921539
29 2 69 3 75 1 0 0 0 4096 0 0 0 0 8192 0 0 0 0 12288 0
30 2 70 3 76 1 0 0 0 16384 0 0 0 0 32768 0 0 0 0 49152 0
31 2 71 3 77 1 0 0 0 65536 0 0 0 0 131072 0 0 0 0 196608 0
32 2 72 3 78 1 0 0 0 262144 0 0 0 0 524288 0 0 0 0 786432 0
33 2 73 3 79 1 0 0 0 1048576 0 0 0 0 2097152 0 0 0 0 3145728 0
34 2 37 3 80 1 0 0 0 4194304 0 0 0 0 8388608 0 0 0 0 12582912 0
35 2 38 3 81 1 0 0 0 16777216 0 0 0 0 33554432 0 0 0 0 50331648 0
36 2 39 3 82 1 0 0 0 67108864 0 0 0 0 134217728 0 0 0 0 201326592 0
0 2 40 3 83 1 0 0 0 268435456 0 0 0 0 536870912 0 0 0 0 805306368 0
1 2 41 3 84 1 0 0 1048576 0 0 0 0 2097152 0 0 0 0 3145728 0 0
2 2 42 3 85 1 0 0 4194304 0 0 0 0 8388608 0 0 0 0 12582912 0 0
3 2 43 3 86 1 0 0 16777216 0 0 0 0 33554432 0 0 0 0 50331648 0 0
4 2 44 3 87 1 0 0 67108864 0 0 0 0 134217728 0 0 0 0 201326592 0 0
5 2 45 3 88 1 0 0 268435456 0 0 0 0 536870912 0 0 0 0 805306368 0 0
6 2 46 3 89 1 0 0 1073741824 0 0 0 0 2147483648 0 0 0 0 3221225472 0 0
7 2 47 3 90 1 0 0 4294967296 0 0 0 0 8589934592 0 0 0 0 12884901888 0 0
8 2 48 3 91 1 0 0 17179869184 0 0 0 0 34359738368 0 0 0 0 51539607552 0 0
9 2 49 3 92 1 0 0 68719476736 0 0 0 0 137438953472 0 0 0 0 206158430208 0 0
10 2 50 3 93 1 0 0 274877906944 0 0 0 0 549755813888 0 0 0 0 824633720832 0 0
11 2 51 3 94 1 0 0 1099511627776 0 0 0 0 2199023255552 0 0 0 0 3298534883328 0 0
12 2 52 3 95 1 0 0 4398046511104 0 0 0 0 8796093022208 0 0 0 0 13194139533312 0 0
13 2 53 3 96 1 0 0 17592186044416 0 0 0 0 35184372088832 0 0 0 0 52776558133248 0 0
14 2 54 3 97 1 0 0 70368744177664 0 0 0 0 140737488355328 0 0 0 0 211106232532992 0 0
15 2 55 3 98 1 0 0 281474976710656 0 0 0 0 562949953421312 0 0 0 0 844424930131968 0 0
16 2 56 3 99 1 0 0 1125899906842624 0 0 0 0 2251799813685248 0 0 0 0 3377699720527872 0 0
17 2 57 3 100 1 0 0 4503599627370496 0 0 0 0 9007199254740992 0 0 0 0 13510798882111488 0 0
18 2 58 3 101 1 0 0 18014398509481984 0 0 0 0 36028797018963968 0 0 0 0 54043195528445952 0 0
19 2 59 3 102 1 0 0 72057594037927936 0 0 0 0 144115188075855872 0 0 0 0 216172782113783808 0 0
20 2 60 3 103 1 0 0 288230376151711744 0 0 0 0 576460752303423488 0 0 0 0 864691128455135232 0 0
21 2 61 3 104 1 0 0 1152921504606846976 0 0 0 0 2305843009213693952 0 0 0 0 3458764513820540928 0 0
22 2 62 3 105 1 0 0 4611686018427387904 0 0 0 0 9223372036854775808 0 0 0 0 13835058055282163712 0 0
23 2 63 3 106 1 0 0 0 1 0 0 0 0 2 0 0 0 0 3 0
24 2 64 3 107 1 0 0 0 4 0 0 0 0 8 0 0 0 0 12 0
25 2 65 3 108 1 0 0 0 16 0 0 0 0 32 0 0 0 0 48 0
26 2 66 3 109 1 0 0 0 64 0 0 0 0 128 0 0 0 0 192 0
27 2 67 3 110 1 0 0 0 256 0 0 0 0 512 0 0 0 0 768 0
28 2 68 3 74 1 0 0 0 1024 0 0 0 0 2048 0 0 0 0 3072 0
7 3 51 3 89 1 0 0 0 0 4194304 0 0 0 0 8388608 0 0 0 0 12582912
8 3 52 3 90 1 0 0 0 0 16777216 0 0 0 0 33554432 0 0 0 0 50331648
9 3 53 3 91 1 0 0 0 0 67108864 0 0 0 0 134217728 0 0 0 0 201326592
10 3 54 3 92 1 0 0 0 0 268435456 0 0 0 0 536870912 0 0 0 0 805306368
11 3 55 3 93 1 0 0 0 0 1073741824 0 0 0 0 2147483648 0 0 0 0 3221225472
12 3 56 3 94 1 0 0 0 0 4294967296 0 0 0 0 8589934592 0 0 0 0 12884901888
13 3 57 3 95 1 0 0 0 0 17179869184 0 0 0 0 34359738368 0 0 0 0 51539607552
14 3 58 3 96 1 0 0 0 0 68719476736 0 0 0 0 137438953472 0 0 0 0 206158430208
15 3 59 3 97 1 0 0 0 0 274877906944 0 0 0 0 549755813888 0 0 0 0 824633720832
16 3 60 3 98 1 0 0 0 1073741824 0 0 0 0 2147483648 0 0 0 0 3221225472 0
17 3 61 3 99 1 0 0 0 4294967296 0 0 0 0 8589934592 0 0 0 0 12884901888 0
18 3 62 3 100 1 0 0 0 17179869184 0 0 0 0 34359738368 0 0 0 0 51539607552 0
19 3 63 3 101 1 0 0 0 68719476736 0 0 0 0 137438953472 0 0 0 0 206158430208 0
20 3 64 3 102 1 0 0 0 274877906944 0 0 0 0 549755813888 0 0 0 0 824633720832 0
21 3 65 3 103 1 0 0 0 1099511627776 0 0 0 0 2199023255552 0 0 0 0 3298534883328 0
22 3 66 3 104 1 0 0 0 4398046511104 0 0 0 0 8796093022208 0 0 0 0 13194139533312 0
23 3 67 3 105 1 0 0 0 17592186044416 0 0 0 0 35184372088832 0 0 0 0 52776558133248 0
24 3 68 3 106 1 0 0 0 70368744177664 0 0 0 0 140737488355328 0 0 0 0 211106232532992 0
25 3 69 3 107 1 0 0 0 281474976710656 0 0 0 0 562949953421312 0 0 0 0 844424930131968 0
26 3 70 3 108 1 0 0 0 1125899906842624 0 0 0 0 2251799813685248 0 0 0 0 3377699720527872 0
27 3 71 3 109 1 0 0 0 4503599627370496 0 0 0 0 9007199254740992 0 0 0 0 13510798882111488 0
28 3 72 3 110 1 0 0 0 18014398509481984 0 0 0 0 36028797018963968 0 0 0 0 54043195528445952 0
29 3 73 3 74 1 0 0 0 72057594037927936 0 0 0 0 144115188075855872 0 0 0 0 216172782113783808 0
30 3 37 3 75 1 0 0 0 288230376151711744 0 0 0 0 576460752303423488 0 0 0 0 864691128455135232 0
31 3 38 3 76 1 0 0 0 1152921504606846976 0 0 0 0 2305843009213693952 0 0 0 0 3458764513820540928 0
32 3 39 3 77 1 0 0 0 4611686018427387904 0 0 0 0 9223372036854775808 0 0 0 0 13835058055282163712 0
33 3 40 3 78 1 0 0 0 0 1 0 0 0 0 2 0 0 0 0 3
34 3 41 3 79 1 0 0 0 0 4 0 0 0 0 8 0 0 0 0 12
35 3 42 3 80 1 0 0 0 0 16 0 0 0 0 32 0 0 0 0 48
36 3 43 3 81 1 0 0 0 0 64 0 0 0 0 128 0 0 0 0 192
0 3 44 3 82 1 0 0 0 0 256 0 0 0 0 512 0 0 0 0 768
1 3 45 3 83 1 0 0 0 0 1024 0 0 0 0 2048 0 0 0 0 3072
2 3 46 3 84 1 0 0 0 0 4096 0 0 0 0 8192 0 0 0 0 12288
3 3 47 3 85 1 0 0 0 0 16384 0 0 0 0 32768 0 0 0 0 49152
4 3 48 3 86 1 0 0 0 0 65536 0 0 0 0 131072 0 0 0 0 196608
5 3 49 3 87 1 0 0 0 0 262144 0 0 0 0 524288 0 0 0 0 786432
6 3 50 3 88 1 0 0 0 0 1048576 0 0 0 0 2097152 0 0 0 0 3145728
17 1 37 1 90 3 9223372037662212100 14987982789704417536 580973216743292932 1152921524135542784 4295229568 13835058055553794056 6917532669773349376 873711659288363016 2305843046861799424 8590459072 4611686018965323788 12682138337381712640 301745779238764556 3458764566568157184 12885688384
18 1 38 1 91 3 3229745169 4611698937689014274 2323892866973171731 4611686096542171136 17180918272 1086521378 9223386605383843843 3494846637153452065 9223372187447197696 34361836288 2151743539 13835065202107744257 1206983116955058226 13835058266272628736 51542753536
19 1 39 1 92 3 12918980676 51677046505480 9295571467895832653 309237907456 68723673089 4346085512 58274116272140 13979386548614856838 601295945728 137447345154 8606974156 28587302322180 4827932467822330059 841814376448 206171014147
20 1 40 1 93 3 51675922704 206708186021920 288797724164227380 1236951629826 274894692356 17384342048 233096465088560 577313973330772504 2405183782915 549789380616 34427896624 114349209288720 864985797579768620 3367257505793 824684056588
21 1 41 1 94 3 206703690816 826832744087680 1155190896656909520 4948880261128 67141648 69537368192 932385860354240 2309255893323090016 9622882615308 134266912 137711586496 457396837154880 3459943190319074480 13472251248644 201343024
22 1 42 1 95 3 826814763264 3307330976350720 4620763586627638080 19795521044512 268566592 278149472768 3729543441416960 9237023573292360064 38491530461232 537067648 550846345984 1829587348619520 13839772761276297920 53889004994576 805372096
23 1 43 1 96 3 3307259053058 13229323905400832 36310272801000704 79182084178049 1074266368 1112597891075 14918173765664768 54606145750337024 153966121844930 2148270592 2203385383937 7318349394477056 18858823976536832 215556019978307 3221488384
24 1 44 1 97 3 13229036212232 52917295621603328 145241091204002816 316728336712196 4297065472 4450391564300 59672695062659072 218424583001348096 615864487379720 8593082368 8813541535748 29273397577908224 75435295906147328 862224079913228 12885953536
25 1 45 1 98 3 52916144848928 211669182486413312 580964364817059840 1266912273106960 17188261888 17801566257200 238690780250636288 873698332007489536 2463455802035232 34372329472 35254166142992 117093590311632896 301741183627735040 3448893098427440 51543814144
26 1 46 1 99 3 211664579395712 846676729945654272 2323857459267190784 5067649092427840 68753047552 71206265028800 954763121002547200 3494793328027860992 9853823208140928 137489317888 141016664571968 468374361246534656 1206964734507794432 13795572393709760 206175256576
27 1 47 1 100 3 846658317582848 3386706919782617088 9295429837068763136 20270596369711360 275012190208 284825060115200 3819052484010188800 13979173312111443968 39415292832563712 549957271552 564066658287872 1873497444986138624 4827858938031177728 55182289574839040 824701026304
28 1 48 1 101 3 3386633270331392 13546827679130471424 288231200852803584 81082386552587266 537133056 1139300240460800 15276209936040756224 576461027316072448 157661173477738499 805830656 2256266633151488 7493989779944556544 864691678413062144 220729161520581633 269221888
29 1 49 1 102 3 13546533081325568 17293822569102783488 1152924803410165762 324329546210349064 2148532224 4557200961843200 5764607523034372096 2305844109262192643 630644693910953996 3223322624 9025066532605952 11529215046068677632 3458766713649102849 882916646082326532 1076887552
30 1 50 1 103 3 54186132325302272 13835058055282479104 4611699213640663051 1297318184841396256 8594128896 18228803847372800 4611686018427936768 9223376437048770573 2522578775643815984 12893290496 36100266130423808 9223372036855607296 13835066854596411398 3531666584329306128 4307550208
31 1 51 1 104 3 216744529301209088 1261568 52780853100591 5189272739365585025 34376515584 72915215389491200 2195456 17600775979061 10090315102575263938 51573161984 144401064521695232 3325952 35197256990746 14126666337317224515 17230200832
32 1 52 1 105 3 866978117204836352 5046272 211123412402364 2310346883752788484 137506062337 291660861557964800 8781824 70403103916244 3467772262881952520 206292647938 577604258086780928 13303808 140789027962984 1166433128140243212 68920803331
33 1 53 1 106 3 3467912468819345408 20185088 844493649609456 9241387535011153936 550024249348 1166643446231859200 35127296 281612415664976 13871089051527810080 825170591752 2310417032347123712 53215232 563156111851936 4665732512560972848 275683213324
34 1 54 1 107 3 13871649875277381632 80740352 3377974598437824 72061994772996160 1073741842 4666573784927436800 140509184 1126449662659904 144123988203810944 2147483683 9241668129388494848 212860928 2252624447407744 216185977608081600 3221225521
35 1 55 1 108 3 146367279980871680 322961411 13511898395848448 288247976944500992 4294967368 219551066000195584 562036737 4505798653785344 576495949594018304 8589934732 73184370134876160 851443714 9010497790679552 864743909358584576 12884902084
36 1 56 1 109 3 585469119923486720 1291845644 54047593583393792 1152991907778003968 17179869472 878204264000782336 2248146948 18023194615141376 2305983798376073216 34359738928 292737480539504640 3405774856 36041991162718208 3458975637434338304 51539608336
0 1 57 1 110 3 2341876479693946880 5167382576 216190374333575168 4611967631112015872 68719477888 3512817056003129344 8992587792 72092778460565504 9223935193504292864 137438955712 1170949922158018560 13623099424 144167964650872832 13835902549737353216 206158433344
1 1 58 1 74 3 9367505918775787520 20669530304 864761497335349248 1126449664770048 274877911553 14051268224012517376 35970351168 288371113844359168 2252624450584576 549755822850 4683799688632074240 54492397696 576671858606637056 3377974599532544 824633733379
2 1 59 1 75 3 576535527684046848 82678123266 3459045989339299840 4505799732822016 18436 864840674921414656 143881407747 1153484455374290944 9010499949821952 35848 288454680818745344 217969591809 2306687434425499648 13511901619355648 50188
3 1 60 1 76 3 2306142110736187395 330712493064 13836183957354053632 18023198931288064 73744 3459362699685658625 575525630988 4613937821496115200 36041999799287808 143392 1153818723274981378 871878367236 9226749737699901440 54047606477422592 200752
4 1 61 1 77 3 9224568442944749580 1322849975328 4503608284413952 72092795725152259 294976 13837450798742634500 2302102524976 9007212273860608 144167999197151233 573568 4615274893099925512 3487513470992 13510803378405376 216190425909690370 803008
5 1 62 1 78 3 4785624359895088 5291399901314 18014433137655808 288371182900609036 1179904 9570973841883152 9208410099907 36028849095442432 576671996788604932 2294272 14355498690150432 13950053883969 54043213513621504 864761703638761480 3212032
6 1 63 1 79 3 19142497439580352 21165599605256 72057732552720384 1153484729454952496 4719616 38283895367532608 36833640399628 144115396384915456 2306687983933194256 9177088 57421994760601728 55800215535876 216172854055534592 3459046813481304096 12848128
7 1 64 1 80 3 76569989758321410 84662398418976 288230930210881536 4613938917819809984 18878464 153135581470130435 147334561595440 576461585539661824 9226751935732777024 36708352 229687979042406913 223200862142480 864691416222138368 13836187253925216384 51392512
8 1 65 1 81 3 306279959033285640 338649593675904 1152923720843526144 9011597569688320 75513857 612542325880521740 589338246381760 2305846342158647296 13519595512004864 146833410 918751916169627652 892803448569920 3458765664888553472 4516794572210688 205570051
9 1 66 1 82 3 1225119836133142560 1354598374703616 4611694883375153152 36046389205011456 302055428 2450169303522086960 2357352985527040 9223385368636686336 54078379900535808 587333640 3675007664678510608 3571213794279680 13835062659557359616 18067175067617280 822280204
10 1 67 1 83 3 4900479344532570242 5418393498812416 35459791060992 144185556820045825 1208221712 9800677214088347843 9429411942105088 53327127642112 216313519602143234 2349334560 14700030658714042433 14284855177117696 18417100783616 72268700270469123 3289120816
11 1 68 1 84 3 1155173304420729352 21673573995249665 141839164243968 576742227280183300 4832886848 2309220708934288140 37717647768420354 213308510568448 865254078408572936 9397338240 3459890413727514884 57139420708470787 73668403134464 289074801081876492 13156483264
12 1 69 1 85 3 4620693217682917408 86694295980998660 567356656975872 2306968909120733200 19331547392 9236882835737152560 150870591073681416 853234042273792 3461016313634291744 37589352960 13839561654910059536 228557682833883148 294673612537856 1156299204327505968 52625933056
13 1 70 1 86 3 36028797022118016 346777183923994641 2269426627903488 9227875636482932800 77326189568 54043195529507008 603482364294725666 3412936169095168 13844065254537166976 150357411840 18014398511583296 914230731335532595 1178694450151424 4625196817310023872 210503732224
14 1 71 1 87 3 144115188088472064 1387108735695978564 9077706511613952 18014398512627968 309304758274 216172782118028032 2413929457178902664 13651744676380672 36028797020013056 601429647363 72057594046333184 3656922925342130380 4714777800605696 54043195530543872 842014928897
15 1 72 1 88 3 576460752353888256 5548434942783914256 36310826046455808 72057595124253696 137707405320 864691128472112128 9655717828715610656 54606978705522688 144115190227535872 206695333900 288230376185332736 14627691701368521520 18859111202422784 216172785343400960 69524832260
16 1 73 1 89 3 2305843009415553025 3746995697426104384 145243304185823233 288230380497014784 550829621280 3458764513888448514 1729383167443337344 218427914822090754 576460760910143488 826781335600 1152921504741330947 3170534584345428160 75436444809691139 864691141373603840 278099329040
