370 111 5 37
26 2 65 1 99 3 72057594037927936 0 0 0 0 144115188075855872 0 0 0 0 216172782113783808 0 0 0 0
27 2 66 1 100 3 288230376151711744 0 0 0 0 576460752303423488 0 0 0 0 864691128455135232 0 0 0 0
28 2 67 1 101 3 1152921504606846976 0 0 0 0 2305843009213693952 0 0 0 0 3458764513820540928 0 0 0 0
29 2 68 1 102 3 4611686018427387904 0 0 0 0 9223372036854775808 0 0 0 0 13835058055282163712 0 0 0 0
30 2 69 1 103 3 0 1 0 0 0 0 2 0 0 0 0 3 0 0 0
31 2 70 1 104 3 0 4 0 0 0 0 8 0 0 0 0 12 0 0 0
32 2 71 1 105 3 0 16 0 0 0 0 32 0 0 0 0 48 0 0 0
33 2 72 1 106 3 0 64 0 0 0 0 128 0 0 0 0 192 0 0 0
34 2 73 1 107 3 0 256 0 0 0 0 512 0 0 0 0 768 0 0 0
35 2 37 1 108 3 1 0 0 0 0 2 0 0 0 0 3 0 0 0 0
36 2 38 1 109 3 4 0 0 0 0 8 0 0 0 0 12 0 0 0 0
0 2 39 1 110 3 16 0 0 0 0 32 0 0 0 0 48 0 0 0 0
1 2 40 1 74 3 64 0 0 0 0 128 0 0 0 0 192 0 0 0 0
2 2 41 1 75 3 256 0 0 0 0 512 0 0 0 0 768 0 0 0 0
3 2 42 1 76 3 1024 0 0 0 0 2048 0 0 0 0 3072 0 0 0 0
4 2 43 1 77 3 4096 0 0 0 0 8192 0 0 0 0 12288 0 0 0 0
5 2 44 1 78 3 16384 0 0 0 0 32768 0 0 0 0 49152 0 0 0 0
6 2 45 1 79 3 65536 0 0 0 0 131072 0 0 0 0 196608 0 0 0 0
7 2 46 1 80 3 262144 0 0 0 0 524288 0 0 0 0 786432 0 0 0 0
8 2 47 1 81 3 1048576 0 0 0 0 2097152 0 0 0 0 3145728 0 0 0 0
9 2 48 1 82 3 4194304 0 0 0 0 8388608 0 0 0 0 12582912 0 0 0 0
10 2 49 1 83 3 16777216 0 0 0 0 33554432 0 0 0 0 50331648 0 0 0 0
11 2 50 1 84 3 67108864 0 0 0 0 134217728 0 0 0 0 201326592 0 0 0 0
12 2 51 1 85 3 268435456 0 0 0 0 536870912 0 0 0 0 805306368 0 0 0 0
13 2 52 1 86 3 1073741824 0 0 0 0 2147483648 0 0 0 0 3221225472 0 0 0 0
14 2 53 1 87 3 4294967296 0 0 0 0 8589934592 0 0 0 0 12884901888 0 0 0 0
15 2 54 1 88 3 17179869184 0 0 0 0 34359738368 0 0 0 0 51539607552 0 0 0 0
16 2 55 1 89 3 68719476736 0 0 0 0 137438953472 0 0 0 0 206158430208 0 0 0 0
17 2 56 1 90 3 274877906944 0 0 0 0 549755813888 0 0 0 0 824633720832 0 0 0 0
18 2 57 1 91 3 1099511627776 0 0 0 0 2199023255552 0 0 0 0 3298534883328 0 0 0 0
19 2 58 1 92 3 4398046511104 0 0 0 0 8796093022208 0 0 0 0 13194139533312 0 0 0 0
20 2 59 1 93 3 17592186044416 0 0 0 0 35184372088832 0 0 0 0 52776558133248 0 0 0 0
21 2 60 1 94 3 70368744177664 0 0 0 0 140737488355328 0 0 0 0 211106232532992 0 0 0 0
22 2 61 1 95 3 281474976710656 0 0 0 0 562949953421312 0 0 0 0 844424930131968 0 0 0 0
23 2 62 1 96 3 1125899906842624 0 0 0 0 2251799813685248 0 0 0 0 3377699720527872 0 0 0 0
24 2 63 1 97 3 4503599627370496 0 0 0 0 9007199254740992 0 0 0 0 13510798882111488 0 0 0 0
25 2 64 1 98 3 18014398509481984 0 0 0 0 36028797018963968 0 0 0 0 54043195528445952 0 0 0 0
9 1 54 1 85 1 146402189475840000 288230376169540608 10088274275870966272 16492707971072 822083760 219603292802777088 576460752339076096 14123358808818320128 5497608470528 301990096 73201137687724032 864691128508614656 5188287521120846080 10995133054976 587202656
10 1 55 1 86 1 585608757903360000 1152921504678162432 3459608956064761856 65970831884290 3288335040 878413171211108352 2305843009356304384 1153203014144625664 21990433882115 1207960384 292804550750896128 3458764514034458624 2306406010773832704 43980532219905 2348810624
11 1 56 1 87 1 2342435031613440000 4611686018712649728 13838435824259047424 263883327537160 13153340160 3513652684844433408 9223372037425217536 4612812056578502656 87961735528460 4831841536 1171218203003584512 13835058056137834496 9225624043095330816 175922128879620 9395242496
12 1 57 1 88 1 9369740126453760000 1141047296 13511075909632001 1055531162664995 52613360640 14054610739377733632 2281766912 4504152607604738 351843720888369 19327366144 4684872812014338048 3422683136 9008024963268611 703687441776658 37580969984
13 1 58 1 89 1 585472358395936768 4564189186 54044303638528004 4222124650659980 210453442560 878210736382279680 9127067651 18016610430418952 1407374883553476 77309464576 292747174347800576 13690732545 36032099853074444 2814749767106632 150323879936
14 1 59 1 90 1 2341889433583747072 18256756744 216177214554112016 16888498602639920 841813770240 3512842945529118720 36508270604 72066441721675808 5629499534213904 309237858304 1170988697391202304 54762930180 144128399412297776 11258999068426528 601295519744
15 1 60 1 91 1 9367557734334988288 73027029024 864708858214350912 67553997631785152 68720197632 14051371782116474880 146033085488 288265766883557504 22517999210597440 137439805440 4683954789564809216 219051721744 576513597648142528 45035998421189760 206158823424
16 1 61 1 92 1 576742789920849920 292108116098 3458835432857403648 270215990527140608 274880790528 865254907337244672 584132341955 1153063067534230016 90071996842389760 549759221760 289075084549685248 876206886977 2306054390592570112 180143993684759040 824635293696
17 1 62 1 93 1 2306971159683399680 1168432464392 13835341731429614592 1080863963182304256 11534336 3461019629348978688 2336529367820 4612252270136920064 360287989517042688 13631488 1156300338198740992 3504827547908 9224217562370280448 720575977960261632 6291456
18 1 63 1 94 1 9227884638733598722 4673729855520 1134704589803520 4323455852729217027 46137344 13844078517395914755 9346117468208 2265006838128640 1441151958068170753 54525952 4625201352794963969 14019310190608 3382102062018560 2882303911841046530 25165824
19 1 64 1 95 1 18050407515291656 18694919422082 4538818359214080 17293823410916868108 184549376 36081848455004172 37384469872835 9060027352514560 5764607832272683012 218103808 54061337470304260 56077240762433 13528408248074240 11529215647364186120 100663296
20 1 65 1 96 1 72201630061166624 74779677688328 18155273436856320 13835061422538817584 738197507 144327393820016688 149537879491340 36240109410058240 4611687255381180432 872415233 216245349881217040 224308963049732 54113632992296960 9223374442037641248 402653186
21 1 66 1 97 1 288806520244666498 299118710751264 72621093747425280 13469026615488 2952790031 577309575280066755 598151517962288 144960437640232960 4947815170112 3489660933 864981399524868161 897235852197904 216454531969187840 9620731461760 1610612746
22 1 67 1 98 1 1155226080978665992 1196474843006080 290484374988652544 53876106461952 11811160124 2309238301120267020 2392606071851200 579841750558834688 19791260680448 13958643732 3459925598099472644 3588943408794688 865818127873605632 38482925847040 6442450984
23 1 68 1 99 1 4620904323914663968 4785899372024320 1161937499954610176 215504425847808 47244640496 9236953204481068080 9570424287404800 2319367002235338752 79165042721792 55834574928 13839702392397890576 14355773635178752 3463272511494422528 153931703388160 25769803936
24 1 69 1 100 1 36873221949104258 19143597488095233 4647749999818440704 862017703391232 188978561984 54324670505169091 38281697149616130 9277468008941355008 316660170887168 223338299712 18577348462907457 57423094540713987 13853090045977690112 615726813552640 103079215744
25 1 70 1 101 1 147492887796417032 76574389952380932 144255925566308352 3448068666081281 755914247936 217298682020676364 153126788598464520 216383888349462528 1266637462323202 893353198848 74309393851629828 229692378162855948 72127962783154176 2462906180468739 412316862976
26 1 71 1 102 1 589971551185668128 306297559809523728 577023702265233408 13792276811808772 824633736192 869194728082705456 612507154393858080 865535553397850112 5066553070518280 274877912064 297237575406519312 918769512651423792 288511851132616704 9851625795616780 549755824128
27 1 72 1 103 1 2359886204742672512 1225190239238094912 2308094809064079360 55169107247235088 61440 3476778912330821824 2450028617575432320 3462142213592449024 20266212282073120 20480 1188950301626077248 3675078050605695168 1154047404532563968 39406503182467120 40960
28 1 73 1 104 1 9439544818970690048 4900760956952379648 9232379236256317440 220676428988940352 245760 13907115649323287296 9800114470301729280 13848568854369796096 81064849128292480 81920 4755801206504308992 14700312202422780672 4616189618130255872 157626012729868480 163840
29 1 37 1 105 1 864691128463656961 1156299754099965954 36028797606166529 882705715955761410 983040 288230376164494338 2306969733787811843 54043196350529538 324259396513169923 327680 576460752307684355 3461016588562464769 18014398811471875 630504050919473921 655360
30 1 38 1 106 1 3458764513854627844 4625199016399863816 144115190424666116 3530822863823045640 3932160 1152921504657977352 9227878935151247372 216172785402118152 1297037586052679692 1310720 2305843009230737420 13844066354249859076 72057595245887500 2522016203677895684 2621440
31 1 39 1 107 1 13835058055418511376 54051991889903648 576460761698664465 14123291455292182560 15728640 4611686018631909408 18027593185886256 864691141608472610 5188150344210718768 5242880 9223372036922949680 36033195870781456 288230380983550003 10088064814711582736 10485760
32 1 40 1 108 1 545390656 216207967559614595 2305843046794657860 1152933600040075392 62914563 818086016 72110372743545025 3458764566433890440 2305857303133323456 20971521 272695488 144132783483125826 1152921523934200012 3458771111427227712 41943042
33 1 41 1 109 1 2181562624 864831870238458380 9223372187181777168 4611734396939076096 251658252 3272344064 288441490974180100 13835058265736610336 9223429211459552000 83886084 1090781952 576531133932503304 4611686095738897200 13835084443561427200 167772168
34 1 42 1 110 1 8726250498 3459327480953831472 601308005440 193514046752770 1006633009 13089376259 1153765963896717328 841817786496 228698419104771 335544338 4363127809 2306124535730012192 309246037184 105553117053953 671088675
35 1 43 1 74 1 34905001992 13837309923815325888 2405232021760 774056187011080 4026532036 52357505036 4615063855586869312 3367271145984 914793676419084 1342177352 17452511236 9224498142920048768 1236984148736 422212468215812 2684354700
36 1 44 1 75 1 139620007968 9007474132648704 9620928087043 3096224748044320 16106128144 209430020144 13511348637925632 13469084583937 3659174705676336 5368709408 69810044944 4504424261091840 4947936594946 1688849872863248 10737418800
0 1 45 1 76 1 558480031875 36029896530591744 38483712348172 12384898992177280 64424512576 837720080577 54045394551701504 53876338335748 14636698822705344 21474837632 279240179778 18017697044365312 19791746379784 6755399491452992 42949675200
1 1 46 1 77 1 2233920127500 144119586122366976 153934849392688 49539595968709120 257698050304 3350880322308 216181578206806016 215505353342992 58546795290821376 85899350528 1116960719112 72070788177461248 79166985519136 27021597965811968 171798700800
2 1 47 1 78 1 8935680510000 576478344489468928 615739396522176 198158383874836480 1030792201216 13403521289232 864726312827226112 862021411274816 234187181163285504 343597402112 4467842876448 288283152709848064 316667938930816 108086391863247872 687194803200
3 1 48 1 79 1 35742722040000 2305913377957875712 2462957587137280 792633537646829568 824633921536 53614085156928 3458905251308904448 3448085647196416 936748723579400192 274877980672 17871371505792 1153132610839392256 1266671758868992 432345566379249664 549755957248
4 1 49 1 80 1 142970888160000 9223653511831503872 9851830347500544 3170534153808543744 802816 214456340627712 13835621005235619840 13792342586688512 3746994895391342592 294912 71485486023168 4612530443357572096 5066687032330240 1729382267664482304 573440
5 1 50 1 81 1 571883552640000 1125899906912256 39407321390002178 12682136615234174976 3211264 857825362510848 2251799813824512 55169370346754051 14987979581565370368 1179648 285941944092672 3377699720736768 20266748129320961 6917529070657929216 2293760
6 1 51 1 82 1 2287534210560000 4503599627649024 157629285560008712 13835058313517596672 12845058 3431301450043392 9007199255298048 220677481387016204 4611686105132826624 4718595 1143767776370688 13510798882947072 81066992517283844 9223372208922165248 9175041
7 1 52 1 83 1 9150136842240000 18014398510596096 630517142242132000 1030794248192 51380235 13725205800173568 36028797021192192 882709925551210544 343600529408 18874381 4575071105482752 54043195531788288 324267970070183952 687195815936 36700166
8 1 53 1 84 1 36600547368960000 72057594042384384 2522068568968528000 4123176992768 205520940 54900823200694272 144115188084768768 3530839702204842176 1374402117632 75497524 18300284421931008 216172782127153152 1297071880280735808 2748783263744 146800664
28 1 47 1 91 3 72057734700253184 9511602417309844512 878219519523291200 279223184416311424 68719476736 144115395311190016 14411518816188106800 292769160151171200 103582801094249664 137438953472 216172852981825536 5476377159771622416 585520728116297920 184647599756674112 206158430208
29 1 48 1 92 3 288230938801012736 1152921521820274816 3512878078093164802 1116892737665245696 274877906944 576461581244760064 2305843043623772352 1171076640604684803 414331204376998656 549755813888 864691411927302144 3458764565376938048 2342082912465191681 738590399026696448 824633720832
30 1 49 1 93 3 1152923755204050944 4611686087281099264 14051512312372659208 4467570951734724608 0 2305846324979040256 9223372174495089408 4684306562418739212 1657324819655478272 0 3458765647709208576 13835058261507752192 9368331649860766724 2954361599328011264 0
31 1 50 1 94 3 4611695020816203778 275414843392 865817028361981985 17870283806938898435 0 9223385299916161027 550561251328 290482175965405234 6629299278621913089 0 13835062590836834305 824902352896 579838452023963667 11817446397312045058 0
32 1 51 1 95 3 36009555263496 1101659373569 3463268113447927940 16140903006626938892 3 53052245540876 2202245005314 1161928703861620936 8070453040778100740 1 18142218682372 3299609411587 2319353808095854668 10376297441829077000 2
33 1 52 1 96 3 144038221053984 4406637494276 13853072453794857488 9223379802157875248 15 212208982163504 8808980021256 4647714815447532320 13835068088329109520 5 72568874729488 13198437646348 9277415232385515824 4611701617749721120 10
34 1 53 1 97 3 576152884215936 17626549977104 72057594050775104 31061212397763 62 848835928654016 35235920085024 144115188080577664 40132187783233 23 290275498917952 52793750585392 216172782122960064 62397289332866 41
35 1 54 1 98 3 2304611536863744 70506199909440 288230376202051840 124244849591052 248 3395343714616064 140943680342144 576460752320213504 160528751132932 92 1161101995671808 211175002344640 864691128488694528 249589157331464 164
36 1 55 1 99 3 9218446147454976 282024799637760 1152921504808207360 496979398364208 992 13581374858464256 563774721368576 2305843009280854016 642115004531728 368 4644407982687232 844700009378560 3458764513954778112 998356629325856 656
0 1 56 1 100 3 36873784589819905 1128099198550016 4611686019232829440 1987917593456832 3968 54325499433857026 2255098885472256 9223372037123416064 2568460018126912 1472 18577631930748931 3378800037511168 13835058055819112448 3993426517303424 2624
1 1 57 1 101 3 147495138359279620 4512396794200064 3223863296 7951668226343681 15872 217301997735428104 9020395541889024 1077706752 10273836851282178 5888 74310527722995724 13515200150044672 2148843520 15973704995471875 10496
2 1 58 1 102 3 589980553437118480 18049587176802304 12893356032 31806672905374724 63488 869207990941712416 36081582167559168 4307681280 41095347405128712 23552 297242110891982896 54060800600179712 8594325504 63894819981887500 41984
3 1 59 1 103 3 2359922213748473920 72198348707209216 51575521280 127226689474015248 253952 3476831963766849664 144326328670236672 17233870848 164381386399289376 94208 1188968443567931584 216243202400718848 34378350592 255579278853808176 167936
4 1 60 1 104 3 9439688854993895680 288793394828837888 206301036544 508906757896060992 1015808 13907327855067398656 577305314680948736 68933386240 657525545597157504 376832 4755873774271726336 864972809602878464 137510256640 1022317115415232704 671744
5 1 61 1 105 3 865267272556479488 1155173579315351554 825204146176 2035627031584243968 4063232 289079199140939776 2309221258723794947 275733544960 2630102182388630016 1507328 576751023377353728 3459891238411513857 550041026560 4089268461660930816 2686976
6 1 62 1 106 3 3461069090225917952 4620694317261406216 3300816584704 8142508126336975872 16252928 1156316796563759104 9236885034895179788 1102934179840 10520408729554520064 6029312 2307004093509414912 13839564953646055428 2200164106240 16357073846643723264 10747904
7 1 63 1 107 3 13844276360903671808 36033195336073248 13203266338817 14123288431638351872 65011713 4625267186255036416 54051992161615920 4411736719362 5188146770798977024 24117250 9228016374037659648 18027593455566864 8800656424963 10088063165446238208 42991619
8 1 64 1 108 3 36873222486032384 144132781344292995 52813065355268 1152921505424752640 260046855 54324671310594048 216207968646463681 17646946877448 2305843009486356480 96469001 18577348731535360 72110373822267458 35202625699852 3458764514365849600 171966478
9 1 65 1 109 3 147492889944129536 576531125377171980 211252264566800 4611686018477785088 1040187420 217298685242376192 864831874585854724 70587788558368 9223372036871684096 385876004 74309394926141440 288441495289069832 140810504896560 13835058055315914752 687865912
10 1 66 1 110 3 589971559776518146 2306124501508685872 845009058267200 201588736 4160749681 869194740969504771 3459327498343415824 282351154233472 67633152 1543504018 297237579704565761 1153765981156278304 563242019586240 135004160 2751463651
11 1 67 1 74 3 2359886239106072584 9224498006034743488 3380036233068800 806354944 16642998724 3476778963878019084 13837309993373663296 1129404616933888 270532608 6174016072 1188950318818263044 4615063924625113216 2252968078344960 540016640 11005854604
12 1 68 1 75 3 9439544956424290336 4503876719870720 13520144935420930 4194304 66571994896 13907115855512076336 9007752365998336 4517618468784131 8388608 24696064288 4755801275273052176 13511624790901248 9011872315476993 12582912 44023418416
13 1 69 1 76 3 864691678278058115 18015506879479810 54080579741683720 16777216 266287979584 288231200919650497 36031009463992323 18070473875136524 33554432 98784257152 576461027382657090 54046499163602945 36047489261907972 50331648 176093673664
14 1 70 1 77 3 3458766713112232460 72062027517919240 216322318966734880 67108864 1065151918336 1152924803678601988 144124037855969292 72281895500546096 134217728 395137028608 2305844109530628360 216185996654411780 144189957047631888 201326592 704374694656
15 1 71 1 78 3 13835066852448929840 288248110071676960 865289275866939520 3489660928 962072790016 4611699214714407952 576496151423877168 289127582002184384 1610612736 481036486656 9223376438122513440 864743986617647120 576759828190527552 2952790016 618475523072
16 1 72 1 79 3 35188667064512 1152992440286707843 3461157103468806656 16106127360 549756276736 52785148080192 2305984605695508673 1156510328010834688 5368709120 824634318848 17605070950528 3458975946470588482 2307039312765255936 10737418240 274878836736
17 1 73 1 80 3 140754668258048 4611969761146832396 13844628413874178048 66571993088 1851392 211140592320768 9223938422782036740 4626041312041241600 24696061952 2392064 70420283802112 13835903785882357000 9228157251057878016 44023414784 3719168
18 1 37 1 81 3 563018673032194 1134970877775920 38281434368057345 266287972355 7405568 844562369283075 2265543709040656 57421174455414786 98784247809 9568256 281681135208449 3382922400772128 19140856812408835 176093659138 14876672
19 1 38 1 82 3 2252074692128776 4539883511103680 153125737472229380 1065151889420 29622272 3378249477132300 9062174836162624 229684697821659144 395136991236 38273024 1126724540833796 13531689603088512 76563427249635340 704374636552 59506688
20 1 39 1 83 3 9008298768515104 18159534044414720 612502949888917520 4260607557680 118489088 13512997908529200 36248699344650496 918738791286636576 1580547964944 153092096 4506898163335184 54126758412354048 306253708998541360 2817498546208 238026752
21 1 40 1 84 3 36033195074060419 72638136177655808 2450011799555670080 17042430230720 473956352 54051991634116801 144994797378600960 3674955165146546304 6322191859776 612368384 18027592653340738 216507033649414144 1225014835994165440 11269994184832 952107008
22 1 41 1 85 3 144132780296241676 290552544710625280 9800047198220583168 68169720922880 1895825408 216207966536467204 579979189514406912 14699820660583039488 25288767439104 2449473536 72110370613362952 866028134597657600 4900059343975613184 45079976739328 3808428032
23 1 42 1 86 3 576531121184966704 1162210178842501120 2306700645463229440 272678883691522 7583301632 864831866145868816 2319916758057627648 3459050421203503104 101155069756419 9797894144 288441482453451808 3464112538390630400 1153493302192901120 180319906957313 15233712128
24 1 43 1 87 3 2306124484739866816 4648840715370004480 9226802581852917760 1090715534766088 30333206528 3459327464583475264 9279667032230510592 13836201684814012416 404620279025676 39191576576 1153765929813807232 13856450153562521600 4613973208771604480 721279627829252 60934848512
25 1 44 1 88 3 9224497938959467264 148618787770466304 13722179992567809 4362862139064354 121332826112 13837309858333901056 225179981502939136 4574518127394818 1618481116102707 156766306304 4615063719255228928 85568393121431552 9148761376866307 2885118511317009 243739394048
26 1 45 1 89 3 4503608418765824 594475151081865218 54888719970271236 17451448556257416 485331304448 9007212206949376 900719926011756547 18298072509579272 6473924464410828 627065225216 13510803311364096 342273572485726209 36595045507465228 11540474045268036 974957576192
27 1 46 1 90 3 18014433675063296 2377900604327460872 219554879881084944 69805795298771488 841813590016 36028848827797504 3602879704047026188 73192290038317088 25895700005126960 309237645312 54043213245456384 1369094289942904836 146380182029860912 46161899402297616 601295421440
27 1 59 1 79 2 2359903809813622784 2377900620432539648 3448102858785024 55169096509816848 274878087168 3476814100997869568 3602879736258232320 1266688985399808 20266200470913056 549756026880 1189003086774149120 1369094338263384064 2462923243389696 39406499961241648 824633819136
28 1 60 1 80 2 9439615239254491136 9511602481730161664 13792411431994368 220676387113009216 720896 13907256403991478272 14411518945032930304 5066755940550656 81064804031135872 851968 4756012347096596480 5476377353053538304 9851692971461632 157626003066192064 393216
29 1 61 1 81 2 864972809598861312 1152921779501543426 55169645727977474 882705548452036864 2883584 288793394837258240 2305843559003066371 20267023762202627 324259216124543488 3407872 577305314676834304 3458765338504601601 39406771885846529 630504012264768256 1572864
30 1 62 1 82 2 3459891238395445248 4611687118006173704 220678582911909896 3530822193808147456 11534336 1155173579349032960 9223374236012265484 81068095048810508 1297036864498173952 13631488 2309221258707337216 13835061354018406404 157627087543386116 2522016049059073024 6291456
31 1 63 1 83 2 13839564953581780992 4398315143200 882714331647639585 14123288775232589824 46137344 4620694317396131840 8796629958704 324272380195242034 5188147457992695808 54525952 9236885034829348864 13194944970768 630508350173544467 10088064196236292096 25165824
32 1 64 1 84 2 18027593198469120 17593260572803 3530857326590558340 1152922879801704448 184549379 36033195874975744 35186519834817 1297089520780968136 2305845758261231616 218103809 54051991898292224 52779779883074 2522033400694177868 3458768637526065152 100663298
33 1 65 1 85 2 72110372793876480 70373042292236 14123429306364330512 4611691515985592320 738197516 144132783499902976 140746079341316 5188358083122823968 9223383031971184640 872415236 216207967593168896 211119119535368 10088133602775662896 13835074547956776960 402653192
34 1 66 1 86 2 288441491175505922 281492169166896 1153485004328667200 21990232817667 2952790065 576531133999611907 562984317362192 2306688258781744256 43980465635329 3489660946 864831870372675585 844476478140448 3459046263683548352 65970698452994 1610612771
35 1 67 1 87 2 1153765964702023688 1125968676667584 4613940017314668800 87960931270668 11811160260 2306124535998447628 2251937269448768 9226753035126977024 175921862541316 13958643784 3459327481490702340 3377905912561792 13836185054734193408 263882793811976 6442451084
36 1 68 1 88 2 4615063858808094752 4503874706670336 9015995549123584 351843725082673 47244641040 9224498143993790512 9007749077795072 13523993088804864 703687450165266 55834575136 13837309925962809360 13511623650247168 4507997808118784 1055531175247907 25769804336
0 1 69 1 89 2 13511361522827395 18015498826678273 36063982196494336 1407374900330692 188978564160 4504428556058817 36030996311179266 54095972355219456 2814749800661064 223338300544 9007482722582594 54046494600986627 18031991232475136 4222124700991628 103079217344
1 1 70 1 90 2 54045446091309580 72061995306713092 144255928785977344 5629499601322768 755914256640 18017714224235268 144123985244717064 216383889420877824 11258999202644256 893353202176 36029930890330376 216185978403946508 72127964929900544 16888498803966512 412316869376
2 1 71 1 91 2 216181784365238320 288247981226854416 577023715141812224 22518000552774720 824633771008 72070856896941072 576495940978871328 865535557680365568 45036000031802496 274877925376 144119723561321504 864743913615787056 288511859718553600 67553996289607872 549755849728
3 1 72 1 92 2 864727137460953280 1152991924907417664 2308094860568297472 90072004358582528 200704 288283427587764288 2305983763915485312 3462142230723559424 180143999053468160 73728 576478894245286016 3458975654463148224 1154047438877360128 270215984084689664 143360
4 1 73 1 93 2 3458908549843813120 4611967699629671680 9232379442272141312 360288017434330112 802816 1153133710351057152 9223935055661943296 13848568922892140544 720575996213872640 294912 2305915576981144064 13835902617852595968 4616189755506294784 1080863936338758656 573440
5 1 37 1 94 2 13835634199375252481 1126724809134080 36029621669462017 1441152069737320450 3211264 4612534841404228610 2252075228667904 54043470439907330 2882303984855490563 1179648 9223662307924576259 3378250281725952 18014948315627523 4323455745355034625 2293760
6 1 38 1 95 2 2304576372355076 4506899236536323 144118486677848068 5764608278949281800 12845056 3395291907362824 9008300914671617 216173881759629320 11529215939421962252 4718592 1161084279201804 13513001126903810 72059793262510092 17293822981420138500 9175040
7 1 39 1 96 2 9218305489420304 18027596946145292 576473946711392272 4611689042087575584 51380225 13581167629451296 36033203658686468 864695527038517280 9223375610268745776 18874370 4644337116807216 54052004507615240 288239173050040368 13835059704551899152 36700163
8 1 40 1 97 2 36873221957681216 72110387784581168 2305895786845569088 12094640750720 205520901 54324670517805184 144132814634745872 3458782108154069120 14293655879872 75497482 18577348467228864 216208018030460960 1152956692200161472 6597078941760 146800655
9 1 41 1 98 2 147492887830724864 288441551138324672 9223583147382276352 48378563002880 822083604 217298682071220736 576531258538983488 13835128432616276480 57174623519488 301989928 74309393868915456 864832072121843840 4611826768800645888 26388315767040 587202620
10 1 42 1 99 2 589971551322899456 1153766204553298688 844442110002176 193514252011522 3288334416 869194728284882944 2306125034155933952 281509336451072 228698494077955 1207959712 297237575475661824 3459328288487375360 563001493031936 105553263068161 2348810480
11 1 43 1 100 2 2359886205291597827 4615064818213191680 3377768440008704 774057008046088 13153337664 3476778913139531777 9224500136623734784 1126037345804288 914793976311820 4831838848 1188950301902647298 13837313153949499392 2252005972127744 422213052272644 9395241920
12 1 44 1 101 2 9439544821166391308 13515199143215104 13511073763180545 3096224810958880 52613350656 13907115652558127108 4512399075835904 4504149384265730 3659174831505456 19327355392 4755801207610589192 9020394669342720 9008023890608131 1688850061606928 37580967680
13 1 45 1 102 2 864691137246462000 54060796572860418 54044295052722180 12384899243835520 210453402624 288230389103853584 18049596303343619 18016597537062920 14636699326021824 77309421568 576460756732805152 36081578677370881 36032095562432524 6755400246427712 150323870720
14 1 46 1 103 2 3458764548985848000 216243186291441672 216177180211937296 49539595901600256 841813610496 1152921556415414336 72198385213374476 72066390150348832 58546795156603648 309237686272 2305843026931220608 144326314709483524 144128382252875824 27021597764485376 601295482880
15 1 47 1 104 2 13835058195943392000 864972745165767712 864708720846700608 198158386827626496 68719558656 4611686225661657344 288793540853499952 288265560599298176 234187181700156416 137439117312 9223372107724882432 577305258837937168 576513529008357568 108086393205425152 206158675968
16 1 48 1 105 2 562644913152 3459890980663070851 3458834883386802432 792633547310505984 274878234624 828937077760 1155174163413999809 1153062242397192704 936748726800625664 549756469248 283480426496 2309221035351748674 2306054116033430272 432345572821700608 824634703872
17 1 49 1 106 2 2250579652608 13839563922652283404 13835339533547209728 3170534190315765760 1310720 3315748311040 4620696653655999236 4612248969588770816 3746994909349986304 2621440 1133921705984 9236884141406994696 9224216464133721088 1729382294508027904 3932160
18 1 50 1 107 2 9002318610434 18023469480476720 1125913060184067 12682136761263063043 5242880 13262993244163 36042540914442256 2251804645531649 14987979637399945217 10485760 4535686823937 54048418208874528 3377709115781122 6917529178032111618 15728640
19 1 51 1 108 2 36009274441736 72093877921906880 4503652240736268 13835058897633148940 20971522 53051972976652 144170163657769024 9007218582126596 4611686328471126020 41943043 18142747295748 216193672835498112 13510836463124488 9223372638418894856 62914561
20 1 52 1 109 2 144037097766944 288375511687627520 18014608965042224 3367256457264 83886091 212207891906608 576680654631076096 36028874331652112 1236953726992 167772173 72570989182992 864774691341992448 54043345853546528 2405182734368 251658246
21 1 53 1 110 2 576148391067779 1153502046750507008 72058435860168896 13469025829056 335544364 848831567626433 2306722618524303360 144115497326608448 4947814907968 671088692 290283956731970 3459098765367967744 216173383414186112 9620730937472 1006632984
22 1 54 1 74 2 2304593564271116 4614008187002029056 288233743439627008 53876103316224 1342177456 3395326270505732 9226890474097215488 576461989304336640 19791259631872 2684354768 1161135826927880 13836395061471874048 864693533653598720 38482923749888 4026531936
23 1 55 1 75 2 9218374257084464 9288674298564608 1152934973758508033 215504413264896 5368709824 13581305082022928 14073748969758720 2305847957217346562 79165038527488 10737419072 4644543307711520 5348024758841344 3458774134614394883 153931694999552 16106127744
24 1 56 1 76 2 36873497028337856 37154697194258432 4611739895034032132 862017653059584 21474839296 54325220328091712 56294995879034880 9223391828869386248 316660154109952 42949676288 18578173230846080 21392099035365376 13835096538457579532 615726779998208 64424510976
25 1 57 1 77 2 147493988113351424 148618788777033728 215506428674064 3448068464754689 85899357184 217300881312366848 225179983516139520 79168061587488 1266637395214338 171798705152 74312692923384320 85568396141461504 153932702711856 2462906046251011 257698043904
26 1 58 1 78 2 589975952453405696 594475155108134912 862025714696256 13792273859018756 343597428736 869203525249467392 900719934064558080 316672246349952 5066549580857352 687194820608 297250771693537280 342273584565846016 615730810847424 9851624185004044 1030792175616
27 2 45 1 94 1 0 0 0 0 0 0 0 0 0 0 0 0 0 0 0
28 2 46 1 95 1 0 0 0 0 0 0 0 0 0 0 0 0 0 0 0
29 2 47 1 96 1 0 0 0 0 0 0 0 0 0 0 0 0 0 0 0
30 2 48 1 97 1 0 0 0 0 0 0 0 0 0 0 0 0 0 0 0
31 2 49 1 98 1 0 0 0 0 0 0 0 0 0 0 0 0 0 0 0
32 2 50 1 99 1 0 0 0 0 0 0 0 0 0 0 0 0 0 0 0
33 2 51 1 100 1 0 0 0 0 0 0 0 0 0 0 0 0 0 0 0
34 2 52 1 101 1 0 0 0 0 0 0 0 0 0 0 0 0 0 0 0
35 2 53 1 102 1 0 0 0 0 0 0 0 0 0 0 0 0 0 0 0
36 2 54 1 103 1 0 0 0 0 0 0 0 0 0 0 0 0 0 0 0
0 2 55 1 104 1 0 0 0 0 0 0 0 0 0 0 0 0 0 0 0
1 2 56 1 105 1 0 0 0 0 0 0 0 0 0 0 0 0 0 0 0
2 2 57 1 106 1 0 0 0 0 0 0 0 0 0 0 0 0 0 0 0
3 2 58 1 107 1 0 0 0 0 0 0 0 0 0 0 0 0 0 0 0
4 2 59 1 108 1 0 0 0 0 0 0 0 0 0 0 0 0 0 0 0
5 2 60 1 109 1 0 0 0 0 0 0 0 0 0 0 0 0 0 0 0
6 2 61 1 110 1 0 0 0 0 0 0 0 0 0 0 0 0 0 0 0
7 2 62 1 74 1 0 0 0 0 0 0 0 0 0 0 0 0 0 0 0
8 2 63 1 75 1 0 0 0 0 0 0 0 0 0 0 0 0 0 0 0
9 2 64 1 76 1 0 0 0 0 0 0 0 0 0 0 0 0 0 0 0
10 2 65 1 77 1 0 0 0 0 0 0 0 0 0 0 0 0 0 0 0
11 2 66 1 78 1 0 0 0 0 0 0 0 0 0 0 0 0 0 0 0
12 2 67 1 79 1 0 0 0 0 0 0 0 0 0 0 0 0 0 0 0
13 2 68 1 80 1 0 0 0 0 0 0 0 0 0 0 0 0 0 0 0
14 2 69 1 81 1 0 0 0 0 0 0 0 0 0 0 0 0 0 0 0
15 2 70 1 82 1 0 0 0 0 0 0 0 0 0 0 0 0 0 0 0
16 2 71 1 83 1 0 0 0 0 0 0 0 0 0 0 0 0 0 0 0
17 2 72 1 84 1 0 0 0 0 0 0 0 0 0 0 0 0 0 0 0
18 2 73 1 85 1 0 0 0 0 0 0 0 0 0 0 0 0 0 0 0
19 2 37 1 86 1 0 0 0 0 0 0 0 0 0 0 0 0 0 0 0
20 2 38 1 87 1 0 0 0 0 0 0 0 0 0 0 0 0 0 0 0
21 2 39 1 88 1 0 0 0 0 0 0 0 0 0 0 0 0 0 0 0
22 2 40 1 89 1 0 0 0 0 0 0 0 0 0 0 0 0 0 0 0
23 2 41 1 90 1 0 0 0 0 0 0 0 0 0 0 0 0 0 0 0
24 2 42 1 91 1 0 0 0 0 0 0 0 0 0 0 0 0 0 0 0
25 2 43 1 92 1 0 0 0 0 0 0 0 0 0 0 0 0 0 0 0
26 2 44 1 93 1 0 0 0 0 0 0 0 0 0 0 0 0 0 0 0
7 3 50 3 85 1 0 0 4 0 0 0 0 8 0 0 0 0 12 0 0
8 3 51 3 86 1 0 0 16 0 0 0 0 32 0 0 0 0 48 0 0
9 3 52 3 87 1 0 0 64 0 0 0 0 128 0 0 0 0 192 0 0
10 3 53 3 88 1 0 0 256 0 0 0 0 512 0 0 0 0 768 0 0
11 3 54 3 89 1 0 0 1024 0 0 0 0 2048 0 0 0 0 3072 0 0
12 3 55 3 90 1 0 0 4096 0 0 0 0 8192 0 0 0 0 12288 0 0
13 3 56 3 91 1 0 0 16384 0 0 0 0 32768 0 0 0 0 49152 0 0
14 3 57 3 92 1 0 0 65536 0 0 0 0 131072 0 0 0 0 196608 0 0
15 3 58 3 93 1 0 0 262144 0 0 0 0 524288 0 0 0 0 786432 0 0
16 3 59 3 94 1 0 1024 0 0 0 0 2048 0 0 0 0 3072 0 0 0
17 3 60 3 95 1 0 4096 0 0 0 0 8192 0 0 0 0 12288 0 0 0
18 3 61 3 96 1 0 16384 0 0 0 0 32768 0 0 0 0 49152 0 0 0
19 3 62 3 97 1 0 65536 0 0 0 0 131072 0 0 0 0 196608 0 0 0
20 3 63 3 98 1 0 262144 0 0 0 0 524288 0 0 0 0 786432 0 0 0
21 3 64 3 99 1 0 1048576 0 0 0 0 2097152 0 0 0 0 3145728 0 0 0
22 3 65 3 100 1 0 4194304 0 0 0 0 8388608 0 0 0 0 12582912 0 0 0
23 3 66 3 101 1 0 16777216 0 0 0 0 33554432 0 0 0 0 50331648 0 0 0
24 3 67 3 102 1 0 67108864 0 0 0 0 134217728 0 0 0 0 201326592 0 0 0
25 3 68 3 103 1 0 268435456 0 0 0 0 536870912 0 0 0 0 805306368 0 0 0
26 3 69 3 104 1 0 1073741824 0 0 0 0 2147483648 0 0 0 0 3221225472 0 0 0
27 3 70 3 105 1 0 4294967296 0 0 0 0 8589934592 0 0 0 0 12884901888 0 0 0
28 3 71 3 106 1 0 17179869184 0 0 0 0 34359738368 0 0 0 0 51539607552 0 0 0
29 3 72 3 107 1 0 68719476736 0 0 0 0 137438953472 0 0 0 0 206158430208 0 0 0
30 3 73 3 108 1 0 274877906944 0 0 0 0 549755813888 0 0 0 0 824633720832 0 0 0
31 3 37 3 109 1 0 1099511627776 0 0 0 0 2199023255552 0 0 0 0 3298534883328 0 0 0
32 3 38 3 110 1 0 4398046511104 0 0 0 0 8796093022208 0 0 0 0 13194139533312 0 0 0
33 3 39 3 74 1 0 17592186044416 0 0 0 0 35184372088832 0 0 0 0 52776558133248 0 0 0
34 3 40 3 75 1 0 70368744177664 0 0 0 0 140737488355328 0 0 0 0 211106232532992 0 0 0
35 3 41 3 76 1 0 281474976710656 0 0 0 0 562949953421312 0 0 0 0 844424930131968 0 0 0
36 3 42 3 77 1 0 1125899906842624 0 0 0 0 2251799813685248 0 0 0 0 3377699720527872 0 0 0
0 3 43 3 78 1 0 4503599627370496 0 0 0 0 9007199254740992 0 0 0 0 13510798882111488 0 0 0
1 3 44 3 79 1 0 18014398509481984 0 0 0 0 36028797018963968 0 0 0 0 54043195528445952 0 0 0
2 3 45 3 80 1 0 72057594037927936 0 0 0 0 144115188075855872 0 0 0 0 216172782113783808 0 0 0
3 3 46 3 81 1 0 288230376151711744 0 0 0 0 576460752303423488 0 0 0 0 864691128455135232 0 0 0
4 3 47 3 82 1 0 1152921504606846976 0 0 0 0 2305843009213693952 0 0 0 0 3458764513820540928 0 0 0
5 3 48 3 83 1 0 4611686018427387904 0 0 0 0 9223372036854775808 0 0 0 0 13835058055282163712 0 0 0
6 3 49 3 84 1 0 0 1 0 0 0 0 2 0 0 0 0 3 0 0
14 1 45 1 107 1 0 0 0 0 0 0 0 0 0 0 0 0 0 0 0
15 1 46 1 108 1 0 0 0 0 0 0 0 0 0 0 0 0 0 0 0
16 1 47 1 109 1 0 0 0 0 0 0 0 0 0 0 0 0 0 0 0
17 1 48 1 110 1 0 0 0 0 0 0 0 0 0 0 0 0 0 0 0
18 1 49 1 74 1 0 0 0 0 0 0 0 0 0 0 0 0 0 0 0
19 1 50 1 75 1 0 0 0 0 0 0 0 0 0 0 0 0 0 0 0
20 1 51 1 76 1 0 0 0 0 0 0 0 0 0 0 0 0 0 0 0
21 1 52 1 77 1 0 0 0 0 0 0 0 0 0 0 0 0 0 0 0
22 1 53 1 78 1 0 0 0 0 0 0 0 0 0 0 0 0 0 0 0
23 1 54 1 79 1 0 0 0 0 0 0 0 0 0 0 0 0 0 0 0
24 1 55 1 80 1 0 0 0 0 0 0 0 0 0 0 0 0 0 0 0
25 1 56 1 81 1 0 0 0 0 0 0 0 0 0 0 0 0 0 0 0
26 1 57 1 82 1 0 0 0 0 0 0 0 0 0 0 0 0 0 0 0
27 1 58 1 83 1 0 0 0 0 0 0 0 0 0 0 0 0 0 0 0
28 1 59 1 84 1 0 0 0 0 0 0 0 0 0 0 0 0 0 0 0
29 1 60 1 85 1 0 0 0 0 0 0 0 0 0 0 0 0 0 0 0
30 1 61 1 86 1 0 0 0 0 0 0 0 0 0 0 0 0 0 0 0
31 1 62 1 87 1 0 0 0 0 0 0 0 0 0 0 0 0 0 0 0
32 1 63 1 88 1 0 0 0 0 0 0 0 0 0 0 0 0 0 0 0
33 1 64 1 89 1 0 0 0 0 0 0 0 0 0 0 0 0 0 0 0
34 1 65 1 90 1 0 0 0 0 0 0 0 0 0 0 0 0 0 0 0
35 1 66 1 91 1 0 0 0 0 0 0 0 0 0 0 0 0 0 0 0
36 1 67 1 92 1 0 0 0 0 0 0 0 0 0 0 0 0 0 0 0
0 1 68 1 93 1 0 0 0 0 0 0 0 0 0 0 0 0 0 0 0
1 1 69 1 94 1 0 0 0 0 0 0 0 0 0 0 0 0 0 0 0
2 1 70 1 95 1 0 0 0 0 0 0 0 0 0 0 0 0 0 0 0
3 1 71 1 96 1 0 0 0 0 0 0 0 0 0 0 0 0 0 0 0
4 1 72 1 97 1 0 0 0 0 0 0 0 0 0 0 0 0 0 0 0
5 1 73 1 98 1 0 0 0 0 0 0 0 0 0 0 0 0 0 0 0
6 1 37 1 99 1 0 0 0 0 0 0 0 0 0 0 0 0 0 0 0
7 1 38 1 100 1 0 0 0 0 0 0 0 0 0 0 0 0 0 0 0
8 1 39 1 101 1 0 0 0 0 0 0 0 0 0 0 0 0 0 0 0
9 1 40 1 102 1 0 0 0 0 0 0 0 0 0 0 0 0 0 0 0
10 1 41 1 103 1 0 0 0 0 0 0 0 0 0 0 0 0 0 0 0
11 1 42 1 104 1 0 0 0 0 0 0 0 0 0 0 0 0 0 0 0
12 1 43 1 105 1 0 0 0 0 0 0 0 0 0 0 0 0 0 0 0
13 1 44 1 106 1 0 0 0 0 0 0 0 0 0 0 0 0 0 0 0
4 1 56 1 102 2 0 0 0 4096 0 0 0 0 8192 0 0 0 0 12288 0
5 1 57 1 103 2 0 0 0 16384 0 0 0 0 32768 0 0 0 0 49152 0
6 1 58 1 104 2 0 0 0 65536 0 0 0 0 131072 0 0 0 0 196608 0
7 1 59 1 105 2 0 0 0 262144 0 0 0 0 524288 0 0 0 0 786432 0
8 1 60 1 106 2 0 0 0 1048576 0 0 0 0 2097152 0 0 0 0 3145728 0
9 1 61 1 107 2 0 0 0 4194304 0 0 0 0 8388608 0 0 0 0 12582912 0
10 1 62 1 108 2 0 0 0 16777216 0 0 0 0 33554432 0 0 0 0 50331648 0
11 1 63 1 109 2 0 0 0 67108864 0 0 0 0 134217728 0 0 0 0 201326592 0
12 1 64 1 110 2 0 0 0 268435456 0 0 0 0 536870912 0 0 0 0 805306368 0
13 1 65 1 74 2 0 0 1048576 0 0 0 0 2097152 0 0 0 0 3145728 0 0
14 1 66 1 75 2 0 0 4194304 0 0 0 0 8388608 0 0 0 0 12582912 0 0
15 1 67 1 76 2 0 0 16777216 0 0 0 0 33554432 0 0 0 0 50331648 0 0
16 1 68 1 77 2 0 0 67108864 0 0 0 0 134217728 0 0 0 0 201326592 0 0
17 1 69 1 78 2 0 0 268435456 0 0 0 0 536870912 0 0 0 0 805306368 0 0
18 1 70 1 79 2 0 0 1073741824 0 0 0 0 2147483648 0 0 0 0 3221225472 0 0
19 1 71 1 80 2 0 0 4294967296 0 0 0 0 8589934592 0 0 0 0 12884901888 0 0
20 1 72 1 81 2 0 0 17179869184 0 0 0 0 34359738368 0 0 0 0 51539607552 0 0
21 1 73 1 82 2 0 0 68719476736 0 0 0 0 137438953472 0 0 0 0 206158430208 0 0
22 1 37 1 83 2 0 0 274877906944 0 0 0 0 549755813888 0 0 0 0 824633720832 0 0
23 1 38 1 84 2 0 0 1099511627776 0 0 0 0 2199023255552 0 0 0 0 3298534883328 0 0
24 1 39 1 85 2 0 0 4398046511104 0 0 0 0 8796093022208 0 0 0 0 13194139533312 0 0
25 1 40 1 86 2 0 0 17592186044416 0 0 0 0 35184372088832 0 0 0 0 52776558133248 0 0
26 1 41 1 87 2 0 0 70368744177664 0 0 0 0 140737488355328 0 0 0 0 211106232532992 0 0
27 1 42 1 88 2 0 0 281474976710656 0 0 0 0 562949953421312 0 0 0 0 844424930131968 0 0
28 1 43 1 89 2 0 0 1125899906842624 0 0 0 0 2251799813685248 0 0 0 0 3377699720527872 0 0
29 1 44 1 90 2 0 0 4503599627370496 0 0 0 0 9007199254740992 0 0 0 0 13510798882111488 0 0
30 1 45 1 91 2 0 0 18014398509481984 0 0 0 0 36028797018963968 0 0 0 0 54043195528445952 0 0
31 1 46 1 92 2 0 0 72057594037927936 0 0 0 0 144115188075855872 0 0 0 0 216172782113783808 0 0
32 1 47 1 93 2 0 0 288230376151711744 0 0 0 0 576460752303423488 0 0 0 0 864691128455135232 0 0
33 1 48 1 94 2 0 0 1152921504606846976 0 0 0 0 2305843009213693952 0 0 0 0 3458764513820540928 0 0
34 1 49 1 95 2 0 0 4611686018427387904 0 0 0 0 9223372036854775808 0 0 0 0 13835058055282163712 0 0
35 1 50 1 96 2 0 0 0 1 0 0 0 0 2 0 0 0 0 3 0
36 1 51 1 97 2 0 0 0 4 0 0 0 0 8 0 0 0 0 12 0
0 1 52 1 98 2 0 0 0 16 0 0 0 0 32 0 0 0 0 48 0
1 1 53 1 99 2 0 0 0 64 0 0 0 0 128 0 0 0 0 192 0
2 1 54 1 100 2 0 0 0 256 0 0 0 0 512 0 0 0 0 768 0
3 1 55 1 101 2 0 0 0 1024 0 0 0 0 2048 0 0 0 0 3072 0
18 1 38 1 80 1 0 0 0 0 4194304 0 0 0 0 8388608 0 0 0 0 12582912
19 1 39 1 81 1 0 0 0 0 16777216 0 0 0 0 33554432 0 0 0 0 50331648
20 1 40 1 82 1 0 0 0 0 67108864 0 0 0 0 134217728 0 0 0 0 201326592
21 1 41 1 83 1 0 0 0 0 268435456 0 0 0 0 536870912 0 0 0 0 805306368
22 1 42 1 84 1 0 0 0 0 1073741824 0 0 0 0 2147483648 0 0 0 0 3221225472
23 1 43 1 85 1 0 0 0 0 4294967296 0 0 0 0 8589934592 0 0 0 0 12884901888
24 1 44 1 86 1 0 0 0 0 17179869184 0 0 0 0 34359738368 0 0 0 0 51539607552
25 1 45 1 87 1 0 0 0 0 68719476736 0 0 0 0 137438953472 0 0 0 0 206158430208
26 1 46 1 88 1 0 0 0 0 274877906944 0 0 0 0 549755813888 0 0 0 0 824633720832
27 1 47 1 89 1 0 0 0 1073741824 0 0 0 0 2147483648 0 0 0 0 3221225472 0
28 1 48 1 90 1 0 0 0 4294967296 0 0 0 0 8589934592 0 0 0 0 12884901888 0
29 1 49 1 91 1 0 0 0 17179869184 0 0 0 0 34359738368 0 0 0 0 51539607552 0
30 1 50 1 92 1 0 0 0 68719476736 0 0 0 0 137438953472 0 0 0 0 206158430208 0
31 1 51 1 93 1 0 0 0 274877906944 0 0 0 0 549755813888 0 0 0 0 824633720832 0
32 1 52 1 94 1 0 0 0 1099511627776 0 0 0 0 2199023255552 0 0 0 0 3298534883328 0
33 1 53 1 95 1 0 0 0 4398046511104 0 0 0 0 8796093022208 0 0 0 0 13194139533312 0
34 1 54 1 96 1 0 0 0 17592186044416 0 0 0 0 35184372088832 0 0 0 0 52776558133248 0
35 1 55 1 97 1 0 0 0 70368744177664 0 0 0 0 140737488355328 0 0 0 0 211106232532992 0
36 1 56 1 98 1 0 0 0 281474976710656 0 0 0 0 562949953421312 0 0 0 0 844424930131968 0
0 1 57 1 99 1 0 0 0 1125899906842624 0 0 0 0 2251799813685248 0 0 0 0 3377699720527872 0
1 1 58 1 100 1 0 0 0 4503599627370496 0 0 0 0 9007199254740992 0 0 0 0 13510798882111488 0
2 1 59 1 101 1 0 0 0 18014398509481984 0 0 0 0 36028797018963968 0 0 0 0 54043195528445952 0
3 1 60 1 102 1 0 0 0 72057594037927936 0 0 0 0 144115188075855872 0 0 0 0 216172782113783808 0
4 1 61 1 103 1 0 0 0 288230376151711744 0 0 0 0 576460752303423488 0 0 0 0 864691128455135232 0
5 1 62 1 104 1 0 0 0 1152921504606846976 0 0 0 0 2305843009213693952 0 0 0 0 3458764513820540928 0
6 1 63 1 105 1 0 0 0 4611686018427387904 0 0 0 0 9223372036854775808 0 0 0 0 13835058055282163712 0
7 1 64 1 106 1 0 0 0 0 1 0 0 0 0 2 0 0 0 0 3
8 1 65 1 107 1 0 0 0 0 4 0 0 0 0 8 0 0 0 0 12
9 1 66 1 108 1 0 0 0 0 16 0 0 0 0 32 0 0 0 0 48
10 1 67 1 109 1 0 0 0 0 64 0 0 0 0 128 0 0 0 0 192
11 1 68 1 110 1 0 0 0 0 256 0 0 0 0 512 0 0 0 0 768
12 1 69 1 74 1 0 0 0 0 1024 0 0 0 0 2048 0 0 0 0 3072
13 1 70 1 75 1 0 0 0 0 4096 0 0 0 0 8192 0 0 0 0 12288
14 1 71 1 76 1 0 0 0 0 16384 0 0 0 0 32768 0 0 0 0 49152
15 1 72 1 77 1 0 0 0 0 65536 0 0 0 0 131072 0 0 0 0 196608
16 1 73 1 78 1 0 0 0 0 262144 0 0 0 0 524288 0 0 0 0 786432
17 1 37 1 79 1 0 0 0 0 1048576 0 0 0 0 2097152 0 0 0 0 3145728
3 1 47 3 83 1 0 0 0 0 0 0 0 0 0 0 0 0 0 0 0
4 1 48 3 84 1 0 0 0 0 0 0 0 0 0 0 0 0 0 0 0
5 1 49 3 85 1 0 0 0 0 0 0 0 0 0 0 0 0 0 0 0
6 1 50 3 86 1 0 0 0 0 0 0 0 0 0 0 0 0 0 0 0
7 1 51 3 87 1 0 0 0 0 0 0 0 0 0 0 0 0 0 0 0
8 1 52 3 88 1 0 0 0 0 0 0 0 0 0 0 0 0 0 0 0
9 1 53 3 89 1 0 0 0 0 0 0 0 0 0 0 0 0 0 0 0
10 1 54 3 90 1 0 0 0 0 0 0 0 0 0 0 0 0 0 0 0
11 1 55 3 91 1 0 0 0 0 0 0 0 0 0 0 0 0 0 0 0
12 1 56 3 92 1 0 0 0 0 0 0 0 0 0 0 0 0 0 0 0
13 1 57 3 93 1 0 0 0 0 0 0 0 0 0 0 0 0 0 0 0
14 1 58 3 94 1 0 0 0 0 0 0 0 0 0 0 0 0 0 0 0
15 1 59 3 95 1 0 0 0 0 0 0 0 0 0 0 0 0 0 0 0
16 1 60 3 96 1 0 0 0 0 0 0 0 0 0 0 0 0 0 0 0
17 1 61 3 97 1 0 0 0 0 0 0 0 0 0 0 0 0 0 0 0
18 1 62 3 98 1 0 0 0 0 0 0 0 0 0 0 0 0 0 0 0
19 1 63 3 99 1 0 0 0 0 0 0 0 0 0 0 0 0 0 0 0
20 1 64 3 100 1 0 0 0 0 0 0 0 0 0 0 0 0 0 0 0
21 1 65 3 101 1 0 0 0 0 0 0 0 0 0 0 0 0 0 0 0
22 1 66 3 102 1 0 0 0 0 0 0 0 0 0 0 0 0 0 0 0
23 1 67 3 103 1 0 0 0 0 0 0 0 0 0 0 0 0 0 0 0
24 1 68 3 104 1 0 0 0 0 0 0 0 0 0 0 0 0 0 0 0
25 1 69 3 105 1 0 0 0 0 0 0 0 0 0 0 0 0 0 0 0
26 1 70 3 106 1 0 0 0 0 0 0 0 0 0 0 0 0 0 0 0
27 1 71 3 107 1 0 0 0 0 0 0 0 0 0 0 0 0 0 0 0
28 1 72 3 108 1 0 0 0 0 0 0 0 0 0 0 0 0 0 0 0
29 1 73 3 109 1 0 0 0 0 0 0 0 0 0 0 0 0 0 0 0
30 1 37 3 110 1 0 0 0 0 0 0 0 0 0 0 0 0 0 0 0
31 1 38 3 74 1 0 0 0 0 0 0 0 0 0 0 0 0 0 0 0
32 1 39 3 75 1 0 0 0 0 0 0 0 0 0 0 0 0 0 0 0
33 1 40 3 76 1 0 0 0 0 0 0 0 0 0 0 0 0 0 0 0
34 1 41 3 77 1 0 0 0 0 0 0 0 0 0 0 0 0 0 0 0
35 1 42 3 78 1 0 0 0 0 0 0 0 0 0 0 0 0 0 0 0
36 1 43 3 79 1 0 0 0 0 0 0 0 0 0 0 0 0 0 0 0
0 1 44 3 80 1 0 0 0 0 0 0 0 0 0 0 0 0 0 0 0
1 1 45 3 81 1 0 0 0 0 0 0 0 0 0 0 0 0 0 0 0
2 1 46 3 82 1 0 0 0 0 0 0 0 0 0 0 0 0 0 0 0
