384 1024
8 0 196 342 452 513 726 870 998
9 1 197 343 453 512 513 727 871 999
8 2 198 344 454 515 728 872 1000
9 3 199 345 455 514 515 729 873 1001
8 4 200 346 456 517 730 874 1002
9 5 201 347 457 516 517 731 875 1003
8 6 202 348 458 519 732 876 1004
9 7 203 349 459 518 519 733 877 1005
8 8 204 350 460 521 734 878 1006
9 9 205 351 461 520 521 735 879 1007
8 10 206 352 462 523 736 880 1008
9 11 207 353 463 522 523 737 881 1009
8 12 208 354 464 525 738 882 1010
9 13 209 355 465 524 525 739 883 1011
8 14 210 356 466 527 740 884 1012
9 15 211 357 467 526 527 741 885 1013
8 16 212 358 468 529 742 886 1014
9 17 213 359 469 528 529 743 887 1015
8 18 214 360 470 531 744 888 1016
9 19 215 361 471 530 531 745 889 1017
8 20 216 362 472 533 746 890 1018
9 21 217 363 473 532 533 747 891 1019
8 22 218 364 474 535 748 892 1020
9 23 219 365 475 534 535 749 893 1021
8 24 220 366 476 537 750 894 1022
9 25 221 367 477 536 537 751 895 1023
8 26 222 368 478 539 752 768 896
9 27 223 369 479 538 539 753 769 897
8 28 224 370 480 541 754 770 898
9 29 225 371 481 540 541 755 771 899
8 30 226 372 482 543 756 772 900
9 31 227 373 483 542 543 757 773 901
8 32 228 374 484 545 758 774 902
9 33 229 375 485 544 545 759 775 903
8 34 230 376 486 547 760 776 904
9 35 231 377 487 546 547 761 777 905
8 36 232 378 488 549 762 778 906
9 37 233 379 489 548 549 763 779 907
8 38 234 380 490 551 764 780 908
9 39 235 381 491 550 551 765 781 909
8 40 236 382 492 553 766 782 910
9 41 237 383 493 552 553 767 783 911
8 42 238 256 494 555 640 784 912
9 43 239 257 495 554 555 641 785 913
8 44 240 258 496 557 642 786 914
9 45 241 259 497 556 557 643 787 915
8 46 242 260 498 559 644 788 916
9 47 243 261 499 558 559 645 789 917
8 48 244 262 500 561 646 790 918
9 49 245 263 501 560 561 647 791 919
8 50 246 264 502 563 648 792 920
9 51 247 265 503 562 563 649 793 921
8 52 248 266 504 565 650 794 922
9 53 249 267 505 564 565 651 795 923
8 54 250 268 506 567 652 796 924
9 55 251 269 507 566 567 653 797 925
8 56 252 270 508 569 654 798 926
9 57 253 271 509 568 569 655 799 927
8 58 254 272 510 571 656 800 928
9 59 255 273 511 570 571 657 801 929
8 60 128 274 384 573 658 802 930
9 61 129 275 385 572 573 659 803 931
8 62 130 276 386 575 660 804 932
9 63 131 277 387 574 575 661 805 933
8 64 132 278 388 577 662 806 934
9 65 133 279 389 576 577 663 807 935
8 66 134 280 390 579 664 808 936
9 67 135 281 391 578 579 665 809 937
8 68 136 282 392 581 666 810 938
9 69 137 283 393 580 581 667 811 939
8 70 138 284 394 583 668 812 940
9 71 139 285 395 582 583 669 813 941
8 72 140 286 396 585 670 814 942
9 73 141 287 397 584 585 671 815 943
8 74 142 288 398 587 672 816 944
9 75 143 289 399 586 587 673 817 945
8 76 144 290 400 589 674 818 946
9 77 145 291 401 588 589 675 819 947
8 78 146 292 402 591 676 820 948
9 79 147 293 403 590 591 677 821 949
8 80 148 294 404 593 678 822 950
9 81 149 295 405 592 593 679 823 951
8 82 150 296 406 595 680 824 952
9 83 151 297 407 594 595 681 825 953
8 84 152 298 408 597 682 826 954
9 85 153 299 409 596 597 683 827 955
8 86 154 300 410 599 684 828 956
9 87 155 301 411 598 599 685 829 957
8 88 156 302 412 601 686 830 958
9 89 157 303 413 600 601 687 831 959
8 90 158 304 414 603 688 832 960
9 91 159 305 415 602 603 689 833 961
8 92 160 306 416 605 690 834 962
9 93 161 307 417 604 605 691 835 963
8 94 162 308 418 607 692 836 964
9 95 163 309 419 606 607 693 837 965
8 96 164 310 420 609 694 838 966
9 97 165 311 421 608 609 695 839 967
8 98 166 312 422 611 696 840 968
9 99 167 313 423 610 611 697 841 969
8 100 168 314 424 613 698 842 970
9 101 169 315 425 612 613 699 843 971
8 102 170 316 426 615 700 844 972
9 103 171 317 427 614 615 701 845 973
8 104 172 318 428 617 702 846 974
9 105 173 319 429 616 617 703 847 975
8 106 174 320 430 619 704 848 976
9 107 175 321 431 618 619 705 849 977
8 108 176 322 432 621 706 850 978
9 109 177 323 433 620 621 707 851 979
8 110 178 324 434 623 708 852 980
9 111 179 325 435 622 623 709 853 981
8 112 180 326 436 625 710 854 982
9 113 181 327 437 624 625 711 855 983
8 114 182 328 438 627 712 856 984
9 115 183 329 439 626 627 713 857 985
8 116 184 330 440 629 714 858 986
9 117 185 331 441 628 629 715 859 987
8 118 186 332 442 631 716 860 988
9 119 187 333 443 630 631 717 861 989
8 120 188 334 444 633 718 862 990
9 121 189 335 445 632 633 719 863 991
8 122 190 336 446 635 720 864 992
9 123 191 337 447 634 635 721 865 993
8 124 192 338 448 637 722 866 994
9 125 193 339 449 636 637 723 867 995
8 126 194 340 450 639 724 868 996
9 127 195 341 451 638 639 725 869 997
8 0 234 270 462 618 641 782 974
9 1 235 271 463 619 640 641 783 975
8 2 236 272 464 620 643 784 976
9 3 237 273 465 621 642 643 785 977
8 4 238 274 466 622 645 786 978
9 5 239 275 467 623 644 645 787 979
8 6 240 276 468 624 647 788 980
9 7 241 277 469 625 646 647 789 981
8 8 242 278 470 626 649 790 982
9 9 243 279 471 627 648 649 791 983
8 10 244 280 472 628 651 792 984
9 11 245 281 473 629 650 651 793 985
8 12 246 282 474 630 653 794 986
9 13 247 283 475 631 652 653 795 987
8 14 248 284 476 632 655 796 988
9 15 249 285 477 633 654 655 797 989
8 16 250 286 478 634 657 798 990
9 17 251 287 479 635 656 657 799 991
8 18 252 288 480 636 659 800 992
9 19 253 289 481 637 658 659 801 993
8 20 254 290 482 638 661 802 994
9 21 255 291 483 639 660 661 803 995
8 22 128 292 484 512 663 804 996
9 23 129 293 485 513 662 663 805 997
8 24 130 294 486 514 665 806 998
9 25 131 295 487 515 664 665 807 999
8 26 132 296 488 516 667 808 1000
9 27 133 297 489 517 666 667 809 1001
8 28 134 298 490 518 669 810 1002
9 29 135 299 491 519 668 669 811 1003
8 30 136 300 492 520 671 812 1004
9 31 137 301 493 521 670 671 813 1005
8 32 138 302 494 522 673 814 1006
9 33 139 303 495 523 672 673 815 1007
8 34 140 304 496 524 675 816 1008
9 35 141 305 497 525 674 675 817 1009
8 36 142 306 498 526 677 818 1010
9 37 143 307 499 527 676 677 819 1011
8 38 144 308 500 528 679 820 1012
9 39 145 309 501 529 678 679 821 1013
8 40 146 310 502 530 681 822 1014
9 41 147 311 503 531 680 681 823 1015
8 42 148 312 504 532 683 824 1016
9 43 149 313 505 533 682 683 825 1017
8 44 150 314 506 534 685 826 1018
9 45 151 315 507 535 684 685 827 1019
8 46 152 316 508 536 687 828 1020
9 47 153 317 509 537 686 687 829 1021
8 48 154 318 510 538 689 830 1022
9 49 155 319 511 539 688 689 831 1023
8 50 156 320 384 540 691 832 896
9 51 157 321 385 541 690 691 833 897
8 52 158 322 386 542 693 834 898
9 53 159 323 387 543 692 693 835 899
8 54 160 324 388 544 695 836 900
9 55 161 325 389 545 694 695 837 901
8 56 162 326 390 546 697 838 902
9 57 163 327 391 547 696 697 839 903
8 58 164 328 392 548 699 840 904
9 59 165 329 393 549 698 699 841 905
8 60 166 330 394 550 701 842 906
9 61 167 331 395 551 700 701 843 907
8 62 168 332 396 552 703 844 908
9 63 169 333 397 553 702 703 845 909
8 64 170 334 398 554 705 846 910
9 65 171 335 399 555 704 705 847 911
8 66 172 336 400 556 707 848 912
9 67 173 337 401 557 706 707 849 913
8 68 174 338 402 558 709 850 914
9 69 175 339 403 559 708 709 851 915
8 70 176 340 404 560 711 852 916
9 71 177 341 405 561 710 711 853 917
8 72 178 342 406 562 713 854 918
9 73 179 343 407 563 712 713 855 919
8 74 180 344 408 564 715 856 920
9 75 181 345 409 565 714 715 857 921
8 76 182 346 410 566 717 858 922
9 77 183 347 411 567 716 717 859 923
8 78 184 348 412 568 719 860 924
9 79 185 349 413 569 718 719 861 925
8 80 186 350 414 570 721 862 926
9 81 187 351 415 571 720 721 863 927
8 82 188 352 416 572 723 864 928
9 83 189 353 417 573 722 723 865 929
8 84 190 354 418 574 725 866 930
9 85 191 355 419 575 724 725 867 931
8 86 192 356 420 576 727 868 932
9 87 193 357 421 577 726 727 869 933
8 88 194 358 422 578 729 870 934
9 89 195 359 423 579 728 729 871 935
8 90 196 360 424 580 731 872 936
9 91 197 361 425 581 730 731 873 937
8 92 198 362 426 582 733 874 938
9 93 199 363 427 583 732 733 875 939
8 94 200 364 428 584 735 876 940
9 95 201 365 429 585 734 735 877 941
8 96 202 366 430 586 737 878 942
9 97 203 367 431 587 736 737 879 943
8 98 204 368 432 588 739 880 944
9 99 205 369 433 589 738 739 881 945
8 100 206 370 434 590 741 882 946
9 101 207 371 435 591 740 741 883 947
8 102 208 372 436 592 743 884 948
9 103 209 373 437 593 742 743 885 949
8 104 210 374 438 594 745 886 950
9 105 211 375 439 595 744 745 887 951
8 106 212 376 440 596 747 888 952
9 107 213 377 441 597 746 747 889 953
8 108 214 378 442 598 749 890 954
9 109 215 379 443 599 748 749 891 955
8 110 216 380 444 600 751 892 956
9 111 217 381 445 601 750 751 893 957
8 112 218 382 446 602 753 894 958
9 113 219 383 447 603 752 753 895 959
8 114 220 256 448 604 755 768 960
9 115 221 257 449 605 754 755 769 961
8 116 222 258 450 606 757 770 962
9 117 223 259 451 607 756 757 771 963
8 118 224 260 452 608 759 772 964
9 119 225 261 453 609 758 759 773 965
8 120 226 262 454 610 761 774 966
9 121 227 263 455 611 760 761 775 967
8 122 228 264 456 612 763 776 968
9 123 229 265 457 613 762 763 777 969
8 124 230 266 458 614 765 778 970
9 125 231 267 459 615 764 765 779 971
8 126 232 268 460 616 767 780 972
9 127 233 269 461 617 766 767 781 973
8 0 178 282 410 636 690 769 1020
9 1 179 283 411 637 691 768 769 1021
8 2 180 284 412 638 692 771 1022
9 3 181 285 413 639 693 770 771 1023
8 4 182 286 414 512 694 773 896
9 5 183 287 415 513 695 772 773 897
8 6 184 288 416 514 696 775 898
9 7 185 289 417 515 697 774 775 899
8 8 186 290 418 516 698 777 900
9 9 187 291 419 517 699 776 777 901
8 10 188 292 420 518 700 779 902
9 11 189 293 421 519 701 778 779 903
8 12 190 294 422 520 702 781 904
9 13 191 295 423 521 703 780 781 905
8 14 192 296 424 522 704 783 906
9 15 193 297 425 523 705 782 783 907
8 16 194 298 426 524 706 785 908
9 17 195 299 427 525 707 784 785 909
8 18 196 300 428 526 708 787 910
9 19 197 301 429 527 709 786 787 911
8 20 198 302 430 528 710 789 912
9 21 199 303 431 529 711 788 789 913
8 22 200 304 432 530 712 791 914
9 23 201 305 433 531 713 790 791 915
8 24 202 306 434 532 714 793 916
9 25 203 307 435 533 715 792 793 917
8 26 204 308 436 534 716 795 918
9 27 205 309 437 535 717 794 795 919
8 28 206 310 438 536 718 797 920
9 29 207 311 439 537 719 796 797 921
8 30 208 312 440 538 720 799 922
9 31 209 313 441 539 721 798 799 923
8 32 210 314 442 540 722 801 924
9 33 211 315 443 541 723 800 801 925
8 34 212 316 444 542 724 803 926
9 35 213 317 445 543 725 802 803 927
8 36 214 318 446 544 726 805 928
9 37 215 319 447 545 727 804 805 929
8 38 216 320 448 546 728 807 930
9 39 217 321 449 547 729 806 807 931
8 40 218 322 450 548 730 809 932
9 41 219 323 451 549 731 808 809 933
8 42 220 324 452 550 732 811 934
9 43 221 325 453 551 733 810 811 935
8 44 222 326 454 552 734 813 936
9 45 223 327 455 553 735 812 813 937
8 46 224 328 456 554 736 815 938
9 47 225 329 457 555 737 814 815 939
8 48 226 330 458 556 738 817 940
9 49 227 331 459 557 739 816 817 941
8 50 228 332 460 558 740 819 942
9 51 229 333 461 559 741 818 819 943
8 52 230 334 462 560 742 821 944
9 53 231 335 463 561 743 820 821 945
8 54 232 336 464 562 744 823 946
9 55 233 337 465 563 745 822 823 947
8 56 234 338 466 564 746 825 948
9 57 235 339 467 565 747 824 825 949
8 58 236 340 468 566 748 827 950
9 59 237 341 469 567 749 826 827 951
8 60 238 342 470 568 750 829 952
9 61 239 343 471 569 751 828 829 953
8 62 240 344 472 570 752 831 954
9 63 241 345 473 571 753 830 831 955
8 64 242 346 474 572 754 833 956
9 65 243 347 475 573 755 832 833 957
8 66 244 348 476 574 756 835 958
9 67 245 349 477 575 757 834 835 959
8 68 246 350 478 576 758 837 960
9 69 247 351 479 577 759 836 837 961
8 70 248 352 480 578 760 839 962
9 71 249 353 481 579 761 838 839 963
8 72 250 354 482 580 762 841 964
9 73 251 355 483 581 763 840 841 965
8 74 252 356 484 582 764 843 966
9 75 253 357 485 583 765 842 843 967
8 76 254 358 486 584 766 845 968
9 77 255 359 487 585 767 844 845 969
8 78 128 360 488 586 640 847 970
9 79 129 361 489 587 641 846 847 971
8 80 130 362 490 588 642 849 972
9 81 131 363 491 589 643 848 849 973
8 82 132 364 492 590 644 851 974
9 83 133 365 493 591 645 850 851 975
8 84 134 366 494 592 646 853 976
9 85 135 367 495 593 647 852 853 977
8 86 136 368 496 594 648 855 978
9 87 137 369 497 595 649 854 855 979
8 88 138 370 498 596 650 857 980
9 89 139 371 499 597 651 856 857 981
8 90 140 372 500 598 652 859 982
9 91 141 373 501 599 653 858 859 983
8 92 142 374 502 600 654 861 984
9 93 143 375 503 601 655 860 861 985
8 94 144 376 504 602 656 863 986
9 95 145 377 505 603 657 862 863 987
8 96 146 378 506 604 658 865 988
9 97 147 379 507 605 659 864 865 989
8 98 148 380 508 606 660 867 990
9 99 149 381 509 607 661 866 867 991
8 100 150 382 510 608 662 869 992
9 101 151 383 511 609 663 868 869 993
8 102 152 256 384 610 664 871 994
9 103 153 257 385 611 665 870 871 995
8 104 154 258 386 612 666 873 996
9 105 155 259 387 613 667 872 873 997
8 106 156 260 388 614 668 875 998
9 107 157 261 389 615 669 874 875 999
8 108 158 262 390 616 670 877 1000
9 109 159 263 391 617 671 876 877 1001
8 110 160 264 392 618 672 879 1002
9 111 161 265 393 619 673 878 879 1003
8 112 162 266 394 620 674 881 1004
9 113 163 267 395 621 675 880 881 1005
8 114 164 268 396 622 676 883 1006
9 115 165 269 397 623 677 882 883 1007
8 116 166 270 398 624 678 885 1008
9 117 167 271 399 625 679 884 885 1009
8 118 168 272 400 626 680 887 1010
9 119 169 273 401 627 681 886 887 1011
8 120 170 274 402 628 682 889 1012
9 121 171 275 403 629 683 888 889 1013
8 122 172 276 404 630 684 891 1014
9 123 173 277 405 631 685 890 891 1015
8 124 174 278 406 632 686 893 1016
9 125 175 279 407 633 687 892 893 1017
8 126 176 280 408 634 688 895 1018
9 127 177 281 409 635 689 894 895 1019
