530 159 7 53
1 1 55 3 144 3 3494797708886034432 864691128455147520 576461030402555904 219903667739648 2199828561920 54043195548369024 51539607553 1206973496228350976 288230376151715840 864691679284690944 83565568074752 3298803318784 18014398544085184 17179869186 2323870601862759424 576460752303431680 288231202932916224 145139561412608 1100048498688 36028797071392832 34359738371
2 1 56 3 145 3 13979190835544137728 3458764513820590080 2305844121610223616 879614670958592 8799314247680 216172782193476096 206158430212 4827893984913403904 1152921504606863360 3458766717138763776 334262272299008 13195213275136 72057594176340736 68719476744 9295482407451037696 2305843009213726720 1152924811731664896 580558245650432 4400193994752 144115188285571328 137438953484
3 1 57 3 146 3 576531121047896064 13835058055282360323 9223376486440894464 3518458683834368 35197256990720 864691128773904384 824633720848 864831865944064000 4611686018427453441 13835066868555055104 1337049089196032 52780853100544 288230376705362944 274877906976 288441482385047552 9223372036854906882 4611699246926659584 2322232982601728 17600775979008 576460753142285312 549755813936
4 1 58 3 147 3 2306124484191584256 786444 17798344474627 14073834735337474 13835198844310126592 3458764515095617536 64 3459327463776256000 262148 35253091565569 5348196356784131 4611897141839790080 1152921506821451776 128 1153765929540190208 524296 52913997086722 9288931930406913 9223442439958691840 2305843012569141248 192
5 1 59 3 148 3 9224497936766337024 4398049656880 71193377898508 56295338940301320 563156111851520 13835058060382470147 256 13837309855105024000 8796094070800 141012366262276 21392785425039372 844493649608704 4611686027285807105 512 4615063718160760832 13194141630496 211655988346888 37155727718481924 281612415664128 9223372050276564994 768
6 1 60 3 149 3 4503599646244864 30786338160834 284773511594032 225181355758059552 2252624447406080 20401225740 1027 9007199291441152 39582422794307 564049465049104 85571141699108912 3377974598434816 35433676804 2049 13510798933491712 61572659544193 846623953387552 148622910871830544 1126449662656512 53687156744 3074
7 1 61 3 150 3 18014398584979456 123145352643336 1139094046376128 900725423032238208 9010497789624320 81604902960 4108 36028797165764608 158329691177228 2256197860196416 342284566796435648 13511898393739264 141734707216 8196 54043195733966848 246290638176772 3386495813550208 594491643487322176 4505798650626048 214748626976 12296
8 1 62 3 151 3 72057594339917824 492581410573344 4556376185504512 3602901692128952832 36041991158497280 326419611840 16432 144115188663058432 633318764708912 9024791440785664 1369138267185742592 54047593574957056 566938828864 32784 216172782935867392 985162552707088 13545983254200832 2377966573949288704 18023194602504192 858994507904 49184
9 1 63 3 152 3 288230377359671296 1970325642293376 18225504742018048 14411606768515811328 144167964633989120 1305678447360 65728 576460754652233728 2533275058835648 36099165763142656 5476553068742970368 216190374299828224 2267755315456 131136 864691131743469568 3940650210828352 54183933016803328 9511866295797154816 72092778410016768 3435978031616 196736
10 1 64 3 153 3 1152921509438685184 7881302569173504 72902018968072192 2306194852934590464 576671858535956483 5222713789440 262912 2305843018608934912 10133100235342592 144396663052570624 3459468201262329856 864761497199312897 9071021261824 524544 3458764526973878272 15762600843313408 216735732067213312 1153977035769516032 288371113640067074 13743912126464 786944
11 1 65 3 154 3 4611686037754740736 31525210276694016 291608075872288768 9224779411738361856 2306687434143825932 20890855157760 1051648 9223372074435739648 40532400941370368 577586652210282496 13837872805049319424 3459045988797251588 36284085047296 2098176 13835058107895513088 63050403373253632 866942928268853248 4615908143078064128 1153484454560268296 54975648505856 3147776
12 1 66 3 155 3 77309411328 126100841106776065 1166432303489155072 5629499536441344 3377699720527922 83563420631040 4206592 150323855360 162129603765481474 2310346608841129984 11258999071768576 1125899906842643 145136340189184 8392704 210453397504 252201613493014531 3467771713075412992 16888498603753472 2251799813685281 219902594023424 12591104
13 1 67 3 156 3 309237645312 504403364427104260 4665729213956620288 22517998145765376 13510798882111688 334253682524160 16826368 601295421440 648518415061925896 9241386435364519936 45035996287074304 4503599627370572 580545360756736 33570816 841813590016 1008806453972058124 13871086852301651968 67553994415013888 9007199254741124 879610376093696 50364416
14 1 68 3 157 3 1236950581248 2017622253801439248 216172782116929536 90071992580964353 54043195528446752 1337014730096640 67305472 2405181685760 2594086854387236896 72057594038976512 180143985145151490 18014398509482288 2322181443026944 134283264 3367254360064 4035230213934743600 144115188077953024 270215977659006979 36028797018964496 3518441504374784 201457664
15 1 69 3 158 3 4947802324992 8070489015205756992 864691128467718144 360287970323857412 216172782113787008 5348058920386560 269221888 9620726743040 10376347417548947584 288230376155906048 720575940580605960 72057594037929152 9288725772107776 537133056 13469017440256 16140920855738974400 576460752311812096 1080863910636027916 144115188075857984 14073766017499136 805830656
16 1 70 3 106 3 19791209299971 13835198792973943040 3458764513870872577 1441151881295429648 864691128455148032 21392235681546240 1076887552 38482906972161 4611897124730176000 1152921504623624194 2882303762322423840 288230376151716608 37154903088431104 2148532224 53876069761026 9223442405734220544 2305843009247248387 4323455642544111664 576460752303431936 56295064069996544 3223322624
17 1 71 3 107 3 79164837199884 562950767117312 13835058055483490311 5764607525181718592 3458764513820592128 85568942726184960 4307550208 153931627888644 844425211152384 4611686018494496777 11529215049289695360 1152921504606866432 148619612353724416 8594128896 215504279044104 281475517778944 9223372036988993550 17293822570176446656 2305843009213727744 225180256279986176 12893290496
18 1 72 3 108 3 316659348799536 2251803068469248 805306396 4611686027020468483 204801 342275770904739840 17230200832 615726511554576 3377700844609536 268435492 9223372049740726785 77826 594478449414897664 34376515584 862017116176416 1125902071115776 536870968 13835058059579228930 135171 900721025119944704 51573161984
19 1 73 3 109 3 1266637395198144 9007212273876992 3221225584 34372322316 819205 1369103083618959360 68920803328 2462906046218304 13510803378438144 1073741968 51543803908 311306 2377913797659590656 137506062336 3448068464705664 4503608284463104 2147483872 17188260872 540687 3602884100479778816 206292647936
20 1 74 3 110 3 5066549580792576 36028849095507968 12884902336 137489289264 3276820 5476412334475837440 275683213312 9851624184873216 54043213513752576 4294967872 206175215632 1245224 9511655190638362624 550024249344 13792273858822656 18014433137852416 8589935488 68753043488 2162748 14411536401919115264 825170591744
21 1 75 3 111 3 20266198323170304 144115396382031872 51539609344 549957157056 4611686018440495184 3458905264193798144 3221225473 39406496739492864 216172854055010304 17179871488 824700862528 9223372036859756704 1153132615134347264 1073741826 55169095435290624 72057732551409664 34359741952 275012173952 13835058055290814704 2305913386547806208 2147483651
22 1 76 3 112 3 81064793292681216 576461585528127488 206158437376 2199828628224 52429120 13835621056775192577 12884901892 157625986957971456 864691416220041216 68719485952 3298803450112 19923584 4612530460537389058 4294967304 220676381741162496 288230930205638656 137438967808 1100048695808 34603968 9223653546191224835 8589934604
23 1 77 3 113 3 324259173170724864 2305846342112509952 824633749504 8799314512896 209716480 2252005972115460 51539607571 630503947831885824 3458765664880164864 274877943808 13195213800448 79694336 3377768440004616 17179869217 882705526964649984 1152923720822554624 549755871232 4400194783232 138415872 1126037345796108 34359738418
24 1 78 3 114 3 1297036692682899459 9223376572357017600 3298534998016 35197257003008 838865920 9008023888461840 206158430284 2522015791327543297 13835067057567170560 1099511775232 52780853104640 318777344 13511073760018464 68719476868 3530822107858599938 4611699281336729600 2199023484928 17600775987200 553663488 4504149383184432 137438953672
25 1 79 3 115 3 5188146770731597836 18142008967168 13194139992066 140789028012032 3355463680 36032095553847360 824633721136 10088063165310173188 36009140027392 4398047100931 211123412418560 1275109376 54044295040073856 274877907472 14123288431434399752 53051637366784 8796093939713 70403103948800 2214653952 18016597532737728 549755814688
26 1 80 3 116 3 2305843009216839728 72568035868673 52776559968264 563156112048128 13835058068704018432 144128382215389440 1216 3458764513821589520 144036560109570 17592188403724 844493649674240 4611686023527825408 216177180160295424 2112 1152921504608944160 212206549467139 35184375758852 281612415795200 9223372045713391616 72066390130950912 3200
27 1 81 3 117 3 9223372036867358914 281476050452484 211106239873056 2252624448192512 53687418880 576513528861557763 4864 13835058055286358083 562952100904968 70368753614896 3377974598696960 20401750016 864708720641181697 8448 4611686018435776641 844428151357452 140737503035408 1126449663180800 35434463232 288265560523803650 12800
28 1 82 3 118 3 50332424 1139098341343250 844424959492224 9010497789624320 214749675520 2306054115446231052 19456 16777484 2256206450130979 281475014459584 13511898393739264 81607000064 3458834882564726788 33792 33554948 3386508698452017 562950012141632 4505798650626048 141737852928 1153062242095214600 51200
29 1 83 3 119 3 201329696 4556393365373000 3377699837968896 36041991158497280 858998702080 9224216461784924208 77824 67109936 9024825800523916 1125900057838336 54047593574957056 326428000256 13835339530258907152 135168 134219792 13546034793808068 2251800048566528 18023194602504192 566951411712 4612248968380858400 204800
30 1 84 3 120 3 805318784 18225573461492000 13510799351875584 144167964633989120 3435994808320 3377699720593600 311298 268439744 36099303202095664 4503600231353344 216190374299828224 1305712001024 1125899906973760 540675 536879168 54184139175232272 9007200194266112 72092778410016768 2267805646848 2251799813881984 819201
31 1 85 3 121 3 3221275136 72902293845968000 54043197407502336 576671858535956480 13743979233280 13510798882374400 1245192 1073758976 144397212808382656 18014400925413376 864761497199312896 5222848004096 4503599627895040 2162700 2147516672 216736556700929088 36028800777064448 288371113640067072 9071222587392 9007199255527936 3276804
32 1 86 3 122 3 12885100544 291609175383872000 216172789630009344 2306687434143825920 54975916933120 54043195529497600 4980768 4295035904 577588851233530624 72057603701653504 3459045988797251584 20891392016384 18014398511580160 8650800 8590066688 866946226803716352 144115203108257792 1153484454560268288 36284890349568 36028797022111744 13107216
33 1 87 3 123 3 51540402177 1166432303488976896 864691158520037376 9226749736575303680 219903667732480 216172782117990400 19923072 17180143618 2310346608841100288 288230414806614016 13836183955189006336 83565568065536 72057594046320640 34603200 34360266755 3467771713075332096 576460812433031168 4613937818241073152 145139561398272 144115188088446976 52428864
34 1 88 3 124 3 206161608708 4665729213955907584 3458764634080149504 13510798882111488 879614670929922 864691128471961600 79692288 68720574472 9241386435364401152 1152921659226456064 4503599627370496 334262272262147 288230376185282560 138412800 137441067020 13871086852301328384 2305843249732124672 9007199254740992 580558245593089 576460752353787904 209715456
35 1 89 3 125 3 824646434832 216172782114078720 13835058536320598017 54043195528445952 3518458683719688 3458764513887846400 318769152 274882297888 72057594038501376 4611686636905824258 18014398509481984 1337049089048588 1152921504741130240 553651200 549764268080 144115188076658688 9223372998928498691 36028797018963968 2322232982372356 2305843009415151616 838861824
36 1 90 3 126 3 3298585739328 864691128456314880 1924153737220 216172782113783811 14073834734878752 13835058055551385600 1275076608 1099529191552 288230376154005504 2473913745416 72057594037927937 5348196356194352 4611686018964520960 2214604800 2199057072320 576460752306634752 3848294891532 144115188075855874 9288931929489424 9223372037660606464 3355447296
37 1 91 3 127 3 13194342957312 3458764513825259520 7696614948880 864691128455135244 56295338939515008 1076887552 5100306435 4398116766208 1152921504616022016 9895654981664 288230376151711748 21392785424777408 2148532224 8858419201 8796228289280 2305843009226539008 15393179566128 576460752303423496 37155727717957696 3223322624 13421789186
38 1 92 3 128 3 52777371829248 13835058055301038080 30786459795520 3458764513820540976 225181355758060032 4307550208 20401225740 17592467064832 4611686018464088064 39582619926656 1152921504606846992 85571141699109632 8594128896 35433676804 35184913157120 9223372036906156032 61572718264512 2305843009213693984 148622910871830784 12893290496 53687156744
39 1 93 3 129 3 211109487316992 75497472 123145839182083 13835058055282163904 900725423032240128 17230200832 81604902960 70369868259328 146800640 158330479706625 4611686018427387968 342284566796438528 34376515584 141734707216 140739652628480 205520896 246290873058050 9223372036854775936 594491643487323136 51573161984 214748626976
40 1 94 3 130 3 844437949267968 301989888 492583356728332 768 3602901692128960515 68920803328 326419611840 281479473037312 587202560 633321918826500 256 1369138267185754113 137506062336 566938828864 562958610513920 822083584 985163492232200 512 2377966573949292546 206292647936 858994507904
41 1 95 3 131 3 3377751797071872 1207959552 1970333426913328 3148800 5188234731661066252 275683213312 206166819584 1125917892149248 2348810240 2533287675306000 1049600 10088239087170404356 550024249344 68732059904 2251834442055680 3288334336 3940653968928800 2099200 14123552314224558088 825170591744 137443148288
42 1 96 3 132 3 13511007188287488 4831838208 7881333707653312 12595200 2306194852934713392 1102732853249 824667278336 4503671568596992 9395240960 10133150701224000 4198400 3459468201262514192 2200096997378 274928239616 9007337768222720 13153337344 15762615875715200 8396800 1153977035769577504 3300682366979 549772593152
43 1 97 3 133 3 54044028753149952 19327352832 31525334830613248 52477952 13836465430166241472 4410931412996 134230016 18014686274387968 37580963840 40532602804896000 19939328 4614500768195280960 8800387989512 201330688 36029351072890880 52613349376 63050463502860800 34635776 9227594161505697920 13202729467916 67117056
44 1 98 3 134 3 216176115012599808 77309411328 126101339322452992 209911808 5629499536311040 17643725651987 536920064 72058745097551872 150323855360 162130411219584000 79757312 11258999071572224 35201551958049 805322752 144117404291563520 210453397504 252201854011443200 138543104 16888498603688448 52810917871666 268468224
45 1 99 3 135 3 864704460050399232 309237645312 504405357289811968 839647232 22517998145244160 70574902607948 2147680256 288234980390207488 601295421440 648521644878336000 319029248 45035996286288896 140806207832196 3221291008 576469617166254080 841813590016 1008807416045772800 554172416 67553994414753792 211243671486664 1073872896
46 1 100 3 136 3 3458817840201596928 14431090114560 2017621429159247872 3355443200 90071992580976640 282299610431792 8590721024 1152939921560829952 6803228196864 2594086579513344000 1275068416 180143985145155584 563224831328784 12885164032 2305878468665016320 12163347382272 4035229664183091200 2214592512 270215977659015168 844974685946656 4295491584
47 1 101 3 137 3 13835271360806387713 53326313947136 8070485716636991488 13421772800 360287970323906560 1129198441727168 34362884096 4611759686243319810 18416819765248 10376346318053376000 5100273664 720575940580622336 2252899325315136 51540656128 9223513874660065283 35459249995776 16140918656732364800 8858370048 1080863910636060672 3379898743786624 17181966336
48 1 102 3 138 3 853222096896004 213305255788547 13835198792838414336 53687091201 1441151881295626240 4516793766908672 137451536384 294671263727624 73667279060993 4611897124794400768 20401094658 2882303762322489344 9011597301260544 206162624512 567351221157900 141836999983106 9223442405800804352 35433480195 4323455642544242688 13519594975146496 68727865344
49 1 103 3 139 3 3412888387584018 844424930131980 562950225002496 214749413383 1152921506755117056 18067175067634688 549806145536 1178685054910499 281474976710660 844425468051456 81606475785 2305843012435181568 36046389205042176 824650498048 2269404884631601 562949953421320 281475784114176 141737066510 3458764514894807040 54078379900585984 274911461376
50 1 104 3 140 3 13651553550336072 3377699720527920 2251800900009984 858998702108 9223372045447856128 72268700270538752 201326592 4714740219641996 1125899906842640 3377701872205824 326428000292 13835058068168114176 144185556820168704 67108864 9077619538526404 2251799813685280 1125903136456704 566951411768 4611686022724452352 216313519602343936 134217728
51 1 105 3 141 3 54606214201344288 13510798882111680 9007203600039936 3435994808432 34372321280 289074801082155010 805306368 18858960878567984 4503599627370560 13510807488823296 1305712001168 51543801856 576742227280674819 268435456 36310478154105616 9007199254741120 4503612545826816 2267805647072 17188257792 865254078409375745 536870912
52 1 53 3 142 3 218424856805377152 54043195528446720 36028814400159744 13743979233728 137489285120 1156299204328620040 3221225472 75435843514271936 18014398509482240 54043229955293184 5222848004672 206175207424 2306968909122699276 1073741824 145241912616422464 36028797018964480 18014450183307264 9071222588288 68753031168 3461016313637502980 2147483648
0 1 54 3 143 3 873699427221508608 216172782113786880 144115257600638976 54975916934912 549957140480 4625196817314480160 12884901888 301743374057087744 72057594037928960 216172919821172736 20891392018688 824700829696 9227875636490797104 4294967296 580967650465689856 144115188075857920 72057800733229056 36284890353152 275012124672 13844065254550011920 8589934592
49 1 76 3 124 3 0 0 0 0 0 0 0 0 0 0 0 0 0 0 0 0 0 0 0 0 0
50 1 77 3 125 3 0 0 0 0 0 0 0 0 0 0 0 0 0 0 0 0 0 0 0 0 0
51 1 78 3 126 3 0 0 0 0 0 0 0 0 0 0 0 0 0 0 0 0 0 0 0 0 0
52 1 79 3 127 3 0 0 0 0 0 0 0 0 0 0 0 0 0 0 0 0 0 0 0 0 0
0 1 80 3 128 3 0 0 0 0 0 0 0 0 0 0 0 0 0 0 0 0 0 0 0 0 0
1 1 81 3 129 3 0 0 0 0 0 0 0 0 0 0 0 0 0 0 0 0 0 0 0 0 0
2 1 82 3 130 3 0 0 0 0 0 0 0 0 0 0 0 0 0 0 0 0 0 0 0 0 0
3 1 83 3 131 3 0 0 0 0 0 0 0 0 0 0 0 0 0 0 0 0 0 0 0 0 0
4 1 84 3 132 3 0 0 0 0 0 0 0 0 0 0 0 0 0 0 0 0 0 0 0 0 0
5 1 85 3 133 3 0 0 0 0 0 0 0 0 0 0 0 0 0 0 0 0 0 0 0 0 0
6 1 86 3 134 3 0 0 0 0 0 0 0 0 0 0 0 0 0 0 0 0 0 0 0 0 0
7 1 87 3 135 3 0 0 0 0 0 0 0 0 0 0 0 0 0 0 0 0 0 0 0 0 0
8 1 88 3 136 3 0 0 0 0 0 0 0 0 0 0 0 0 0 0 0 0 0 0 0 0 0
9 1 89 3 137 3 0 0 0 0 0 0 0 0 0 0 0 0 0 0 0 0 0 0 0 0 0
10 1 90 3 138 3 0 0 0 0 0 0 0 0 0 0 0 0 0 0 0 0 0 0 0 0 0
11 1 91 3 139 3 0 0 0 0 0 0 0 0 0 0 0 0 0 0 0 0 0 0 0 0 0
12 1 92 3 140 3 0 0 0 0 0 0 0 0 0 0 0 0 0 0 0 0 0 0 0 0 0
13 1 93 3 141 3 0 0 0 0 0 0 0 0 0 0 0 0 0 0 0 0 0 0 0 0 0
14 1 94 3 142 3 0 0 0 0 0 0 0 0 0 0 0 0 0 0 0 0 0 0 0 0 0
15 1 95 3 143 3 0 0 0 0 0 0 0 0 0 0 0 0 0 0 0 0 0 0 0 0 0
16 1 96 3 144 3 0 0 0 0 0 0 0 0 0 0 0 0 0 0 0 0 0 0 0 0 0
17 1 97 3 145 3 0 0 0 0 0 0 0 0 0 0 0 0 0 0 0 0 0 0 0 0 0
18 1 98 3 146 3 0 0 0 0 0 0 0 0 0 0 0 0 0 0 0 0 0 0 0 0 0
19 1 99 3 147 3 0 0 0 0 0 0 0 0 0 0 0 0 0 0 0 0 0 0 0 0 0
20 1 100 3 148 3 0 0 0 0 0 0 0 0 0 0 0 0 0 0 0 0 0 0 0 0 0
21 1 101 3 149 3 0 0 0 0 0 0 0 0 0 0 0 0 0 0 0 0 0 0 0 0 0
22 1 102 3 150 3 0 0 0 0 0 0 0 0 0 0 0 0 0 0 0 0 0 0 0 0 0
23 1 103 3 151 3 0 0 0 0 0 0 0 0 0 0 0 0 0 0 0 0 0 0 0 0 0
24 1 104 3 152 3 0 0 0 0 0 0 0 0 0 0 0 0 0 0 0 0 0 0 0 0 0
25 1 105 3 153 3 0 0 0 0 0 0 0 0 0 0 0 0 0 0 0 0 0 0 0 0 0
26 1 53 3 154 3 0 0 0 0 0 0 0 0 0 0 0 0 0 0 0 0 0 0 0 0 0
27 1 54 3 155 3 0 0 0 0 0 0 0 0 0 0 0 0 0 0 0 0 0 0 0 0 0
28 1 55 3 156 3 0 0 0 0 0 0 0 0 0 0 0 0 0 0 0 0 0 0 0 0 0
29 1 56 3 157 3 0 0 0 0 0 0 0 0 0 0 0 0 0 0 0 0 0 0 0 0 0
30 1 57 3 158 3 0 0 0 0 0 0 0 0 0 0 0 0 0 0 0 0 0 0 0 0 0
31 1 58 3 106 3 0 0 0 0 0 0 0 0 0 0 0 0 0 0 0 0 0 0 0 0 0
32 1 59 3 107 3 0 0 0 0 0 0 0 0 0 0 0 0 0 0 0 0 0 0 0 0 0
33 1 60 3 108 3 0 0 0 0 0 0 0 0 0 0 0 0 0 0 0 0 0 0 0 0 0
34 1 61 3 109 3 0 0 0 0 0 0 0 0 0 0 0 0 0 0 0 0 0 0 0 0 0
35 1 62 3 110 3 0 0 0 0 0 0 0 0 0 0 0 0 0 0 0 0 0 0 0 0 0
36 1 63 3 111 3 0 0 0 0 0 0 0 0 0 0 0 0 0 0 0 0 0 0 0 0 0
37 1 64 3 112 3 0 0 0 0 0 0 0 0 0 0 0 0 0 0 0 0 0 0 0 0 0
38 1 65 3 113 3 0 0 0 0 0 0 0 0 0 0 0 0 0 0 0 0 0 0 0 0 0
39 1 66 3 114 3 0 0 0 0 0 0 0 0 0 0 0 0 0 0 0 0 0 0 0 0 0
40 1 67 3 115 3 0 0 0 0 0 0 0 0 0 0 0 0 0 0 0 0 0 0 0 0 0
41 1 68 3 116 3 0 0 0 0 0 0 0 0 0 0 0 0 0 0 0 0 0 0 0 0 0
42 1 69 3 117 3 0 0 0 0 0 0 0 0 0 0 0 0 0 0 0 0 0 0 0 0 0
43 1 70 3 118 3 0 0 0 0 0 0 0 0 0 0 0 0 0 0 0 0 0 0 0 0 0
44 1 71 3 119 3 0 0 0 0 0 0 0 0 0 0 0 0 0 0 0 0 0 0 0 0 0
45 1 72 3 120 3 0 0 0 0 0 0 0 0 0 0 0 0 0 0 0 0 0 0 0 0 0
46 1 73 3 121 3 0 0 0 0 0 0 0 0 0 0 0 0 0 0 0 0 0 0 0 0 0
47 1 74 3 122 3 0 0 0 0 0 0 0 0 0 0 0 0 0 0 0 0 0 0 0 0 0
48 1 75 3 123 3 0 0 0 0 0 0 0 0 0 0 0 0 0 0 0 0 0 0 0 0 0
50 1 84 2 130 1 4294967296 0 0 0 0 0 0 8589934592 0 0 0 0 0 0 12884901888 0 0 0 0 0 0
51 1 85 2 131 1 17179869184 0 0 0 0 0 0 34359738368 0 0 0 0 0 0 51539607552 0 0 0 0 0 0
52 1 86 2 132 1 68719476736 0 0 0 0 0 0 137438953472 0 0 0 0 0 0 206158430208 0 0 0 0 0 0
0 1 87 2 133 1 274877906944 0 0 0 0 0 0 549755813888 0 0 0 0 0 0 824633720832 0 0 0 0 0 0
1 1 88 2 134 1 1099511627776 0 0 0 0 0 0 2199023255552 0 0 0 0 0 0 3298534883328 0 0 0 0 0 0
2 1 89 2 135 1 4398046511104 0 0 0 0 0 0 8796093022208 0 0 0 0 0 0 13194139533312 0 0 0 0 0 0
3 1 90 2 136 1 17592186044416 0 0 0 0 0 0 35184372088832 0 0 0 0 0 0 52776558133248 0 0 0 0 0 0
4 1 91 2 137 1 70368744177664 0 0 0 0 0 0 140737488355328 0 0 0 0 0 0 211106232532992 0 0 0 0 0 0
5 1 92 2 138 1 281474976710656 0 0 0 0 0 0 562949953421312 0 0 0 0 0 0 844424930131968 0 0 0 0 0 0
6 1 93 2 139 1 1125899906842624 0 0 0 0 0 0 2251799813685248 0 0 0 0 0 0 3377699720527872 0 0 0 0 0 0
7 1 94 2 140 1 4503599627370496 0 0 0 0 0 0 9007199254740992 0 0 0 0 0 0 13510798882111488 0 0 0 0 0 0
8 1 95 2 141 1 18014398509481984 0 0 0 0 0 0 36028797018963968 0 0 0 0 0 0 54043195528445952 0 0 0 0 0 0
9 1 96 2 142 1 72057594037927936 0 0 0 0 0 0 144115188075855872 0 0 0 0 0 0 216172782113783808 0 0 0 0 0 0
10 1 97 2 143 1 288230376151711744 0 0 0 0 0 0 576460752303423488 0 0 0 0 0 0 864691128455135232 0 0 0 0 0 0
11 1 98 2 144 1 1152921504606846976 0 0 0 0 0 0 2305843009213693952 0 0 0 0 0 0 3458764513820540928 0 0 0 0 0 0
12 1 99 2 145 1 4611686018427387904 0 0 0 0 0 0 9223372036854775808 0 0 0 0 0 0 13835058055282163712 0 0 0 0 0 0
13 1 100 2 146 1 0 1 0 0 0 0 0 0 2 0 0 0 0 0 0 3 0 0 0 0 0
14 1 101 2 147 1 0 4 0 0 0 0 0 0 8 0 0 0 0 0 0 12 0 0 0 0 0
15 1 102 2 148 1 0 16 0 0 0 0 0 0 32 0 0 0 0 0 0 48 0 0 0 0 0
16 1 103 2 149 1 0 64 0 0 0 0 0 0 128 0 0 0 0 0 0 192 0 0 0 0 0
17 1 104 2 150 1 0 256 0 0 0 0 0 0 512 0 0 0 0 0 0 768 0 0 0 0 0
18 1 105 2 151 1 0 1024 0 0 0 0 0 0 2048 0 0 0 0 0 0 3072 0 0 0 0 0
19 1 53 2 152 1 0 4096 0 0 0 0 0 0 8192 0 0 0 0 0 0 12288 0 0 0 0 0
20 1 54 2 153 1 0 16384 0 0 0 0 0 0 32768 0 0 0 0 0 0 49152 0 0 0 0 0
21 1 55 2 154 1 0 65536 0 0 0 0 0 0 131072 0 0 0 0 0 0 196608 0 0 0 0 0
22 1 56 2 155 1 0 262144 0 0 0 0 0 0 524288 0 0 0 0 0 0 786432 0 0 0 0 0
23 1 57 2 156 1 0 1048576 0 0 0 0 0 0 2097152 0 0 0 0 0 0 3145728 0 0 0 0 0
24 1 58 2 157 1 0 4194304 0 0 0 0 0 0 8388608 0 0 0 0 0 0 12582912 0 0 0 0 0
25 1 59 2 158 1 0 16777216 0 0 0 0 0 0 33554432 0 0 0 0 0 0 50331648 0 0 0 0 0
26 1 60 2 106 1 0 67108864 0 0 0 0 0 0 134217728 0 0 0 0 0 0 201326592 0 0 0 0 0
27 1 61 2 107 1 0 268435456 0 0 0 0 0 0 536870912 0 0 0 0 0 0 805306368 0 0 0 0 0
28 1 62 2 108 1 0 1073741824 0 0 0 0 0 0 2147483648 0 0 0 0 0 0 3221225472 0 0 0 0 0
29 1 63 2 109 1 0 4294967296 0 0 0 0 0 0 8589934592 0 0 0 0 0 0 12884901888 0 0 0 0 0
30 1 64 2 110 1 0 17179869184 0 0 0 0 0 0 34359738368 0 0 0 0 0 0 51539607552 0 0 0 0 0
31 1 65 2 111 1 0 68719476736 0 0 0 0 0 0 137438953472 0 0 0 0 0 0 206158430208 0 0 0 0 0
32 1 66 2 112 1 0 274877906944 0 0 0 0 0 0 549755813888 0 0 0 0 0 0 824633720832 0 0 0 0 0
33 1 67 2 113 1 0 1099511627776 0 0 0 0 0 0 2199023255552 0 0 0 0 0 0 3298534883328 0 0 0 0 0
34 1 68 2 114 1 1 0 0 0 0 0 0 2 0 0 0 0 0 0 3 0 0 0 0 0 0
35 1 69 2 115 1 4 0 0 0 0 0 0 8 0 0 0 0 0 0 12 0 0 0 0 0 0
36 1 70 2 116 1 16 0 0 0 0 0 0 32 0 0 0 0 0 0 48 0 0 0 0 0 0
37 1 71 2 117 1 64 0 0 0 0 0 0 128 0 0 0 0 0 0 192 0 0 0 0 0 0
38 1 72 2 118 1 256 0 0 0 0 0 0 512 0 0 0 0 0 0 768 0 0 0 0 0 0
39 1 73 2 119 1 1024 0 0 0 0 0 0 2048 0 0 0 0 0 0 3072 0 0 0 0 0 0
40 1 74 2 120 1 4096 0 0 0 0 0 0 8192 0 0 0 0 0 0 12288 0 0 0 0 0 0
41 1 75 2 121 1 16384 0 0 0 0 0 0 32768 0 0 0 0 0 0 49152 0 0 0 0 0 0
42 1 76 2 122 1 65536 0 0 0 0 0 0 131072 0 0 0 0 0 0 196608 0 0 0 0 0 0
43 1 77 2 123 1 262144 0 0 0 0 0 0 524288 0 0 0 0 0 0 786432 0 0 0 0 0 0
44 1 78 2 124 1 1048576 0 0 0 0 0 0 2097152 0 0 0 0 0 0 3145728 0 0 0 0 0 0
45 1 79 2 125 1 4194304 0 0 0 0 0 0 8388608 0 0 0 0 0 0 12582912 0 0 0 0 0 0
46 1 80 2 126 1 16777216 0 0 0 0 0 0 33554432 0 0 0 0 0 0 50331648 0 0 0 0 0 0
47 1 81 2 127 1 67108864 0 0 0 0 0 0 134217728 0 0 0 0 0 0 201326592 0 0 0 0 0 0
48 1 82 2 128 1 268435456 0 0 0 0 0 0 536870912 0 0 0 0 0 0 805306368 0 0 0 0 0 0
49 1 83 2 129 1 1073741824 0 0 0 0 0 0 2147483648 0 0 0 0 0 0 3221225472 0 0 0 0 0 0
0 1 102 1 119 1 0 0 0 0 0 0 0 0 0 0 0 0 0 0 0 0 0 0 0 0 0
1 1 103 1 120 1 0 0 0 0 0 0 0 0 0 0 0 0 0 0 0 0 0 0 0 0 0
2 1 104 1 121 1 0 0 0 0 0 0 0 0 0 0 0 0 0 0 0 0 0 0 0 0 0
3 1 105 1 122 1 0 0 0 0 0 0 0 0 0 0 0 0 0 0 0 0 0 0 0 0 0
4 1 53 1 123 1 0 0 0 0 0 0 0 0 0 0 0 0 0 0 0 0 0 0 0 0 0
5 1 54 1 124 1 0 0 0 0 0 0 0 0 0 0 0 0 0 0 0 0 0 0 0 0 0
6 1 55 1 125 1 0 0 0 0 0 0 0 0 0 0 0 0 0 0 0 0 0 0 0 0 0
7 1 56 1 126 1 0 0 0 0 0 0 0 0 0 0 0 0 0 0 0 0 0 0 0 0 0
8 1 57 1 127 1 0 0 0 0 0 0 0 0 0 0 0 0 0 0 0 0 0 0 0 0 0
9 1 58 1 128 1 0 0 0 0 0 0 0 0 0 0 0 0 0 0 0 0 0 0 0 0 0
10 1 59 1 129 1 0 0 0 0 0 0 0 0 0 0 0 0 0 0 0 0 0 0 0 0 0
11 1 60 1 130 1 0 0 0 0 0 0 0 0 0 0 0 0 0 0 0 0 0 0 0 0 0
12 1 61 1 131 1 0 0 0 0 0 0 0 0 0 0 0 0 0 0 0 0 0 0 0 0 0
13 1 62 1 132 1 0 0 0 0 0 0 0 0 0 0 0 0 0 0 0 0 0 0 0 0 0
14 1 63 1 133 1 0 0 0 0 0 0 0 0 0 0 0 0 0 0 0 0 0 0 0 0 0
15 1 64 1 134 1 0 0 0 0 0 0 0 0 0 0 0 0 0 0 0 0 0 0 0 0 0
16 1 65 1 135 1 0 0 0 0 0 0 0 0 0 0 0 0 0 0 0 0 0 0 0 0 0
17 1 66 1 136 1 0 0 0 0 0 0 0 0 0 0 0 0 0 0 0 0 0 0 0 0 0
18 1 67 1 137 1 0 0 0 0 0 0 0 0 0 0 0 0 0 0 0 0 0 0 0 0 0
19 1 68 1 138 1 0 0 0 0 0 0 0 0 0 0 0 0 0 0 0 0 0 0 0 0 0
20 1 69 1 139 1 0 0 0 0 0 0 0 0 0 0 0 0 0 0 0 0 0 0 0 0 0
21 1 70 1 140 1 0 0 0 0 0 0 0 0 0 0 0 0 0 0 0 0 0 0 0 0 0
22 1 71 1 141 1 0 0 0 0 0 0 0 0 0 0 0 0 0 0 0 0 0 0 0 0 0
23 1 72 1 142 1 0 0 0 0 0 0 0 0 0 0 0 0 0 0 0 0 0 0 0 0 0
24 1 73 1 143 1 0 0 0 0 0 0 0 0 0 0 0 0 0 0 0 0 0 0 0 0 0
25 1 74 1 144 1 0 0 0 0 0 0 0 0 0 0 0 0 0 0 0 0 0 0 0 0 0
26 1 75 1 145 1 0 0 0 0 0 0 0 0 0 0 0 0 0 0 0 0 0 0 0 0 0
27 1 76 1 146 1 0 0 0 0 0 0 0 0 0 0 0 0 0 0 0 0 0 0 0 0 0
28 1 77 1 147 1 0 0 0 0 0 0 0 0 0 0 0 0 0 0 0 0 0 0 0 0 0
29 1 78 1 148 1 0 0 0 0 0 0 0 0 0 0 0 0 0 0 0 0 0 0 0 0 0
30 1 79 1 149 1 0 0 0 0 0 0 0 0 0 0 0 0 0 0 0 0 0 0 0 0 0
31 1 80 1 150 1 0 0 0 0 0 0 0 0 0 0 0 0 0 0 0 0 0 0 0 0 0
32 1 81 1 151 1 0 0 0 0 0 0 0 0 0 0 0 0 0 0 0 0 0 0 0 0 0
33 1 82 1 152 1 0 0 0 0 0 0 0 0 0 0 0 0 0 0 0 0 0 0 0 0 0
34 1 83 1 153 1 0 0 0 0 0 0 0 0 0 0 0 0 0 0 0 0 0 0 0 0 0
35 1 84 1 154 1 0 0 0 0 0 0 0 0 0 0 0 0 0 0 0 0 0 0 0 0 0
36 1 85 1 155 1 0 0 0 0 0 0 0 0 0 0 0 0 0 0 0 0 0 0 0 0 0
37 1 86 1 156 1 0 0 0 0 0 0 0 0 0 0 0 0 0 0 0 0 0 0 0 0 0
38 1 87 1 157 1 0 0 0 0 0 0 0 0 0 0 0 0 0 0 0 0 0 0 0 0 0
39 1 88 1 158 1 0 0 0 0 0 0 0 0 0 0 0 0 0 0 0 0 0 0 0 0 0
40 1 89 1 106 1 0 0 0 0 0 0 0 0 0 0 0 0 0 0 0 0 0 0 0 0 0
41 1 90 1 107 1 0 0 0 0 0 0 0 0 0 0 0 0 0 0 0 0 0 0 0 0 0
42 1 91 1 108 1 0 0 0 0 0 0 0 0 0 0 0 0 0 0 0 0 0 0 0 0 0
43 1 92 1 109 1 0 0 0 0 0 0 0 0 0 0 0 0 0 0 0 0 0 0 0 0 0
44 1 93 1 110 1 0 0 0 0 0 0 0 0 0 0 0 0 0 0 0 0 0 0 0 0 0
45 1 94 1 111 1 0 0 0 0 0 0 0 0 0 0 0 0 0 0 0 0 0 0 0 0 0
46 1 95 1 112 1 0 0 0 0 0 0 0 0 0 0 0 0 0 0 0 0 0 0 0 0 0
47 1 96 1 113 1 0 0 0 0 0 0 0 0 0 0 0 0 0 0 0 0 0 0 0 0 0
48 1 97 1 114 1 0 0 0 0 0 0 0 0 0 0 0 0 0 0 0 0 0 0 0 0 0
49 1 98 1 115 1 0 0 0 0 0 0 0 0 0 0 0 0 0 0 0 0 0 0 0 0 0
50 1 99 1 116 1 0 0 0 0 0 0 0 0 0 0 0 0 0 0 0 0 0 0 0 0 0
51 1 100 1 117 1 0 0 0 0 0 0 0 0 0 0 0 0 0 0 0 0 0 0 0 0 0
52 1 101 1 118 1 0 0 0 0 0 0 0 0 0 0 0 0 0 0 0 0 0 0 0 0 0
32 2 91 1 155 2 4613990594807595136 281474976710660 140737500938240 1126599987036173 34360000512 50178 16790016 9226767328773931200 562949953421320 211106236727296 2252834901590022 51540131840 18435 33559296 13836219139565289536 844424930131980 70368752566272 3378051908108299 17180655616 35841 50340096
33 2 92 1 156 2 9218305520828928 1134695999864849 562950003752960 4506399946047540 137440002048 200712 67160064 13581167676621568 2264993953218594 844424946909184 9011339603214360 206160527360 73740 134237184 4644337132503296 3382097767039027 281475010265088 13512207631384620 68722622464 143364 201360384
34 2 93 1 157 2 36873222083315712 4538783999459396 2251800015011840 18025599784190160 549760008192 802848 268640256 54324670706486272 9059975812874376 3377699787636736 36045358412857440 824642109440 294960 536948736 18577348530013184 13528391068156108 1125900041060352 54048830525538480 274890489856 573456 805441536
35 2 94 1 158 2 147492888333262848 18155135997837584 9007200060047360 72102399136760640 2199040032768 3211392 1074561024 217298682825945088 36239903251497504 13510799150546944 144181433651429760 3298568437760 1179840 2147794944 74309394120052736 54113564272624432 4503600164241408 216195322102153920 1099561959424 2293824 3221766144
36 2 95 1 106 2 589971553333051392 72620543991350336 36028800240189440 288409596547042560 8796160131072 12845568 4298244096 869194731303780352 144959613005990016 54043196602187776 576725734605719040 13194273751040 4719360 8591179776 297237576480210944 216454257090497728 18014400656965632 864781288408615680 4398247837696 9175296 12887064576
37 2 96 1 107 2 2359886213332205568 290482175965401344 144115200960757760 1153638386188170240 35184640524288 51382272 17192976384 3476778925215121408 579838452023960064 216172786408751104 2306902938422876160 52777095004160 18877440 34364719104 1188950305920843776 865817028361990912 72057602627862528 3459125153634462720 17592991350784 36701184 51548258304
38 2 97 1 108 2 9439544853328822272 1161928703861605376 576460803843031040 4614553544752680960 140738562097152 205529088 68771905536 13907115700860485632 2319353808095840256 864691145635004416 9227611753691504640 211108380016640 75509760 137458876416 4755801223683375104 3463268113447963648 288230410511450112 13836500614537850880 70371965403136 146804736 206193033216
39 2 98 1 109 2 864691265896185856 4647714815446421506 2305843215372124160 11470105301172224 562954248388609 822116352 275087622144 288230582313287680 9277415232383361027 3458764582540017664 16958867346915328 844433520066562 302039040 549835505664 576460821023948800 13853072453791854593 1152921642045800448 5770237022748672 281487861612547 587218944 824772132864
40 2 99 1 110 2 3458765063584743424 144115188076134408 9223372861488496641 45880421204688896 4613937835420942340 3288465408 838860800 1152922329253150720 216172782114340876 13835058330160070658 67835469387661312 9226749770935042056 1208156160 318767104 2305843284095795200 72057594038763524 4611686568183201795 23080948090994688 13836184006728613900 2348875776 553648128
41 2 100 1 111 2 13835060254338973696 576473946444070944 3298534883332 183521684815609858 9007267974217744 13153861633 3355443200 4611689317012602880 864695526503874608 1099511627784 271341877549596675 13510936321064992 4832624642 1275068416 9223373136383180800 288239172248076304 2199023255564 92323792361881601 4503805785800752 9395503107 2214592512
42 2 101 1 112 2 8796227239936 2305900183822794883 13194139533328 734086739261390856 36029071896870976 52615446532 13421772800 13194340859904 3458790902108520641 4398046511136 1085367510196289548 54043745284259968 19330498568 5100273664 4398113619968 1152969883131838530 8796093022256 369295169444380676 18015223143203008 37582012428 8858370048
43 2 102 1 113 2 35184908959744 9223600735291179532 52776558133312 2936346957045563424 144116287587483904 210461786128 53687091200 52777363439616 13835163608434082564 17592186044544 4341470040785158192 216174981137039872 77321994272 20401094656 17592454479872 4611879532527354120 35184372089024 1477180677777522704 72060892572812032 150328049712 35433480192
44 2 103 1 114 2 140739635838976 914793745614896 211106232533250 11745387828182253696 576465150349935616 841847144512 214748364800 211109453758464 422212607675408 70368744178179 17365880163140632768 864699924548159488 309287977088 81604378624 70369817919488 774056399864864 140737488356097 5908722711110090816 288243570291248128 601312198848 141733920768
45 2 104 1 115 2 562958543355904 3659174982459584 844424930133000 10088063165309911552 2305860601399742466 3367388578048 858993459200 844437815033856 1688850430701632 281474976712716 14123288431433876224 3458799698192637955 1237151908352 326417514496 281479271677952 3096225599459456 562949953424388 5188146770730811648 1152974281164992513 2405248795392 566935683072
46 2 105 1 116 2 2251834173423616 14636699929838336 3377699720532000 3458764513822640128 13835128424026357770 13469554312192 137438953472 3377751260135424 6755401722806528 1125899906850864 1152921504609995776 4611826755915776015 4948607633408 206158430208 1125917086711808 12384902397837824 2251799813697552 2305843009214743552 9223583143087357957 9620995181568 68719476736
47 2 53 1 117 2 9007336693694464 58546799719353344 13510798882128000 13835058055290560512 281474976776232 53878217248771 549755813888 13511005040541696 27021606891226112 4503599627403456 4611686018439983104 562949953552444 19794430533633 824633720832 4503668346847232 49539609591351296 9007199254790208 9223372036858974208 844424930328596 38483980726274 274877906944
48 2 54 1 118 2 36029346774777856 234187198877413376 54043195528512000 33587200 9224497936761880739 215512868995084 0 54044020162166784 108086427564904448 18014398509613824 50380800 13837309855096373489 79177722134532 0 18014673387388928 198158438365405184 36028797019160832 16793600 4615063718148702290 153935922905096 0
49 2 55 1 119 2 144117387099111424 936748795509653504 216172782114048000 134348800 4503599628419724 862051475980338 0 216176080648667136 432345710259617792 72057594038455296 201523200 9007199256839108 316710888538131 0 72058693549555712 792633753461620736 144115188076643328 67174400 13510798885257544 615743691620385 0
50 2 56 1 120 2 576469548396445696 3746995182038614016 864691128456192000 537395200 18014398513678896 3448205903921352 0 864704322594668544 1729382841038471168 288230376153821184 806092800 36028797027356432 1266843554152524 0 288234774198222848 3170535013846482944 576460752306573312 268697600 54043195541030176 2462974766481540 0
51 2 57 1 121 2 2305878193585782784 14987989524247478272 3458764513824768000 2147483648 72057594054715584 13792823615685408 0 3458817290378674176 6917544558293417984 1152921504615284736 3221225472 144115188109425728 5067374216610096 0 1152939096792891392 12682144453432442880 2305843009226293248 1073741824 216172782164120704 9851899065926160 0
52 2 58 1 122 2 9223512774343131137 4611721477814747136 13835058055299072003 8589934592 288230376218862336 55171294462741632 0 13835269161514696706 9223425363371098112 4611686018461138945 12884901888 576460752437702912 20269496866440384 0 4611756387171565571 13835076472171134976 9223372036905172994 4294967296 864691128656482816 39407596263704640 0
0 2 59 1 123 2 562949953421316 141837549436930 67633165 34359738371 1152921504875449344 220685177850966528 0 844424930131976 213306065289219 135004166 51539607553 2305843009750811648 81077987465761536 0 281474976710668 73667555885057 201588747 17179869186 3458764514625931264 157630385054818560 0
1 2 60 1 124 2 2251799813685265 562952151236616 270532660 137440002060 1074409472 882740711403866112 0 3377699720527906 844428168134668 540016664 206160527364 2148470784 324311949863046144 0 1125899906842675 281476084006916 806354988 68722622472 3221561344 630521540219274240 0
2 2 61 1 125 2 9007199254741060 2251808604946464 1082130640 549760008240 4297637888 3530962845615464448 0 13510798882111624 3377712672538672 2160066656 824642109456 8593883136 1297247799452184576 0 4503599627370700 1125904336027664 3225419952 274890489888 12886245376 2522086160877096960 0
3 2 62 1 126 2 36028797018964240 9007234419785856 4328522560 2199040032960 17190551552 14123851382461857792 0 54043195528446496 13510850690154688 8640266624 3298568437824 34375532544 5188991197808738304 0 18014398509482800 4503617344110656 12901679808 1099561959552 51544981504 10088344643508387840 0
4 2 63 1 127 2 144115188075856960 36028937679143424 17314090240 8796160131840 68762206208 1155173308718776320 3 216172782113785984 54043402760618752 34561066496 13194273751296 137502130176 2309220717525401600 1 72057594037931200 18014469376442624 51606719232 4398247838208 206179926016 3459890426614448128 2
5 2 64 1 128 2 576460752303427840 144115750716573696 69256360960 35184640527360 275048824832 4620693234875105280 12 864691128455143936 216173611042475008 138244265984 52777095005184 550008520704 9236882870101606400 4 288230376151724800 72057877505770496 206426876928 17592991352832 824719704064 13839561706457792512 8
6 2 65 1 129 2 2305843009213711360 576463002866294784 277025443840 140738562109440 1100195299328 36028865790869504 49 3458764513820575744 864694444169900032 552977063936 211108380020736 2200034082816 54043332987322368 18 1152921504606899200 288231510023081984 825707507712 70371965411328 3298878816256 18014604702515200 35
7 2 66 1 130 2 9223372036854845442 2305843215372156928 1108101775360 562954248437760 4400781197312 144115463163478016 196 13835058055282302979 3458764582540066816 2211908255744 844433520082944 8800136331264 216173331949289472 72 4611686018427596801 1152921642045816832 3302830030848 281487861645312 13195515265024 72058418810060800 140
8 2 67 1 131 2 278536 9223372861488627714 4432407101440 2251816993751040 17603124789248 576461852653912064 784 557068 13835058330160267267 8847633022976 3377734080331776 35200545325056 864693327797157888 288 835588 4611686568183267329 13211320123392 1125951446581248 52782061060096 288233675240243200 560
9 2 68 1 132 2 1114144 3298535407624 17729628405762 9007267975004160 70412499156992 2305847410615648256 3136 2228272 1099512414220 35390532091907 13510936321327104 140802181300224 3458773311188631552 1152 3342352 2199023517700 52845280493569 4503805786324992 211128244240384 1152934700960972800 2240
10 2 69 1 133 2 4456579 13194141630496 70918513623048 36029071896870912 281649996627968 9223389642462593024 12544 8913089 4398049656880 141562128367628 54043745284259840 563208725200896 13835093244754526208 4608 13369410 8796094070800 211381121974276 18015223143202816 844512976961536 4611738803843891200 8960
11 2 70 1 134 2 17826316 52776566521984 283674054492192 144116287587483648 1126599986511872 70422431268864 50178 35652356 17592198627520 566248513470512 216174981137039360 2252834900803584 140757889449984 18435 53477640 35184376283200 845524487897104 72060892572811264 3378051907846144 211141666013184 35841
12 2 71 1 135 2 71305264 211106266087936 1134696217968768 576465150349934592 4506399946047488 281689725075456 200712 142609424 70368794510080 2264994053882048 864699924548157440 9011339603214336 563031557799936 73740 213910560 140737505132800 3382097951588416 288243570291245056 13512207631384576 844566664052736 143364
13 2 72 1 136 2 285221056 844425064351744 4538784871875072 2305860601399738368 18025599784189952 1126758900301824 802848 570437696 281475178040320 9059976215528192 3458799698192629760 36045358412857344 2252126231199744 294960 855642240 562950020531200 13528391806353664 1152974281164980224 54048830525538304 3378266656210944 573456
14 2 73 1 137 2 1140884224 3377700257406976 18155139487500288 9223442405598953472 72102399136759808 4507035601207296 3211392 2281750784 1125900712161280 36239904862112768 13835198792770519040 144181433651429376 9008504924798976 1179840 3422568960 2251800082124800 54113567225414656 4611897124659920896 216195322102153216 13513066624843776 2293824
15 2 74 1 138 2 4563536896 13510801029627904 72620557950001152 281474976710656 288409596547039234 18028142404829184 12845568 9127003136 4503602848645120 144959619448451072 562949953421312 576725734605717507 36034019699195904 4719360 13690275840 9007200328499200 216454268901658624 844424930131968 864781288408612865 54052266499375104 9175296
16 2 75 1 139 2 18254147584 54043204118511616 290482231800004608 1125899906842624 1153638386188156936 72112569619316736 51382272 36508012544 18014411394580480 579838477793804288 2251799813685248 2306902938422870028 144136078796783616 18877440 54761103360 36028801313996800 865817075606634496 3377699720527872 3459125153634451460 216209065997500416 36701184
17 2 76 1 140 2 73016590336 216172816474046464 1161928927200018432 4503599628419072 2867526325239840 288450278477266944 205529088 146032050176 72057645578321920 2319353911175217152 9007199256838144 4239716836704304 576544315187134464 75509760 219044413440 144115205255987200 3463268302426537984 13510798885257216 1442559255642128 864836263990001664 146804736
18 2 77 1 141 2 292066361344 864691265896185856 4647715708800073728 18014398513676288 11470105300959360 1153801113909067776 822116352 584128200704 288230582313287680 9277415644700868608 36028797027352576 16958867346817216 2306177260748537856 302039040 876177653760 576460821023948800 13853073209706151936 54043195541028864 5770237022568512 3459345055960006656 587218944
19 2 78 1 142 2 1168265445376 3458765063584743424 144118761490743296 72057594054705153 45880421203837440 4615204455636271104 3288465408 2336512802816 1152922329253150720 216174431384371200 144115188109410306 67835469387268864 9224709042994151424 1208156160 3504710615040 2305843284095795200 72060617695952896 216172782164115459 23080948090274048 13837380223840026624 2348875776
20 2 79 1 143 2 4673061781504 13835060254338973696 576475045962973184 288230376218820612 183521684815349760 14073748835532800 13153861633 9346051211264 4611689317012602880 864697725537484800 576460752437641224 271341877549075456 5348024557502464 4832624642 14018842460160 9223373136383180800 288242470783811584 864691128656461836 92323792361096192 9288674231451648 9395503107
21 2 80 1 144 2 18692247126018 134217728 2305900183851892739 1152921504875282448 734086739261399040 56294995342131200 52615446532 37384204845059 201326592 3458790902149939201 2305843009750564896 1085367510196301824 21392098230009856 19330498568 56075369840641 67108864 1152969883135246338 3458764514625847344 369295169444384768 37154696925806592 37582012428
22 2 81 1 145 2 74768988504072 536870912 9223600735407570956 4611686019501129792 2936346957045596160 225179981368524800 210461786128 149536819380236 805306368 13835163608599756804 9223372039002259584 4341470040785207296 85568392920039424 77321994272 224301479362564 268435456 4611879532540985352 13835058058503389376 1477180677777539072 148618787703226368 150328049712
23 2 82 1 146 2 299075954016288 2147483648 914794211180592 4297064706 2522015791327608833 900719925474099200 841847144512 598147277520944 3221225472 422213270372368 8593080835 3530822107858665474 342273571680157696 309287977088 897205917450256 1073741824 774056454389792 12885951233 1297036692682768387 594475150812905472 601312198848
24 2 83 1 147 2 1196303816065152 8589934592 3659176844722368 17190355976 14699749183737823236 3602879701896396800 68853694720 2392589110083776 12884901888 1688853081489472 34375469068 4899916394579886088 1369094286720630784 137640280576 3588823669801024 4294967296 3096225817559168 51544853508 9799832789158461452 2377900603251621888 206225539840
25 2 84 1 148 2 4785215264260608 34359738368 14636707378889472 68761423904 3458764513822638096 14411518807585587203 275414778880 9570356440335104 51539607552 6755412325957888 137501876272 1152921504609992736 5476377146882523137 550561122304 14355294679204096 17179869184 12384903270236672 206179414032 2305843009214742576 9511602413006487554 824902159360
26 2 85 1 149 2 19140861057042432 137438953472 58546829515557888 275048841344 4611686018435776576 2305843009213693964 2147487747 38281425761340416 206158430208 27021649303831552 550008553664 9223372036867358848 3458764513820540932 3221233665 57421178716816384 68719476736 49539613080946688 824719753280 13835058055286358208 1152921504606846984 1073754114
27 2 86 1 150 2 76563444228169728 549755813888 234187318062231552 1100195365376 33554688 9223372036854775857 8589950988 153125703045361664 824633720832 108086597215326208 2200034214656 50332160 13835058055282163730 12884934660 229684714867265536 274877906944 198158452323786752 3298879013120 16777984 4611686018427387939 4295016456
28 2 87 1 151 2 306253776912678912 2199023255552 936749272248926208 4400781461504 134218752 196 34359803954 612502812181446656 3298534883328 432346388861304832 8800136858624 201328640 72 51539738643 918738859469062144 1099511627776 792633809295147008 13195516052480 67111936 140 17180065825
29 2 88 1 152 2 1225015107650715650 4398046511104 3746997088995704832 17603124797440 536875008 784 137439215816 2450011248725786627 8796093022208 1729385555445219328 35200545337344 805314560 288 206158954572 3674955437876248577 13194139533312 3170535237180588032 52782061064192 268447744 560 68720263300
30 2 89 1 153 2 4900060430602862600 17592186044416 14987988355982819328 70412499189760 2147500032 3136 549756863264 9800044994903146508 35184372088832 6917542221780877312 140802181349376 3221258240 1152 824635818288 14699821751504994308 52776558133248 12682140948722352128 211128244256768 1073790976 2240 274881053200
31 2 90 1 154 2 1153497648701898784 70368744177665 4611721202802622464 281649996759043 9223372045444775936 12544 4197504 2306691832193482800 140737488355330 9223424813413957632 563208725397505 13835058068167196672 4608 8389824 3459054784891322384 211106232532995 13835075647470305280 844512977027074 4611686022722551808 8960 12585024
30 3 103 1 121 1 0 0 1024 0 0 0 0 0 0 2048 0 0 0 0 0 0 3072 0 0 0 0
31 3 104 1 122 1 0 0 4096 0 0 0 0 0 0 8192 0 0 0 0 0 0 12288 0 0 0 0
32 3 105 1 123 1 0 0 16384 0 0 0 0 0 0 32768 0 0 0 0 0 0 49152 0 0 0 0
33 3 53 1 124 1 0 0 65536 0 0 0 0 0 0 131072 0 0 0 0 0 0 196608 0 0 0 0
34 3 54 1 125 1 0 0 262144 0 0 0 0 0 0 524288 0 0 0 0 0 0 786432 0 0 0 0
35 3 55 1 126 1 0 0 1048576 0 0 0 0 0 0 2097152 0 0 0 0 0 0 3145728 0 0 0 0
36 3 56 1 127 1 0 0 4194304 0 0 0 0 0 0 8388608 0 0 0 0 0 0 12582912 0 0 0 0
37 3 57 1 128 1 0 0 16777216 0 0 0 0 0 0 33554432 0 0 0 0 0 0 50331648 0 0 0 0
38 3 58 1 129 1 0 0 67108864 0 0 0 0 0 0 134217728 0 0 0 0 0 0 201326592 0 0 0 0
39 3 59 1 130 1 0 0 268435456 0 0 0 0 0 0 536870912 0 0 0 0 0 0 805306368 0 0 0 0
40 3 60 1 131 1 0 0 1073741824 0 0 0 0 0 0 2147483648 0 0 0 0 0 0 3221225472 0 0 0 0
41 3 61 1 132 1 0 0 4294967296 0 0 0 0 0 0 8589934592 0 0 0 0 0 0 12884901888 0 0 0 0
42 3 62 1 133 1 0 0 17179869184 0 0 0 0 0 0 34359738368 0 0 0 0 0 0 51539607552 0 0 0 0
43 3 63 1 134 1 0 0 68719476736 0 0 0 0 0 0 137438953472 0 0 0 0 0 0 206158430208 0 0 0 0
44 3 64 1 135 1 0 0 274877906944 0 0 0 0 0 0 549755813888 0 0 0 0 0 0 824633720832 0 0 0 0
45 3 65 1 136 1 0 0 1099511627776 0 0 0 0 0 0 2199023255552 0 0 0 0 0 0 3298534883328 0 0 0 0
46 3 66 1 137 1 0 0 4398046511104 0 0 0 0 0 0 8796093022208 0 0 0 0 0 0 13194139533312 0 0 0 0
47 3 67 1 138 1 0 0 17592186044416 0 0 0 0 0 0 35184372088832 0 0 0 0 0 0 52776558133248 0 0 0 0
48 3 68 1 139 1 0 0 70368744177664 0 0 0 0 0 0 140737488355328 0 0 0 0 0 0 211106232532992 0 0 0 0
49 3 69 1 140 1 0 0 281474976710656 0 0 0 0 0 0 562949953421312 0 0 0 0 0 0 844424930131968 0 0 0 0
50 3 70 1 141 1 0 0 1125899906842624 0 0 0 0 0 0 2251799813685248 0 0 0 0 0 0 3377699720527872 0 0 0 0
51 3 71 1 142 1 0 0 4503599627370496 0 0 0 0 0 0 9007199254740992 0 0 0 0 0 0 13510798882111488 0 0 0 0
52 3 72 1 143 1 0 0 18014398509481984 0 0 0 0 0 0 36028797018963968 0 0 0 0 0 0 54043195528445952 0 0 0 0
0 3 73 1 144 1 0 0 72057594037927936 0 0 0 0 0 0 144115188075855872 0 0 0 0 0 0 216172782113783808 0 0 0 0
1 3 74 1 145 1 0 0 288230376151711744 0 0 0 0 0 0 576460752303423488 0 0 0 0 0 0 864691128455135232 0 0 0 0
2 3 75 1 146 1 0 0 1152921504606846976 0 0 0 0 0 0 2305843009213693952 0 0 0 0 0 0 3458764513820540928 0 0 0 0
3 3 76 1 147 1 0 0 4611686018427387904 0 0 0 0 0 0 9223372036854775808 0 0 0 0 0 0 13835058055282163712 0 0 0 0
4 3 77 1 148 1 0 0 0 1 0 0 0 0 0 0 2 0 0 0 0 0 0 3 0 0 0
5 3 78 1 149 1 0 0 0 4 0 0 0 0 0 0 8 0 0 0 0 0 0 12 0 0 0
6 3 79 1 150 1 0 0 0 16 0 0 0 0 0 0 32 0 0 0 0 0 0 48 0 0 0
7 3 80 1 151 1 0 0 0 64 0 0 0 0 0 0 128 0 0 0 0 0 0 192 0 0 0
8 3 81 1 152 1 0 0 0 256 0 0 0 0 0 0 512 0 0 0 0 0 0 768 0 0 0
9 3 82 1 153 1 0 0 0 1024 0 0 0 0 0 0 2048 0 0 0 0 0 0 3072 0 0 0
10 3 83 1 154 1 0 0 0 4096 0 0 0 0 0 0 8192 0 0 0 0 0 0 12288 0 0 0
11 3 84 1 155 1 0 0 0 16384 0 0 0 0 0 0 32768 0 0 0 0 0 0 49152 0 0 0
12 3 85 1 156 1 0 0 0 65536 0 0 0 0 0 0 131072 0 0 0 0 0 0 196608 0 0 0
13 3 86 1 157 1 0 0 0 262144 0 0 0 0 0 0 524288 0 0 0 0 0 0 786432 0 0 0
14 3 87 1 158 1 0 4398046511104 0 0 0 0 0 0 8796093022208 0 0 0 0 0 0 13194139533312 0 0 0 0 0
15 3 88 1 106 1 0 17592186044416 0 0 0 0 0 0 35184372088832 0 0 0 0 0 0 52776558133248 0 0 0 0 0
16 3 89 1 107 1 0 70368744177664 0 0 0 0 0 0 140737488355328 0 0 0 0 0 0 211106232532992 0 0 0 0 0
17 3 90 1 108 1 0 281474976710656 0 0 0 0 0 0 562949953421312 0 0 0 0 0 0 844424930131968 0 0 0 0 0
18 3 91 1 109 1 0 1125899906842624 0 0 0 0 0 0 2251799813685248 0 0 0 0 0 0 3377699720527872 0 0 0 0 0
19 3 92 1 110 1 0 4503599627370496 0 0 0 0 0 0 9007199254740992 0 0 0 0 0 0 13510798882111488 0 0 0 0 0
20 3 93 1 111 1 0 18014398509481984 0 0 0 0 0 0 36028797018963968 0 0 0 0 0 0 54043195528445952 0 0 0 0 0
21 3 94 1 112 1 0 72057594037927936 0 0 0 0 0 0 144115188075855872 0 0 0 0 0 0 216172782113783808 0 0 0 0 0
22 3 95 1 113 1 0 288230376151711744 0 0 0 0 0 0 576460752303423488 0 0 0 0 0 0 864691128455135232 0 0 0 0 0
23 3 96 1 114 1 0 1152921504606846976 0 0 0 0 0 0 2305843009213693952 0 0 0 0 0 0 3458764513820540928 0 0 0 0 0
24 3 97 1 115 1 0 4611686018427387904 0 0 0 0 0 0 9223372036854775808 0 0 0 0 0 0 13835058055282163712 0 0 0 0 0
25 3 98 1 116 1 0 0 1 0 0 0 0 0 0 2 0 0 0 0 0 0 3 0 0 0 0
26 3 99 1 117 1 0 0 4 0 0 0 0 0 0 8 0 0 0 0 0 0 12 0 0 0 0
27 3 100 1 118 1 0 0 16 0 0 0 0 0 0 32 0 0 0 0 0 0 48 0 0 0 0
28 3 101 1 119 1 0 0 64 0 0 0 0 0 0 128 0 0 0 0 0 0 192 0 0 0 0
29 3 102 1 120 1 0 0 256 0 0 0 0 0 0 512 0 0 0 0 0 0 768 0 0 0 0
18 1 68 1 110 1 274883280896 72057594037977096 4611704366527676416 27021666484486144 1266637395197964 3458764517041831936 553648192 549766496256 144115188075872268 9223408114580062208 49539733340291072 2462906046218244 1152921505680719872 838860928 824649515008 216172782113816580 13835111244157157376 58547001314770944 3448068464705544 2305843011361374208 318767296
19 1 69 1 111 1 1099533123584 288243570291441696 73392401154048 108086665934798849 5066549580791856 13835058068167327744 2214592768 2199065985024 576465150350000176 144310901145600 198158933360115714 9851624184872976 4611686022722879488 3355443712 3298598060032 864699924548288528 212755499974656 234188005256986627 13792273858822176 9223372045445496832 1275069184
20 1 70 1 112 1 4398132494336 1152974281165766784 293569604616192 432346663739195396 20266198323167424 51540656128 8858371075 8796263940096 2305860601400000704 577243604582400 792635733440462856 39406496739491904 17181966336 13421774849 13194392240128 3458799698193154112 851021999898624 936752021027946508 55169095435288704 34362884096 5100276738
21 1 71 1 113 1 17592529977344 4611897124663067136 1174278418464768 1729386654956781584 81064793292669696 206162624512 35433484300 35185055760384 9223442405600002816 2308974418329600 3170542933761851424 157625986957967616 68727865344 53687099396 52777568960512 13835198792772616448 3404087999594496 3747008084111786032 220676381741154816 137451536384 20401106952
22 1 72 1 114 1 70370119909376 844424942716928 4697113673859073 6917546619827126336 324259173170678784 824650498048 141733937200 140740223041536 281474980908032 9235897673318402 12682171735047405696 630503947831870464 274911461376 214748397584 211110275842048 562949961810944 13616351998377987 14988032336447144128 882705526964619264 549806145536 81604427808
23 1 73 1 115 1 281480479637504 3377699770867712 18788454695436292 9223442405598953728 1297036692682715137 3298601992192 566935748800 562960892166144 1125899923632128 36943590693273608 13835198792770519552 2522015791327481858 1099645845504 858993590336 844441103368192 2251799847243776 54465407993511948 4611897124659921664 3530822107858477059 2199224582144 326417711232
24 1 74 1 116 1 1125921918550016 13510799083470848 75153818781745168 281474977760256 9799832789158248454 13194407968768 68719739648 2251843568664576 4503599694528512 147774362773094432 562949955520512 14699749183737315339 4398583382016 137439478016 3377764413472768 9007199388975104 217861631974047792 844424933280768 4899916394579132429 8796898328576 206159217152
25 1 75 1 117 1 4503687674200064 54043196333883392 300615275126980672 1125899911041024 2305843009213890584 52777631875074 274878958592 9007374274658304 18014398778114048 591097451092377728 2251799822082048 3458764513820606508 17594333528067 549757912064 13511057653891072 36028797555900416 871446527896191168 3377699733123072 1152921504606978100 35187593314305 824636868608
26 1 76 1 118 1 18014750696800256 216172785335533568 1202461100507922688 4503599646261248 4611686018428174432 211110527500296 4206592 36029497098633216 72057595112456192 2364389804369510912 9007199291473920 9223372036855038128 70377334112268 8392704 54044230615564288 144115190223601664 3485786111584764672 13510798933540864 13835058055282688208 140750373257220 12591104
27 1 77 1 119 1 72059002787201024 864691141342134272 4809844402031690752 18014398585044992 3146112 844442110001185 16826368 144117988394532864 288230380449824768 9457559217478043648 36028797165895680 1049280 281509336449074 33570816 216176922462257152 576460760894406656 13943144446339058688 54043195734163456 2097984 563001493028883 50364416
28 1 78 1 120 1 288236011148804096 3458764565368537088 792633534417211392 72057594340179969 12584448 3377768440004740 67305472 576471953578131456 1152921521799299072 936748722493071360 144115188663582722 4197120 1126037345796296 134283264 864707689849028608 2305843043577626624 432345564227579904 216172782936653827 8391936 2252005972115532 201457664
29 1 79 1 121 1 1152944044595216384 13835062659520659456 3170534137668845568 288230377359671300 50337792 13511073760018960 269221888 2305887814312525824 4611694883290218496 3746994889972285440 576460754652233736 16788480 4504149383185184 537133056 3458830759396114432 9223385368450039808 1729382256910319616 864691131743469580 33567744 9008023888462128 805830656
30 1 80 1 122 1 4611776178380865536 18416953982976 12682136550675382275 1152921509438685200 201351168 54044295040075840 1076887552 9223551257250103296 35459451322368 14987979559889141761 2305843018608934944 67153920 18016597532740736 2148532224 13835323037584457728 53326381056000 6917529027641278466 3458764526973878320 134270976 36032095553848512 3223322624
31 1 81 1 123 1 360639813910528 73667815931905 13835058055282425868 4611686037754740802 805404672 216177180160303360 4307550208 716881581309952 141837805289474 4611686018427912196 9223372074435739779 268615680 72066390130962944 8594128896 1059929209176064 213305524224003 9223372036855562248 13835058107895513281 537083904 144128382215394048 12893290496
32 1 82 1 124 1 1442559255642115 281477124194308 1048624 77309411595 3221618689 864708720641213440 17230200832 2867526325239809 562953174646792 2097168 150323855885 1074462722 288265560523851776 34376515584 4239716836704258 844426003873804 3145760 210453398278 2148335619 576513528861576192 51573161984
33 1 83 1 125 1 5770237022568460 1125908496777232 4194496 309237646380 12886474756 3458834882564853760 68920803328 11470105300959236 2251812698587168 8388672 601295423540 4297850888 1153062242095407104 137506062336 16958867346817032 3377704015495216 12583040 841813593112 8593342476 2306054115446304768 206292647936
34 1 84 1 126 1 23080948090273840 4503633987108928 16777984 1236950585520 51545899024 13835339530259415040 275683213312 45880421203836944 9007250794348672 33554688 2405181694160 17191403552 4612248968381628416 550024249344 67835469387268128 13510816061980864 50332160 3367254372448 34373369904 9224216461785219072 825170591744
35 1 85 1 127 1 92323792361095360 18014535948435712 67111936 4947802342080 4611686224610984000 1125899909005312 3221225475 183521684815347776 36029003177394688 134218752 9620726776640 9223372105620390016 2251799816962048 1073741825 271341877549072512 54043264247923456 201328640 13469017489792 13835058192775643328 3377699721773056 2147483650
36 1 86 1 128 1 369295169444381440 72058143793742848 268447744 19791209368320 824734384384 4503599636021249 12884901900 734086739261391104 144116012709578752 536875008 38482907106560 275062456832 9007199267848194 4294967300 1085367510196290048 216173056991693824 805314560 53876069959168 549973918464 13510798887092227 8589934600
37 1 87 1 129 1 1477180677777525760 288232575174971392 1073790976 79164837473280 3298937537536 18014398544084996 51539607600 2936346957045564416 576464050838315008 2147500032 153931628426240 1100249827328 36028797071392776 17179869200 4341470040785160192 864692227966775296 3221258240 215504279836672 2199895673856 54043195548368908 34359738400
38 1 88 1 130 1 5908722711110103042 1152925902653374464 4295163904 316659348844544 13195750150144 72057594176339984 206158430400 11745387828182257667 2305851805306748928 8590000128 615726511607808 4400999309312 144115188285571104 68719476800 17365880163140640769 3458777707960123392 12885032960 862017116200960 8799582695424 216172782193475632 137438953600
39 1 89 1 131 1 5188146770730860552 4611703610613497857 17180655616 1266637395378176 52783000600576 288230376705359936 824633721600 10088063165309927436 9223407221226995714 34360000512 2462906046431232 17603997237248 576460753142284416 274877907200 14123288431433908228 13835110831840493571 51540131840 3448068464803840 35198330781696 864691128773902528 549755814400
40 1 90 1 132 1 2305843009213890592 70368744439813 68722622465 5066549581512704 13835269187284566016 1152921506821439744 3072 3458764513820606512 140737488879626 137440002050 9851624185724928 4611756434416336896 2305843012569137664 1024 1152921504606978064 211106233319439 206160527363 13792273859215360 9223512830177902592 3458764515095610112 2048
41 1 91 1 133 1 9223372036855562368 290271070781460 274890489860 20266198323953664 844528009609216 4611686027285758979 12288 13835058055282426048 576144095051816 549760008200 39406496739753984 281663955795968 9223372050276550657 4096 4611686018427912256 848822979788860 824642109452 55169095435812864 563173292507136 13835058060382440450 8192
42 1 92 1 134 1 3146240 1174278422659154 1099561959440 81064793292668928 3378112038436864 35433484300 49153 1049344 2308974426718371 2199040032800 157625986957967360 1126655823183872 53687099396 16386 2097408 3404088012177649 3298568437808 220676381741154304 2252693170028544 20401106952 32771
43 1 93 1 135 1 12584960 4697113690636616 4398247837760 324259173170675712 13512448153747456 141733937200 196612 4197376 9235897706873484 8796160131200 630503947831869440 4506623292735488 214748397584 65544 8389632 13616352048710596 13194273751232 882705526964617216 9010772680114176 81604427808 131084
44 1 94 1 136 1 50339840 18788454762546464 17592991351040 1297036692682702848 54049792614989824 566935748800 786448 16789504 36943590827493936 35184640524800 2522015791327477760 18026493170941952 858993590336 262176 33558528 54465408194842384 52777095004928 3530822107858468864 36043090720456704 326417711232 524336
45 1 95 1 137 1 201359360 75153819050185856 70371965404160 5188146770730811392 216199170459959296 2267742995200 3145792 67158016 147774363309975744 140738562099200 10088063165309911040 72105972683767808 3435974361344 1048704 134234112 217861632779369536 211108380019712 14123288431433875456 144172362881826816 1305670844928 2097344
46 1 96 1 138 1 805437440 300615276200743424 281487861616640 2305843009213693952 864796681839837185 9070971980800 12583168 268632064 591097453239902976 562954248396800 3458764513820540928 288423890735071234 13743897445376 4194816 536936448 871446531117478144 844433520078848 1152921504606846976 576689451527307267 5222683379712 8389376
47 1 97 1 139 1 3221749760 1202461104802973696 1125951446466560 9223372036854775808 3459186727359348740 36283887923200 50332672 1074528256 2364389812959611904 2251816993587200 13835058055282163712 1153695562940284936 54975589781504 16779264 2147745792 3485786124469912576 3377734080315392 4611686018427387904 2306757806109229068 20890733518848 33557504
48 1 98 1 140 1 12886999040 4809844419211894784 4503805785866240 3145728 1688854155231250 145135551692800 201330688 4298113024 9457559251838447616 9007267974348800 1048576 3096233333751843 219902359126016 67117056 8590983168 13943144497879650304 13510936321261568 2097152 3659187582140465 83562934075392 134230016
49 1 99 1 141 1 51547996160 792633603138027520 18015223143464961 12582912 6755416620925000 580542206771200 805322752 17192452096 936748859934687232 36029071897395202 4194304 12384933335007372 879609436504064 268468224 34363932672 432345770389946368 54043745285046275 8388608 14636750328561860 334251736301568 536920064
50 1 100 1 142 1 206191984640 3170534412552110080 72060892573859844 50331648 27021666483700000 2322168827084800 3221291008 68769808384 3746995439738748928 144116287589580808 16777216 49539733340029488 3518437746016256 1073872896 137455730688 1729383081559785472 216174981140185100 33554432 58547001314247440 1337006945206272 2147680256
51 1 101 1 143 1 824767938560 12682137650208440320 288243570295439376 201326592 108086665934800000 9288675308339200 12885164032 275079233536 14987981758954995712 576465150358323232 67108864 198158933360117952 14073750984065024 4295491584 549822922752 6917532326239141888 864699924560740400 134217728 234188005256989760 5348027780825088 8590721024
52 1 102 1 144 1 3299071754241 13835058055368146944 1152974281181757506 805306368 432346663739200000 37154701233356800 51540656128 1100316934146 4611686018598305792 2305860601433292931 268435456 792635733440471808 56295003936260096 17181966336 2199291691011 9223372037107482624 3458799698242961601 536870912 936752021027959040 21392111123300352 34362884096
0 1 103 1 145 1 13196287016964 343932928 4611897124727030027 3221225472 1729386654956800000 148618804933427200 206162624512 4401267736584 683671552 9223442405733171725 1073741824 3170542933761887232 225180015745040384 68727865344 8797166764044 1010827264 13835198792971846406 2147483648 3747008084111836160 85568444493201408 137451536384
1 1 104 1 146 1 52785148067856 1375731712 844425198568492 12885950465 2305860601399812096 594475219733708800 824650498048 17605070946336 2734686208 281475513583668 4297064450 3458799698192773120 900720062980161536 274911461376 35188667056176 4043309056 562950758730776 8593080323 1152974281165180928 342273777972805632 549806145536
2 1 105 1 147 1 211140592271424 5502926848 3377700794273968 51545899012 13835128424026636288 2377900878934835200 67108864 70420283785344 10938744832 1125902054334672 17191403528 4611826755916316672 3602880251920646144 134217728 140754668224704 16173236224 2251803034923104 34373369868 9223583143088111616 1369095111891222528 201326592
3 1 53 1 148 1 844562369085696 22011707392 13510803177095872 206183596048 281474977890304 9511603515739340803 268435456 281681135141376 43754979328 4503608217338688 68765614112 562949955715072 14411521007682584577 536870912 563018672898816 64692944896 9007212139692416 137493479472 844424933343232 5476380447564890114 805306368
4 1 54 1 149 1 3378249476342784 88046829568 54043212708383488 824734384192 1125899911561216 1152925915538259980 1073741826 1126724540565504 175019917312 18014432869354752 275062456448 2251799822860288 2305851809601683460 2147483651 2252074691595264 258771779584 36028848558769664 549973917888 3377699733372928 3458777716550008840 3221225473
5 1 55 1 150 1 13512997905371136 352187318272 216172850833533952 3298937536768 4503599646244864 4611703662153039920 4294967304 4506898162262016 700079669248 72057731477419008 1100249825792 9007199291441152 9223407238406733840 8589934604 9008298766381056 1035087118336 144115394235078656 2199895671552 13510798933491712 13835110866200035360 12884901892
6 1 56 1 151 1 54051991621484544 1408749273088 864691403334135808 13195750147072 18014398584979456 70574902608064 17179869217 18027592649048064 2800318676992 288230925909676032 4400999303168 36028797165764608 140806207832128 34359738418 36033195065524224 4140348473344 576461576940314624 8799582686208 54043195733966848 211243671486592 51539607571
7 1 57 1 152 1 216207966485938177 1236950581248 3458765613336543232 52783000588288 72057594339917824 282299610432256 68719476868 72110370596192258 2405181685760 1152923703638704128 17603997212672 144115188663058432 563224831328512 137438953672 144132780262096899 3367254360064 2305846307761258496 35198330744832 216172782935867392 844974685946368 206158430284
8 1 58 1 153 1 864831865943752709 549755813888 13835062453346172928 211132002353152 288230377359671296 1129198441729024 274877907472 288441482384769034 824633720832 4611694814554816512 70415988850688 576460754652233728 2252899325314048 549755814688 576531121048387599 274877906944 9223385231045033984 140793322979328 864691131743469568 3379898743785472 824633721136
9 1 59 1 154 1 3459327463775010836 2199023255552 17592256036864 844528009412611 5764607527866073088 4516793766916096 2112 1153765929539076136 3298534883328 35184509714432 281663955402753 11529215055463710720 9011597301256192 3200 2306124484193550396 1099511627776 52776761032704 563173291917314 17293822582256041984 13519594975141888 1216
10 1 60 1 155 1 13837309855100043346 0 70369024147456 3378112038699020 19327352832 18067175067664385 8448 4615063718156304547 0 140738038857728 1126655823708164 37580963840 36046389205024770 12800 9224497936774201585 0 211107044130816 2252693170814984 52613349376 54078379900567555 4864
11 1 61 1 156 1 9007199271518536 4398046511107 281476096589824 13512448153747504 77309411328 72268700270657540 33792 13510798915666572 8796093022209 562952155430912 4506623292735504 150323855360 144185556820099080 51200 4503599677703108 13194139533314 844428176523264 9010772680114208 210453397504 216313519602270220 19456
12 1 62 1 157 1 36028797086074144 17592186044428 1125904386359296 54049792614990016 309237645312 289074801082630160 135168 54043195662666288 35184372088836 2251808621723648 18026493170942016 601295421440 576742227280396320 204800 18014398710812432 52776558133256 3377712706093056 36043090720456832 841813590016 865254078409080880 77824
13 1 63 1 158 1 144115188344296576 70368744177712 4503617545437184 216199170459960064 1236950581248 1156299204330520640 540672 216172782650665152 140737488355344 9007234486894592 72105972683768064 2405181685760 2306968909121585280 819200 72057594843249728 211106232533024 13510850824372224 144172362881827328 3367254360064 3461016313636323520 311296
14 1 64 1 106 1 576460753377186304 281474976710848 18014470181748736 864796681839840256 4947802324992 4625196817322082560 2162688 864691130602660608 562949953421376 36028937947578368 288423890735072256 9620726743040 9227875636486341120 3276800 288230379372998912 844424930132096 54043403297488896 576689451527309312 13469017440256 13844065254545294080 1245184
15 1 65 1 107 1 2305843013508745216 1125899906843392 72057880726994944 3459186727359361024 19791209299968 54043195578778624 8650753 3458764522410642432 2251799813685504 144115751790313472 1153695562940289024 38482906972160 18014398526261248 13107202 1152921517491995648 3377699720528384 216173613189955584 2306757806109237248 53876069761024 36028797052521472 4980739
16 1 66 1 108 1 9223372054034980864 4503599627373568 288231522907979776 13836746909437444096 79164837199872 216172782315114496 34603012 13835058089642569728 9007199254742016 576463007161253888 4614782251761156096 153931627888640 72057594105044992 52428808 4611686069967982592 13510798882113536 864694452759822336 9227031224436948992 215504279044096 144115188210085888 19922956
17 1 67 1 109 1 68720820224 18014398509494274 1152926091631919104 6755416621121536 316659348799491 864691129260457984 138412048 137441624064 36028797018968067 2305852028645015552 12384933335072768 615726511554561 288230376420179968 209715232 206162378752 54043195528454145 3458777811039289344 14636750328692736 862017116176386 576460752840343552 79691824
10 2 81 1 107 2 0 0 0 0 0 0 0 0 0 0 0 0 0 0 0 0 0 0 0 0 0
11 2 82 1 108 2 0 0 0 0 0 0 0 0 0 0 0 0 0 0 0 0 0 0 0 0 0
12 2 83 1 109 2 0 0 0 0 0 0 0 0 0 0 0 0 0 0 0 0 0 0 0 0 0
13 2 84 1 110 2 0 0 0 0 0 0 0 0 0 0 0 0 0 0 0 0 0 0 0 0 0
14 2 85 1 111 2 0 0 0 0 0 0 0 0 0 0 0 0 0 0 0 0 0 0 0 0 0
15 2 86 1 112 2 0 0 0 0 0 0 0 0 0 0 0 0 0 0 0 0 0 0 0 0 0
16 2 87 1 113 2 0 0 0 0 0 0 0 0 0 0 0 0 0 0 0 0 0 0 0 0 0
17 2 88 1 114 2 0 0 0 0 0 0 0 0 0 0 0 0 0 0 0 0 0 0 0 0 0
18 2 89 1 115 2 0 0 0 0 0 0 0 0 0 0 0 0 0 0 0 0 0 0 0 0 0
19 2 90 1 116 2 0 0 0 0 0 0 0 0 0 0 0 0 0 0 0 0 0 0 0 0 0
20 2 91 1 117 2 0 0 0 0 0 0 0 0 0 0 0 0 0 0 0 0 0 0 0 0 0
21 2 92 1 118 2 0 0 0 0 0 0 0 0 0 0 0 0 0 0 0 0 0 0 0 0 0
22 2 93 1 119 2 0 0 0 0 0 0 0 0 0 0 0 0 0 0 0 0 0 0 0 0 0
23 2 94 1 120 2 0 0 0 0 0 0 0 0 0 0 0 0 0 0 0 0 0 0 0 0 0
24 2 95 1 121 2 0 0 0 0 0 0 0 0 0 0 0 0 0 0 0 0 0 0 0 0 0
25 2 96 1 122 2 0 0 0 0 0 0 0 0 0 0 0 0 0 0 0 0 0 0 0 0 0
26 2 97 1 123 2 0 0 0 0 0 0 0 0 0 0 0 0 0 0 0 0 0 0 0 0 0
27 2 98 1 124 2 0 0 0 0 0 0 0 0 0 0 0 0 0 0 0 0 0 0 0 0 0
28 2 99 1 125 2 0 0 0 0 0 0 0 0 0 0 0 0 0 0 0 0 0 0 0 0 0
29 2 100 1 126 2 0 0 0 0 0 0 0 0 0 0 0 0 0 0 0 0 0 0 0 0 0
30 2 101 1 127 2 0 0 0 0 0 0 0 0 0 0 0 0 0 0 0 0 0 0 0 0 0
31 2 102 1 128 2 0 0 0 0 0 0 0 0 0 0 0 0 0 0 0 0 0 0 0 0 0
32 2 103 1 129 2 0 0 0 0 0 0 0 0 0 0 0 0 0 0 0 0 0 0 0 0 0
33 2 104 1 130 2 0 0 0 0 0 0 0 0 0 0 0 0 0 0 0 0 0 0 0 0 0
34 2 105 1 131 2 0 0 0 0 0 0 0 0 0 0 0 0 0 0 0 0 0 0 0 0 0
35 2 53 1 132 2 0 0 0 0 0 0 0 0 0 0 0 0 0 0 0 0 0 0 0 0 0
36 2 54 1 133 2 0 0 0 0 0 0 0 0 0 0 0 0 0 0 0 0 0 0 0 0 0
37 2 55 1 134 2 0 0 0 0 0 0 0 0 0 0 0 0 0 0 0 0 0 0 0 0 0
38 2 56 1 135 2 0 0 0 0 0 0 0 0 0 0 0 0 0 0 0 0 0 0 0 0 0
39 2 57 1 136 2 0 0 0 0 0 0 0 0 0 0 0 0 0 0 0 0 0 0 0 0 0
40 2 58 1 137 2 0 0 0 0 0 0 0 0 0 0 0 0 0 0 0 0 0 0 0 0 0
41 2 59 1 138 2 0 0 0 0 0 0 0 0 0 0 0 0 0 0 0 0 0 0 0 0 0
42 2 60 1 139 2 0 0 0 0 0 0 0 0 0 0 0 0 0 0 0 0 0 0 0 0 0
43 2 61 1 140 2 0 0 0 0 0 0 0 0 0 0 0 0 0 0 0 0 0 0 0 0 0
44 2 62 1 141 2 0 0 0 0 0 0 0 0 0 0 0 0 0 0 0 0 0 0 0 0 0
45 2 63 1 142 2 0 0 0 0 0 0 0 0 0 0 0 0 0 0 0 0 0 0 0 0 0
46 2 64 1 143 2 0 0 0 0 0 0 0 0 0 0 0 0 0 0 0 0 0 0 0 0 0
47 2 65 1 144 2 0 0 0 0 0 0 0 0 0 0 0 0 0 0 0 0 0 0 0 0 0
48 2 66 1 145 2 0 0 0 0 0 0 0 0 0 0 0 0 0 0 0 0 0 0 0 0 0
49 2 67 1 146 2 0 0 0 0 0 0 0 0 0 0 0 0 0 0 0 0 0 0 0 0 0
50 2 68 1 147 2 0 0 0 0 0 0 0 0 0 0 0 0 0 0 0 0 0 0 0 0 0
51 2 69 1 148 2 0 0 0 0 0 0 0 0 0 0 0 0 0 0 0 0 0 0 0 0 0
52 2 70 1 149 2 0 0 0 0 0 0 0 0 0 0 0 0 0 0 0 0 0 0 0 0 0
0 2 71 1 150 2 0 0 0 0 0 0 0 0 0 0 0 0 0 0 0 0 0 0 0 0 0
1 2 72 1 151 2 0 0 0 0 0 0 0 0 0 0 0 0 0 0 0 0 0 0 0 0 0
2 2 73 1 152 2 0 0 0 0 0 0 0 0 0 0 0 0 0 0 0 0 0 0 0 0 0
3 2 74 1 153 2 0 0 0 0 0 0 0 0 0 0 0 0 0 0 0 0 0 0 0 0 0
4 2 75 1 154 2 0 0 0 0 0 0 0 0 0 0 0 0 0 0 0 0 0 0 0 0 0
5 2 76 1 155 2 0 0 0 0 0 0 0 0 0 0 0 0 0 0 0 0 0 0 0 0 0
6 2 77 1 156 2 0 0 0 0 0 0 0 0 0 0 0 0 0 0 0 0 0 0 0 0 0
7 2 78 1 157 2 0 0 0 0 0 0 0 0 0 0 0 0 0 0 0 0 0 0 0 0 0
8 2 79 1 158 2 0 0 0 0 0 0 0 0 0 0 0 0 0 0 0 0 0 0 0 0 0
9 2 80 1 106 2 0 0 0 0 0 0 0 0 0 0 0 0 0 0 0 0 0 0 0 0 0
14 1 86 2 146 1 0 0 0 4503599627370496 0 0 0 0 0 0 9007199254740992 0 0 0 0 0 0 13510798882111488 0 0 0
15 1 87 2 147 1 0 0 0 18014398509481984 0 0 0 0 0 0 36028797018963968 0 0 0 0 0 0 54043195528445952 0 0 0
16 1 88 2 148 1 0 0 0 72057594037927936 0 0 0 0 0 0 144115188075855872 0 0 0 0 0 0 216172782113783808 0 0 0
17 1 89 2 149 1 0 0 0 288230376151711744 0 0 0 0 0 0 576460752303423488 0 0 0 0 0 0 864691128455135232 0 0 0
18 1 90 2 150 1 0 0 0 1152921504606846976 0 0 0 0 0 0 2305843009213693952 0 0 0 0 0 0 3458764513820540928 0 0 0
19 1 91 2 151 1 0 0 0 4611686018427387904 0 0 0 0 0 0 9223372036854775808 0 0 0 0 0 0 13835058055282163712 0 0 0
20 1 92 2 152 1 0 0 0 0 1 0 0 0 0 0 0 2 0 0 0 0 0 0 3 0 0
21 1 93 2 153 1 0 0 0 0 4 0 0 0 0 0 0 8 0 0 0 0 0 0 12 0 0
22 1 94 2 154 1 0 0 0 0 16 0 0 0 0 0 0 32 0 0 0 0 0 0 48 0 0
23 1 95 2 155 1 0 0 0 0 64 0 0 0 0 0 0 128 0 0 0 0 0 0 192 0 0
24 1 96 2 156 1 0 0 0 0 256 0 0 0 0 0 0 512 0 0 0 0 0 0 768 0 0
25 1 97 2 157 1 0 0 0 0 1024 0 0 0 0 0 0 2048 0 0 0 0 0 0 3072 0 0
26 1 98 2 158 1 0 0 0 0 4096 0 0 0 0 0 0 8192 0 0 0 0 0 0 12288 0 0
27 1 99 2 106 1 0 0 0 0 16384 0 0 0 0 0 0 32768 0 0 0 0 0 0 49152 0 0
28 1 100 2 107 1 0 0 0 0 65536 0 0 0 0 0 0 131072 0 0 0 0 0 0 196608 0 0
29 1 101 2 108 1 0 0 0 0 262144 0 0 0 0 0 0 524288 0 0 0 0 0 0 786432 0 0
30 1 102 2 109 1 0 0 0 0 1048576 0 0 0 0 0 0 2097152 0 0 0 0 0 0 3145728 0 0
31 1 103 2 110 1 0 0 0 0 4194304 0 0 0 0 0 0 8388608 0 0 0 0 0 0 12582912 0 0
32 1 104 2 111 1 0 0 0 0 16777216 0 0 0 0 0 0 33554432 0 0 0 0 0 0 50331648 0 0
33 1 105 2 112 1 0 0 0 0 67108864 0 0 0 0 0 0 134217728 0 0 0 0 0 0 201326592 0 0
34 1 53 2 113 1 0 0 0 0 268435456 0 0 0 0 0 0 536870912 0 0 0 0 0 0 805306368 0 0
35 1 54 2 114 1 0 0 0 0 1073741824 0 0 0 0 0 0 2147483648 0 0 0 0 0 0 3221225472 0 0
36 1 55 2 115 1 0 0 0 0 4294967296 0 0 0 0 0 0 8589934592 0 0 0 0 0 0 12884901888 0 0
37 1 56 2 116 1 0 0 0 0 17179869184 0 0 0 0 0 0 34359738368 0 0 0 0 0 0 51539607552 0 0
38 1 57 2 117 1 0 0 0 0 68719476736 0 0 0 0 0 0 137438953472 0 0 0 0 0 0 206158430208 0 0
39 1 58 2 118 1 0 0 0 0 274877906944 0 0 0 0 0 0 549755813888 0 0 0 0 0 0 824633720832 0 0
40 1 59 2 119 1 0 0 0 0 1099511627776 0 0 0 0 0 0 2199023255552 0 0 0 0 0 0 3298534883328 0 0
41 1 60 2 120 1 0 0 0 0 4398046511104 0 0 0 0 0 0 8796093022208 0 0 0 0 0 0 13194139533312 0 0
42 1 61 2 121 1 0 0 0 0 17592186044416 0 0 0 0 0 0 35184372088832 0 0 0 0 0 0 52776558133248 0 0
43 1 62 2 122 1 0 0 0 0 70368744177664 0 0 0 0 0 0 140737488355328 0 0 0 0 0 0 211106232532992 0 0
44 1 63 2 123 1 0 0 0 0 281474976710656 0 0 0 0 0 0 562949953421312 0 0 0 0 0 0 844424930131968 0 0
45 1 64 2 124 1 0 0 0 0 1125899906842624 0 0 0 0 0 0 2251799813685248 0 0 0 0 0 0 3377699720527872 0 0
46 1 65 2 125 1 0 0 0 0 4503599627370496 0 0 0 0 0 0 9007199254740992 0 0 0 0 0 0 13510798882111488 0 0
47 1 66 2 126 1 0 0 0 0 18014398509481984 0 0 0 0 0 0 36028797018963968 0 0 0 0 0 0 54043195528445952 0 0
48 1 67 2 127 1 0 0 0 0 72057594037927936 0 0 0 0 0 0 144115188075855872 0 0 0 0 0 0 216172782113783808 0 0
49 1 68 2 128 1 0 0 0 0 288230376151711744 0 0 0 0 0 0 576460752303423488 0 0 0 0 0 0 864691128455135232 0 0
50 1 69 2 129 1 0 0 0 0 1152921504606846976 0 0 0 0 0 0 2305843009213693952 0 0 0 0 0 0 3458764513820540928 0 0
51 1 70 2 130 1 0 0 0 1048576 0 0 0 0 0 0 2097152 0 0 0 0 0 0 3145728 0 0 0
52 1 71 2 131 1 0 0 0 4194304 0 0 0 0 0 0 8388608 0 0 0 0 0 0 12582912 0 0 0
0 1 72 2 132 1 0 0 0 16777216 0 0 0 0 0 0 33554432 0 0 0 0 0 0 50331648 0 0 0
1 1 73 2 133 1 0 0 0 67108864 0 0 0 0 0 0 134217728 0 0 0 0 0 0 201326592 0 0 0
2 1 74 2 134 1 0 0 0 268435456 0 0 0 0 0 0 536870912 0 0 0 0 0 0 805306368 0 0 0
3 1 75 2 135 1 0 0 0 1073741824 0 0 0 0 0 0 2147483648 0 0 0 0 0 0 3221225472 0 0 0
4 1 76 2 136 1 0 0 0 4294967296 0 0 0 0 0 0 8589934592 0 0 0 0 0 0 12884901888 0 0 0
5 1 77 2 137 1 0 0 0 17179869184 0 0 0 0 0 0 34359738368 0 0 0 0 0 0 51539607552 0 0 0
6 1 78 2 138 1 0 0 0 68719476736 0 0 0 0 0 0 137438953472 0 0 0 0 0 0 206158430208 0 0 0
7 1 79 2 139 1 0 0 0 274877906944 0 0 0 0 0 0 549755813888 0 0 0 0 0 0 824633720832 0 0 0
8 1 80 2 140 1 0 0 0 1099511627776 0 0 0 0 0 0 2199023255552 0 0 0 0 0 0 3298534883328 0 0 0
9 1 81 2 141 1 0 0 0 4398046511104 0 0 0 0 0 0 8796093022208 0 0 0 0 0 0 13194139533312 0 0 0
10 1 82 2 142 1 0 0 0 17592186044416 0 0 0 0 0 0 35184372088832 0 0 0 0 0 0 52776558133248 0 0 0
11 1 83 2 143 1 0 0 0 70368744177664 0 0 0 0 0 0 140737488355328 0 0 0 0 0 0 211106232532992 0 0 0
12 1 84 2 144 1 0 0 0 281474976710656 0 0 0 0 0 0 562949953421312 0 0 0 0 0 0 844424930131968 0 0 0
13 1 85 2 145 1 0 0 0 1125899906842624 0 0 0 0 0 0 2251799813685248 0 0 0 0 0 0 3377699720527872 0 0 0
27 3 101 1 157 1 0 0 0 0 0 1073741824 0 0 0 0 0 0 2147483648 0 0 0 0 0 0 3221225472 0
28 3 102 1 158 1 0 0 0 0 0 4294967296 0 0 0 0 0 0 8589934592 0 0 0 0 0 0 12884901888 0
29 3 103 1 106 1 0 0 0 0 0 17179869184 0 0 0 0 0 0 34359738368 0 0 0 0 0 0 51539607552 0
30 3 104 1 107 1 0 0 0 0 0 68719476736 0 0 0 0 0 0 137438953472 0 0 0 0 0 0 206158430208 0
31 3 105 1 108 1 0 0 0 0 0 274877906944 0 0 0 0 0 0 549755813888 0 0 0 0 0 0 824633720832 0
32 3 53 1 109 1 0 0 0 0 0 1099511627776 0 0 0 0 0 0 2199023255552 0 0 0 0 0 0 3298534883328 0
33 3 54 1 110 1 0 0 0 0 0 4398046511104 0 0 0 0 0 0 8796093022208 0 0 0 0 0 0 13194139533312 0
34 3 55 1 111 1 0 0 0 0 0 17592186044416 0 0 0 0 0 0 35184372088832 0 0 0 0 0 0 52776558133248 0
35 3 56 1 112 1 0 0 0 0 0 70368744177664 0 0 0 0 0 0 140737488355328 0 0 0 0 0 0 211106232532992 0
36 3 57 1 113 1 0 0 0 0 0 281474976710656 0 0 0 0 0 0 562949953421312 0 0 0 0 0 0 844424930131968 0
37 3 58 1 114 1 0 0 0 0 0 1125899906842624 0 0 0 0 0 0 2251799813685248 0 0 0 0 0 0 3377699720527872 0
38 3 59 1 115 1 0 0 0 0 0 4503599627370496 0 0 0 0 0 0 9007199254740992 0 0 0 0 0 0 13510798882111488 0
39 3 60 1 116 1 0 0 0 0 0 18014398509481984 0 0 0 0 0 0 36028797018963968 0 0 0 0 0 0 54043195528445952 0
40 3 61 1 117 1 0 0 0 0 0 72057594037927936 0 0 0 0 0 0 144115188075855872 0 0 0 0 0 0 216172782113783808 0
41 3 62 1 118 1 0 0 0 0 0 288230376151711744 0 0 0 0 0 0 576460752303423488 0 0 0 0 0 0 864691128455135232 0
42 3 63 1 119 1 0 0 0 0 0 1152921504606846976 0 0 0 0 0 0 2305843009213693952 0 0 0 0 0 0 3458764513820540928 0
43 3 64 1 120 1 0 0 0 0 0 4611686018427387904 0 0 0 0 0 0 9223372036854775808 0 0 0 0 0 0 13835058055282163712 0
44 3 65 1 121 1 0 0 0 0 0 0 1 0 0 0 0 0 0 2 0 0 0 0 0 0 3
45 3 66 1 122 1 0 0 0 0 0 0 4 0 0 0 0 0 0 8 0 0 0 0 0 0 12
46 3 67 1 123 1 0 0 0 0 0 0 16 0 0 0 0 0 0 32 0 0 0 0 0 0 48
47 3 68 1 124 1 0 0 0 0 0 0 64 0 0 0 0 0 0 128 0 0 0 0 0 0 192
48 3 69 1 125 1 0 0 0 0 0 0 256 0 0 0 0 0 0 512 0 0 0 0 0 0 768
49 3 70 1 126 1 0 0 0 0 0 0 1024 0 0 0 0 0 0 2048 0 0 0 0 0 0 3072
50 3 71 1 127 1 0 0 0 0 0 0 4096 0 0 0 0 0 0 8192 0 0 0 0 0 0 12288
51 3 72 1 128 1 0 0 0 0 0 0 16384 0 0 0 0 0 0 32768 0 0 0 0 0 0 49152
52 3 73 1 129 1 0 0 0 0 0 0 65536 0 0 0 0 0 0 131072 0 0 0 0 0 0 196608
0 3 74 1 130 1 0 0 0 0 0 0 262144 0 0 0 0 0 0 524288 0 0 0 0 0 0 786432
1 3 75 1 131 1 0 0 0 0 0 0 1048576 0 0 0 0 0 0 2097152 0 0 0 0 0 0 3145728
2 3 76 1 132 1 0 0 0 0 0 0 4194304 0 0 0 0 0 0 8388608 0 0 0 0 0 0 12582912
3 3 77 1 133 1 0 0 0 0 0 0 16777216 0 0 0 0 0 0 33554432 0 0 0 0 0 0 50331648
4 3 78 1 134 1 0 0 0 0 0 0 67108864 0 0 0 0 0 0 134217728 0 0 0 0 0 0 201326592
5 3 79 1 135 1 0 0 0 0 0 0 268435456 0 0 0 0 0 0 536870912 0 0 0 0 0 0 805306368
6 3 80 1 136 1 0 0 0 0 0 0 1073741824 0 0 0 0 0 0 2147483648 0 0 0 0 0 0 3221225472
7 3 81 1 137 1 0 0 0 0 0 0 4294967296 0 0 0 0 0 0 8589934592 0 0 0 0 0 0 12884901888
8 3 82 1 138 1 0 0 0 0 0 0 17179869184 0 0 0 0 0 0 34359738368 0 0 0 0 0 0 51539607552
9 3 83 1 139 1 0 0 0 0 0 0 68719476736 0 0 0 0 0 0 137438953472 0 0 0 0 0 0 206158430208
10 3 84 1 140 1 0 0 0 0 0 0 274877906944 0 0 0 0 0 0 549755813888 0 0 0 0 0 0 824633720832
11 3 85 1 141 1 0 0 0 0 4611686018427387904 0 0 0 0 0 0 9223372036854775808 0 0 0 0 0 0 13835058055282163712 0 0
12 3 86 1 142 1 0 0 0 0 0 1 0 0 0 0 0 0 2 0 0 0 0 0 0 3 0
13 3 87 1 143 1 0 0 0 0 0 4 0 0 0 0 0 0 8 0 0 0 0 0 0 12 0
14 3 88 1 144 1 0 0 0 0 0 16 0 0 0 0 0 0 32 0 0 0 0 0 0 48 0
15 3 89 1 145 1 0 0 0 0 0 64 0 0 0 0 0 0 128 0 0 0 0 0 0 192 0
16 3 90 1 146 1 0 0 0 0 0 256 0 0 0 0 0 0 512 0 0 0 0 0 0 768 0
17 3 91 1 147 1 0 0 0 0 0 1024 0 0 0 0 0 0 2048 0 0 0 0 0 0 3072 0
18 3 92 1 148 1 0 0 0 0 0 4096 0 0 0 0 0 0 8192 0 0 0 0 0 0 12288 0
19 3 93 1 149 1 0 0 0 0 0 16384 0 0 0 0 0 0 32768 0 0 0 0 0 0 49152 0
20 3 94 1 150 1 0 0 0 0 0 65536 0 0 0 0 0 0 131072 0 0 0 0 0 0 196608 0
21 3 95 1 151 1 0 0 0 0 0 262144 0 0 0 0 0 0 524288 0 0 0 0 0 0 786432 0
22 3 96 1 152 1 0 0 0 0 0 1048576 0 0 0 0 0 0 2097152 0 0 0 0 0 0 3145728 0
23 3 97 1 153 1 0 0 0 0 0 4194304 0 0 0 0 0 0 8388608 0 0 0 0 0 0 12582912 0
24 3 98 1 154 1 0 0 0 0 0 16777216 0 0 0 0 0 0 33554432 0 0 0 0 0 0 50331648 0
25 3 99 1 155 1 0 0 0 0 0 67108864 0 0 0 0 0 0 134217728 0 0 0 0 0 0 201326592 0
26 3 100 1 156 1 0 0 0 0 0 268435456 0 0 0 0 0 0 536870912 0 0 0 0 0 0 805306368 0
