530 159 7 53
29 1 78 2 158 2 0 0 0 0 0 0 0 0 0 0 0 0 0 0 0 0 0 0 0 0 0
30 1 79 2 106 2 0 0 0 0 0 0 0 0 0 0 0 0 0 0 0 0 0 0 0 0 0
31 1 80 2 107 2 0 0 0 0 0 0 0 0 0 0 0 0 0 0 0 0 0 0 0 0 0
32 1 81 2 108 2 0 0 0 0 0 0 0 0 0 0 0 0 0 0 0 0 0 0 0 0 0
33 1 82 2 109 2 0 0 0 0 0 0 0 0 0 0 0 0 0 0 0 0 0 0 0 0 0
34 1 83 2 110 2 0 0 0 0 0 0 0 0 0 0 0 0 0 0 0 0 0 0 0 0 0
35 1 84 2 111 2 0 0 0 0 0 0 0 0 0 0 0 0 0 0 0 0 0 0 0 0 0
36 1 85 2 112 2 0 0 0 0 0 0 0 0 0 0 0 0 0 0 0 0 0 0 0 0 0
37 1 86 2 113 2 0 0 0 0 0 0 0 0 0 0 0 0 0 0 0 0 0 0 0 0 0
38 1 87 2 114 2 0 0 0 0 0 0 0 0 0 0 0 0 0 0 0 0 0 0 0 0 0
39 1 88 2 115 2 0 0 0 0 0 0 0 0 0 0 0 0 0 0 0 0 0 0 0 0 0
40 1 89 2 116 2 0 0 0 0 0 0 0 0 0 0 0 0 0 0 0 0 0 0 0 0 0
41 1 90 2 117 2 0 0 0 0 0 0 0 0 0 0 0 0 0 0 0 0 0 0 0 0 0
42 1 91 2 118 2 0 0 0 0 0 0 0 0 0 0 0 0 0 0 0 0 0 0 0 0 0
43 1 92 2 119 2 0 0 0 0 0 0 0 0 0 0 0 0 0 0 0 0 0 0 0 0 0
44 1 93 2 120 2 0 0 0 0 0 0 0 0 0 0 0 0 0 0 0 0 0 0 0 0 0
45 1 94 2 121 2 0 0 0 0 0 0 0 0 0 0 0 0 0 0 0 0 0 0 0 0 0
46 1 95 2 122 2 0 0 0 0 0 0 0 0 0 0 0 0 0 0 0 0 0 0 0 0 0
47 1 96 2 123 2 0 0 0 0 0 0 0 0 0 0 0 0 0 0 0 0 0 0 0 0 0
48 1 97 2 124 2 0 0 0 0 0 0 0 0 0 0 0 0 0 0 0 0 0 0 0 0 0
49 1 98 2 125 2 0 0 0 0 0 0 0 0 0 0 0 0 0 0 0 0 0 0 0 0 0
50 1 99 2 126 2 0 0 0 0 0 0 0 0 0 0 0 0 0 0 0 0 0 0 0 0 0
51 1 100 2 127 2 0 0 0 0 0 0 0 0 0 0 0 0 0 0 0 0 0 0 0 0 0
52 1 101 2 128 2 0 0 0 0 0 0 0 0 0 0 0 0 0 0 0 0 0 0 0 0 0
0 1 102 2 129 2 0 0 0 0 0 0 0 0 0 0 0 0 0 0 0 0 0 0 0 0 0
1 1 103 2 130 2 0 0 0 0 0 0 0 0 0 0 0 0 0 0 0 0 0 0 0 0 0
2 1 104 2 131 2 0 0 0 0 0 0 0 0 0 0 0 0 0 0 0 0 0 0 0 0 0
3 1 105 2 132 2 0 0 0 0 0 0 0 0 0 0 0 0 0 0 0 0 0 0 0 0 0
4 1 53 2 133 2 0 0 0 0 0 0 0 0 0 0 0 0 0 0 0 0 0 0 0 0 0
5 1 54 2 134 2 0 0 0 0 0 0 0 0 0 0 0 0 0 0 0 0 0 0 0 0 0
6 1 55 2 135 2 0 0 0 0 0 0 0 0 0 0 0 0 0 0 0 0 0 0 0 0 0
7 1 56 2 136 2 0 0 0 0 0 0 0 0 0 0 0 0 0 0 0 0 0 0 0 0 0
8 1 57 2 137 2 0 0 0 0 0 0 0 0 0 0 0 0 0 0 0 0 0 0 0 0 0
9 1 58 2 138 2 0 0 0 0 0 0 0 0 0 0 0 0 0 0 0 0 0 0 0 0 0
10 1 59 2 139 2 0 0 0 0 0 0 0 0 0 0 0 0 0 0 0 0 0 0 0 0 0
11 1 60 2 140 2 0 0 0 0 0 0 0 0 0 0 0 0 0 0 0 0 0 0 0 0 0
12 1 61 2 141 2 0 0 0 0 0 0 0 0 0 0 0 0 0 0 0 0 0 0 0 0 0
13 1 62 2 142 2 0 0 0 0 0 0 0 0 0 0 0 0 0 0 0 0 0 0 0 0 0
14 1 63 2 143 2 0 0 0 0 0 0 0 0 0 0 0 0 0 0 0 0 0 0 0 0 0
15 1 64 2 144 2 0 0 0 0 0 0 0 0 0 0 0 0 0 0 0 0 0 0 0 0 0
16 1 65 2 145 2 0 0 0 0 0 0 0 0 0 0 0 0 0 0 0 0 0 0 0 0 0
17 1 66 2 146 2 0 0 0 0 0 0 0 0 0 0 0 0 0 0 0 0 0 0 0 0 0
18 1 67 2 147 2 0 0 0 0 0 0 0 0 0 0 0 0 0 0 0 0 0 0 0 0 0
19 1 68 2 148 2 0 0 0 0 0 0 0 0 0 0 0 0 0 0 0 0 0 0 0 0 0
20 1 69 2 149 2 0 0 0 0 0 0 0 0 0 0 0 0 0 0 0 0 0 0 0 0 0
21 1 70 2 150 2 0 0 0 0 0 0 0 0 0 0 0 0 0 0 0 0 0 0 0 0 0
22 1 71 2 151 2 0 0 0 0 0 0 0 0 0 0 0 0 0 0 0 0 0 0 0 0 0
23 1 72 2 152 2 0 0 0 0 0 0 0 0 0 0 0 0 0 0 0 0 0 0 0 0 0
24 1 73 2 153 2 0 0 0 0 0 0 0 0 0 0 0 0 0 0 0 0 0 0 0 0 0
25 1 74 2 154 2 0 0 0 0 0 0 0 0 0 0 0 0 0 0 0 0 0 0 0 0 0
26 1 75 2 155 2 0 0 0 0 0 0 0 0 0 0 0 0 0 0 0 0 0 0 0 0 0
27 1 76 2 156 2 0 0 0 0 0 0 0 0 0 0 0 0 0 0 0 0 0 0 0 0 0
28 1 77 2 157 2 0 0 0 0 0 0 0 0 0 0 0 0 0 0 0 0 0 0 0 0 0
9 1 99 2 153 2 153932701638660 4611830054450626560 888406468984832 864691162814873600 504405361583718400 76561193665298560 8589937696 215506426540040 9223584242598936576 347447821860864 288230427691319296 648521653466169344 153122387330597056 12884902960 79168058429452 13835130623049596928 584943407202304 576460769483292672 1008807428927520768 229683580995895360 4294969360
10 1 100 2 154 2 615730806554643 562949953421312 3553625875939329 3458764651259494400 2017621446334873600 306244774661194240 34359750784 862025706160161 844424930131968 1389791287443458 1152921710765277184 2594086613864677376 612489549322388224 51539611840 316672233717810 281474976710656 2339773628809219 2305843077933170688 4035229715710083072 918734323983581440 17179877440
11 1 101 2 155 2 2462923226218572 2251799813685248 14214503503757316 13835058605039026176 3458799766912106496 1224979098644776960 137439003136 3448102824640644 3377699720527872 5559165149773832 4611686843063205888 1152974418603933696 2449958197289552896 206158447360 1266688934871240 1125899906842624 9359094515236876 9223372311735828480 2305860807558168576 3674937295934325760 68719509760
12 1 102 2 156 2 9851692904874288 9007199254740992 56858014015029264 2199030595584 141012366262275 4899916394579107840 549756012544 13792411298562576 13510798882111488 22236660599095328 3298544320512 211655988346881 9799832789158211584 824633789440 5066755739484960 4503599627370496 37436378060947504 1099526307840 71193377898498 14699749183737303040 274878039040
13 1 103 2 157 2 39406771619497152 36028797018963968 227432056060117056 8796122382336 9223936086319824908 1152921504606879744 794625 55169645194250304 54043195528445952 88946642396381312 13194177282048 13835904679235551236 2305843009213743104 274434 20267022957939840 18014398509481984 149745512243790016 4398105231360 4611970791938981896 3458764513820557312 528387
14 1 104 2 158 2 157627086477988608 144115188075855872 909728224240468224 35184489529344 2256197860196400 4611686018427518978 3178500 220678580777001216 216172782113783808 355786569585525248 52776709128192 3386495813550096 9223372036854972419 1097736 81068091831759360 72057594037927936 598982048975160064 17592420925440 1139094046375968 13835058055282229249 2113548
15 1 105 2 106 2 630508345911954432 576460752303423488 3638912896961872896 140737958117376 9024791440785600 524296 12714001 882714323108004864 864691128455135232 1423146278342100992 211106836512768 13545983254200384 786444 4390946 324272367327037440 288230376151711744 2395928195900640256 70369683701760 4556376185503872 262148 8454195
16 1 53 2 107 2 2522033383647817728 2305843009213693952 14555651587847491584 562951832469504 36099165763142400 2097184 50856004 3530857292432019456 3458764513820540928 5692585113368403968 844427346051072 54183933016801536 3145776 17563784 1297089469308149760 1152921504606846976 9583712783602561024 281478734807040 18225504742015488 1048592 33816780
17 1 54 2 108 2 10088133534591270912 9223372036854775808 2882374130261311488 2251807329878019 144396663052569600 8388736 203424016 14123429169728077824 13835058055282163712 4323596379764064256 3377709384204289 216735732067206144 12583104 70255136 5188357877232599040 4611686018427387904 1441362986991140864 1125914939228162 72902018968061952 4194368 135267120
18 1 55 2 109 2 3459045990945980416 2 11529496521045245954 9007229319512076 577586652210278400 33554944 813696064 1153484457783656448 3 17294385519056257027 13510837536817156 866942928268824576 50332416 281020544 2306687435220844544 1 5765451947964563457 4503659756912648 291608075872247808 16777472 541068480
19 1 56 2 110 2 13836183963783921664 8 9224497936761880584 36028917278048306 2310346608841113600 134219776 3254784256 4613937831134625792 12 13837309855096373260 54043350147268627 3467771713075298304 201329664 1124082176 9226749740883378176 4 4615063718148702212 18014639027650593 1166432303488991232 67109888 2164273920
20 1 57 2 111 2 4503634007031808 35 4503599628419104 144115669114290378 18014398509678592 536879104 13019137024 9007250828951552 49 9007199256838192 216173400592220239 36028797019029504 805318656 4496328704 13510816114409472 18 13510798885257232 72058556111650949 54043195528577024 268439552 8657095680
21 1 58 2 112 2 18014536028127232 140 18014398513676416 576462676457161512 72057594038714368 2147516416 52076548096 36029003315806208 196 36028797027352768 864693602368880956 144115188076118016 3221274624 17985314816 54043264457637888 72 54043195541028928 288234224446603796 216172782114308096 1073758208 34628382720
22 1 59 2 113 2 72058144112508928 560 72057594054705664 2305850705828646048 288230376154857472 8590065664 208306192384 144116013263224832 784 144115188109411072 3458774409475523824 576460752304472064 12885098496 71941259264 216173057830551552 288 216172782164115712 1152936897786415184 864691128457232384 4295032832 138513530880
23 1 60 2 114 2 288232576450035712 2240 288230376218822656 9223402823314584192 1152921504619429888 34360262656 833224769536 576464053052899328 3136 576460752437644288 13835097637902095296 2305843009217888256 51540393984 287765037056 864692231322206208 1152 864691128656462848 4611747591145660736 3458764513828929536 17180131328 554054123520
24 1 61 2 115 2 1152930305800142848 8960 1152921504875290624 123145840282112 13835058055332495362 137441050624 34364194816 2305856212211597312 12544 2305843009750577152 158330481823488 4611686018444165123 206161575936 51548520448 3458768925288824832 4608 3458764514625851392 246290876237056 9223372036888330241 68720525312 17193238528
25 1 62 2 116 2 4611721223200571392 35840 4611686019501162496 492583361128448 201326600 549764202499 137456779264 9223424848846389248 50176 9223372039002308608 633321927293952 67108876 824646303745 206194081792 13835075701155299328 18432 13835058058503405568 985163504948224 134217732 274882101250 68772954112
26 1 63 2 117 2 140819092733952 143361 4295098368 1970333444513793 805306400 2199056809996 549827117056 211247966453760 200706 8590131200 2533287709175810 268435504 3298585214980 824776327168 70583492542464 73731 12884967424 3940654019792899 536870928 1099528405000 275091816448
27 1 64 2 118 2 563276370935808 13194140106756 17180393472 7881333774909444 9223372040076001408 8796227239984 285212672 844991865815040 4398047313928 34360524800 10133150835654664 13835058056355905728 13194340859920 570425344 282333970169856 8796093317132 51539869696 15762616077074444 4611686020574871616 4398113620000 855638016
28 1 65 2 119 2 2253105483743232 52776560427024 68721573888 31525335099637776 12884902400 35184908959938 1140850688 3379967463260160 17592189255712 137442099200 40532603342618656 4294968064 52777363439683 2281701376 1129335880679424 35184373268528 206159478784 63050464308297776 8589934848 17592454480001 3422552064
29 1 66 2 120 2 9012421934972928 219902334730304 274886295552 126101340396453952 51539609600 140739635839752 4563402752 13519869853040640 83562896556160 549768396800 162130413367328896 17179872256 211109453758732 9126805504 4517343522717696 145135539585216 824637915136 252201857232142528 34359739392 70369817920004 13690208256
30 1 67 2 121 2 36049687739891712 888405431943424 1099545182208 504405361583718656 206158438400 562958543359008 18253611008 54079479412162560 347445725757952 2199073587200 648521653466169856 68719489024 844437815034928 36507222016 18069374090870784 584940204851968 3298551660544 1008807428927521536 137438957568 281479271680016 54760833024
31 1 68 2 122 2 144198750959566848 3553621727773696 4398180728832 2017621446334874624 824633753600 2251834173436032 73014444032 216317917648650240 1389782903031808 8796294348800 2594086613864679424 274877956096 3377751260139712 146028888064 72277496363483136 2339760819407872 13194206642176 4035229715710086144 549755830272 1125917086720064 219043332096
32 1 69 2 123 2 576795003838267392 14214486911094784 17592722915328 8070485785339498496 3298535014400 9007336693744128 292057776128 865271670594600960 5559131612127232 35185177395200 10376346455458717696 1099511824384 13511005040558848 584115552256 289109985453932544 9359043277631488 52776826568704 16140918862840344576 2199023321088 4503668346880256 876173328384
33 1 70 2 124 2 2307180015353069568 56857947644379136 70370891661312 13835199067648442368 4611699212567445505 36029346774976512 68719476736 3461086682378403840 22236526448508928 140740709580800 4611897674415767552 9223376434902073346 54044020162235392 137438953472 1156439941815730176 37436173110525952 211107306274816 9223443230232723456 13835066851375448067 18014673387521024 206158430208
34 1 71 2 125 2 9228720061412278272 227431790577516544 281483566645248 564049465114624 52776560230407 144117387099906049 274877906944 13844346729513615360 88946105794035712 562962838323200 846623953518592 17592189190153 216176080648941570 549755813888 4625759767262920704 149744692442103808 844429225099264 284773511790592 35184373137422 72058693550084099 824633720832
35 1 72 2 126 2 21392098230009856 909727162310066178 1125934266580992 2256197860458496 4611897124668309532 576469548399624196 0 37154696925806592 355784423176142851 2251851353292800 3386495814074368 9223442405611536420 864704322595766280 0 56294995342131200 598978769768415233 3377716900397056 1139094047162368 13835198792774713400 288234774200336396 0
36 1 73 2 127 2 85568392920039424 3638913047286775816 4503737066323968 9024791440785408 844424963686512 2305878193598496785 0 148618787703226368 1423146488797593612 9007405413171200 13545983254200320 281475027042448 3458817290383065122 0 225179981368524800 2395928273213194244 13510867601588224 4556376185503744 562949970198752 1152939096801345587 0
37 1 74 2 128 2 342273571680157696 14555652189147103264 18014948265295872 36099165763141632 3377699854746048 9223512774393987140 0 594475150812905472 5692585955190374448 36029621652684800 54183933016801280 1125900108169792 13835269161532260488 0 900719925474099200 9583713092852776976 54043470406352896 18225504742014976 2251799880795008 4611756387205382348 0
38 1 75 2 129 2 1369094286720630784 2882376535459758208 72059793061183491 144396663052566528 13510799418984192 562950156845328 2 2377900603251621888 4323599747051946176 144118486610739201 216735732067205120 4503600432679168 844425000387104 3 3602879701896396800 1441364223992004672 216173881625411586 72902018968059904 9007199523180032 281475111977776 1
39 1 76 2 130 2 5476377146882523138 11529497345746010624 288239172244733964 577586652210266112 54043197675936768 2251800627381312 8 9511602413006487555 17294385794068251392 576473946442956804 866942928268820480 18014401730716672 3377700001548416 12 14411518807585587201 5765452497921507584 864695526501646344 291608075872239616 36028798092720128 1125900447911104 4
40 1 77 2 131 2 3458764513820540936 9224501235564939265 1152956688978935858 2310346608841064448 216172790703747072 9007202509525248 32 1152921504606846988 13837310955144350722 2305895785771827219 3467771713075281920 72057606922866688 13510800006193664 48 2305843009213693956 4615065917976478723 3458782106006585377 1166432303488958464 144115192370880512 4503601791644416 16
41 1 78 2 132 2 13835058055282163747 4503600701120516 4611826755915743434 9241386435364257792 864691162814988288 36028810038100992 128 4611686018427387953 9007201402236936 9223583143087308879 13871086852301127680 288230427691466752 54043200024774656 192 9223372036854775826 13510802103341068 13835128424026341509 4665729213955833856 576460769483522048 18014407166577664 64
42 1 79 2 133 2 140 18014402804482067 562949953422120 72057594037927937 3458764651259953154 144115240152403968 512 196 36028805608947745 844424930132284 144115188075855874 1152921710765867011 216172800099098624 768 72 54043208413364274 281474976711188 216172782113783811 2305843077934088193 72057628666310656 256
43 1 80 2 134 2 560 72057611217928268 2251799813688480 288230376154857476 549757648904 576460960609615872 2048 784 144115222435790980 3377699720529136 576460752304472072 824636080140 864691200396394496 3072 288 216172833653457096 1125899906844752 864691128457232396 274881576964 288230514665242624 1024
44 1 81 2 135 2 2240 288230444871713072 9007199254753920 1152921504619429904 2199030595616 2305843842438463488 8192 3136 576460889743163920 13510798882116544 2305843009217888288 3298544320560 3458764801585577984 12288 1152 864691334613828384 4503599627379008 3458764513828929584 1099526307856 1152922058660970496 4096
45 1 82 2 136 2 8960 1152921779486852288 36028797019015680 4611686018477719616 8796122382464 9223375369753853952 32768 12544 2305843558972655680 54043195528466176 9223372036871553152 13194177282240 13835059206342311936 49152 4608 3458765338455313536 18014398509516032 13835058055315718336 4398105231424 4611688234643881984 16384
46 1 83 2 137 2 35840 4611687117947409152 144115188076062720 201326848 35184489529857 13331596312576 131074 50176 9223374235890622720 216172782113864704 67109376 52776709128962 4604240592896 196611 18432 13835061353821254144 72057594038064128 134218496 17592420925699 8864865976320 65537
47 1 84 2 138 2 143361 33573888 576460752304250881 805307392 140737958119428 53326385250304 524296 200706 50365440 864691128455458818 268437504 211106836515848 18416962371584 786444 73731 16828416 288230376152256515 536873984 70369683702796 35459463905280 262148
48 1 85 2 139 2 573444 134295552 2305843009217003524 3221229568 562951832477712 213305541001216 2097184 802824 201461760 3458764513821835272 1073750016 844427346063392 73667849486336 3145776 294924 67313664 1152921504609026060 2147495936 281478734811184 141837855621120 1048592
49 1 86 2 140 2 2293776 537182208 9223372036868014096 12884918272 2251807329910848 853222164004864 8388736 3211296 805847040 13835058055287341088 4295000064 3377709384253568 294671397945344 12583104 1179696 269254656 4611686018436104240 8589983744 1125914939244736 567351422484480 4194368
50 1 87 2 141 2 9175104 2148728832 52953152 51539673090 9007229319643392 3412888656019456 33554944 12845184 3223388160 20709504 17180000259 13510837537014272 1178685591781376 50332416 4718784 1077018624 34865344 34359934977 4503659756978944 2269405689937920 16777472
51 1 88 2 142 2 36700416 8594915328 211812608 206158692360 36028917278573568 13651554624077824 134219776 51380736 12893552640 82838016 68720001036 54043350148057088 4714742367125504 201329664 18875136 4308074496 139461376 137439739908 18014639027915776 9077622759751680 67109888
52 1 89 2 143 2 146801664 4432426172416 847250432 824633720864 144115669114294272 54606218496311296 536879104 205522944 8847667232768 331352064 274877906992 216173400592228352 18858969468502016 805318656 75500544 13211371831296 557845504 549755813904 72058556111663104 36310491039006720 268439552
0 1 90 2 144 2 587206656 17729704689664 3389001728 3298534883456 576462676457177088 218424873985245184 2147516416 822091776 35390668931072 1325408256 1099511627968 864693602368913408 75435877874008064 3221274624 302002176 52845487325184 2231382016 2199023255616 288234224446652416 145241964156026880 1073758208
1 1 91 2 145 2 2348826624 70918818758656 13556006912 13194139533824 2305850705828708352 873699495940980736 8590065664 3288367104 141562675724288 5301633024 4398046511872 3458774409475653632 301743511496032256 12885098496 1208008704 211381949300736 8925528064 8796093022464 1152936897786609664 580967856624107520 4295032832
2 1 92 2 146 2 9395306496 283675275034624 54224027648 52776560232448 30786460057600 3494797983763922944 34360262656 13153468416 566250702897152 21206532096 17592189193216 39582620450816 1206974045984129024 51540393984 4832034816 845527797202944 35702112256 35184373138432 61572719050752 2323871426496430080 17180131328
3 1 93 2 147 2 37581225986 1125905007116288 216896110592 211106240929792 123145840230400 13979191935055691776 137441050624 52613873667 2251808672055296 84826128384 70368756772864 158330481803264 4827896183936516096 206161575936 19328139265 3377713142300672 142808449024 140737492553728 246290876203008 9295485705985720320 68720525312
4 1 94 2 148 2 150324903944 4503620028465152 867584442368 844424963719168 492583360921600 576535519094112256 549764202499 210455494668 9007234688221184 339304513536 281475027091456 633321927213056 864840662036512768 824646303745 77312557060 13510852569202688 571233796096 562949970214912 985163504812032 288454676523778048 274882101250
5 1 95 2 149 2 601299615776 18014480113860608 3470337769472 3377699854876672 9225342370298462208 2306142076376449024 33554444 841821978672 36028938752884736 1357218054144 1125900108365824 13837591342991015936 3459362648146051072 50331652 309250228240 54043410276810752 2284935184384 2251799880859648 4615626672446636032 1153818706095112192 16777224
6 1 96 2 150 2 2405198463104 72057920455442432 13881351077888 13510799419506688 7881333774745600 9224568305505796098 134217776 3367287914688 144115755011538944 5428872216576 4503600433463296 10133150835408896 13837450592584204291 201326608 1237000912960 216173641107243008 9139740737536 9007199523438592 15762616076992512 4615274824380448769 67108896
7 1 97 2 151 2 9620793852416 288240477914791936 55525404311552 54043197675929600 31525335098982400 4785074604081160 536871106 13469151658752 576476214185689088 21715488866304 18014401730707456 40532603341635584 9570149208162316 805306435 4948003651840 864698962475483136 36558962950144 36028798092705792 63050464307970048 14355223812243460 268435585
8 1 98 2 152 2 38483175409665 1152957513612656640 222101617246208 216172790703718400 126101340395929600 19140298416324640 2147484424 53876606635010 2305896060649734144 86861955465216 72057606922829824 162130413366542336 38280596832649264 3221225740 19792014607363 3458782655762399232 146235851800576 144115192370823168 252201857231880192 57420895248973840 1073742340
24 1 76 3 123 1 4294967296 0 0 0 0 0 0 8589934592 0 0 0 0 0 0 12884901888 0 0 0 0 0 0
25 1 77 3 124 1 17179869184 0 0 0 0 0 0 34359738368 0 0 0 0 0 0 51539607552 0 0 0 0 0 0
26 1 78 3 125 1 68719476736 0 0 0 0 0 0 137438953472 0 0 0 0 0 0 206158430208 0 0 0 0 0 0
27 1 79 3 126 1 274877906944 0 0 0 0 0 0 549755813888 0 0 0 0 0 0 824633720832 0 0 0 0 0 0
28 1 80 3 127 1 1099511627776 0 0 0 0 0 0 2199023255552 0 0 0 0 0 0 3298534883328 0 0 0 0 0 0
29 1 81 3 128 1 4398046511104 0 0 0 0 0 0 8796093022208 0 0 0 0 0 0 13194139533312 0 0 0 0 0 0
30 1 82 3 129 1 17592186044416 0 0 0 0 0 0 35184372088832 0 0 0 0 0 0 52776558133248 0 0 0 0 0 0
31 1 83 3 130 1 70368744177664 0 0 0 0 0 0 140737488355328 0 0 0 0 0 0 211106232532992 0 0 0 0 0 0
32 1 84 3 131 1 281474976710656 0 0 0 0 0 0 562949953421312 0 0 0 0 0 0 844424930131968 0 0 0 0 0 0
33 1 85 3 132 1 1125899906842624 0 0 0 0 0 0 2251799813685248 0 0 0 0 0 0 3377699720527872 0 0 0 0 0 0
34 1 86 3 133 1 4503599627370496 0 0 0 0 0 0 9007199254740992 0 0 0 0 0 0 13510798882111488 0 0 0 0 0 0
35 1 87 3 134 1 18014398509481984 0 0 0 0 0 0 36028797018963968 0 0 0 0 0 0 54043195528445952 0 0 0 0 0 0
36 1 88 3 135 1 72057594037927936 0 0 0 0 0 0 144115188075855872 0 0 0 0 0 0 216172782113783808 0 0 0 0 0 0
37 1 89 3 136 1 288230376151711744 0 0 0 0 0 0 576460752303423488 0 0 0 0 0 0 864691128455135232 0 0 0 0 0 0
38 1 90 3 137 1 1152921504606846976 0 0 0 0 0 0 2305843009213693952 0 0 0 0 0 0 3458764513820540928 0 0 0 0 0 0
39 1 91 3 138 1 4611686018427387904 0 0 0 0 0 0 9223372036854775808 0 0 0 0 0 0 13835058055282163712 0 0 0 0 0 0
40 1 92 3 139 1 0 1 0 0 0 0 0 0 2 0 0 0 0 0 0 3 0 0 0 0 0
41 1 93 3 140 1 0 4 0 0 0 0 0 0 8 0 0 0 0 0 0 12 0 0 0 0 0
42 1 94 3 141 1 0 16 0 0 0 0 0 0 32 0 0 0 0 0 0 48 0 0 0 0 0
43 1 95 3 142 1 0 64 0 0 0 0 0 0 128 0 0 0 0 0 0 192 0 0 0 0 0
44 1 96 3 143 1 0 256 0 0 0 0 0 0 512 0 0 0 0 0 0 768 0 0 0 0 0
45 1 97 3 144 1 0 1024 0 0 0 0 0 0 2048 0 0 0 0 0 0 3072 0 0 0 0 0
46 1 98 3 145 1 0 4096 0 0 0 0 0 0 8192 0 0 0 0 0 0 12288 0 0 0 0 0
47 1 99 3 146 1 0 16384 0 0 0 0 0 0 32768 0 0 0 0 0 0 49152 0 0 0 0 0
48 1 100 3 147 1 0 65536 0 0 0 0 0 0 131072 0 0 0 0 0 0 196608 0 0 0 0 0
49 1 101 3 148 1 0 262144 0 0 0 0 0 0 524288 0 0 0 0 0 0 786432 0 0 0 0 0
50 1 102 3 149 1 0 1048576 0 0 0 0 0 0 2097152 0 0 0 0 0 0 3145728 0 0 0 0 0
51 1 103 3 150 1 0 4194304 0 0 0 0 0 0 8388608 0 0 0 0 0 0 12582912 0 0 0 0 0
52 1 104 3 151 1 0 16777216 0 0 0 0 0 0 33554432 0 0 0 0 0 0 50331648 0 0 0 0 0
0 1 105 3 152 1 0 67108864 0 0 0 0 0 0 134217728 0 0 0 0 0 0 201326592 0 0 0 0 0
1 1 53 3 153 1 0 268435456 0 0 0 0 0 0 536870912 0 0 0 0 0 0 805306368 0 0 0 0 0
2 1 54 3 154 1 0 1073741824 0 0 0 0 0 0 2147483648 0 0 0 0 0 0 3221225472 0 0 0 0 0
3 1 55 3 155 1 0 4294967296 0 0 0 0 0 0 8589934592 0 0 0 0 0 0 12884901888 0 0 0 0 0
4 1 56 3 156 1 0 17179869184 0 0 0 0 0 0 34359738368 0 0 0 0 0 0 51539607552 0 0 0 0 0
5 1 57 3 157 1 0 68719476736 0 0 0 0 0 0 137438953472 0 0 0 0 0 0 206158430208 0 0 0 0 0
6 1 58 3 158 1 0 274877906944 0 0 0 0 0 0 549755813888 0 0 0 0 0 0 824633720832 0 0 0 0 0
7 1 59 3 106 1 0 1099511627776 0 0 0 0 0 0 2199023255552 0 0 0 0 0 0 3298534883328 0 0 0 0 0
8 1 60 3 107 1 1 0 0 0 0 0 0 2 0 0 0 0 0 0 3 0 0 0 0 0 0
9 1 61 3 108 1 4 0 0 0 0 0 0 8 0 0 0 0 0 0 12 0 0 0 0 0 0
10 1 62 3 109 1 16 0 0 0 0 0 0 32 0 0 0 0 0 0 48 0 0 0 0 0 0
11 1 63 3 110 1 64 0 0 0 0 0 0 128 0 0 0 0 0 0 192 0 0 0 0 0 0
12 1 64 3 111 1 256 0 0 0 0 0 0 512 0 0 0 0 0 0 768 0 0 0 0 0 0
13 1 65 3 112 1 1024 0 0 0 0 0 0 2048 0 0 0 0 0 0 3072 0 0 0 0 0 0
14 1 66 3 113 1 4096 0 0 0 0 0 0 8192 0 0 0 0 0 0 12288 0 0 0 0 0 0
15 1 67 3 114 1 16384 0 0 0 0 0 0 32768 0 0 0 0 0 0 49152 0 0 0 0 0 0
16 1 68 3 115 1 65536 0 0 0 0 0 0 131072 0 0 0 0 0 0 196608 0 0 0 0 0 0
17 1 69 3 116 1 262144 0 0 0 0 0 0 524288 0 0 0 0 0 0 786432 0 0 0 0 0 0
18 1 70 3 117 1 1048576 0 0 0 0 0 0 2097152 0 0 0 0 0 0 3145728 0 0 0 0 0 0
19 1 71 3 118 1 4194304 0 0 0 0 0 0 8388608 0 0 0 0 0 0 12582912 0 0 0 0 0 0
20 1 72 3 119 1 16777216 0 0 0 0 0 0 33554432 0 0 0 0 0 0 50331648 0 0 0 0 0 0
21 1 73 3 120 1 67108864 0 0 0 0 0 0 134217728 0 0 0 0 0 0 201326592 0 0 0 0 0 0
22 1 74 3 121 1 268435456 0 0 0 0 0 0 536870912 0 0 0 0 0 0 805306368 0 0 0 0 0 0
23 1 75 3 122 1 1073741824 0 0 0 0 0 0 2147483648 0 0 0 0 0 0 3221225472 0 0 0 0 0 0
13 1 94 1 126 1 3377699723674624 40532415973687297 566935683136 1125899907629056 986261934309388 1441156278805102604 2 1125899907893248 63050432364150786 858993459328 2251799813947392 494780240887812 2882312557610188804 3 2251799815785472 31525250004942851 326417514688 3377699721052160 636617245065224 4323468836415225864 1
14 1 95 1 127 1 13510798894698496 162142858034282500 2267742732544 4503599627370496 3945047737237552 5764625115220410416 8 4503599631572992 252206127503114248 3435973837312 9007199254740992 1979120963551248 11529250230440755216 12 9007199263141888 126109796112793612 1305670058752 13510798882111488 2546468980260896 17293875345660903456 4
15 1 96 1 128 1 54043195578793984 648571432137130000 9070970930176 18014398509481984 15780190948950208 4611756387172090048 33 18014398526291968 1008824510012456992 13743895349248 36028797018963968 7916483854204992 9223512774343917632 50 36028797052567552 504439184451174448 5222680235008 54043195528445952 10185875921043584 13835269161514958976 19
16 1 97 1 129 1 216172782315175936 2594285728548520000 36283883720704 72057594037927936 63120763795800832 281474978808576 133 72057594105167872 4035298040049827968 54975581396992 144115188075855872 31665935416819968 562949956567296 202 144115188210270208 2017756737804697792 20890720940032 216172782113783808 40743503684174336 844424931181056 79
17 1 98 1 130 1 864691129260703745 10377138516147568896 145135534882816 288230376151711744 252483055183203328 1125899915234304 532 288230376420671490 16141183364106289664 219902325587968 576460752303423488 126663741667279872 2251799826269184 808 576460752841080835 8071013757079257856 83562883760128 864691128455135232 162974014736697344 3377699724724224 316
18 1 99 1 131 1 3458764517042814980 4615065917171172352 580542139531266 1152921504606846976 1009932220732813312 4503599660937216 2128 1152921505682685960 9224501235296503808 879609302351875 2305843009213693952 506654966669119488 9007199305076736 3232 2305843011364323340 13837310954607479808 334251535040513 3458764513820540928 651896058946789376 13510798898896896 1264
19 1 100 1 132 1 13835058068171259922 13510798882115584 2322168558125065 4611686018427387904 4039728882931253248 18014398643748864 8512 4611686022730743843 4503599627378688 3518437209407502 9223372036854775808 2026619866676477952 36028797220306944 12928 9223372045457293361 9007199254753280 1337006140162055 13835058055282163712 2607584235787157504 54043195595587584 5056
20 1 101 1 133 1 51556384840 54043195528462339 9288674232500260 3145728 2323857476442849281 72057594574995456 34048 17213423756 18014398509514753 14073748837630008 1048576 3494793448278523906 144115188881227776 51712 34410070212 36028797019013122 5348024560648220 2097152 1206964906293854211 216172782382350336 20224
21 1 102 1 134 1 206225539360 216172782113849356 37154696930001040 14680064 72057868916621316 288230378299981824 136192 68853695024 72057594038059012 56294995350520032 7340032 144115737831931912 576460755524911104 206848 137640280848 144115188076052488 21392098242592880 9437184 216173606748028940 864691129529401344 80896
22 1 103 1 135 1 824902157440 864691128455397424 148618787720004160 58720256 288231475666485264 1152921513199927296 544768 275414780096 288230376152236048 225179981402080128 29360128 576462951327727648 2305843022099644416 827392 550561123392 576460752304209952 85568392970371520 37748736 864694426992115760 3458764518117605376 323584
23 1 104 1 136 1 3299608629760 3458764513821589696 594475150880016640 234881024 1152925902665941056 4611686052799709184 2179072 1101659120384 1152921504608944192 900719925608320512 117440512 2305851805310910592 9223372088398577664 3309568 2202244493568 2305843009216839808 342273571881486080 150994944 3458777707968463040 13835058072470421504 1294336
24 1 105 1 137 1 13198434519040 13835058055286358784 2377900603520066560 940572672 17592236376320 137489285120 8716289 4406636481536 4611686018435776768 3602879702433282048 471859200 35184388866560 206175207424 13238274 8808977974272 9223372036867359232 1369094287525944320 607125504 52776591688448 68753031168 5177347
25 1 53 1 138 1 52793738076160 16780288 9511602414080266243 3762290688 70368945505280 549957140480 34865156 17626545926144 33555456 14411518809733128193 1887436800 140737555466240 824700829696 52953096 35235911897088 50333696 5476377150103777282 2428502016 211106366753792 275012124672 20709388
26 1 54 1 139 1 211174952304640 67121152 1152921508901961740 15049162754 281475782021120 2199828561920 139460624 70506183704576 134221824 2305843017803857924 7549747203 562950221864960 3298803318784 211812384 140943647588352 201334784 3458764526705557512 9714008065 844425467015168 1100048498688 82837552
27 1 55 1 140 1 844699809218560 268484608 4611686035607846960 60196651016 1125903128084480 8799314247680 557842496 282024734818304 536887296 9223372071215431696 30198988812 2251800887459840 13195213275136 847249536 563774590353408 805339136 13835058106822230048 38856032260 3377701868060672 4400193994752 331350208
28 1 56 1 141 1 3378799236874240 1073938432 68721836224 240786604065 4503612512337920 35197256990720 2231369984 1128098939273216 2147549184 137442623552 120795955250 9007203549839360 52780853100544 3388998144 2255098361413632 3221356544 206160265344 155424129043 13510807472242688 17600775979008 1325400832
29 1 57 1 142 1 13515196947496960 4295753728 274887344896 963146416260 18014450049351680 140789027962880 8925479936 4512395757092864 8590196736 549770494208 483183821000 36028814199357440 211123412402176 13555992576 9020393445654528 12885426176 824641061376 621696516172 54043229888970752 70403103916032 5301603328
30 1 58 1 143 1 54060787789987840 17183014912 1099549379584 3852585665040 72057800197406720 563156111851520 35701919744 18049583028371456 34360786944 2199081976832 1932735284000 144115256797429760 844493649608704 54223970304 36081573782618112 51541704704 3298564245504 2486786064688 216172919555883008 281612415664128 21206413312
31 1 59 1 144 1 216243151159951360 68732059648 4398197518336 15410342660160 288231200789626880 2252624447406080 142807678976 72198332113485824 137443147776 8796327907328 7730941136000 576461027189719040 3377974598434816 216895881216 144326295130472448 206166818816 13194256982016 9947144258752 864691678223532032 1126449662656512 84825653248
32 1 60 1 145 1 864972604639805440 274928238592 17592790073344 61641370640640 1152924803158507520 9010497789624320 571230715904 288793328453943296 549772591104 35185311629312 30923764544000 2305844108758876160 13511898393739264 867583524864 577305180521889792 824667275264 52777027928064 39788577035008 3458766712894128128 4505798650626048 339302612992
33 1 61 1 146 1 3459890418559221760 1099712954368 70371160293376 246565483611136 9223385231061417984 36041991158497280 85899608064 1155173313815773184 2199090364416 140741246517248 123695060273152 13835062453462892544 54047593574957056 171799216128 2309220722087559168 3298669101056 211108111712256 159154311285760 4611694814721736704 18023194602504192 257698824192
34 1 62 1 147 1 13839561674236887041 805306368 281484641173504 986261934444544 52776826568704 144167964633989122 343598432256 4620693255263092738 268435456 562964986068992 494780241092608 17592722915328 216190374299828227 687196864512 9236882888350236675 536870912 844432446849024 636617245143040 35185177395200 72092778410016769 1030795296768
35 1 63 1 148 1 18014475818893316 3221225475 1125938564694016 3945047737778176 4611897125733662720 576671858535956488 274882101248 36028947342819336 1073741825 2251859944275968 1979120964370432 9223442407746437120 864761497199312908 549764202496 54043405981843468 2147483650 3377729787396096 2546468980572160 13835198795991744512 288371113640067076 824646303744
36 1 64 1 149 1 72057903275573264 8808977924108 4503754258776064 15780190949015552 4612530447652487168 2306687434143825953 16777216 144115789371277344 13198434500612 9007439777103872 7916483854336000 9223653520421421056 3459045988797251634 33554432 216173623927373872 4406636445704 13510919149584384 10185875921240064 13835621018120486912 1153484454560268307 50331648
37 1 65 1 150 1 288231613102293056 35235911696432 18015017035104256 63120763796062208 3377716900397056 9226749736575303813 67108864 576463157485109376 52793738002448 36029759108415488 31665935417344000 1125934266580992 13836183955189006538 134217728 864694495709495488 17626545782816 54043676598337536 40743503684960256 2251851353292800 4613937818241073231 201326592
38 1 66 1 151 1 1152926452409172224 145341693296832 72060068140417024 252483055183200256 13510867601588224 13510798882112020 268435458 2305852629940437504 219971045032000 144119036433661952 126663741667278848 4503737066323968 4503599627371304 536870915 3458777982837981952 83700322664576 216174706393350144 162974014736695296 9007405413171200 9007199254741308 805306369
39 1 67 1 152 1 4611705809636688896 581366773187328 288240272561668096 1009932220732801024 54043470406352896 54043195528448080 1073741832 9223410519761750016 879884180128000 576476145734647808 506654966669115392 18014948265295872 18014398509485216 2147483660 13835111931351927808 334801290658304 864698825573400576 651896058946781184 36029621652684800 36028797018965232 3221225476
40 1 68 1 153 1 79164837203968 2325467092749313 1152961090246672384 4039728882931204096 216173881625411584 216172782113792320 4294967328 153931627896832 3519536720512002 2305904582938591232 2026619866676461568 72059793061183488 72057594037940864 8589934640 215504279056384 1339205162633219 3458795302293602304 2607584235787124736 144118486610739200 144115188075860928 12884901904
41 1 69 1 154 1 316659348815875 9288674231463940 4611844360986689536 16158915531724816384 864695526501646336 864691128455169280 17179869312 615726511587329 14073748835536904 9223618331754364928 8106479466705846272 288239172244733952 288230376151763456 34359738560 862017116225538 5348024557510668 13835181209174409216 10430336943148498944 576473946442956800 576460752303443712 51539607616
42 1 70 1 155 1 1266637395263500 37154696925855760 633370237206528 9295429905770610689 3458782106006585347 3458764513820677120 68719477248 2462906046349316 56294995342147616 985179598356480 13979173793113833474 1152956688978935809 1152921504607053824 137438954240 3448068464902152 21392098230042672 492615568982016 4827859625174892547 2305895785771827202 2305843009213774848 206158430464
43 1 71 1 156 1 5066549581054000 148618787703423040 2533480948826112 288231475666485252 70368744177678 13835058055282708480 274877908992 9851624185397264 225179981368590464 3940718393425920 576462951327727624 140737488355335 4611686018428215296 549755816960 13792273859608608 85568392920170688 1970462275928064 864694426992115724 211106232533001 9223372036855099392 824633721856
44 1 72 1 157 1 20266198324216000 594475150813692160 10133923795304448 1152925902665941008 4611967493404098616 2179072 8195 39406496741589056 900719925474361856 15762873573703680 2305851805310910496 9223934986808197148 3309568 12289 55169095438434432 342273571680682752 7881849103712256 3458777707968462896 13835902480212295716 1294336 4098
45 1 73 1 158 1 81064793296864000 2377900603254768640 40535695181217792 4611703610663764032 1125899906842848 8716289 32780 157625986966356224 3602879701897447424 63051494294814720 9223407221243641984 2251799813685360 13238274 49156 220676381753737728 1369094286722731008 31527396414849024 13835110831873851584 3377699720528016 5177347 16392
46 1 74 1 106 1 324259173187456000 9511602413019074560 162142780724871168 70368945504512 4503599627371393 34865156 131120 630503947865424896 14411518807589789696 252205977179258880 140737555464704 9007199254741442 52953096 196624 882705527014950912 5476377146890924032 126109585659396096 211106366751488 13510798882112067 20709388 65568
47 1 75 1 107 1 1297036692749824000 1152921504657195008 648571122899484674 281475782018048 18014398509485572 139460624 524480 2522015791461699584 2305843009230503936 1008823908717035523 562950221858816 36028797018965768 211812384 786496 3530822108059803648 3458764513854144512 504438342637584385 844425467005952 54043195528448268 82837552 262272
48 1 76 1 108 1 5188146770999296000 4611686018628780032 2594284491597938696 1125903128072192 72057594037942288 557842496 2097920 10088063165846798336 9223372036922015744 4035295634868142092 2251800887435264 144115188075863072 847249536 3145984 14123288432239214592 13835058055416578048 2017753370550337540 3377701868023808 216172782113793072 331350208 1049088
49 1 77 1 109 1 2305843010287632384 805568513 10377137966391754785 4503612512288768 288230376151769152 2231369984 8391680 3458764515968090112 268959746 16141182539472568370 9007203549741056 576460752303452288 3388998144 12583936 1152921507828203520 537657347 8071013482201350163 13510807472095232 864691128455172288 1325400832 4196352
50 1 78 1 110 1 9223372041150529536 3222274052 4615063718147915908 18014450049155074 1152921504607076608 8925479936 33566720 13835058063872360448 1075838984 9224497936761618632 36028814198964227 2305843009213809152 13555992576 50335744 4611686031312814080 2150629388 13837309855095849036 54043229888380929 3458764513820689152 5301603328 16785408
51 1 79 1 111 1 17183014912 12889096210 13510798882112016 72057800197668873 918528 35701919744 134266880 34360786944 4303355939 4503599627371296 144115256797954062 460800 54223970304 201342976 51541704704 8602517553 9007199254741296 216172919556669447 592896 21206413312 67141632
52 1 80 1 112 1 68732059648 4449602895944 54043195528448064 288231200789626916 3674112 142807678976 537067520 137443147776 8813306445964 18014398509485184 576461027189719096 1843200 216895881216 805371904 206166818816 13228549603524 36028797018965184 864691678223532060 2371584 84825653248 268566528
0 1 81 1 113 1 274928238592 17798411583776 216172782113792256 1152924803158507664 14696448 571230715904 2148270080 549772591104 35253225783856 72057594037940736 2305844108758876384 7372800 867583524864 3221487616 824667275264 52914198414096 144115188075860736 3458766712894128240 9486336 339302612992 1074266112
1 1 82 1 114 1 1099712954368 71193646335104 864691128455169024 4611699212634030656 58785792 2284922863616 8593080320 2199090364416 141012903135424 288230376151762944 9223376435035505536 29491200 3470334099456 12885950464 3298669101056 211656793656384 576460752303442944 13835066851576512960 37945344 1357210451968 4297064448
2 1 83 1 115 1 4398851817472 284774585340416 3458764513820676096 52776826571008 235143169 9139691454464 34372321280 8796361457664 564051612541696 1152921504607051776 17592722918912 117964802 13881336397824 51543801856 13194676404224 846627174625536 2305843009213771776 35185177396992 151781379 5428841807872 17188257792
3 1 84 1 116 1 17595407269891 1125904201828352 13835058055282704384 211107306284032 940572676 36558765817856 137489285120 35185445830657 2251808403655680 4611686018428207104 70370891675648 471859208 55525345591296 206175207424 52778705616898 3377712605479936 9223372036855087104 140740709587968 607125516 21715367231488 68753031168
4 1 85 1 117 1 70381629079564 4503616807313408 2162688 844429225136131 3762290704 146235063271424 549957140480 140741783322628 9007233614622720 3276800 281483566702593 1887436832 222101382365184 824700829696 211114822467592 13510850421919744 1245184 562962838351874 2428502064 86861468925952 275012124672
5 1 86 1 118 1 281526516318256 18014467229253632 8650752 3377716900544524 9223372051903938624 584940253085696 805306368 562967133290512 36028934458490880 13107200 1125934266810372 13835058062831911040 888405529460736 268435456 844459289870368 54043401687678976 4980736 2251851353407496 4611686028141396160 347445875703808 536870912
6 1 87 1 119 1 1126106065273024 72057868917014528 34603008 13510867602178096 60196651264 2339761012342786 3221225472 2251868533162048 144115737833963520 52428800 4503737067241488 30198989312 3553622117842947 1073741824 3377837159481472 216173606750715904 19922944 9007405413629984 38856033024 1389783502815233 2147483648
7 1 88 1 120 1 4504424261092096 288240271761080320 138412032 54043470406615232 240786605056 9359044049371144 12884901888 9007474132648192 576476145475387392 209715200 18014948265820224 120795957248 14214488471371788 4294967296 13511348637925888 864698825049374720 79691776 36029621653471360 155424132096 5559134011260932 8589934592
8 1 89 1 121 1 18017697044368385 1152961087044321280 553648128 216173881625412352 963146420224 37436176197484576 51539607552 36029896530592770 2305904581901549568 838860800 72059793061183744 483183828992 56857953885487152 17179869184 54045394551703555 3458795300197498880 318767104 144118486610739712 621696528384 22236536045043728 34359738368
9 1 90 1 122 1 72070788177473540 4611844348177285120 2214592512 864695526501649408 3852585680896 149744704789938304 206158430208 144119586122371080 9223618327606198272 3355443200 288239172244734976 1932735315968 227431815541948608 68719476736 216181578206814220 13835181200789995520 1275068416 576473946442958848 2486786113536 88946144180174912 137438953472
10 1 91 1 123 1 288283152709894160 633318999588864 8858370049 3458782106006597632 15410342723584 598978819159753216 824633720832 576478344489484320 985163005689856 13421772802 1152956688978939904 7730941263872 909727262167794432 274877906944 864726312827256880 492582031327232 5100273667 2305895785771835392 9947144454144 355784576720699648 549755813888
11 1 92 1 124 1 1153132610839576640 2533275998355456 35433480196 13835128424026390528 13835119696653058048 2395915276639012864 0 2305913377957937280 3940652022759424 53687091208 4611826755915759616 4611716942192443392 3638909048671177728 0 3458905251309027520 1970328125308928 20401094668 9223583143087341568 9223411825432592384 1423138306882798592 0
12 1 93 1 125 1 4612530443358306560 10133103993421824 141733920784 281474976907264 246565483577347 9583661106556051459 0 9223653511831749120 15762608091037696 214748364832 562949953486848 123695060221953 14555636194684710913 0 13835621005236110080 7881312501235712 81604378672 844424930263040 159154311266306 5692553227531194370 0
24 3 82 1 131 3 0 0 0 0 0 0 0 0 0 0 0 0 0 0 0 0 0 0 0 0 0
25 3 83 1 132 3 0 0 0 0 0 0 0 0 0 0 0 0 0 0 0 0 0 0 0 0 0
26 3 84 1 133 3 0 0 0 0 0 0 0 0 0 0 0 0 0 0 0 0 0 0 0 0 0
27 3 85 1 134 3 0 0 0 0 0 0 0 0 0 0 0 0 0 0 0 0 0 0 0 0 0
28 3 86 1 135 3 0 0 0 0 0 0 0 0 0 0 0 0 0 0 0 0 0 0 0 0 0
29 3 87 1 136 3 0 0 0 0 0 0 0 0 0 0 0 0 0 0 0 0 0 0 0 0 0
30 3 88 1 137 3 0 0 0 0 0 0 0 0 0 0 0 0 0 0 0 0 0 0 0 0 0
31 3 89 1 138 3 0 0 0 0 0 0 0 0 0 0 0 0 0 0 0 0 0 0 0 0 0
32 3 90 1 139 3 0 0 0 0 0 0 0 0 0 0 0 0 0 0 0 0 0 0 0 0 0
33 3 91 1 140 3 0 0 0 0 0 0 0 0 0 0 0 0 0 0 0 0 0 0 0 0 0
34 3 92 1 141 3 0 0 0 0 0 0 0 0 0 0 0 0 0 0 0 0 0 0 0 0 0
35 3 93 1 142 3 0 0 0 0 0 0 0 0 0 0 0 0 0 0 0 0 0 0 0 0 0
36 3 94 1 143 3 0 0 0 0 0 0 0 0 0 0 0 0 0 0 0 0 0 0 0 0 0
37 3 95 1 144 3 0 0 0 0 0 0 0 0 0 0 0 0 0 0 0 0 0 0 0 0 0
38 3 96 1 145 3 0 0 0 0 0 0 0 0 0 0 0 0 0 0 0 0 0 0 0 0 0
39 3 97 1 146 3 0 0 0 0 0 0 0 0 0 0 0 0 0 0 0 0 0 0 0 0 0
40 3 98 1 147 3 0 0 0 0 0 0 0 0 0 0 0 0 0 0 0 0 0 0 0 0 0
41 3 99 1 148 3 0 0 0 0 0 0 0 0 0 0 0 0 0 0 0 0 0 0 0 0 0
42 3 100 1 149 3 0 0 0 0 0 0 0 0 0 0 0 0 0 0 0 0 0 0 0 0 0
43 3 101 1 150 3 0 0 0 0 0 0 0 0 0 0 0 0 0 0 0 0 0 0 0 0 0
44 3 102 1 151 3 0 0 0 0 0 0 0 0 0 0 0 0 0 0 0 0 0 0 0 0 0
45 3 103 1 152 3 0 0 0 0 0 0 0 0 0 0 0 0 0 0 0 0 0 0 0 0 0
46 3 104 1 153 3 0 0 0 0 0 0 0 0 0 0 0 0 0 0 0 0 0 0 0 0 0
47 3 105 1 154 3 0 0 0 0 0 0 0 0 0 0 0 0 0 0 0 0 0 0 0 0 0
48 3 53 1 155 3 0 0 0 0 0 0 0 0 0 0 0 0 0 0 0 0 0 0 0 0 0
49 3 54 1 156 3 0 0 0 0 0 0 0 0 0 0 0 0 0 0 0 0 0 0 0 0 0
50 3 55 1 157 3 0 0 0 0 0 0 0 0 0 0 0 0 0 0 0 0 0 0 0 0 0
51 3 56 1 158 3 0 0 0 0 0 0 0 0 0 0 0 0 0 0 0 0 0 0 0 0 0
52 3 57 1 106 3 0 0 0 0 0 0 0 0 0 0 0 0 0 0 0 0 0 0 0 0 0
0 3 58 1 107 3 0 0 0 0 0 0 0 0 0 0 0 0 0 0 0 0 0 0 0 0 0
1 3 59 1 108 3 0 0 0 0 0 0 0 0 0 0 0 0 0 0 0 0 0 0 0 0 0
2 3 60 1 109 3 0 0 0 0 0 0 0 0 0 0 0 0 0 0 0 0 0 0 0 0 0
3 3 61 1 110 3 0 0 0 0 0 0 0 0 0 0 0 0 0 0 0 0 0 0 0 0 0
4 3 62 1 111 3 0 0 0 0 0 0 0 0 0 0 0 0 0 0 0 0 0 0 0 0 0
5 3 63 1 112 3 0 0 0 0 0 0 0 0 0 0 0 0 0 0 0 0 0 0 0 0 0
6 3 64 1 113 3 0 0 0 0 0 0 0 0 0 0 0 0 0 0 0 0 0 0 0 0 0
7 3 65 1 114 3 0 0 0 0 0 0 0 0 0 0 0 0 0 0 0 0 0 0 0 0 0
8 3 66 1 115 3 0 0 0 0 0 0 0 0 0 0 0 0 0 0 0 0 0 0 0 0 0
9 3 67 1 116 3 0 0 0 0 0 0 0 0 0 0 0 0 0 0 0 0 0 0 0 0 0
10 3 68 1 117 3 0 0 0 0 0 0 0 0 0 0 0 0 0 0 0 0 0 0 0 0 0
11 3 69 1 118 3 0 0 0 0 0 0 0 0 0 0 0 0 0 0 0 0 0 0 0 0 0
12 3 70 1 119 3 0 0 0 0 0 0 0 0 0 0 0 0 0 0 0 0 0 0 0 0 0
13 3 71 1 120 3 0 0 0 0 0 0 0 0 0 0 0 0 0 0 0 0 0 0 0 0 0
14 3 72 1 121 3 0 0 0 0 0 0 0 0 0 0 0 0 0 0 0 0 0 0 0 0 0
15 3 73 1 122 3 0 0 0 0 0 0 0 0 0 0 0 0 0 0 0 0 0 0 0 0 0
16 3 74 1 123 3 0 0 0 0 0 0 0 0 0 0 0 0 0 0 0 0 0 0 0 0 0
17 3 75 1 124 3 0 0 0 0 0 0 0 0 0 0 0 0 0 0 0 0 0 0 0 0 0
18 3 76 1 125 3 0 0 0 0 0 0 0 0 0 0 0 0 0 0 0 0 0 0 0 0 0
19 3 77 1 126 3 0 0 0 0 0 0 0 0 0 0 0 0 0 0 0 0 0 0 0 0 0
20 3 78 1 127 3 0 0 0 0 0 0 0 0 0 0 0 0 0 0 0 0 0 0 0 0 0
21 3 79 1 128 3 0 0 0 0 0 0 0 0 0 0 0 0 0 0 0 0 0 0 0 0 0
22 3 80 1 129 3 0 0 0 0 0 0 0 0 0 0 0 0 0 0 0 0 0 0 0 0 0
23 3 81 1 130 3 0 0 0 0 0 0 0 0 0 0 0 0 0 0 0 0 0 0 0 0 0
5 2 55 1 153 1 0 0 1024 0 0 0 0 0 0 2048 0 0 0 0 0 0 3072 0 0 0 0
6 2 56 1 154 1 0 0 4096 0 0 0 0 0 0 8192 0 0 0 0 0 0 12288 0 0 0 0
7 2 57 1 155 1 0 0 16384 0 0 0 0 0 0 32768 0 0 0 0 0 0 49152 0 0 0 0
8 2 58 1 156 1 0 0 65536 0 0 0 0 0 0 131072 0 0 0 0 0 0 196608 0 0 0 0
9 2 59 1 157 1 0 0 262144 0 0 0 0 0 0 524288 0 0 0 0 0 0 786432 0 0 0 0
10 2 60 1 158 1 0 0 1048576 0 0 0 0 0 0 2097152 0 0 0 0 0 0 3145728 0 0 0 0
11 2 61 1 106 1 0 0 4194304 0 0 0 0 0 0 8388608 0 0 0 0 0 0 12582912 0 0 0 0
12 2 62 1 107 1 0 0 16777216 0 0 0 0 0 0 33554432 0 0 0 0 0 0 50331648 0 0 0 0
13 2 63 1 108 1 0 0 67108864 0 0 0 0 0 0 134217728 0 0 0 0 0 0 201326592 0 0 0 0
14 2 64 1 109 1 0 0 268435456 0 0 0 0 0 0 536870912 0 0 0 0 0 0 805306368 0 0 0 0
15 2 65 1 110 1 0 0 1073741824 0 0 0 0 0 0 2147483648 0 0 0 0 0 0 3221225472 0 0 0 0
16 2 66 1 111 1 0 0 4294967296 0 0 0 0 0 0 8589934592 0 0 0 0 0 0 12884901888 0 0 0 0
17 2 67 1 112 1 0 0 17179869184 0 0 0 0 0 0 34359738368 0 0 0 0 0 0 51539607552 0 0 0 0
18 2 68 1 113 1 0 0 68719476736 0 0 0 0 0 0 137438953472 0 0 0 0 0 0 206158430208 0 0 0 0
19 2 69 1 114 1 0 0 274877906944 0 0 0 0 0 0 549755813888 0 0 0 0 0 0 824633720832 0 0 0 0
20 2 70 1 115 1 0 0 1099511627776 0 0 0 0 0 0 2199023255552 0 0 0 0 0 0 3298534883328 0 0 0 0
21 2 71 1 116 1 0 0 4398046511104 0 0 0 0 0 0 8796093022208 0 0 0 0 0 0 13194139533312 0 0 0 0
22 2 72 1 117 1 0 0 17592186044416 0 0 0 0 0 0 35184372088832 0 0 0 0 0 0 52776558133248 0 0 0 0
23 2 73 1 118 1 0 0 70368744177664 0 0 0 0 0 0 140737488355328 0 0 0 0 0 0 211106232532992 0 0 0 0
24 2 74 1 119 1 0 0 281474976710656 0 0 0 0 0 0 562949953421312 0 0 0 0 0 0 844424930131968 0 0 0 0
25 2 75 1 120 1 0 0 1125899906842624 0 0 0 0 0 0 2251799813685248 0 0 0 0 0 0 3377699720527872 0 0 0 0
26 2 76 1 121 1 0 0 4503599627370496 0 0 0 0 0 0 9007199254740992 0 0 0 0 0 0 13510798882111488 0 0 0 0
27 2 77 1 122 1 0 0 18014398509481984 0 0 0 0 0 0 36028797018963968 0 0 0 0 0 0 54043195528445952 0 0 0 0
28 2 78 1 123 1 0 0 72057594037927936 0 0 0 0 0 0 144115188075855872 0 0 0 0 0 0 216172782113783808 0 0 0 0
29 2 79 1 124 1 0 0 288230376151711744 0 0 0 0 0 0 576460752303423488 0 0 0 0 0 0 864691128455135232 0 0 0 0
30 2 80 1 125 1 0 0 1152921504606846976 0 0 0 0 0 0 2305843009213693952 0 0 0 0 0 0 3458764513820540928 0 0 0 0
31 2 81 1 126 1 0 0 4611686018427387904 0 0 0 0 0 0 9223372036854775808 0 0 0 0 0 0 13835058055282163712 0 0 0 0
32 2 82 1 127 1 0 0 0 1 0 0 0 0 0 0 2 0 0 0 0 0 0 3 0 0 0
33 2 83 1 128 1 0 0 0 4 0 0 0 0 0 0 8 0 0 0 0 0 0 12 0 0 0
34 2 84 1 129 1 0 0 0 16 0 0 0 0 0 0 32 0 0 0 0 0 0 48 0 0 0
35 2 85 1 130 1 0 0 0 64 0 0 0 0 0 0 128 0 0 0 0 0 0 192 0 0 0
36 2 86 1 131 1 0 0 0 256 0 0 0 0 0 0 512 0 0 0 0 0 0 768 0 0 0
37 2 87 1 132 1 0 0 0 1024 0 0 0 0 0 0 2048 0 0 0 0 0 0 3072 0 0 0
38 2 88 1 133 1 0 0 0 4096 0 0 0 0 0 0 8192 0 0 0 0 0 0 12288 0 0 0
39 2 89 1 134 1 0 0 0 16384 0 0 0 0 0 0 32768 0 0 0 0 0 0 49152 0 0 0
40 2 90 1 135 1 0 0 0 65536 0 0 0 0 0 0 131072 0 0 0 0 0 0 196608 0 0 0
41 2 91 1 136 1 0 0 0 262144 0 0 0 0 0 0 524288 0 0 0 0 0 0 786432 0 0 0
42 2 92 1 137 1 0 4398046511104 0 0 0 0 0 0 8796093022208 0 0 0 0 0 0 13194139533312 0 0 0 0 0
43 2 93 1 138 1 0 17592186044416 0 0 0 0 0 0 35184372088832 0 0 0 0 0 0 52776558133248 0 0 0 0 0
44 2 94 1 139 1 0 70368744177664 0 0 0 0 0 0 140737488355328 0 0 0 0 0 0 211106232532992 0 0 0 0 0
45 2 95 1 140 1 0 281474976710656 0 0 0 0 0 0 562949953421312 0 0 0 0 0 0 844424930131968 0 0 0 0 0
46 2 96 1 141 1 0 1125899906842624 0 0 0 0 0 0 2251799813685248 0 0 0 0 0 0 3377699720527872 0 0 0 0 0
47 2 97 1 142 1 0 4503599627370496 0 0 0 0 0 0 9007199254740992 0 0 0 0 0 0 13510798882111488 0 0 0 0 0
48 2 98 1 143 1 0 18014398509481984 0 0 0 0 0 0 36028797018963968 0 0 0 0 0 0 54043195528445952 0 0 0 0 0
49 2 99 1 144 1 0 72057594037927936 0 0 0 0 0 0 144115188075855872 0 0 0 0 0 0 216172782113783808 0 0 0 0 0
50 2 100 1 145 1 0 288230376151711744 0 0 0 0 0 0 576460752303423488 0 0 0 0 0 0 864691128455135232 0 0 0 0 0
51 2 101 1 146 1 0 1152921504606846976 0 0 0 0 0 0 2305843009213693952 0 0 0 0 0 0 3458764513820540928 0 0 0 0 0
52 2 102 1 147 1 0 4611686018427387904 0 0 0 0 0 0 9223372036854775808 0 0 0 0 0 0 13835058055282163712 0 0 0 0 0
0 2 103 1 148 1 0 0 1 0 0 0 0 0 0 2 0 0 0 0 0 0 3 0 0 0 0
1 2 104 1 149 1 0 0 4 0 0 0 0 0 0 8 0 0 0 0 0 0 12 0 0 0 0
2 2 105 1 150 1 0 0 16 0 0 0 0 0 0 32 0 0 0 0 0 0 48 0 0 0 0
3 2 53 1 151 1 0 0 64 0 0 0 0 0 0 128 0 0 0 0 0 0 192 0 0 0 0
4 2 54 1 152 1 0 0 256 0 0 0 0 0 0 512 0 0 0 0 0 0 768 0 0 0 0
32 1 59 1 117 1 0 0 0 0 0 0 0 0 0 0 0 0 0 0 0 0 0 0 0 0 0
33 1 60 1 118 1 0 0 0 0 0 0 0 0 0 0 0 0 0 0 0 0 0 0 0 0 0
34 1 61 1 119 1 0 0 0 0 0 0 0 0 0 0 0 0 0 0 0 0 0 0 0 0 0
35 1 62 1 120 1 0 0 0 0 0 0 0 0 0 0 0 0 0 0 0 0 0 0 0 0 0
36 1 63 1 121 1 0 0 0 0 0 0 0 0 0 0 0 0 0 0 0 0 0 0 0 0 0
37 1 64 1 122 1 0 0 0 0 0 0 0 0 0 0 0 0 0 0 0 0 0 0 0 0 0
38 1 65 1 123 1 0 0 0 0 0 0 0 0 0 0 0 0 0 0 0 0 0 0 0 0 0
39 1 66 1 124 1 0 0 0 0 0 0 0 0 0 0 0 0 0 0 0 0 0 0 0 0 0
40 1 67 1 125 1 0 0 0 0 0 0 0 0 0 0 0 0 0 0 0 0 0 0 0 0 0
41 1 68 1 126 1 0 0 0 0 0 0 0 0 0 0 0 0 0 0 0 0 0 0 0 0 0
42 1 69 1 127 1 0 0 0 0 0 0 0 0 0 0 0 0 0 0 0 0 0 0 0 0 0
43 1 70 1 128 1 0 0 0 0 0 0 0 0 0 0 0 0 0 0 0 0 0 0 0 0 0
44 1 71 1 129 1 0 0 0 0 0 0 0 0 0 0 0 0 0 0 0 0 0 0 0 0 0
45 1 72 1 130 1 0 0 0 0 0 0 0 0 0 0 0 0 0 0 0 0 0 0 0 0 0
46 1 73 1 131 1 0 0 0 0 0 0 0 0 0 0 0 0 0 0 0 0 0 0 0 0 0
47 1 74 1 132 1 0 0 0 0 0 0 0 0 0 0 0 0 0 0 0 0 0 0 0 0 0
48 1 75 1 133 1 0 0 0 0 0 0 0 0 0 0 0 0 0 0 0 0 0 0 0 0 0
49 1 76 1 134 1 0 0 0 0 0 0 0 0 0 0 0 0 0 0 0 0 0 0 0 0 0
50 1 77 1 135 1 0 0 0 0 0 0 0 0 0 0 0 0 0 0 0 0 0 0 0 0 0
51 1 78 1 136 1 0 0 0 0 0 0 0 0 0 0 0 0 0 0 0 0 0 0 0 0 0
52 1 79 1 137 1 0 0 0 0 0 0 0 0 0 0 0 0 0 0 0 0 0 0 0 0 0
0 1 80 1 138 1 0 0 0 0 0 0 0 0 0 0 0 0 0 0 0 0 0 0 0 0 0
1 1 81 1 139 1 0 0 0 0 0 0 0 0 0 0 0 0 0 0 0 0 0 0 0 0 0
2 1 82 1 140 1 0 0 0 0 0 0 0 0 0 0 0 0 0 0 0 0 0 0 0 0 0
3 1 83 1 141 1 0 0 0 0 0 0 0 0 0 0 0 0 0 0 0 0 0 0 0 0 0
4 1 84 1 142 1 0 0 0 0 0 0 0 0 0 0 0 0 0 0 0 0 0 0 0 0 0
5 1 85 1 143 1 0 0 0 0 0 0 0 0 0 0 0 0 0 0 0 0 0 0 0 0 0
6 1 86 1 144 1 0 0 0 0 0 0 0 0 0 0 0 0 0 0 0 0 0 0 0 0 0
7 1 87 1 145 1 0 0 0 0 0 0 0 0 0 0 0 0 0 0 0 0 0 0 0 0 0
8 1 88 1 146 1 0 0 0 0 0 0 0 0 0 0 0 0 0 0 0 0 0 0 0 0 0
9 1 89 1 147 1 0 0 0 0 0 0 0 0 0 0 0 0 0 0 0 0 0 0 0 0 0
10 1 90 1 148 1 0 0 0 0 0 0 0 0 0 0 0 0 0 0 0 0 0 0 0 0 0
11 1 91 1 149 1 0 0 0 0 0 0 0 0 0 0 0 0 0 0 0 0 0 0 0 0 0
12 1 92 1 150 1 0 0 0 0 0 0 0 0 0 0 0 0 0 0 0 0 0 0 0 0 0
13 1 93 1 151 1 0 0 0 0 0 0 0 0 0 0 0 0 0 0 0 0 0 0 0 0 0
14 1 94 1 152 1 0 0 0 0 0 0 0 0 0 0 0 0 0 0 0 0 0 0 0 0 0
15 1 95 1 153 1 0 0 0 0 0 0 0 0 0 0 0 0 0 0 0 0 0 0 0 0 0
16 1 96 1 154 1 0 0 0 0 0 0 0 0 0 0 0 0 0 0 0 0 0 0 0 0 0
17 1 97 1 155 1 0 0 0 0 0 0 0 0 0 0 0 0 0 0 0 0 0 0 0 0 0
18 1 98 1 156 1 0 0 0 0 0 0 0 0 0 0 0 0 0 0 0 0 0 0 0 0 0
19 1 99 1 157 1 0 0 0 0 0 0 0 0 0 0 0 0 0 0 0 0 0 0 0 0 0
20 1 100 1 158 1 0 0 0 0 0 0 0 0 0 0 0 0 0 0 0 0 0 0 0 0 0
21 1 101 1 106 1 0 0 0 0 0 0 0 0 0 0 0 0 0 0 0 0 0 0 0 0 0
22 1 102 1 107 1 0 0 0 0 0 0 0 0 0 0 0 0 0 0 0 0 0 0 0 0 0
23 1 103 1 108 1 0 0 0 0 0 0 0 0 0 0 0 0 0 0 0 0 0 0 0 0 0
24 1 104 1 109 1 0 0 0 0 0 0 0 0 0 0 0 0 0 0 0 0 0 0 0 0 0
25 1 105 1 110 1 0 0 0 0 0 0 0 0 0 0 0 0 0 0 0 0 0 0 0 0 0
26 1 53 1 111 1 0 0 0 0 0 0 0 0 0 0 0 0 0 0 0 0 0 0 0 0 0
27 1 54 1 112 1 0 0 0 0 0 0 0 0 0 0 0 0 0 0 0 0 0 0 0 0 0
28 1 55 1 113 1 0 0 0 0 0 0 0 0 0 0 0 0 0 0 0 0 0 0 0 0 0
29 1 56 1 114 1 0 0 0 0 0 0 0 0 0 0 0 0 0 0 0 0 0 0 0 0 0
30 1 57 1 115 1 0 0 0 0 0 0 0 0 0 0 0 0 0 0 0 0 0 0 0 0 0
31 1 58 1 116 1 0 0 0 0 0 0 0 0 0 0 0 0 0 0 0 0 0 0 0 0 0
2 3 87 1 121 3 3298669113600 2305843009216840704 630503947831870208 4611694814738514240 13194139533504 13835058055290814464 4297113600 1099712958976 3458764513821591552 882705526964617472 9223385231094973056 4398046511168 4611686018440495104 8593096704 2199090373376 1152921504608947200 324259173170676224 13835062453513225152 8796093022336 9223372036859756544 12885983232
3 3 88 1 122 3 13194676454400 9223372036867362816 2522015791327480832 35185244505344 52776558134017 34603008 17188454403 4398851835904 13835058055286366208 3530822107858469888 52776960788992 17592186044674 52428800 34372386817 8796361493504 4611686018435788800 1297036692682704896 17592924245760 35184372089347 19922944 51543932930
4 3 89 1 123 3 52778705817600 50348032 10088063165309923330 140740978021376 211106232536068 138412032 68753817612 17595407343616 16809984 14123288431433879555 211107843155968 70368744178696 209715200 137489547268 35185445974016 33603584 5188146770730819585 70371696983040 140737488357388 79691776 206175731720
5 3 90 1 124 3 211114823270400 201392128 3458764513820590088 562963912085506 844424930144272 553648128 275015270448 70381629374464 67239936 1152921504606863372 844431372623875 281474976714784 838860800 549958189072 140741783896064 134414336 2305843009213726724 281486787932161 562949953429552 318767104 824702926880
6 3 91 1 125 3 844459293081600 805568512 13835058055282360352 2251855648342024 4615063718147964992 2214592512 549454016 281526517497856 268959744 4611686018427453488 3377725490495500 9224497936761634944 3355443200 809500736 562967135584256 537657344 9223372036854906896 1125947151728644 13837309855095881920 1275068416 276824192
7 3 92 1 126 3 3377837172326400 3222274048 786560 9007422593368099 13510798882308352 8858370049 2197816064 1126106069991424 1075838976 262336 13510901961982001 4503599627436544 13421772802 3238002944 2251868542337024 2150629376 524352 4503788606914578 9007199254872832 5100273667 1107296768
8 3 93 1 127 3 13511348689305600 4410935607296 3146240 36029690372423820 54043195529233408 35433480196 8791264256 4504424279965696 8800396378112 1049344 54043607845830852 18014398509746176 53687091208 12952011776 9007474169348096 13202742050816 2097408 18015154424512584 36028797019491328 20401094668 4429187072
9 3 94 1 128 3 54045394757222400 22041788940288 12584960 144118761488646704 216172782116933632 141733920784 35165057024 18017697119862784 43997678534656 4197376 216174431381226256 72057594038984704 214748364832 51808047104 36029896677392384 66005107736576 8389632 72060617694904608 144115188077965312 81604378672 17716748288
10 3 95 1 129 3 216181579028889600 88167155761152 50339840 576475045954586816 864691128467734528 566935683136 140660228096 72070788479451136 175990714138624 16789504 864697725524905024 288230376155938816 858993459328 207232188416 144119586709569536 264020430946304 33558528 288242470779618432 576460752311861248 326417514688 70866993152
11 3 96 1 130 3 864726316115558400 352668623044608 201359360 2305900183818347264 3458764513870938112 2267742732544 562640912384 288283153917804544 703962856554496 67158016 3458790902099620096 1152921504623755264 3435973837312 828928753664 576478346838278144 1056081723785216 134234112 1152969883118473728 2305843009247444992 1305670058752 283467972608
12 3 97 1 131 3 3458905264462233600 1410674492178432 805437440 9223600735276534784 9223372037056364544 9070970930176 51540393984 1153132615671218176 2815851426217984 268632064 13835163608399528960 13835058055349796864 13743895349248 17180131328 2305913387353112576 4224326895140864 536936448 4611879532475992064 4611686018562392064 5222680235008 34360262656
13 3 98 1 132 3 13835621057848934403 5629503829180416 3221749760 914793687035904 806354946 36283883720706 206161575936 4612530462684872705 11259007658360832 1074528256 422212469460992 270532611 54975581396995 68720525312 9223653549412450306 16888511487541248 2147745792 774056194416640 540016641 20890720940033 137441050624
14 3 99 1 133 3 2252010267082764 22518015316721667 12886999040 3659174748143616 3225419784 145135534882824 824646303744 3377777029939204 45036030633443329 4298113024 1688849877843968 1082130444 219902325587980 274882101248 1126050230697992 67554045950164994 8590983168 3096224777666560 2160066564 83562883760132 549764202496
15 3 100 1 134 3 9008041068331056 90080857359908876 51547996160 14636698990477312 13835058068183842848 580542139531296 50331648 13511108119756816 180157316673306628 17192452096 6755399508230144 4611686022755909680 879609302351920 16777216 4504200922791968 270220581847171080 34363932672 12384899109617664 9223372045495042064 334251535040528 33554432
16 3 101 1 135 3 36032164273324224 360323429439635504 206191984640 58546795961909248 51606716544 2322168558125187 201326592 54044432479027264 720629266693226512 68769808384 27021598032920576 17314087104 3518437209407681 67108864 18016803691167872 1080882327388684320 137455730688 49539596438470656 34561065024 1337006140162114 134217728
17 3 102 1 136 3 144128657093296896 1441306911898075328 824767938560 234187183844491264 206426866176 9288674232500748 805306368 216177729916109056 2882521464819417152 275079233536 108086392130633728 69256348416 14073748837630724 268435456 72067214764671488 4323538105647759488 549822922752 198158385751785472 138244260096 5348024560648456 536870912
18 3 103 1 137 3 576514628373187585 5765223249545790208 3299071754240 936748735377965056 825707464704 37154696930002992 3221225472 864710919664436226 11530077063184646400 1100316934144 432345568522534912 277025393664 56294995350522896 1073741824 288268859058685955 17294139228451504640 2199291691008 792633543007141888 552977040384 21392098242593824 2147483648
19 3 104 1 138 3 2306058513492750340 4614148924473609216 13196287016961 3746994941511860224 3302829858816 148618787720011968 12884901888 3458843678657744904 9226820105319482368 4401267736578 1729382274090139648 1108101574656 225179981402091584 4294967296 1153075436234743820 13836324692677363712 8797166764035 3170534172028567552 2211908161536 85568392970375296 8589934592
20 3 105 1 139 3 9224234053971001360 9851624184885248 52785148067845 14987979766047440896 13211319435264 594475150880047872 51539607552 13835374714630979616 13792273858826240 17605070946314 6917529096360558592 4432406298624 900719925608366336 17179869184 4612301744938975280 5066549580800000 35188667056143 12682136688114270208 8847632646144 342273571881501184 34359738368
21 3 53 1 140 3 3448068464902208 39406496739540994 211140592271380 4611686843061108736 52845277741059 2377900603520191488 206158430208 1266637395263616 55169095435304963 70420283785256 9223372311732682752 17729625194497 3602879702433465344 68719476736 2462906046349504 20266198323200001 140754668224572 13835058605037977600 35390530584578 1369094287526004736 137438953472
22 3 54 1 141 3 13792273859608832 157625986958163976 844562369085520 3298534883328 211381110964237 9511602414080765952 824633720832 5066549581054464 220676381741219852 281681135141024 1099511627776 70918500777990 14411518809733861376 274877906944 9851624185398016 81064793292800004 563018672898288 2199023255552 141562122338315 5476377150104018944 549755813888
23 3 55 1 142 3 55169095438435328 630503947832655904 3378249476342080 13194139533312 13835903579726020660 1152921508903960576 2 20266198324217856 882705526964879408 1126724540564096 4398046511104 4611969692430499864 2305843017806790656 3 39406496741592064 324259173171200016 2252074691593152 8796093022208 9223938285344129068 3458764526706524160 1
24 3 56 1 143 3 220676381753741312 2522015791330623616 13512997905368320 52776558133248 3382097775427792 4611686035615842307 8 81064793296871424 3530822107859517632 4506898162256384 17592186044416 1134696012447840 9223372071227162625 12 157625986966368256 1297036692684800064 9008298766372608 35184372088832 2264993957413040 13835058106826096642 4
25 3 57 1 144 3 882705527014965248 10088063165322494464 54051991621473280 211106232532992 13528391101711168 68753817612 33 324259173187485696 14123288431438070528 18027592649025536 70368744177664 4538784049791360 137489547268 50 630503947865473024 5188146770739200256 36033195065490432 140737488355328 9059975829652160 206175731720 19
26 3 58 1 145 3 3530822108059860992 3458764513870874624 216207966485893122 844424930131968 54113564406844672 275015270448 132 1297036692749942784 1152921504623627264 72110370596102147 281474976710656 18155136199165440 549958189072 200 2522015791461892096 2305843009247249408 144132780261961729 562949953421312 36239903318608640 824702926880 76
27 3 59 1 146 3 14123288432239443968 13835058055483498496 864831865943572488 3377699720527872 216454257627378688 1100061081792 528 5188146770999771136 4611686018494509056 288441482384408588 1125899906842624 72620544796661760 2199832756288 800 10088063165847568384 9223372036988997632 576531121047846916 2251799813685248 144959613274434560 3298811707520 304
28 3 60 1 147 3 1152921507829121024 805339139 3459327463774289955 13510798882111488 865817030509514752 4400244327168 2112 2305843010289532928 268484609 1153765929537634353 4503599627370496 290482179186647040 8799331025152 3200 3458764515971170304 536887298 2306124484191387666 9007199254740992 579838453097738240 13195246830080 1216
29 3 61 1 148 3 4611686031316484096 3221356556 13837309855097159820 54043195528445952 3463268122038059008 17600977308672 8448 9223372041158131712 1073938436 4615063718150537412 18014398509481984 1161928716746588160 35197324100608 12800 13835058063884681216 2147549192 9224497936765550664 36028797018963968 2319353812390952960 52780987320320 4864
30 3 62 1 149 3 51556384768 12885426225 9007199259984432 216172782116929539 18014432870072320 70403909234688 33792 17213423616 4295753746 13510798892598032 72057594038976513 36028848558964736 140789296402432 51200 34410070016 8590196771 4503599643099424 144115188077953026 54043212709036032 211123949281280 19456
31 3 63 1 150 3 206225539072 51541704900 36028797039937728 864691128467718156 72057731480289280 281615636938752 135168 68853694464 17183014984 54043195570392128 288230376155906052 144115394235858944 563157185609728 204800 137640280064 34360787084 18014398572397696 576460752311812104 216172850836144128 844495797125120 77824
32 3 64 1 151 3 824902156288 206166819600 144115188159750912 3458764513870872624 288230925921157120 1126462547755008 540672 275414777856 68732059936 216172782281568512 1152921504623624208 576461576943435776 2252628742438912 819200 550561120256 137443148336 72057594289590784 2305843009247248416 864691403344576512 3377983188500480 311296
33 3 65 1 152 3 3299608625152 824667278400 576460752639003648 13835058055483490496 1152923703684628480 4505850191020032 2162688 1101659111424 274928239744 864691129126274048 4611686018494496832 2305846307773743104 9010514969755648 3276800 2202244481024 549772593344 288230377158363136 9223372036988993664 3458765613378306048 13511932754001920 1245184
34 3 66 1 153 3 13198434500608 3298669113600 2305843010556014592 806355712 8796311126019 18023400764080128 8650752 4406636445696 1099712958976 3458764516505096192 270532864 13194240196609 36042059879022592 13107200 8808977924096 2199090373376 1152921508633452544 540017152 4398231060482 54047731016007680 4980736
35 3 67 1 154 3 52793738002435 536921088 9223372042224058368 3225422848 35185244504076 72093603056320512 34603008 17626545782785 805324800 13835058066020384768 1082131456 52776960786436 144168239516090368 52428800 35235911696386 268471296 4611686034533810176 2160068608 17592924241928 216190924064030720 19922944
36 3 68 1 155 3 211174952009740 2147684352 21477130240 12901691394 140740978016304 288374412225282048 138412032 70506183131140 3221299200 42952884224 4328525827 211107843145744 576672958064361472 209715200 140943646785544 1073885184 64425689088 8640274433 70371696967712 864763696256122880 79691776
37 3 69 1 156 3 844699808038960 8590737408 85908520960 51606765576 562963912065216 1153497648901128192 553648128 282024732524560 12885196800 171811536896 17314103308 844431372582976 2306691832257445888 838860800 563774587142176 4295540736 257702756352 34561097732 281486787870848 3459054785024491520 318767104
38 3 70 1 157 3 3378799232155840 34362949632 343634083840 206427062304 2251855648260864 4613990595604512768 2214592512 1128098930098240 51540787200 687246147584 69256413232 3377725490331904 9226767329029783552 3355443200 2255098348568704 17182162944 1030811025408 138244390928 1125947151483392 13836219140097966080 1275068416
39 3 71 1 158 3 13515196928623360 137451798528 1374536335360 825708249216 9007422593043456 9218308708499456 8858370049 4512395720392960 206163148800 2748984590336 277025652928 13510901961327616 13581168700030976 13421772802 9020393394274816 68728651776 4123244101632 552977563712 4503788605933568 4644339263209472 5100273667
40 3 72 1 106 3 54060787714493440 13743946727424 5498145341440 3302829851136 36029690372173824 36873234833997824 35433480196 18049582881571840 5222699106304 10995938361344 1108101563136 54043607845310464 54324674800123904 53687091208 36081573577099264 9071007629312 16492976406528 2211908157696 18015154423734272 18577357052837888 20401094668
41 3 73 1 107 3 216243150857973760 54975786909696 21992581365760 13211319404544 144118761488695296 147492939335991296 141733920784 72198331526287360 20890796425216 43983753445376 4432406252544 216174431381241856 217298699200495616 214748364832 144326294308397056 36284030517248 65971905626112 8847632630784 72060617694937088 74309428211351552 81604378672
42 3 74 1 108 3 864972603431895042 211107054616576 87970325463040 52845277618176 576475045954781184 589971757343965184 566935683136 288793326105149443 70369046167552 175935013781504 17729625010176 864697725524967424 869194796801982464 858993459328 577305177233588225 140738075557888 263887622504448 35390530523136 288242470779748352 297237712845406208 326417514688
43 3 75 1 109 3 3459890413727580168 844428218466304 351881301852160 211381110472704 11529272220673900544 2359887029375860736 68719476992 1155173304420597772 281476184670208 703740055126016 70918500040704 17293848957382033408 3476779187207929856 137438953984 2309220708934352900 562952302231552 1055550490017792 141562122092544 5764655901546381312 1188950851381624832 206158430976
44 3 76 1 110 3 13839561654910320672 3377712873865216 1407525207408640 845524443987968 228698421723136 9439548117503442946 274877907968 4620693217682391088 1125904738680832 2814960220504064 283674003308544 105553117315072 13907116748831719427 549755815936 9236882835737411600 2251809208926208 4222201960071168 566248489418752 193514048585728 4755803405526499329 824633723904
45 3 77 1 111 3 18014398512627840 13510851495460867 5630100829634560 3382097775951872 4612600812114280448 864704322594668552 4098 36028797020012736 4503618954723329 11259840882016256 1134696013234176 9223794249324036096 288234774198222860 8195 54043195530543168 9007236835704834 16888807840284672 2264993957675008 13835832111476506624 576469548396445700 12289
46 3 78 1 112 3 72057594050511360 54052202074865676 22520403318538240 13528391101710336 3659174747570176 3458817290378674209 16392 144115188080050944 18027669958426628 45039363528065024 4538784049790976 1688849877041152 1152939096792891442 32780 216172782122172672 36033345389330440 67555231361138688 9059975829651456 3096224777371648 2305878193585782803 49156
47 3 79 1 113 3 288230376202045440 216208808299462704 90081613274152960 54113564406841344 14636698990280704 13835269161514696836 65568 576460752320203776 72110679833706512 180157454112260096 18155136199163904 6755399508164608 4611756387171565768 131120 864691128488690688 144133381557321760 270220925444554752 36239903318605824 12384899109486592 9223512774343131212 196624
48 3 80 1 114 3 1152921504808181760 864835233197850816 360326453096611840 216454257627365376 58546795961122816 844424930132496 262275 2305843009280815104 288442719334826048 720629816449040384 72620544796655616 27021598032658432 281474976711456 524481 3458764513954762752 576533526229287040 1080883701778219008 144959613274423296 49539596437946368 562949953421616 786498
49 3 81 1 115 3 4611686019232727043 3459327738651869952 1441305812386447360 865817030509461504 234187183844491264 3377699720529984 1049100 9223372037123260417 1153766479292793088 2882519265796161536 290482179186622464 108086392130633728 1125899906845824 2097924 13835058055819051010 2306125308824125952 4323534807112876032 579838453097693184 198158385751785472 2251799813686464 3145992
50 3 82 1 116 3 3221356556 13837310954607479809 5765223249545789440 3463268122037846016 936748735377965056 13510798882119936 4196400 1073938436 4615065917171172354 11530077063184646144 1161928716746489856 432345568522534912 4503599627383296 8391696 2147549192 9224501235296503811 17294139228451504128 2319353812390772736 792633543007141888 9007199254745856 12583968
51 3 83 1 117 3 12885426225 9007199254753284 4614148924473606147 13853072488151384065 3746994941511860224 54043195528479744 16785600 4295753746 13510798882115592 9226820105319481345 4647714866985959426 1729382274090139648 18014398509533184 33566784 8590196771 4503599627378700 13836324692677361666 9277415249563090947 3170534172028567552 36028797018983424 50335872
52 3 84 1 118 3 51541704900 36028797019013136 9851624184872972 72057731480027141 1152921710765277187 216172782113918976 67142400 17183014984 54043195528462368 13792273858822148 144115394235334666 2305843077933170689 72057594038132736 134267136 34360787084 18014398509514800 5066549580791816 216172850835357711 3458764651259494402 144115188075933696 201343488
0 3 85 1 119 3 206166819600 144115188076052544 39406496739491888 288230925921157140 824633720844 864691128455675904 268569600 68732059936 216172782113849472 55169095435288592 576461576943435816 274877906948 288230376152530944 537068544 137443148336 72057594038059200 20266198323167264 864691403344576572 549755813896 576460752303734784 805373952
1 3 86 1 120 3 824667278400 576460752304210176 157625986957967552 1152923703684628560 3298534883376 3458764513822703616 1074278400 274928239744 864691128455397888 220676381741154368 2305846307773743264 1099511627792 1152921504610123776 2148274176 549772593344 288230376152236800 81064793292669056 3458765613378306288 2199023255584 2305843009214939136 3221495808
41 1 92 3 125 1 0 0 0 4503599627370496 0 0 0 0 0 0 9007199254740992 0 0 0 0 0 0 13510798882111488 0 0 0
42 1 93 3 126 1 0 0 0 18014398509481984 0 0 0 0 0 0 36028797018963968 0 0 0 0 0 0 54043195528445952 0 0 0
43 1 94 3 127 1 0 0 0 72057594037927936 0 0 0 0 0 0 144115188075855872 0 0 0 0 0 0 216172782113783808 0 0 0
44 1 95 3 128 1 0 0 0 288230376151711744 0 0 0 0 0 0 576460752303423488 0 0 0 0 0 0 864691128455135232 0 0 0
45 1 96 3 129 1 0 0 0 1152921504606846976 0 0 0 0 0 0 2305843009213693952 0 0 0 0 0 0 3458764513820540928 0 0 0
46 1 97 3 130 1 0 0 0 4611686018427387904 0 0 0 0 0 0 9223372036854775808 0 0 0 0 0 0 13835058055282163712 0 0 0
47 1 98 3 131 1 0 0 0 0 1 0 0 0 0 0 0 2 0 0 0 0 0 0 3 0 0
48 1 99 3 132 1 0 0 0 0 4 0 0 0 0 0 0 8 0 0 0 0 0 0 12 0 0
49 1 100 3 133 1 0 0 0 0 16 0 0 0 0 0 0 32 0 0 0 0 0 0 48 0 0
50 1 101 3 134 1 0 0 0 0 64 0 0 0 0 0 0 128 0 0 0 0 0 0 192 0 0
51 1 102 3 135 1 0 0 0 0 256 0 0 0 0 0 0 512 0 0 0 0 0 0 768 0 0
52 1 103 3 136 1 0 0 0 0 1024 0 0 0 0 0 0 2048 0 0 0 0 0 0 3072 0 0
0 1 104 3 137 1 0 0 0 0 4096 0 0 0 0 0 0 8192 0 0 0 0 0 0 12288 0 0
1 1 105 3 138 1 0 0 0 0 16384 0 0 0 0 0 0 32768 0 0 0 0 0 0 49152 0 0
2 1 53 3 139 1 0 0 0 0 65536 0 0 0 0 0 0 131072 0 0 0 0 0 0 196608 0 0
3 1 54 3 140 1 0 0 0 0 262144 0 0 0 0 0 0 524288 0 0 0 0 0 0 786432 0 0
4 1 55 3 141 1 0 0 0 0 1048576 0 0 0 0 0 0 2097152 0 0 0 0 0 0 3145728 0 0
5 1 56 3 142 1 0 0 0 0 4194304 0 0 0 0 0 0 8388608 0 0 0 0 0 0 12582912 0 0
6 1 57 3 143 1 0 0 0 0 16777216 0 0 0 0 0 0 33554432 0 0 0 0 0 0 50331648 0 0
7 1 58 3 144 1 0 0 0 0 67108864 0 0 0 0 0 0 134217728 0 0 0 0 0 0 201326592 0 0
8 1 59 3 145 1 0 0 0 0 268435456 0 0 0 0 0 0 536870912 0 0 0 0 0 0 805306368 0 0
9 1 60 3 146 1 0 0 0 0 1073741824 0 0 0 0 0 0 2147483648 0 0 0 0 0 0 3221225472 0 0
10 1 61 3 147 1 0 0 0 0 4294967296 0 0 0 0 0 0 8589934592 0 0 0 0 0 0 12884901888 0 0
11 1 62 3 148 1 0 0 0 0 17179869184 0 0 0 0 0 0 34359738368 0 0 0 0 0 0 51539607552 0 0
12 1 63 3 149 1 0 0 0 0 68719476736 0 0 0 0 0 0 137438953472 0 0 0 0 0 0 206158430208 0 0
13 1 64 3 150 1 0 0 0 0 274877906944 0 0 0 0 0 0 549755813888 0 0 0 0 0 0 824633720832 0 0
14 1 65 3 151 1 0 0 0 0 1099511627776 0 0 0 0 0 0 2199023255552 0 0 0 0 0 0 3298534883328 0 0
15 1 66 3 152 1 0 0 0 0 4398046511104 0 0 0 0 0 0 8796093022208 0 0 0 0 0 0 13194139533312 0 0
16 1 67 3 153 1 0 0 0 0 17592186044416 0 0 0 0 0 0 35184372088832 0 0 0 0 0 0 52776558133248 0 0
17 1 68 3 154 1 0 0 0 0 70368744177664 0 0 0 0 0 0 140737488355328 0 0 0 0 0 0 211106232532992 0 0
18 1 69 3 155 1 0 0 0 0 281474976710656 0 0 0 0 0 0 562949953421312 0 0 0 0 0 0 844424930131968 0 0
19 1 70 3 156 1 0 0 0 0 1125899906842624 0 0 0 0 0 0 2251799813685248 0 0 0 0 0 0 3377699720527872 0 0
20 1 71 3 157 1 0 0 0 0 4503599627370496 0 0 0 0 0 0 9007199254740992 0 0 0 0 0 0 13510798882111488 0 0
21 1 72 3 158 1 0 0 0 0 18014398509481984 0 0 0 0 0 0 36028797018963968 0 0 0 0 0 0 54043195528445952 0 0
22 1 73 3 106 1 0 0 0 0 72057594037927936 0 0 0 0 0 0 144115188075855872 0 0 0 0 0 0 216172782113783808 0 0
23 1 74 3 107 1 0 0 0 0 288230376151711744 0 0 0 0 0 0 576460752303423488 0 0 0 0 0 0 864691128455135232 0 0
24 1 75 3 108 1 0 0 0 0 1152921504606846976 0 0 0 0 0 0 2305843009213693952 0 0 0 0 0 0 3458764513820540928 0 0
25 1 76 3 109 1 0 0 0 1048576 0 0 0 0 0 0 2097152 0 0 0 0 0 0 3145728 0 0 0
26 1 77 3 110 1 0 0 0 4194304 0 0 0 0 0 0 8388608 0 0 0 0 0 0 12582912 0 0 0
27 1 78 3 111 1 0 0 0 16777216 0 0 0 0 0 0 33554432 0 0 0 0 0 0 50331648 0 0 0
28 1 79 3 112 1 0 0 0 67108864 0 0 0 0 0 0 134217728 0 0 0 0 0 0 201326592 0 0 0
29 1 80 3 113 1 0 0 0 268435456 0 0 0 0 0 0 536870912 0 0 0 0 0 0 805306368 0 0 0
30 1 81 3 114 1 0 0 0 1073741824 0 0 0 0 0 0 2147483648 0 0 0 0 0 0 3221225472 0 0 0
31 1 82 3 115 1 0 0 0 4294967296 0 0 0 0 0 0 8589934592 0 0 0 0 0 0 12884901888 0 0 0
32 1 83 3 116 1 0 0 0 17179869184 0 0 0 0 0 0 34359738368 0 0 0 0 0 0 51539607552 0 0 0
33 1 84 3 117 1 0 0 0 68719476736 0 0 0 0 0 0 137438953472 0 0 0 0 0 0 206158430208 0 0 0
34 1 85 3 118 1 0 0 0 274877906944 0 0 0 0 0 0 549755813888 0 0 0 0 0 0 824633720832 0 0 0
35 1 86 3 119 1 0 0 0 1099511627776 0 0 0 0 0 0 2199023255552 0 0 0 0 0 0 3298534883328 0 0 0
36 1 87 3 120 1 0 0 0 4398046511104 0 0 0 0 0 0 8796093022208 0 0 0 0 0 0 13194139533312 0 0 0
37 1 88 3 121 1 0 0 0 17592186044416 0 0 0 0 0 0 35184372088832 0 0 0 0 0 0 52776558133248 0 0 0
38 1 89 3 122 1 0 0 0 70368744177664 0 0 0 0 0 0 140737488355328 0 0 0 0 0 0 211106232532992 0 0 0
39 1 90 3 123 1 0 0 0 281474976710656 0 0 0 0 0 0 562949953421312 0 0 0 0 0 0 844424930131968 0 0 0
40 1 91 3 124 1 0 0 0 1125899906842624 0 0 0 0 0 0 2251799813685248 0 0 0 0 0 0 3377699720527872 0 0 0
41 2 53 1 150 1 0 0 0 0 0 1073741824 0 0 0 0 0 0 2147483648 0 0 0 0 0 0 3221225472 0
42 2 54 1 151 1 0 0 0 0 0 4294967296 0 0 0 0 0 0 8589934592 0 0 0 0 0 0 12884901888 0
43 2 55 1 152 1 0 0 0 0 0 17179869184 0 0 0 0 0 0 34359738368 0 0 0 0 0 0 51539607552 0
44 2 56 1 153 1 0 0 0 0 0 68719476736 0 0 0 0 0 0 137438953472 0 0 0 0 0 0 206158430208 0
45 2 57 1 154 1 0 0 0 0 0 274877906944 0 0 0 0 0 0 549755813888 0 0 0 0 0 0 824633720832 0
46 2 58 1 155 1 0 0 0 0 0 1099511627776 0 0 0 0 0 0 2199023255552 0 0 0 0 0 0 3298534883328 0
47 2 59 1 156 1 0 0 0 0 0 4398046511104 0 0 0 0 0 0 8796093022208 0 0 0 0 0 0 13194139533312 0
48 2 60 1 157 1 0 0 0 0 0 17592186044416 0 0 0 0 0 0 35184372088832 0 0 0 0 0 0 52776558133248 0
49 2 61 1 158 1 0 0 0 0 0 70368744177664 0 0 0 0 0 0 140737488355328 0 0 0 0 0 0 211106232532992 0
50 2 62 1 106 1 0 0 0 0 0 281474976710656 0 0 0 0 0 0 562949953421312 0 0 0 0 0 0 844424930131968 0
51 2 63 1 107 1 0 0 0 0 0 1125899906842624 0 0 0 0 0 0 2251799813685248 0 0 0 0 0 0 3377699720527872 0
52 2 64 1 108 1 0 0 0 0 0 4503599627370496 0 0 0 0 0 0 9007199254740992 0 0 0 0 0 0 13510798882111488 0
0 2 65 1 109 1 0 0 0 0 0 18014398509481984 0 0 0 0 0 0 36028797018963968 0 0 0 0 0 0 54043195528445952 0
1 2 66 1 110 1 0 0 0 0 0 72057594037927936 0 0 0 0 0 0 144115188075855872 0 0 0 0 0 0 216172782113783808 0
2 2 67 1 111 1 0 0 0 0 0 288230376151711744 0 0 0 0 0 0 576460752303423488 0 0 0 0 0 0 864691128455135232 0
3 2 68 1 112 1 0 0 0 0 0 1152921504606846976 0 0 0 0 0 0 2305843009213693952 0 0 0 0 0 0 3458764513820540928 0
4 2 69 1 113 1 0 0 0 0 0 4611686018427387904 0 0 0 0 0 0 9223372036854775808 0 0 0 0 0 0 13835058055282163712 0
5 2 70 1 114 1 0 0 0 0 0 0 1 0 0 0 0 0 0 2 0 0 0 0 0 0 3
6 2 71 1 115 1 0 0 0 0 0 0 4 0 0 0 0 0 0 8 0 0 0 0 0 0 12
7 2 72 1 116 1 0 0 0 0 0 0 16 0 0 0 0 0 0 32 0 0 0 0 0 0 48
8 2 73 1 117 1 0 0 0 0 0 0 64 0 0 0 0 0 0 128 0 0 0 0 0 0 192
9 2 74 1 118 1 0 0 0 0 0 0 256 0 0 0 0 0 0 512 0 0 0 0 0 0 768
10 2 75 1 119 1 0 0 0 0 0 0 1024 0 0 0 0 0 0 2048 0 0 0 0 0 0 3072
11 2 76 1 120 1 0 0 0 0 0 0 4096 0 0 0 0 0 0 8192 0 0 0 0 0 0 12288
12 2 77 1 121 1 0 0 0 0 0 0 16384 0 0 0 0 0 0 32768 0 0 0 0 0 0 49152
13 2 78 1 122 1 0 0 0 0 0 0 65536 0 0 0 0 0 0 131072 0 0 0 0 0 0 196608
14 2 79 1 123 1 0 0 0 0 0 0 262144 0 0 0 0 0 0 524288 0 0 0 0 0 0 786432
15 2 80 1 124 1 0 0 0 0 0 0 1048576 0 0 0 0 0 0 2097152 0 0 0 0 0 0 3145728
16 2 81 1 125 1 0 0 0 0 0 0 4194304 0 0 0 0 0 0 8388608 0 0 0 0 0 0 12582912
17 2 82 1 126 1 0 0 0 0 0 0 16777216 0 0 0 0 0 0 33554432 0 0 0 0 0 0 50331648
18 2 83 1 127 1 0 0 0 0 0 0 67108864 0 0 0 0 0 0 134217728 0 0 0 0 0 0 201326592
19 2 84 1 128 1 0 0 0 0 0 0 268435456 0 0 0 0 0 0 536870912 0 0 0 0 0 0 805306368
20 2 85 1 129 1 0 0 0 0 0 0 1073741824 0 0 0 0 0 0 2147483648 0 0 0 0 0 0 3221225472
21 2 86 1 130 1 0 0 0 0 0 0 4294967296 0 0 0 0 0 0 8589934592 0 0 0 0 0 0 12884901888
22 2 87 1 131 1 0 0 0 0 0 0 17179869184 0 0 0 0 0 0 34359738368 0 0 0 0 0 0 51539607552
23 2 88 1 132 1 0 0 0 0 0 0 68719476736 0 0 0 0 0 0 137438953472 0 0 0 0 0 0 206158430208
24 2 89 1 133 1 0 0 0 0 0 0 274877906944 0 0 0 0 0 0 549755813888 0 0 0 0 0 0 824633720832
25 2 90 1 134 1 0 0 0 0 4611686018427387904 0 0 0 0 0 0 9223372036854775808 0 0 0 0 0 0 13835058055282163712 0 0
26 2 91 1 135 1 0 0 0 0 0 1 0 0 0 0 0 0 2 0 0 0 0 0 0 3 0
27 2 92 1 136 1 0 0 0 0 0 4 0 0 0 0 0 0 8 0 0 0 0 0 0 12 0
28 2 93 1 137 1 0 0 0 0 0 16 0 0 0 0 0 0 32 0 0 0 0 0 0 48 0
29 2 94 1 138 1 0 0 0 0 0 64 0 0 0 0 0 0 128 0 0 0 0 0 0 192 0
30 2 95 1 139 1 0 0 0 0 0 256 0 0 0 0 0 0 512 0 0 0 0 0 0 768 0
31 2 96 1 140 1 0 0 0 0 0 1024 0 0 0 0 0 0 2048 0 0 0 0 0 0 3072 0
32 2 97 1 141 1 0 0 0 0 0 4096 0 0 0 0 0 0 8192 0 0 0 0 0 0 12288 0
33 2 98 1 142 1 0 0 0 0 0 16384 0 0 0 0 0 0 32768 0 0 0 0 0 0 49152 0
34 2 99 1 143 1 0 0 0 0 0 65536 0 0 0 0 0 0 131072 0 0 0 0 0 0 196608 0
35 2 100 1 144 1 0 0 0 0 0 262144 0 0 0 0 0 0 524288 0 0 0 0 0 0 786432 0
36 2 101 1 145 1 0 0 0 0 0 1048576 0 0 0 0 0 0 2097152 0 0 0 0 0 0 3145728 0
37 2 102 1 146 1 0 0 0 0 0 4194304 0 0 0 0 0 0 8388608 0 0 0 0 0 0 12582912 0
38 2 103 1 147 1 0 0 0 0 0 16777216 0 0 0 0 0 0 33554432 0 0 0 0 0 0 50331648 0
39 2 104 1 148 1 0 0 0 0 0 67108864 0 0 0 0 0 0 134217728 0 0 0 0 0 0 201326592 0
40 2 105 1 149 1 0 0 0 0 0 268435456 0 0 0 0 0 0 536870912 0 0 0 0 0 0 805306368 0
