160 60 2 20
0 1 20 2 40 3 36311375819317360 269 54608353129148560 518 18862134910521568 779
1 1 21 2 41 3 145245503277269440 1076 218433412516594240 2072 75448539642086272 3116
2 1 22 2 42 3 580982013109077760 4304 873733650066376960 8288 301794158568345088 12464
3 1 23 2 43 3 2323928052436311040 17216 3494934600265507840 33152 1207176634273380352 49856
4 1 24 2 44 3 9295712209745244161 3328 13979738401062031362 1536 4828706537093521411 2816
5 1 25 2 45 3 289360691561873412 13314 578721383119470600 6147 868082074664534028 11265
6 1 26 2 46 3 1157442766247493648 53256 2314885532477882400 24588 3472328298658136112 45060
7 1 27 2 47 3 4629774363524857920 16416 9259543229423157376 32816 13889315393655800000 49168
8 1 28 2 48 3 72353380389880065 129 144684770273526274 194 217029353494545155 67
9 1 29 2 49 3 289413521559520260 516 578739081094105096 776 868117413978180620 268
10 1 30 2 50 3 1157654086238081040 2064 2314956324376420384 3104 3472469655912722480 1072
11 1 31 2 51 3 4630615245440696385 8256 9259823098482425986 12416 13889875325116006595 4288
12 1 32 2 52 3 75716908053233924 33025 145804246510600712 49666 219269079335371532 17155
13 1 33 2 53 3 302869831236191248 1028 583220284577286176 2056 877077416853113904 3084
14 1 34 2 54 3 1211477125921509442 4112 2332877839774261379 8224 3508308567900827841 12336
15 1 35 2 55 3 4845908503686037768 16448 9331511359097045516 32896 14033234271603311364 49344
16 1 36 2 56 3 936891040546227232 257 432559487992334384 514 792708163819473936 771
17 1 37 2 57 3 3747563062673281153 1028 1730235752946081986 2056 3170829356743012419 3084
18 1 38 2 58 3 14990248952158241287 4112 6920941912272700169 8224 12683315227948794126 12336
19 1 39 2 59 3 4620763587504310300 16451 9237023575381249060 32897 13839772764376073272 49346
6 3 21 1 42 1 4223499073750240 522 1410123712956528 783 2818872952491152 261
7 3 22 1 43 1 16892896783373185 2088 5638295828570562 3132 11272193275081283 1044
8 3 23 1 44 1 67571587133492740 8352 22553183314282248 12528 45088773100325132 4176
9 3 24 1 45 1 270286348533970960 33408 90212733257128992 50112 180355092401300528 16704
10 3 25 1 46 1 1081147593159139392 2560 360854231563399296 3840 721421469116829888 1280
11 3 26 1 47 1 4324590372636557568 10240 1443416926253597184 15360 2885685876467319552 5120
12 3 27 1 48 1 17298361490546230272 40960 5773667705014388736 61440 11542743505869278208 20480
13 3 28 1 49 1 13853215940079521792 32771 4647930044882886656 49153 9277486975569637376 16386
14 3 29 1 50 1 72631539189432322 15 144976105821995011 5 216459754859446273 10
15 3 30 1 51 1 290526156757729288 60 579904423287980044 20 865839019437785092 40
16 3 31 1 52 1 1162104627030917152 240 2319617693151920176 80 3463356077751140368 160
17 3 32 1 53 1 4648418508123668608 960 9278470772607680704 320 13853424311004561472 640
18 3 33 1 54 1 146929958785122816 3841 220394943011619584 1282 73465022889591040 2563
19 3 34 1 55 1 587719835140491264 15364 881579772046478336 5128 293860091558364160 10252
0 3 35 1 56 1 2350879340561965056 61456 3526319088185913344 20512 1175440366233456640 41008
1 3 36 1 57 1 9403519561271115777 49216 14105275253232025602 16512 4701760365422198787 32960
2 3 37 1 58 1 720593396200243204 258 1080869891311075336 515 360299587002499084 769
3 3 38 1 59 1 2882370286266089491 1032 4323478465732673569 2060 1441196148986740786 3076
4 3 39 1 40 1 11529478946041102414 4128 17293910564395810951 8240 5764783496435335369 12304
5 3 20 1 41 1 9224427636745306424 16514 13835410036454588956 32963 4612389912031789860 49217
2 2 30 1 47 1 54045121872147456 387 18016875649439744 705 36032646417230848 834
3 2 31 1 48 1 216177188953706499 1548 72066403086131201 2820 144128386645667842 3336
4 2 32 1 49 1 864708755814825996 6192 288265612344524804 11280 576513546582671368 13344
5 2 33 1 50 1 3458835023259303984 24768 1153062449378099216 45120 2306054186330685472 53376
6 2 34 1 51 1 13835341192548843712 33536 4612251996535652416 49408 9224220043857625216 16896
7 2 35 1 52 1 1132549066720002 3075 2263912433058051 1025 3392028011397633 2050
8 2 36 1 53 1 4530196266880008 12300 9055649732232204 4100 13568112045590532 8200
9 2 37 1 54 1 18120785067520032 49200 36222598928928816 16400 54272448182362128 32800
10 2 38 1 55 1 72483140270080131 192 144890395715715265 64 217089792729448514 128
11 2 39 1 56 1 289932561080320524 768 579561582862861060 256 868359170917794056 512
12 2 20 1 57 1 1159730244321282096 3072 2318246331451444240 1024 3473436683671176224 2048
13 2 21 1 58 1 4638918778261872834 12288 9272982027270893635 4096 13893745635173077121 8192
14 2 22 1 59 1 108931039337939720 49153 198439961664471308 16386 234750319563653636 32771
15 2 23 1 40 1 435727455886642208 4 793760946169513008 8 939003477277870096 12
16 2 24 1 41 1 1742906525011685507 16 3175042685166424257 32 3756011710088224834 48
17 2 25 1 42 1 6971625000535114253 64 12700168541642441478 128 15024043541818016011 192
18 2 26 1 43 1 9439755928430905396 257 13907186019150662680 514 4755941946143409196 771
19 2 27 1 44 1 865535566304518352 1030 288511855473995872 2059 577023710864085168 3085
0 2 28 1 45 1 3462142265218073408 4120 1154047421895983488 8236 2308094843456340672 12340
1 2 29 1 46 1 13848569060872293632 16480 4616189687583933952 32944 9232379373825362688 49360
18 1 31 3 53 2 5368710144 0 10737420288 0 16106130432 0
19 1 32 3 54 2 21474840576 0 42949681152 0 64424521728 0
0 1 33 3 55 2 85899362304 0 171798724608 0 257698086912 0
1 1 34 3 56 2 343597449216 0 687194898432 0 1030792347648 0
2 1 35 3 57 2 274878169089 0 549756338178 0 824634507267 0
3 1 36 3 58 2 1048581 0 2097162 0 3145743 0
4 1 37 3 59 2 4194324 0 8388648 0 12582972 0
5 1 38 3 40 2 16777296 0 33554592 0 50331888 0
6 1 39 3 41 2 67109184 0 134218368 0 201327552 0
7 1 20 3 42 2 268436736 0 536873472 0 805310208 0
8 1 21 3 43 2 1073746944 0 2147493888 0 3221240832 0
9 1 22 3 44 2 4294987776 0 8589975552 0 12884963328 0
10 1 23 3 45 2 17179951104 0 34359902208 0 51539853312 0
11 1 24 3 46 2 68719804416 0 137439608832 0 206159413248 0
12 1 25 3 47 2 274879217664 0 549758435328 0 824637652992 0
13 1 26 3 48 2 5242881 0 10485762 0 15728643 0
14 1 27 3 49 2 20971524 0 41943048 0 62914572 0
15 1 28 3 50 2 83886096 0 167772192 0 251658288 0
16 1 29 3 51 2 335544384 0 671088768 0 1006633152 0
17 1 30 3 52 2 1342177536 0 2684355072 0 4026532608 0
2 3 20 1 53 1 0 0 0 0 0 0
3 3 21 1 54 1 0 0 0 0 0 0
4 3 22 1 55 1 0 0 0 0 0 0
5 3 23 1 56 1 0 0 0 0 0 0
6 3 24 1 57 1 0 0 0 0 0 0
7 3 25 1 58 1 0 0 0 0 0 0
8 3 26 1 59 1 0 0 0 0 0 0
9 3 27 1 40 1 0 0 0 0 0 0
10 3 28 1 41 1 0 0 0 0 0 0
11 3 29 1 42 1 0 0 0 0 0 0
12 3 30 1 43 1 0 0 0 0 0 0
13 3 31 1 44 1 0 0 0 0 0 0
14 3 32 1 45 1 0 0 0 0 0 0
15 3 33 1 46 1 0 0 0 0 0 0
16 3 34 1 47 1 0 0 0 0 0 0
17 3 35 1 48 1 0 0 0 0 0 0
18 3 36 1 49 1 0 0 0 0 0 0
19 3 37 1 50 1 0 0 0 0 0 0
0 3 38 1 51 1 0 0 0 0 0 0
1 3 39 1 52 1 0 0 0 0 0 0
0 1 21 2 47 3 0 0 0 0 0 0
1 1 22 2 48 3 0 0 0 0 0 0
2 1 23 2 49 3 0 0 0 0 0 0
3 1 24 2 50 3 0 0 0 0 0 0
4 1 25 2 51 3 0 0 0 0 0 0
5 1 26 2 52 3 0 0 0 0 0 0
6 1 27 2 53 3 0 0 0 0 0 0
7 1 28 2 54 3 0 0 0 0 0 0
8 1 29 2 55 3 0 0 0 0 0 0
9 1 30 2 56 3 0 0 0 0 0 0
10 1 31 2 57 3 0 0 0 0 0 0
11 1 32 2 58 3 0 0 0 0 0 0
12 1 33 2 59 3 0 0 0 0 0 0
13 1 34 2 40 3 0 0 0 0 0 0
14 1 35 2 41 3 0 0 0 0 0 0
15 1 36 2 42 3 0 0 0 0 0 0
16 1 37 2 43 3 0 0 0 0 0 0
17 1 38 2 44 3 0 0 0 0 0 0
18 1 39 2 45 3 0 0 0 0 0 0
19 1 20 2 46 3 0 0 0 0 0 0
18 1 30 3 42 2 1125899906842624 320 2251799813685248 640 3377699720527872 960
19 1 31 3 43 2 4503599627370496 1280 9007199254740992 2560 13510798882111488 3840
0 1 32 3 44 2 18014398509481984 5120 36028797018963968 10240 54043195528445952 15360
1 1 33 3 45 2 72057594037927936 20480 144115188075855872 40960 216172782113783808 61440
2 1 34 3 46 2 288231475663339520 16384 576462951326679040 32768 864694426990018560 49152
3 1 35 3 47 2 1152927002164985856 0 2305854004329971712 0 3458781006494957568 0
4 1 36 3 48 2 4611708008659943424 0 9223416017319886848 0 13835124025979830272 0
5 1 37 3 49 2 87960930222080 1 175921860444160 2 263882790666240 3
6 1 38 3 50 2 351843720888320 4 703687441776640 8 1055531162664960 12
7 1 39 3 51 2 1407374883553280 16 2814749767106560 32 4222124650659840 48
8 1 20 3 52 2 5629499534213120 64 11258999068426240 128 16888498602639360 192
9 1 21 3 53 2 22517998136852480 256 45035996273704960 512 67553994410557440 768
10 1 22 3 54 2 90071992547409920 1024 180143985094819840 2048 270215977642229760 3072
11 1 23 3 55 2 360287970189639680 4096 720575940379279360 8192 1080863910568919040 12288
12 1 24 3 56 2 1441151880758558720 16384 2882303761517117440 32768 4323455642275676160 49152
13 1 25 3 57 2 5764608622545862656 0 11529217245091725312 0 17293825867637587968 0
14 1 26 3 58 2 4611690416473899008 1 9223380832947798016 2 13835071249421697024 3
15 1 27 3 59 2 17592186044416 5 35184372088832 10 52776558133248 15
16 1 28 3 40 2 70368744177664 20 140737488355328 40 211106232532992 60
17 1 29 3 41 2 281474976710656 80 562949953421312 160 844424930131968 240
6 2 31 1 40 1 0 0 0 0 0 0
7 2 32 1 41 1 0 0 0 0 0 0
8 2 33 1 42 1 0 0 0 0 0 0
9 2 34 1 43 1 0 0 0 0 0 0
10 2 35 1 44 1 0 0 0 0 0 0
11 2 36 1 45 1 0 0 0 0 0 0
12 2 37 1 46 1 0 0 0 0 0 0
13 2 38 1 47 1 0 0 0 0 0 0
14 2 39 1 48 1 0 0 0 0 0 0
15 2 20 1 49 1 0 0 0 0 0 0
16 2 21 1 50 1 0 0 0 0 0 0
17 2 22 1 51 1 0 0 0 0 0 0
18 2 23 1 52 1 0 0 0 0 0 0
19 2 24 1 53 1 0 0 0 0 0 0
0 2 25 1 54 1 0 0 0 0 0 0
1 2 26 1 55 1 0 0 0 0 0 0
2 2 27 1 56 1 0 0 0 0 0 0
3 2 28 1 57 1 0 0 0 0 0 0
4 2 29 1 58 1 0 0 0 0 0 0
5 2 30 1 59 1 0 0 0 0 0 0
