640 240 5 80
0 2 80 1 160 1 0 0 0 0 0 0 0 0 0 0 0 0 0 0 0
1 2 81 1 161 1 0 0 0 0 0 0 0 0 0 0 0 0 0 0 0
2 2 82 1 162 1 0 0 0 0 0 0 0 0 0 0 0 0 0 0 0
3 2 83 1 163 1 0 0 0 0 0 0 0 0 0 0 0 0 0 0 0
4 2 84 1 164 1 0 0 0 0 0 0 0 0 0 0 0 0 0 0 0
5 2 85 1 165 1 0 0 0 0 0 0 0 0 0 0 0 0 0 0 0
6 2 86 1 166 1 0 0 0 0 0 0 0 0 0 0 0 0 0 0 0
7 2 87 1 167 1 0 0 0 0 0 0 0 0 0 0 0 0 0 0 0
8 2 88 1 168 1 0 0 0 0 0 0 0 0 0 0 0 0 0 0 0
9 2 89 1 169 1 0 0 0 0 0 0 0 0 0 0 0 0 0 0 0
10 2 90 1 170 1 0 0 0 0 0 0 0 0 0 0 0 0 0 0 0
11 2 91 1 171 1 0 0 0 0 0 0 0 0 0 0 0 0 0 0 0
12 2 92 1 172 1 0 0 0 0 0 0 0 0 0 0 0 0 0 0 0
13 2 93 1 173 1 0 0 0 0 0 0 0 0 0 0 0 0 0 0 0
14 2 94 1 174 1 0 0 0 0 0 0 0 0 0 0 0 0 0 0 0
15 2 95 1 175 1 0 0 0 0 0 0 0 0 0 0 0 0 0 0 0
16 2 96 1 176 1 0 0 0 0 0 0 0 0 0 0 0 0 0 0 0
17 2 97 1 177 1 0 0 0 0 0 0 0 0 0 0 0 0 0 0 0
18 2 98 1 178 1 0 0 0 0 0 0 0 0 0 0 0 0 0 0 0
19 2 99 1 179 1 0 0 0 0 0 0 0 0 0 0 0 0 0 0 0
20 2 100 1 180 1 0 0 0 0 0 0 0 0 0 0 0 0 0 0 0
21 2 101 1 181 1 0 0 0 0 0 0 0 0 0 0 0 0 0 0 0
22 2 102 1 182 1 0 0 0 0 0 0 0 0 0 0 0 0 0 0 0
23 2 103 1 183 1 0 0 0 0 0 0 0 0 0 0 0 0 0 0 0
24 2 104 1 184 1 0 0 0 0 0 0 0 0 0 0 0 0 0 0 0
25 2 105 1 185 1 0 0 0 0 0 0 0 0 0 0 0 0 0 0 0
26 2 106 1 186 1 0 0 0 0 0 0 0 0 0 0 0 0 0 0 0
27 2 107 1 187 1 0 0 0 0 0 0 0 0 0 0 0 0 0 0 0
28 2 108 1 188 1 0 0 0 0 0 0 0 0 0 0 0 0 0 0 0
29 2 109 1 189 1 0 0 0 0 0 0 0 0 0 0 0 0 0 0 0
30 2 110 1 190 1 0 0 0 0 0 0 0 0 0 0 0 0 0 0 0
31 2 111 1 191 1 0 0 0 0 0 0 0 0 0 0 0 0 0 0 0
32 2 112 1 192 1 0 0 0 0 0 0 0 0 0 0 0 0 0 0 0
33 2 113 1 193 1 0 0 0 0 0 0 0 0 0 0 0 0 0 0 0
34 2 114 1 194 1 0 0 0 0 0 0 0 0 0 0 0 0 0 0 0
35 2 115 1 195 1 0 0 0 0 0 0 0 0 0 0 0 0 0 0 0
36 2 116 1 196 1 0 0 0 0 0 0 0 0 0 0 0 0 0 0 0
37 2 117 1 197 1 0 0 0 0 0 0 0 0 0 0 0 0 0 0 0
38 2 118 1 198 1 0 0 0 0 0 0 0 0 0 0 0 0 0 0 0
39 2 119 1 199 1 0 0 0 0 0 0 0 0 0 0 0 0 0 0 0
40 2 120 1 200 1 0 0 0 0 0 0 0 0 0 0 0 0 0 0 0
41 2 121 1 201 1 0 0 0 0 0 0 0 0 0 0 0 0 0 0 0
42 2 122 1 202 1 0 0 0 0 0 0 0 0 0 0 0 0 0 0 0
43 2 123 1 203 1 0 0 0 0 0 0 0 0 0 0 0 0 0 0 0
44 2 124 1 204 1 0 0 0 0 0 0 0 0 0 0 0 0 0 0 0
45 2 125 1 205 1 0 0 0 0 0 0 0 0 0 0 0 0 0 0 0
46 2 126 1 206 1 0 0 0 0 0 0 0 0 0 0 0 0 0 0 0
47 2 127 1 207 1 0 0 0 0 0 0 0 0 0 0 0 0 0 0 0
48 2 128 1 208 1 0 0 0 0 0 0 0 0 0 0 0 0 0 0 0
49 2 129 1 209 1 0 0 0 0 0 0 0 0 0 0 0 0 0 0 0
50 2 130 1 210 1 0 0 0 0 0 0 0 0 0 0 0 0 0 0 0
51 2 131 1 211 1 0 0 0 0 0 0 0 0 0 0 0 0 0 0 0
52 2 132 1 212 1 0 0 0 0 0 0 0 0 0 0 0 0 0 0 0
53 2 133 1 213 1 0 0 0 0 0 0 0 0 0 0 0 0 0 0 0
54 2 134 1 214 1 0 0 0 0 0 0 0 0 0 0 0 0 0 0 0
55 2 135 1 215 1 0 0 0 0 0 0 0 0 0 0 0 0 0 0 0
56 2 136 1 216 1 0 0 0 0 0 0 0 0 0 0 0 0 0 0 0
57 2 137 1 217 1 0 0 0 0 0 0 0 0 0 0 0 0 0 0 0
58 2 138 1 218 1 0 0 0 0 0 0 0 0 0 0 0 0 0 0 0
59 2 139 1 219 1 0 0 0 0 0 0 0 0 0 0 0 0 0 0 0
60 2 140 1 220 1 0 0 0 0 0 0 0 0 0 0 0 0 0 0 0
61 2 141 1 221 1 0 0 0 0 0 0 0 0 0 0 0 0 0 0 0
62 2 142 1 222 1 0 0 0 0 0 0 0 0 0 0 0 0 0 0 0
63 2 143 1 223 1 0 0 0 0 0 0 0 0 0 0 0 0 0 0 0
64 2 144 1 224 1 0 0 0 0 0 0 0 0 0 0 0 0 0 0 0
65 2 145 1 225 1 0 0 0 0 0 0 0 0 0 0 0 0 0 0 0
66 2 146 1 226 1 0 0 0 0 0 0 0 0 0 0 0 0 0 0 0
67 2 147 1 227 1 0 0 0 0 0 0 0 0 0 0 0 0 0 0 0
68 2 148 1 228 1 0 0 0 0 0 0 0 0 0 0 0 0 0 0 0
69 2 149 1 229 1 0 0 0 0 0 0 0 0 0 0 0 0 0 0 0
70 2 150 1 230 1 0 0 0 0 0 0 0 0 0 0 0 0 0 0 0
71 2 151 1 231 1 0 0 0 0 0 0 0 0 0 0 0 0 0 0 0
72 2 152 1 232 1 0 0 0 0 0 0 0 0 0 0 0 0 0 0 0
73 2 153 1 233 1 0 0 0 0 0 0 0 0 0 0 0 0 0 0 0
74 2 154 1 234 1 0 0 0 0 0 0 0 0 0 0 0 0 0 0 0
75 2 155 1 235 1 0 0 0 0 0 0 0 0 0 0 0 0 0 0 0
76 2 156 1 236 1 0 0 0 0 0 0 0 0 0 0 0 0 0 0 0
77 2 157 1 237 1 0 0 0 0 0 0 0 0 0 0 0 0 0 0 0
78 2 158 1 238 1 0 0 0 0 0 0 0 0 0 0 0 0 0 0 0
79 2 159 1 239 1 0 0 0 0 0 0 0 0 0 0 0 0 0 0 0
0 1 140 2 180 1 0 0 0 0 0 0 0 0 0 0 0 0 0 0 0
1 1 141 2 181 1 0 0 0 0 0 0 0 0 0 0 0 0 0 0 0
2 1 142 2 182 1 0 0 0 0 0 0 0 0 0 0 0 0 0 0 0
3 1 143 2 183 1 0 0 0 0 0 0 0 0 0 0 0 0 0 0 0
4 1 144 2 184 1 0 0 0 0 0 0 0 0 0 0 0 0 0 0 0
5 1 145 2 185 1 0 0 0 0 0 0 0 0 0 0 0 0 0 0 0
6 1 146 2 186 1 0 0 0 0 0 0 0 0 0 0 0 0 0 0 0
7 1 147 2 187 1 0 0 0 0 0 0 0 0 0 0 0 0 0 0 0
8 1 148 2 188 1 0 0 0 0 0 0 0 0 0 0 0 0 0 0 0
9 1 149 2 189 1 0 0 0 0 0 0 0 0 0 0 0 0 0 0 0
10 1 150 2 190 1 0 0 0 0 0 0 0 0 0 0 0 0 0 0 0
11 1 151 2 191 1 0 0 0 0 0 0 0 0 0 0 0 0 0 0 0
12 1 152 2 192 1 0 0 0 0 0 0 0 0 0 0 0 0 0 0 0
13 1 153 2 193 1 0 0 0 0 0 0 0 0 0 0 0 0 0 0 0
14 1 154 2 194 1 0 0 0 0 0 0 0 0 0 0 0 0 0 0 0
15 1 155 2 195 1 0 0 0 0 0 0 0 0 0 0 0 0 0 0 0
16 1 156 2 196 1 0 0 0 0 0 0 0 0 0 0 0 0 0 0 0
17 1 157 2 197 1 0 0 0 0 0 0 0 0 0 0 0 0 0 0 0
18 1 158 2 198 1 0 0 0 0 0 0 0 0 0 0 0 0 0 0 0
19 1 159 2 199 1 0 0 0 0 0 0 0 0 0 0 0 0 0 0 0
20 1 80 2 200 1 0 0 0 0 0 0 0 0 0 0 0 0 0 0 0
21 1 81 2 201 1 0 0 0 0 0 0 0 0 0 0 0 0 0 0 0
22 1 82 2 202 1 0 0 0 0 0 0 0 0 0 0 0 0 0 0 0
23 1 83 2 203 1 0 0 0 0 0 0 0 0 0 0 0 0 0 0 0
24 1 84 2 204 1 0 0 0 0 0 0 0 0 0 0 0 0 0 0 0
25 1 85 2 205 1 0 0 0 0 0 0 0 0 0 0 0 0 0 0 0
26 1 86 2 206 1 0 0 0 0 0 0 0 0 0 0 0 0 0 0 0
27 1 87 2 207 1 0 0 0 0 0 0 0 0 0 0 0 0 0 0 0
28 1 88 2 208 1 0 0 0 0 0 0 0 0 0 0 0 0 0 0 0
29 1 89 2 209 1 0 0 0 0 0 0 0 0 0 0 0 0 0 0 0
30 1 90 2 210 1 0 0 0 0 0 0 0 0 0 0 0 0 0 0 0
31 1 91 2 211 1 0 0 0 0 0 0 0 0 0 0 0 0 0 0 0
32 1 92 2 212 1 0 0 0 0 0 0 0 0 0 0 0 0 0 0 0
33 1 93 2 213 1 0 0 0 0 0 0 0 0 0 0 0 0 0 0 0
34 1 94 2 214 1 0 0 0 0 0 0 0 0 0 0 0 0 0 0 0
35 1 95 2 215 1 0 0 0 0 0 0 0 0 0 0 0 0 0 0 0
36 1 96 2 216 1 0 0 0 0 0 0 0 0 0 0 0 0 0 0 0
37 1 97 2 217 1 0 0 0 0 0 0 0 0 0 0 0 0 0 0 0
38 1 98 2 218 1 0 0 0 0 0 0 0 0 0 0 0 0 0 0 0
39 1 99 2 219 1 0 0 0 0 0 0 0 0 0 0 0 0 0 0 0
40 1 100 2 220 1 0 0 0 0 0 0 0 0 0 0 0 0 0 0 0
41 1 101 2 221 1 0 0 0 0 0 0 0 0 0 0 0 0 0 0 0
42 1 102 2 222 1 0 0 0 0 0 0 0 0 0 0 0 0 0 0 0
43 1 103 2 223 1 0 0 0 0 0 0 0 0 0 0 0 0 0 0 0
44 1 104 2 224 1 0 0 0 0 0 0 0 0 0 0 0 0 0 0 0
45 1 105 2 225 1 0 0 0 0 0 0 0 0 0 0 0 0 0 0 0
46 1 106 2 226 1 0 0 0 0 0 0 0 0 0 0 0 0 0 0 0
47 1 107 2 227 1 0 0 0 0 0 0 0 0 0 0 0 0 0 0 0
48 1 108 2 228 1 0 0 0 0 0 0 0 0 0 0 0 0 0 0 0
49 1 109 2 229 1 0 0 0 0 0 0 0 0 0 0 0 0 0 0 0
50 1 110 2 230 1 0 0 0 0 0 0 0 0 0 0 0 0 0 0 0
51 1 111 2 231 1 0 0 0 0 0 0 0 0 0 0 0 0 0 0 0
52 1 112 2 232 1 0 0 0 0 0 0 0 0 0 0 0 0 0 0 0
53 1 113 2 233 1 0 0 0 0 0 0 0 0 0 0 0 0 0 0 0
54 1 114 2 234 1 0 0 0 0 0 0 0 0 0 0 0 0 0 0 0
55 1 115 2 235 1 0 0 0 0 0 0 0 0 0 0 0 0 0 0 0
56 1 116 2 236 1 0 0 0 0 0 0 0 0 0 0 0 0 0 0 0
57 1 117 2 237 1 0 0 0 0 0 0 0 0 0 0 0 0 0 0 0
58 1 118 2 238 1 0 0 0 0 0 0 0 0 0 0 0 0 0 0 0
59 1 119 2 239 1 0 0 0 0 0 0 0 0 0 0 0 0 0 0 0
60 1 120 2 160 1 0 0 0 0 0 0 0 0 0 0 0 0 0 0 0
61 1 121 2 161 1 0 0 0 0 0 0 0 0 0 0 0 0 0 0 0
62 1 122 2 162 1 0 0 0 0 0 0 0 0 0 0 0 0 0 0 0
63 1 123 2 163 1 0 0 0 0 0 0 0 0 0 0 0 0 0 0 0
64 1 124 2 164 1 0 0 0 0 0 0 0 0 0 0 0 0 0 0 0
65 1 125 2 165 1 0 0 0 0 0 0 0 0 0 0 0 0 0 0 0
66 1 126 2 166 1 0 0 0 0 0 0 0 0 0 0 0 0 0 0 0
67 1 127 2 167 1 0 0 0 0 0 0 0 0 0 0 0 0 0 0 0
68 1 128 2 168 1 0 0 0 0 0 0 0 0 0 0 0 0 0 0 0
69 1 129 2 169 1 0 0 0 0 0 0 0 0 0 0 0 0 0 0 0
70 1 130 2 170 1 0 0 0 0 0 0 0 0 0 0 0 0 0 0 0
71 1 131 2 171 1 0 0 0 0 0 0 0 0 0 0 0 0 0 0 0
72 1 132 2 172 1 0 0 0 0 0 0 0 0 0 0 0 0 0 0 0
73 1 133 2 173 1 0 0 0 0 0 0 0 0 0 0 0 0 0 0 0
74 1 134 2 174 1 0 0 0 0 0 0 0 0 0 0 0 0 0 0 0
75 1 135 2 175 1 0 0 0 0 0 0 0 0 0 0 0 0 0 0 0
76 1 136 2 176 1 0 0 0 0 0 0 0 0 0 0 0 0 0 0 0
77 1 137 2 177 1 0 0 0 0 0 0 0 0 0 0 0 0 0 0 0
78 1 138 2 178 1 0 0 0 0 0 0 0 0 0 0 0 0 0 0 0
79 1 139 2 179 1 0 0 0 0 0 0 0 0 0 0 0 0 0 0 0
0 1 130 1 230 2 0 0 0 0 0 0 0 0 0 0 0 0 0 0 0
1 1 131 1 231 2 0 0 0 0 0 0 0 0 0 0 0 0 0 0 0
2 1 132 1 232 2 0 0 0 0 0 0 0 0 0 0 0 0 0 0 0
3 1 133 1 233 2 0 0 0 0 0 0 0 0 0 0 0 0 0 0 0
4 1 134 1 234 2 0 0 0 0 0 0 0 0 0 0 0 0 0 0 0
5 1 135 1 235 2 0 0 0 0 0 0 0 0 0 0 0 0 0 0 0
6 1 136 1 236 2 0 0 0 0 0 0 0 0 0 0 0 0 0 0 0
7 1 137 1 237 2 0 0 0 0 0 0 0 0 0 0 0 0 0 0 0
8 1 138 1 238 2 0 0 0 0 0 0 0 0 0 0 0 0 0 0 0
9 1 139 1 239 2 0 0 0 0 0 0 0 0 0 0 0 0 0 0 0
10 1 140 1 160 2 0 0 0 0 0 0 0 0 0 0 0 0 0 0 0
11 1 141 1 161 2 0 0 0 0 0 0 0 0 0 0 0 0 0 0 0
12 1 142 1 162 2 0 0 0 0 0 0 0 0 0 0 0 0 0 0 0
13 1 143 1 163 2 0 0 0 0 0 0 0 0 0 0 0 0 0 0 0
14 1 144 1 164 2 0 0 0 0 0 0 0 0 0 0 0 0 0 0 0
15 1 145 1 165 2 0 0 0 0 0 0 0 0 0 0 0 0 0 0 0
16 1 146 1 166 2 0 0 0 0 0 0 0 0 0 0 0 0 0 0 0
17 1 147 1 167 2 0 0 0 0 0 0 0 0 0 0 0 0 0 0 0
18 1 148 1 168 2 0 0 0 0 0 0 0 0 0 0 0 0 0 0 0
19 1 149 1 169 2 0 0 0 0 0 0 0 0 0 0 0 0 0 0 0
20 1 150 1 170 2 0 0 0 0 0 0 0 0 0 0 0 0 0 0 0
21 1 151 1 171 2 0 0 0 0 0 0 0 0 0 0 0 0 0 0 0
22 1 152 1 172 2 0 0 0 0 0 0 0 0 0 0 0 0 0 0 0
23 1 153 1 173 2 0 0 0 0 0 0 0 0 0 0 0 0 0 0 0
24 1 154 1 174 2 0 0 0 0 0 0 0 0 0 0 0 0 0 0 0
25 1 155 1 175 2 0 0 0 0 0 0 0 0 0 0 0 0 0 0 0
26 1 156 1 176 2 0 0 0 0 0 0 0 0 0 0 0 0 0 0 0
27 1 157 1 177 2 0 0 0 0 0 0 0 0 0 0 0 0 0 0 0
28 1 158 1 178 2 0 0 0 0 0 0 0 0 0 0 0 0 0 0 0
29 1 159 1 179 2 0 0 0 0 0 0 0 0 0 0 0 0 0 0 0
30 1 80 1 180 2 0 0 0 0 0 0 0 0 0 0 0 0 0 0 0
31 1 81 1 181 2 0 0 0 0 0 0 0 0 0 0 0 0 0 0 0
32 1 82 1 182 2 0 0 0 0 0 0 0 0 0 0 0 0 0 0 0
33 1 83 1 183 2 0 0 0 0 0 0 0 0 0 0 0 0 0 0 0
34 1 84 1 184 2 0 0 0 0 0 0 0 0 0 0 0 0 0 0 0
35 1 85 1 185 2 0 0 0 0 0 0 0 0 0 0 0 0 0 0 0
36 1 86 1 186 2 0 0 0 0 0 0 0 0 0 0 0 0 0 0 0
37 1 87 1 187 2 0 0 0 0 0 0 0 0 0 0 0 0 0 0 0
38 1 88 1 188 2 0 0 0 0 0 0 0 0 0 0 0 0 0 0 0
39 1 89 1 189 2 0 0 0 0 0 0 0 0 0 0 0 0 0 0 0
40 1 90 1 190 2 0 0 0 0 0 0 0 0 0 0 0 0 0 0 0
41 1 91 1 191 2 0 0 0 0 0 0 0 0 0 0 0 0 0 0 0
42 1 92 1 192 2 0 0 0 0 0 0 0 0 0 0 0 0 0 0 0
43 1 93 1 193 2 0 0 0 0 0 0 0 0 0 0 0 0 0 0 0
44 1 94 1 194 2 0 0 0 0 0 0 0 0 0 0 0 0 0 0 0
45 1 95 1 195 2 0 0 0 0 0 0 0 0 0 0 0 0 0 0 0
46 1 96 1 196 2 0 0 0 0 0 0 0 0 0 0 0 0 0 0 0
47 1 97 1 197 2 0 0 0 0 0 0 0 0 0 0 0 0 0 0 0
48 1 98 1 198 2 0 0 0 0 0 0 0 0 0 0 0 0 0 0 0
49 1 99 1 199 2 0 0 0 0 0 0 0 0 0 0 0 0 0 0 0
50 1 100 1 200 2 0 0 0 0 0 0 0 0 0 0 0 0 0 0 0
51 1 101 1 201 2 0 0 0 0 0 0 0 0 0 0 0 0 0 0 0
52 1 102 1 202 2 0 0 0 0 0 0 0 0 0 0 0 0 0 0 0
53 1 103 1 203 2 0 0 0 0 0 0 0 0 0 0 0 0 0 0 0
54 1 104 1 204 2 0 0 0 0 0 0 0 0 0 0 0 0 0 0 0
55 1 105 1 205 2 0 0 0 0 0 0 0 0 0 0 0 0 0 0 0
56 1 106 1 206 2 0 0 0 0 0 0 0 0 0 0 0 0 0 0 0
57 1 107 1 207 2 0 0 0 0 0 0 0 0 0 0 0 0 0 0 0
58 1 108 1 208 2 0 0 0 0 0 0 0 0 0 0 0 0 0 0 0
59 1 109 1 209 2 0 0 0 0 0 0 0 0 0 0 0 0 0 0 0
60 1 110 1 210 2 0 0 0 0 0 0 0 0 0 0 0 0 0 0 0
61 1 111 1 211 2 0 0 0 0 0 0 0 0 0 0 0 0 0 0 0
62 1 112 1 212 2 0 0 0 0 0 0 0 0 0 0 0 0 0 0 0
63 1 113 1 213 2 0 0 0 0 0 0 0 0 0 0 0 0 0 0 0
64 1 114 1 214 2 0 0 0 0 0 0 0 0 0 0 0 0 0 0 0
65 1 115 1 215 2 0 0 0 0 0 0 0 0 0 0 0 0 0 0 0
66 1 116 1 216 2 0 0 0 0 0 0 0 0 0 0 0 0 0 0 0
67 1 117 1 217 2 0 0 0 0 0 0 0 0 0 0 0 0 0 0 0
68 1 118 1 218 2 0 0 0 0 0 0 0 0 0 0 0 0 0 0 0
69 1 119 1 219 2 0 0 0 0 0 0 0 0 0 0 0 0 0 0 0
70 1 120 1 220 2 0 0 0 0 0 0 0 0 0 0 0 0 0 0 0
71 1 121 1 221 2 0 0 0 0 0 0 0 0 0 0 0 0 0 0 0
72 1 122 1 222 2 0 0 0 0 0 0 0 0 0 0 0 0 0 0 0
73 1 123 1 223 2 0 0 0 0 0 0 0 0 0 0 0 0 0 0 0
74 1 124 1 224 2 0 0 0 0 0 0 0 0 0 0 0 0 0 0 0
75 1 125 1 225 2 0 0 0 0 0 0 0 0 0 0 0 0 0 0 0
76 1 126 1 226 2 0 0 0 0 0 0 0 0 0 0 0 0 0 0 0
77 1 127 1 227 2 0 0 0 0 0 0 0 0 0 0 0 0 0 0 0
78 1 128 1 228 2 0 0 0 0 0 0 0 0 0 0 0 0 0 0 0
79 1 129 1 229 2 0 0 0 0 0 0 0 0 0 0 0 0 0 0 0
0 3 120 3 170 3 1 0 0 0 0 2 0 0 0 0 3 0 0 0 0
1 3 121 3 171 3 4 0 0 0 0 8 0 0 0 0 12 0 0 0 0
2 3 122 3 172 3 16 0 0 0 0 32 0 0 0 0 48 0 0 0 0
3 3 123 3 173 3 64 0 0 0 0 128 0 0 0 0 192 0 0 0 0
4 3 124 3 174 3 256 0 0 0 0 512 0 0 0 0 768 0 0 0 0
5 3 125 3 175 3 1024 0 0 0 0 2048 0 0 0 0 3072 0 0 0 0
6 3 126 3 176 3 4096 0 0 0 0 8192 0 0 0 0 12288 0 0 0 0
7 3 127 3 177 3 16384 0 0 0 0 32768 0 0 0 0 49152 0 0 0 0
8 3 128 3 178 3 65536 0 0 0 0 131072 0 0 0 0 196608 0 0 0 0
9 3 129 3 179 3 262144 0 0 0 0 524288 0 0 0 0 786432 0 0 0 0
10 3 130 3 180 3 1048576 0 0 0 0 2097152 0 0 0 0 3145728 0 0 0 0
11 3 131 3 181 3 4194304 0 0 0 0 8388608 0 0 0 0 12582912 0 0 0 0
12 3 132 3 182 3 16777216 0 0 0 0 33554432 0 0 0 0 50331648 0 0 0 0
13 3 133 3 183 3 67108864 0 0 0 0 134217728 0 0 0 0 201326592 0 0 0 0
14 3 134 3 184 3 268435456 0 0 0 0 536870912 0 0 0 0 805306368 0 0 0 0
15 3 135 3 185 3 1073741824 0 0 0 0 2147483648 0 0 0 0 3221225472 0 0 0 0
16 3 136 3 186 3 4294967296 0 0 0 0 8589934592 0 0 0 0 12884901888 0 0 0 0
17 3 137 3 187 3 17179869184 0 0 0 0 34359738368 0 0 0 0 51539607552 0 0 0 0
18 3 138 3 188 3 68719476736 0 0 0 0 137438953472 0 0 0 0 206158430208 0 0 0 0
19 3 139 3 189 3 274877906944 0 0 0 0 549755813888 0 0 0 0 824633720832 0 0 0 0
20 3 140 3 190 3 1099511627776 0 0 0 0 2199023255552 0 0 0 0 3298534883328 0 0 0 0
21 3 141 3 191 3 4398046511104 0 0 0 0 8796093022208 0 0 0 0 13194139533312 0 0 0 0
22 3 142 3 192 3 17592186044416 0 0 0 0 35184372088832 0 0 0 0 52776558133248 0 0 0 0
23 3 143 3 193 3 70368744177664 0 0 0 0 140737488355328 0 0 0 0 211106232532992 0 0 0 0
24 3 144 3 194 3 281474976710656 0 0 0 0 562949953421312 0 0 0 0 844424930131968 0 0 0 0
25 3 145 3 195 3 1125899906842624 0 0 0 0 2251799813685248 0 0 0 0 3377699720527872 0 0 0 0
26 3 146 3 196 3 4503599627370496 0 0 0 0 9007199254740992 0 0 0 0 13510798882111488 0 0 0 0
27 3 147 3 197 3 18014398509481984 0 0 0 0 36028797018963968 0 0 0 0 54043195528445952 0 0 0 0
28 3 148 3 198 3 72057594037927936 0 0 0 0 144115188075855872 0 0 0 0 216172782113783808 0 0 0 0
29 3 149 3 199 3 288230376151711744 0 0 0 0 576460752303423488 0 0 0 0 864691128455135232 0 0 0 0
30 3 150 3 200 3 1152921504606846976 0 0 0 0 2305843009213693952 0 0 0 0 3458764513820540928 0 0 0 0
31 3 151 3 201 3 4611686018427387904 0 0 0 0 9223372036854775808 0 0 0 0 13835058055282163712 0 0 0 0
32 3 152 3 202 3 0 1 0 0 0 0 2 0 0 0 0 3 0 0 0
33 3 153 3 203 3 0 4 0 0 0 0 8 0 0 0 0 12 0 0 0
34 3 154 3 204 3 0 16 0 0 0 0 32 0 0 0 0 48 0 0 0
35 3 155 3 205 3 0 64 0 0 0 0 128 0 0 0 0 192 0 0 0
36 3 156 3 206 3 0 256 0 0 0 0 512 0 0 0 0 768 0 0 0
37 3 157 3 207 3 0 1024 0 0 0 0 2048 0 0 0 0 3072 0 0 0
38 3 158 3 208 3 0 4096 0 0 0 0 8192 0 0 0 0 12288 0 0 0
39 3 159 3 209 3 0 16384 0 0 0 0 32768 0 0 0 0 49152 0 0 0
40 3 80 3 210 3 0 65536 0 0 0 0 131072 0 0 0 0 196608 0 0 0
41 3 81 3 211 3 0 262144 0 0 0 0 524288 0 0 0 0 786432 0 0 0
42 3 82 3 212 3 0 1048576 0 0 0 0 2097152 0 0 0 0 3145728 0 0 0
43 3 83 3 213 3 0 4194304 0 0 0 0 8388608 0 0 0 0 12582912 0 0 0
44 3 84 3 214 3 0 16777216 0 0 0 0 33554432 0 0 0 0 50331648 0 0 0
45 3 85 3 215 3 0 67108864 0 0 0 0 134217728 0 0 0 0 201326592 0 0 0
46 3 86 3 216 3 0 268435456 0 0 0 0 536870912 0 0 0 0 805306368 0 0 0
47 3 87 3 217 3 0 1073741824 0 0 0 0 2147483648 0 0 0 0 3221225472 0 0 0
48 3 88 3 218 3 0 4294967296 0 0 0 0 8589934592 0 0 0 0 12884901888 0 0 0
49 3 89 3 219 3 0 17179869184 0 0 0 0 34359738368 0 0 0 0 51539607552 0 0 0
50 3 90 3 220 3 0 68719476736 0 0 0 0 137438953472 0 0 0 0 206158430208 0 0 0
51 3 91 3 221 3 0 274877906944 0 0 0 0 549755813888 0 0 0 0 824633720832 0 0 0
52 3 92 3 222 3 0 1099511627776 0 0 0 0 2199023255552 0 0 0 0 3298534883328 0 0 0
53 3 93 3 223 3 0 4398046511104 0 0 0 0 8796093022208 0 0 0 0 13194139533312 0 0 0
54 3 94 3 224 3 0 17592186044416 0 0 0 0 35184372088832 0 0 0 0 52776558133248 0 0 0
55 3 95 3 225 3 0 70368744177664 0 0 0 0 140737488355328 0 0 0 0 211106232532992 0 0 0
56 3 96 3 226 3 0 281474976710656 0 0 0 0 562949953421312 0 0 0 0 844424930131968 0 0 0
57 3 97 3 227 3 0 1125899906842624 0 0 0 0 2251799813685248 0 0 0 0 3377699720527872 0 0 0
58 3 98 3 228 3 0 4503599627370496 0 0 0 0 9007199254740992 0 0 0 0 13510798882111488 0 0 0
59 3 99 3 229 3 0 18014398509481984 0 0 0 0 36028797018963968 0 0 0 0 54043195528445952 0 0 0
60 3 100 3 230 3 0 72057594037927936 0 0 0 0 144115188075855872 0 0 0 0 216172782113783808 0 0 0
61 3 101 3 231 3 0 288230376151711744 0 0 0 0 576460752303423488 0 0 0 0 864691128455135232 0 0 0
62 3 102 3 232 3 0 1152921504606846976 0 0 0 0 2305843009213693952 0 0 0 0 3458764513820540928 0 0 0
63 3 103 3 233 3 0 4611686018427387904 0 0 0 0 9223372036854775808 0 0 0 0 13835058055282163712 0 0 0
64 3 104 3 234 3 0 0 1 0 0 0 0 2 0 0 0 0 3 0 0
65 3 105 3 235 3 0 0 4 0 0 0 0 8 0 0 0 0 12 0 0
66 3 106 3 236 3 0 0 16 0 0 0 0 32 0 0 0 0 48 0 0
67 3 107 3 237 3 0 0 64 0 0 0 0 128 0 0 0 0 192 0 0
68 3 108 3 238 3 0 0 256 0 0 0 0 512 0 0 0 0 768 0 0
69 3 109 3 239 3 0 0 1024 0 0 0 0 2048 0 0 0 0 3072 0 0
70 3 110 3 160 3 0 0 4096 0 0 0 0 8192 0 0 0 0 12288 0 0
71 3 111 3 161 3 0 0 16384 0 0 0 0 32768 0 0 0 0 49152 0 0
72 3 112 3 162 3 0 0 65536 0 0 0 0 131072 0 0 0 0 196608 0 0
73 3 113 3 163 3 0 0 262144 0 0 0 0 524288 0 0 0 0 786432 0 0
74 3 114 3 164 3 0 0 1048576 0 0 0 0 2097152 0 0 0 0 3145728 0 0
75 3 115 3 165 3 0 0 4194304 0 0 0 0 8388608 0 0 0 0 12582912 0 0
76 3 116 3 166 3 0 0 16777216 0 0 0 0 33554432 0 0 0 0 50331648 0 0
77 3 117 3 167 3 0 0 67108864 0 0 0 0 134217728 0 0 0 0 201326592 0 0
78 3 118 3 168 3 0 0 268435456 0 0 0 0 536870912 0 0 0 0 805306368 0 0
79 3 119 3 169 3 0 0 1073741824 0 0 0 0 2147483648 0 0 0 0 3221225472 0 0
0 1 107 1 197 1 18014432869236736 1125902054329344 140737622573120 13835062453341257740 576461302059761664 36028848558604288 2251803034911744 211106433859712 4611694814524604420 864691953089642496 54043212708364288 3377700794271744 70368811286720 9223385231002697736 288230651029880832
1 1 108 1 198 1 72057731476946944 4503608217317376 562950490292480 17592236376112 2305845208239046659 144115394234417152 9007212139646976 844425735438848 35184388866064 3458767812358569985 216172850833457152 13510803177086976 281475245146880 52776591687712 1152922604119523330
2 1 109 1 199 1 288230925907787776 18014432869269504 2251801961169920 70368945504448 9223380832956186636 576461576937668608 36028848558587904 3377702941755392 140737555464256 13835071249434279940 864691403333828608 54043212708347904 1125900980587520 211106366750848 4611690416478093320
3 1 110 1 200 1 1152923703631151106 72057731477078016 9007207844679680 281475782017792 35184405643312 2305846307750674435 144115394234351616 13510811767021568 562950221857024 52776608464912 3458765613335314433 216172850833391616 4503603922350080 844425467003392 17592202821664
4 1 111 1 201 1 4611694814524604424 288230925908312064 36028831378718720 1125903128071168 140737622573248 9223385231002697740 576461576937406464 54043247068086272 2251800887428096 211106433859648 13835062453341257732 864691403333566464 18014415689400320 3377701868013568 70368811286656
5 1 112 1 202 1 35184388866080 1152923703633248257 144115325514874880 4503612512284672 562950490292992 52776591687728 2305846307749625858 216172988272345088 9007203549712384 844425735438592 17592236376080 3458765613334265859 72057662757601280 13510807472054272 281475245146624
6 1 113 1 203 1 140737555464320 4611694814532993028 576461302059499520 18014450049138688 2251801961171968 211106366750912 9223385230998503432 864691953089380352 36028814198849536 3377702941754368 70368945504320 13835062453337063436 288230651030405120 54043229888217088 1125900980586496
7 1 114 1 204 1 562950221857280 35184422420496 2305845208237998081 72057800196554752 9007207844687872 844425467003648 52776574910496 3458767812357521410 144115256795398144 13510811767017472 281475782017280 17592219598896 1152922604121620483 216172919552868352 4503603922345984
8 1 115 1 205 1 2251800887429120 140737689681984 9223380832951992324 288231200786219008 36028831378751488 3377701868014592 211106299641984 13835071249430085640 576461027181592576 54043247068069888 1125903128069120 70368878395584 4611690416486481932 864691678211473408 18014415689383936
9 1 116 1 206 1 9007203549716480 562950758727936 35184388866064 1152924803144876034 144115325515005952 13510807472058368 844425198567936 52776591687712 2305844108726370307 216172988272279552 4503612512276480 281475513582336 17592236376112 3458766712845893633 72057662757535744
10 1 117 1 207 1 36028814198865920 2251803034911744 140737555464256 4611699212579504136 576461302060023808 54043229888233472 3377700794271744 211106366750848 9223376434905481228 864691953089118208 18014450049105920 1125902054329344 70368945504448 13835066851383574532 288230651030142976
11 1 118 1 208 1 144115256795463680 9007212139646976 562950221857024 52776608464928 2305845208240095233 216172919552933888 13510803177086976 844425467003392 17592202821680 3458767812356472834 72057800196423680 4503608217317376 281475782017792 35184405643280 1152922604120571907
12 1 119 1 209 1 576461027181854720 36028848558587904 2251800887428096 211106433859712 9223380832960380932 864691678211735552 54043212708347904 3377701868013568 70368811286720 13835071249425891336 288231200785694720 18014432869269504 1125903128071168 140737622573120 4611690416482287628
13 1 120 1 210 1 2305844108727418881 144115394234351616 9007207844679680 844425735438848 35184422420496 3458766712846942210 216172850833391616 13510811767021568 281475245146880 52776574910496 1152924803142778883 72057731477078016 4503603922350080 562950490292480 17592219598896
14 1 121 1 211 1 9223376434909675524 576461576937406464 36028831378718720 3377702941755392 140737689681984 13835066851387768840 864691403333566464 54043247068086272 1125900980587520 211106299641984 4611699212571115532 288230925908312064 18014415689400320 2251801961169920 70368878395584
15 1 122 1 212 1 17592219598864 2305846307749625858 144115325514874880 13510811767021568 562950758727936 35184422420512 3458765613334265859 216172988272345088 4503603922350080 844425198567936 52776574910512 1152923703633248257 72057662757601280 9007207844679680 281475513582336
16 1 123 1 213 1 70368878395456 9223385230998503432 576461302059499520 54043247068086272 2251803034911744 140737689682048 13835062453337063436 864691953089380352 18014415689400320 3377700794271744 211106299642048 4611694814532993028 288230651030405120 36028831378718720 1125902054329344
17 1 124 1 214 1 281475513581824 52776574910496 2305845208237998082 216172988272345088 9007212139646976 562950758728192 17592219598896 3458767812357521411 72057662757601280 13510803177086976 844425198568192 35184422420496 1152922604121620481 144115325514874880 4503608217317376
18 1 125 1 215 1 1125902054327296 211106299641984 9223380832951992328 864691953089380352 36028848558587904 2251803034912768 70368878395584 13835071249430085644 288230651030405120 54043212708347904 3377700794272768 140737689681984 4611690416486481924 576461302059499520 18014432869269504
19 1 126 1 216 1 4503608217309184 844425198567936 35184388866080 3458767812357521410 144115394234351616 9007212139651072 281475513582336 52776591687728 1152922604121620483 216172850833391616 13510803177091072 562950758727936 17592236376080 2305845208237998081 72057731477078016
20 1 127 1 217 1 18014432869236736 3377700794271744 140737555464320 13835071249430085640 576461576937406464 36028848558604288 1125902054329344 211106366750912 4611690416486481932 864691403333566464 54043212708364288 2251803034911744 70368945504320 9223380832951992324 288230925908312064
21 1 128 1 218 1 72057731476946944 13510803177086976 562950221857280 52776591687712 2305846307749625859 144115394234417152 4503608217317376 844425467003648 17592236376112 3458765613334265857 216172850833457152 9007212139646976 281475782017280 35184388866064 1152923703633248258
22 1 129 1 219 1 288230925907787776 54043212708347904 2251800887429120 211106366750848 9223385230998503436 576461576937668608 18014432869269504 3377701868014592 70368945504448 13835062453337063428 864691403333828608 36028848558587904 1125903128069120 140737555464256 4611694814532993032
23 1 130 1 220 1 1152923703631151105 216172850833391616 9007207844683776 844425467003392 52776574910512 2305846307750674434 72057731477078016 13510811767025664 281475782017792 17592219598864 3458765613335314435 144115394234351616 4503603922341888 562950221857024 35184422420512
24 1 131 1 221 1 4611694814524604420 864691403333566464 36028831378735104 3377701868013568 211106299642048 9223385231002697736 288230925908312064 54043247068102656 1125903128071168 70368878395456 13835062453341257740 576461576937406464 18014415689367552 2251800887428096 140737689682048
25 1 132 1 222 1 35184388866064 3458765613334265857 144115325514940416 13510807472054272 844425198568192 52776591687712 1152923703633248258 216172988272410624 4503612512284672 281475513581824 17592236376112 2305846307749625859 72057662757470208 9007203549712384 562950758728192
26 1 133 1 223 1 140737555464256 13835062453337063428 576461302059761664 54043229888217088 3377700794272768 211106366750848 4611694814532993032 864691953089642496 18014450049138688 1125902054327296 70368945504448 9223385230998503436 288230651029880832 36028814198849536 2251803034912768
27 1 134 1 224 1 562950221857024 17592219598864 2305845208239046659 216172919552868352 13510803177091072 844425467003392 35184422420512 3458767812358569985 72057800196554752 4503608217309184 281475782017792 52776574910512 1152922604119523330 144115256795398144 9007212139651072
28 1 135 1 225 1 2251800887428096 70368878395456 9223380832956186636 864691678211473408 54043212708364288 3377701868013568 140737689682048 13835071249434279940 288231200786219008 18014432869236736 1125903128071168 211106299642048 4611690416478093320 576461027181592576 36028848558604288
29 1 136 1 226 1 9007203549712384 281475513581824 35184405643312 3458766712845893634 216172850833457152 13510807472054272 562950758728192 52776608464912 1152924803144876035 72057731476946944 4503612512284672 844425198568192 17592202821664 2305844108726370305 144115394234417152
30 1 137 1 227 1 36028814198849536 1125902054327296 140737622573248 13835066851383574536 864691403333828608 54043229888217088 2251803034912768 211106433859648 4611699212579504140 288230925907787776 18014450049138688 3377700794272768 70368811286656 9223376434905481220 576461576937668608
31 1 138 1 228 1 144115256795398144 4503608217309184 562950490292992 35184405643296 3458765613335314435 216172919552868352 9007212139651072 844425735438592 52776608464944 1152923703631151105 72057800196554752 13510803177091072 281475245146624 17592202821648 2305846307750674434
32 1 139 1 229 1 576461027181592576 18014432869236736 2251801961171968 140737622573184 13835062453341257740 864691678211473408 36028848558604288 3377702941754368 211106433859776 4611694814524604420 288231200786219008 54043212708364288 1125900980586496 70368811286592 9223385231002697736
33 1 140 1 230 1 2305844108726370306 72057731476946944 9007212139655168 562950490292736 17592236376112 3458766712845893635 144115394234417152 13510803177082880 844425735439104 35184388866064 1152924803144876033 216172850833457152 4503608217313280 281475245146368 52776591687712
34 1 141 1 231 1 9223376434905481224 288230925907787776 36028848558620672 2251801961170944 70368945504448 13835066851383574540 576461576937668608 54043212708331520 3377702941756416 140737555464256 4611699212579504132 864691403333828608 18014432869253120 1125900980585472 211106366750848
35 1 142 1 232 1 17592202821664 1152923703631151106 144115394234482688 9007207844683776 281475782017792 35184405643312 2305846307750674435 216172850833326080 13510811767025664 562950221857024 52776608464912 3458765613335314433 72057731477012480 4503603922341888 844425467003392
36 1 143 1 233 1 70368811286656 4611694814524604424 576461576937930752 36028831378735104 1125903128071168 140737622573248 9223385231002697740 864691403333304320 54043247068102656 2251800887428096 211106433859648 13835062453341257732 288230925908049920 18014415689367552 3377701868013568
37 1 144 1 234 1 281475245146624 35184388866080 2305846307751723009 144115325514940416 4503612512284672 562950490292992 52776591687728 3458765613333217282 216172988272410624 9007203549712384 844425735438592 17592236376080 1152923703632199683 72057662757470208 13510807472054272
38 1 145 1 235 1 1125900980586496 140737555464320 9223385231006892036 576461302059761664 18014450049138688 2251801961171968 211106366750912 13835062453332869128 864691953089642496 36028814198849536 3377702941754368 70368945504320 4611694814528798732 288230651029880832 54043229888217088
39 1 146 1 236 1 4503603922345984 562950221857280 52776608464912 2305845208239046658 72057800196554752 9007207844687872 844425467003648 17592202821664 3458767812358569987 144115256795398144 13510811767017472 281475782017280 35184405643312 1152922604119523329 216172919552868352
40 1 147 1 237 1 18014415689383936 2251800887429120 211106433859648 9223380832956186632 288231200786219008 36028831378751488 3377701868014592 70368811286656 13835071249434279948 576461027181592576 54043247068069888 1125903128069120 140737622573248 4611690416478093316 864691678211473408
41 1 148 1 238 1 72057662757535744 9007203549716480 844425735438592 35184405643296 1152924803144876034 144115325515005952 13510807472058368 281475245146624 52776608464944 2305844108726370307 216172988272279552 4503612512276480 562950490292992 17592202821648 3458766712845893633
42 1 149 1 239 1 288230651030142976 36028814198865920 3377702941754368 140737622573184 4611699212579504136 576461302060023808 54043229888233472 1125900980586496 211106433859776 9223376434905481228 864691953089118208 18014450049105920 2251801961171968 70368811286592 13835066851383574532
43 1 150 1 160 1 1152922604120571907 144115256795463680 13510803177082880 562950490292736 52776608464928 2305845208240095233 216172919552933888 4503608217313280 844425735439104 17592202821680 3458767812356472834 72057800196423680 9007212139655168 281475245146368 35184405643280
44 1 151 1 161 1 4611690416482287628 576461027181854720 54043212708331520 2251801961170944 211106433859712 9223380832960380932 864691678211735552 18014432869253120 3377702941756416 70368811286720 13835071249425891336 288231200785694720 36028848558620672 1125900980585472 140737622573120
45 1 152 1 162 1 17592219598896 2305844108727418881 216172850833326080 9007207844683776 844425735438848 35184422420496 3458766712846942210 72057731477012480 13510811767025664 281475245146880 52776574910496 1152924803142778883 144115394234482688 4503603922341888 562950490292480
46 1 153 1 163 1 70368878395584 9223376434909675524 864691403333304320 36028831378735104 3377702941755392 140737689681984 13835066851387768840 288230925908049920 54043247068102656 1125900980587520 211106299641984 4611699212571115532 576461576937930752 18014415689367552 2251801961169920
47 1 154 1 164 1 281475513582336 17592219598864 3458765613333217282 144115325514940416 13510811767021568 562950758727936 35184422420512 1152923703632199683 216172988272410624 4503603922350080 844425198567936 52776574910512 2305846307751723009 72057662757470208 9007207844679680
48 1 155 1 165 1 1125902054329344 70368878395456 13835062453332869128 576461302059761664 54043247068086272 2251803034911744 140737689682048 4611694814528798732 864691953089642496 18014415689400320 3377700794271744 211106299642048 9223385231006892036 288230651029880832 36028831378718720
49 1 156 1 166 1 4503608217317376 281475513581824 17592202821664 2305845208239046659 216172988272345088 9007212139646976 562950758728192 35184405643312 3458767812358569985 72057662757601280 13510803177086976 844425198568192 52776608464912 1152922604119523330 144115325514874880
50 1 157 1 167 1 18014432869269504 1125902054327296 70368811286656 9223380832956186636 864691953089380352 36028848558587904 2251803034912768 140737622573248 13835071249434279940 288230651030405120 54043212708347904 3377700794272768 211106433859648 4611690416478093320 576461302059499520
51 1 158 1 168 1 72057731477078016 4503608217309184 281475245146624 35184405643312 3458767812357521410 144115394234351616 9007212139651072 562950490292992 52776608464912 1152922604121620483 216172850833391616 13510803177091072 844425735438592 17592202821664 2305845208237998081
52 1 159 1 169 1 288230925908312064 18014432869236736 1125900980586496 140737622573248 13835071249430085640 576461576937406464 36028848558604288 2251801961171968 211106433859648 4611690416486481932 864691403333566464 54043212708364288 3377702941754368 70368811286656 9223380832951992324
53 1 80 1 170 1 1152923703633248257 72057731476946944 4503612512280576 562950490292992 52776591687712 2305846307749625858 144115394234417152 9007203549720576 844425735438592 17592236376112 3458765613334265859 216172850833457152 13510807472050176 281475245146624 35184388866064
54 1 81 1 171 1 4611694814532993028 288230925907787776 18014450049122304 2251801961171968 211106366750848 9223385230998503432 576461576937668608 36028814198882304 3377702941754368 70368945504448 13835062453337063436 864691403333828608 54043229888200704 1125900980586496 140737555464256
55 1 82 1 172 1 35184422420496 1152923703631151105 72057800196489216 9007207844687872 844425467003392 52776574910496 2305846307750674434 144115256795529216 13510811767017472 281475782017792 17592219598896 3458765613335314435 216172919552802816 4503603922345984 562950221857024
56 1 83 1 173 1 140737689681984 4611694814524604420 288231200785956864 36028831378751488 3377701868013568 211106299641984 9223385231002697736 576461027182116864 54043247068069888 1125903128071168 70368878395584 13835062453341257740 864691678211211264 18014415689383936 2251800887428096
57 1 84 1 174 1 562950758727936 35184388866064 1152924803143827457 144115325515005952 13510807472054272 844425198567936 52776591687712 2305844108728467458 216172988272279552 4503612512284672 281475513582336 17592236376112 3458766712844845059 72057662757535744 9007203549712384
58 1 85 1 175 1 2251803034911744 140737555464256 4611699212575309828 576461302060023808 54043229888217088 3377700794271744 211106366750848 9223376434913869832 864691953089118208 18014450049138688 1125902054329344 70368945504448 13835066851379380236 288230651030142976 36028814198849536
59 1 86 1 176 1 9007212139646976 562950221857024 52776591687696 2305845208240095233 216172919552868352 13510803177086976 844425467003392 17592236376096 3458767812356472834 72057800196554752 4503608217317376 281475782017792 35184388866096 1152922604120571907 144115256795398144
60 1 87 1 177 1 36028848558587904 2251800887428096 211106366750784 9223380832960380932 864691678211473408 54043212708347904 3377701868013568 70368945504384 13835071249425891336 288231200786219008 18014432869269504 1125903128071168 140737555464384 4611690416482287628 576461027181592576
61 1 88 1 178 1 144115394234351616 9007203549712384 844425467003136 35184422420496 3458766712845893634 216172850833391616 13510807472054272 281475782017536 52776574910496 1152924803144876035 72057731477078016 4503612512284672 562950221857536 17592219598896 2305844108726370305
62 1 89 1 179 1 576461576937406464 36028814198849536 3377701868012544 140737689681984 13835066851383574536 864691403333566464 54043229888217088 1125903128070144 211106299641984 4611699212579504140 288230925908312064 18014450049138688 2251800887430144 70368878395584 9223376434905481220
63 1 90 1 180 1 2305846307749625858 144115256795398144 13510811767017472 562950758727936 35184405643296 3458765613334265859 216172919552868352 4503603922345984 844425198567936 52776608464944 1152923703633248257 72057800196554752 9007207844687872 281475513582336 17592202821648
64 1 91 1 181 1 9223385230998503432 576461027181592576 54043247068069888 2251803034911744 140737622573184 13835062453337063436 864691678211473408 18014415689383936 3377700794271744 211106433859776 4611694814532993028 288231200786219008 36028831378751488 1125902054329344 70368811286592
65 1 92 1 182 1 52776574910496 2305844108726370306 216172988272279552 9007212139646976 562950490292736 17592219598896 3458766712845893635 72057662757535744 13510803177086976 844425735439104 35184422420496 1152924803144876033 144115325515005952 4503608217317376 281475245146368
66 1 93 1 183 1 211106299641984 9223376434905481224 864691953089118208 36028848558587904 2251801961170944 70368878395584 13835066851383574540 288230651030142976 54043212708347904 3377702941756416 140737689681984 4611699212579504132 576461302060023808 18014432869269504 1125900980585472
67 1 94 1 184 1 844425198567936 17592202821664 3458767812356472834 144115394234351616 9007207844683776 281475513582336 35184405643312 1152922604120571907 216172850833391616 13510811767025664 562950758727936 52776608464912 2305845208240095233 72057731477078016 4503603922341888
68 1 95 1 185 1 3377700794271744 70368811286656 13835071249425891336 576461576937406464 36028831378735104 1125902054329344 140737622573248 4611690416482287628 864691403333566464 54043247068102656 2251803034911744 211106433859648 9223380832960380932 288230925908312064 18014415689367552
69 1 96 1 186 1 13510803177086976 281475245146624 52776574910496 2305846307749625859 144115325514940416 4503608217317376 562950490292992 17592219598896 3458765613334265857 216172988272410624 9007212139646976 844425735438592 35184422420496 1152923703633248258 72057662757470208
70 1 97 1 187 1 54043212708347904 1125900980586496 211106299641984 9223385230998503436 576461302059761664 18014432869269504 2251801961171968 70368878395584 13835062453337063428 864691953089642496 36028848558587904 3377702941754368 140737689681984 4611694814532993032 288230651029880832
71 1 98 1 188 1 216172850833391616 4503603922345984 844425198567936 52776574910512 2305845208239046658 72057731477078016 9007207844687872 281475513582336 17592219598864 3458767812358569987 144115394234351616 13510811767017472 562950758727936 35184422420512 1152922604119523329
72 1 99 1 189 1 864691403333566464 18014415689383936 3377700794271744 211106299642048 9223380832956186632 288230925908312064 36028831378751488 1125902054329344 70368878395456 13835071249434279948 576461576937406464 54043247068069888 2251803034911744 140737689682048 4611690416478093316
73 1 100 1 190 1 3458765613334265857 72057662757535744 13510807472054272 844425198568192 35184405643296 1152923703633248258 144115325515005952 4503612512284672 281475513581824 52776608464944 2305846307749625859 216172988272279552 9007203549712384 562950758728192 17592202821648
74 1 101 1 191 1 13835062453337063428 288230651030142976 54043229888217088 3377700794272768 140737622573184 4611694814532993032 576461302060023808 18014450049138688 1125902054327296 211106433859776 9223385230998503436 864691953089118208 36028814198849536 2251803034912768 70368811286592
75 1 102 1 192 1 17592219598864 1152922604120571907 216172919552868352 13510803177091072 562950490292736 35184422420512 2305845208240095233 72057800196554752 4503608217309184 844425735439104 52776574910512 3458767812356472834 144115256795398144 9007212139651072 281475245146368
76 1 103 1 193 1 70368878395456 4611690416482287628 864691678211473408 54043212708364288 2251801961170944 140737689682048 9223380832960380932 288231200786219008 18014432869236736 3377702941756416 211106299642048 13835071249425891336 576461027181592576 36028848558604288 1125900980585472
77 1 104 1 194 1 281475513581824 17592219598896 3458766712845893633 216172850833457152 9007207844683776 562950758728192 35184422420496 1152924803144876034 72057731476946944 13510811767025664 844425198568192 52776574910496 2305844108726370307 144115394234417152 4503603922341888
78 1 105 1 195 1 1125902054327296 70368878395584 13835066851383574532 864691403333828608 36028831378735104 2251803034912768 140737689681984 4611699212579504136 288230925907787776 54043247068102656 3377700794272768 211106299641984 9223376434905481228 576461576937668608 18014415689367552
79 1 106 1 196 1 4503608217309184 281475513582336 35184405643280 3458765613335314435 144115325514940416 9007212139651072 562950758727936 52776608464928 1152923703631151105 216172988272410624 13510803177091072 844425198567936 17592202821680 2305846307750674434 72057662757470208
0 1 123 1 190 1 2305843009213693952 68719542272 4503608217317376 844425198568192 16777232 3458764513820540928 137439084544 9007212139646976 281475513581824 33554464 1152921504606846976 206158626816 13510803177086976 562950758728192 50331696
1 1 124 1 191 1 9223372036854775808 274878169088 18014432869269504 3377700794272768 67108928 13835058055282163712 549756338176 36028848558587904 1125902054327296 134217856 4611686018427387904 824634507264 54043212708347904 2251803034912768 201326784
2 1 125 1 192 1 0 1099512676354 72057731477078016 13510803177091072 268435712 0 2199025352707 144115394234351616 4503608217309184 536871424 0 3298538029057 216172850833391616 9007212139651072 805307136
3 1 126 1 193 1 0 4398050705416 288230925908312064 54043212708364288 1073742848 0 8796101410828 576461576937406464 18014432869236736 2147485696 0 13194152116228 864691403333566464 36028848558604288 3221228544
4 1 127 1 194 1 0 17592202821664 1152923703633248256 216172850833457152 4294971392 0 35184405643312 2305846307749625856 72057731476946944 8589942784 0 52776608464912 3458765613334265856 144115394234417152 12884914176
5 1 128 1 195 1 0 70368811286656 4611694814532993024 864691403333828608 17179885568 0 140737622573248 9223385230998503424 288230925907787776 34359771136 0 211106433859648 13835062453337063424 576461576937668608 51539656704
6 1 129 1 196 1 0 281475245146624 35184422420480 3458765613335314433 68719542272 0 562950490292992 52776574910464 1152923703631151106 137439084544 0 844425735438592 17592219598848 2305846307750674435 206158626816
7 1 130 1 197 1 0 1125900980586496 140737689681920 13835062453341257732 274878169088 0 2251801961171968 211106299641856 4611694814524604424 549756338176 0 3377702941754368 70368878395392 9223385231002697740 824634507264
8 1 131 1 198 1 0 4503603922345984 562950758727680 17592236376080 1099512676355 0 9007207844687872 844425198567424 35184388866080 2199025352705 0 13510811767017472 281475513581568 52776591687728 3298538029058
9 1 132 1 199 1 0 18014415689383936 2251803034910720 70368945504320 4398050705420 0 36028831378751488 3377700794269696 140737555464320 8796101410820 0 54043247068069888 1125902054326272 211106366750912 13194152116232
10 1 133 1 200 1 3 72057662757535744 9007199254740992 281475782017280 17592202821680 1 144115325515005952 13510798882111488 562950221857280 35184405643280 2 216172988272279552 4503599627370496 844425467003648 52776608464928
11 1 134 1 201 1 12 288230651030142976 36028797018963968 1125903128069120 70368811286720 4 576461302060023808 54043195528445952 2251800887429120 140737622573120 8 864691953089118208 18014398509481984 3377701868014592 211106433859712
12 1 135 1 202 1 48 1152922604120571904 144115188075855872 4503612512276480 281475245146880 16 2305845208240095232 216172782113783808 9007203549716480 562950490292480 32 3458767812356472832 72057594037927936 13510807472058368 844425735438848
13 1 136 1 203 1 192 4611690416482287616 576460752303423488 18014450049105920 1125900980587520 64 9223380832960380928 864691128455135232 36028814198865920 2251801961169920 128 13835071249425891328 288230376151711744 54043229888233472 3377702941755392
14 1 137 1 204 1 768 17592219598848 2305843009213693953 72057800196423680 4503603922350080 256 35184422420480 3458764513820540930 144115256795463680 9007207844679680 512 52776574910464 1152921504606846979 216172919552933888 13510811767021568
15 1 138 1 205 1 3072 70368878395392 9223372036854775812 288231200785694720 18014415689400320 1024 140737689681920 13835058055282163720 576461027181854720 36028831378718720 2048 211106299641856 4611686018427387916 864691678211735552 54043247068086272
16 1 139 1 206 1 12288 281475513581568 16 1152924803142778882 72057662757601280 4096 562950758727680 32 2305844108727418883 144115325514874880 8192 844425198567424 48 3458766712846942209 216172988272345088
17 1 140 1 207 1 49152 1125902054326272 64 4611699212571115528 288230651030405120 16384 2251803034910720 128 9223376434909675532 576461302059499520 32768 3377700794269696 192 13835066851387768836 864691953089380352
18 1 141 1 208 1 196608 4503608217305088 256 52776574910496 1152922604121620481 65536 9007212139642880 512 17592219598896 2305845208237998082 131072 13510803177078784 768 35184422420496 3458767812357521411
19 1 142 1 209 1 786432 18014432869220352 1024 211106299641984 4611690416486481924 262144 36028848558571520 2048 70368878395584 9223380832951992328 524288 54043212708315136 3072 140737689681984 13835071249430085644
20 1 143 1 210 1 3145728 72057731476881408 4294971392 844425198567936 17592236376080 1048576 144115394234286080 8589942784 281475513582336 35184388866080 2097152 216172850833260544 12884914176 562950758727936 52776591687728
21 1 144 1 211 1 12582912 288230925907525632 17179885568 3377700794271744 70368945504320 4194304 576461576937144320 34359771136 1125902054329344 140737555464320 8388608 864691403333042176 51539656704 2251803034911744 211106366750912
22 1 145 1 212 1 50331648 1152923703630102528 68719542272 13510803177086976 281475782017280 16777216 2305846307748577280 137439084544 4503608217317376 562950221857280 33554432 3458765613332168704 206158626816 9007212139646976 844425467003648
23 1 146 1 213 1 201326592 4611694814520410112 274878169088 54043212708347904 1125903128069120 67108864 9223385230994309120 549756338176 18014432869269504 2251800887429120 134217728 13835062453328674816 824634507264 36028848558587904 3377701868014592
24 1 147 1 214 1 805306368 35184372088832 1099512676353 216172850833391616 4503612512276480 268435456 52776558133248 2199025352706 72057731477078016 9007203549716480 536870912 17592186044416 3298538029059 144115394234351616 13510807472058368
25 1 148 1 215 1 3221225472 140737488355328 4398050705412 864691403333566464 18014450049105920 1073741824 211106232532992 8796101410824 288230925908312064 36028814198865920 2147483648 70368744177664 13194152116236 576461576937406464 54043229888233472
26 1 149 1 216 1 12884901888 562949953421312 17592202821648 3458765613334265856 72057800196423680 4294967296 844424930131968 35184405643296 1152923703633248256 144115256795463680 8589934592 281474976710656 52776608464944 2305846307749625856 216172919552933888
27 1 150 1 217 1 51539607552 2251799813685248 70368811286592 13835062453337063424 288231200785694720 17179869184 3377699720527872 140737622573184 4611694814532993024 576461027181854720 34359738368 1125899906842624 211106433859776 9223385230998503424 864691678211735552
28 1 151 1 218 1 206158430208 9007199254740992 281475245146368 17592219598848 1152924803142778883 68719476736 13510798882111488 562950490292736 35184422420480 2305844108727418881 137438953472 4503599627370496 844425735439104 52776574910464 3458766712846942210
29 1 152 1 219 1 824633720832 36028797018963968 1125900980585472 70368878395392 4611699212571115532 274877906944 54043195528445952 2251801961170944 140737689681920 9223376434909675524 549755813888 18014398509481984 3377702941756416 211106299641856 13835066851387768840
30 1 153 1 220 1 3298534883329 144115188075855872 4503603922341888 281475513581568 52776574910512 1099511627778 216172782113783808 9007207844683776 562950758727680 17592219598864 2199023255555 72057594037927936 13510811767025664 844425198567424 35184422420512
31 1 154 1 221 1 13194139533316 576460752303423488 18014415689367552 1125902054326272 211106299642048 4398046511112 864691128455135232 36028831378735104 2251803034910720 70368878395456 8796093022220 288230376151711744 54043247068102656 3377700794269696 140737689682048
32 1 155 1 222 1 52776558133264 2305843009213693952 72057662757470208 4503608217305088 844425198568192 17592186044448 3458764513820540928 144115325514940416 9007212139642880 281475513581824 35184372088880 1152921504606846976 216172988272410624 13510803177078784 562950758728192
33 1 156 1 223 1 211106232533056 9223372036854775808 288230651029880832 18014432869220352 3377700794272768 70368744177792 13835058055282163712 576461302059761664 36028848558571520 1125902054327296 140737488355520 4611686018427387904 864691953089642496 54043212708315136 2251803034912768
34 1 157 1 224 1 844424930132224 0 1152922604119523330 72057731476881408 13510803177091072 281474976711168 0 2305845208239046659 144115394234286080 4503608217309184 562949953422080 0 3458767812358569985 216172850833260544 9007212139651072
35 1 158 1 225 1 3377699720528896 0 4611690416478093320 288230925907525632 54043212708364288 1125899906844672 0 9223380832956186636 576461576937144320 18014432869236736 2251799813688320 0 13835071249434279940 864691403333042176 36028848558604288
36 1 159 1 226 1 13510798882115584 0 17592202821664 1152923703630102529 216172850833457152 4503599627378688 0 35184405643312 2305846307748577282 72057731476946944 9007199254753280 0 52776608464912 3458765613332168707 144115394234417152
37 1 80 1 227 1 54043195528462336 0 70368811286656 4611694814520410116 864691403333828608 18014398509514752 0 140737622573248 9223385230994309128 288230925907787776 36028797019013120 0 211106433859648 13835062453328674828 576461576937668608
38 1 81 1 228 1 216172782113849344 0 281475245146624 35184372088848 3458765613335314433 72057594038059008 0 562950490292992 52776558133280 1152923703631151106 144115188076052480 0 844425735438592 17592186044464 2305846307750674435
39 1 82 1 229 1 864691128455397376 0 1125900980586496 140737488355392 13835062453341257732 288230376152236032 0 2251801961171968 211106232533120 4611694814524604424 576460752304209920 0 3377702941754368 70368744177856 9223385231002697740
40 1 83 1 230 1 3458764513821589505 0 4503612512280576 562949953421568 17592236376080 1152921504608944130 0 9007203549720576 844424930132480 35184388866080 2305843009216839683 0 13510807472050176 281474976711424 52776591687728
41 1 84 1 231 1 13835058055286358020 0 18014450049122304 2251799813686272 70368945504320 4611686018435776520 0 36028814198882304 3377699720529920 140737555464320 9223372036867358732 0 54043229888200704 1125899906845696 211106366750912
42 1 85 1 232 1 16777232 3 72057800196489216 9007199254745088 281475782017280 33554464 1 144115256795529216 13510798882119680 562950221857280 50331696 2 216172919552802816 4503599627382784 844425467003648
43 1 86 1 233 1 67108928 12 288231200785956864 36028797018980352 1125903128069120 134217856 4 576461027182116864 54043195528478720 2251800887429120 201326784 8 864691678211211264 18014398509531136 3377701868014592
44 1 87 1 234 1 268435712 48 1152924803143827456 144115188075921408 4503612512276480 536871424 16 2305844108728467456 216172782113914880 9007203549716480 805307136 32 3458766712844845056 72057594038124544 13510807472058368
45 1 88 1 235 1 1073742848 192 4611699212575309824 576460752303685632 18014450049105920 2147485696 64 9223376434913869824 864691128455659520 36028814198865920 3221228544 128 13835066851379380224 288230376152498176 54043229888233472
46 1 89 1 236 1 4294971392 768 52776591687680 2305843009214742529 72057800196423680 8589942784 256 17592236376064 3458764513822638082 144115256795463680 12884914176 512 35184388866048 1152921504609992707 216172919552933888
47 1 90 1 237 1 17179885568 3072 211106366750720 9223372036858970116 288231200785694720 34359771136 1024 70368945504256 13835058055290552328 576461027181854720 51539656704 2048 140737555464192 4611686018439970828 864691678211735552
48 1 91 1 238 1 68719542272 12288 844425467002880 16777232 1152924803142778882 137439084544 4096 281475782017024 33554464 2305844108727418883 206158626816 8192 562950221856768 50331696 3458766712846942209
49 1 92 1 239 1 274878169088 49152 3377701868011520 67108928 4611699212571115528 549756338176 16384 1125903128068096 134217856 9223376434909675532 824634507264 32768 2251800887427072 201326784 13835066851387768836
50 1 93 1 160 1 1099512676354 196608 13510803177078784 268435712 52776574910496 2199025352707 65536 4503608217305088 536871424 17592219598896 3298538029057 131072 9007212139642880 805307136 35184422420496
51 1 94 1 161 1 4398050705416 786432 54043212708315136 1073742848 211106299641984 8796101410828 262144 18014432869220352 2147485696 70368878395584 13194152116228 524288 36028848558571520 3221228544 140737689681984
52 1 95 1 162 1 17592202821664 3145728 216172850833260544 4294971392 844425198567936 35184405643312 1048576 72057731476881408 8589942784 281475513582336 52776608464912 2097152 144115394234286080 12884914176 562950758727936
53 1 96 1 163 1 70368811286656 12582912 864691403333042176 17179885568 3377700794271744 140737622573248 4194304 288230925907525632 34359771136 1125902054329344 211106433859648 8388608 576461576937144320 51539656704 2251803034911744
54 1 97 1 164 1 281475245146624 50331648 3458765613332168704 68719542272 13510803177086976 562950490292992 16777216 1152923703630102528 137439084544 4503608217317376 844425735438592 33554432 2305846307748577280 206158626816 9007212139646976
55 1 98 1 165 1 1125900980586496 201326592 13835062453328674816 274878169088 54043212708347904 2251801961171968 67108864 4611694814520410112 549756338176 18014432869269504 3377702941754368 134217728 9223385230994309120 824634507264 36028848558587904
56 1 99 1 166 1 4503603922345984 805306368 17592186044416 1099512676355 216172850833391616 9007207844687872 268435456 35184372088832 2199025352705 72057731477078016 13510811767017472 536870912 52776558133248 3298538029058 144115394234351616
57 1 100 1 167 1 18014415689383936 3221225472 70368744177664 4398050705420 864691403333566464 36028831378751488 1073741824 140737488355328 8796101410820 288230925908312064 54043247068069888 2147483648 211106232532992 13194152116232 576461576937406464
58 1 101 1 168 1 72057662757535744 12884901888 281474976710656 17592202821680 3458765613334265856 144115325515005952 4294967296 562949953421312 35184405643280 1152923703633248256 216172988272279552 8589934592 844424930131968 52776608464928 2305846307749625856
59 1 102 1 169 1 288230651030142976 51539607552 1125899906842624 70368811286720 13835062453337063424 576461302060023808 17179869184 2251799813685248 140737622573120 4611694814532993024 864691953089118208 34359738368 3377699720527872 211106433859712 9223385230998503424
60 1 103 1 170 1 1152922604120571904 206158430208 4503612512272384 281475245146880 17592219598848 2305845208240095232 68719476736 9007203549708288 562950490292480 35184422420480 3458767812356472832 137438953472 13510807472046080 844425735438848 52776574910464
61 1 104 1 171 1 4611690416482287616 824633720832 18014450049089536 1125900980587520 70368878395392 9223380832960380928 274877906944 36028814198833152 2251801961169920 140737689681920 13835071249425891328 549755813888 54043229888184320 3377702941755392 211106299641856
62 1 105 1 172 1 17592219598848 3298534883329 72057800196358144 4503603922350080 281475513581568 35184422420480 1099511627778 144115256795332608 9007207844679680 562950758727680 52776574910464 2199023255555 216172919552737280 13510811767021568 844425198567424
63 1 106 1 173 1 70368878395392 13194139533316 288231200785432576 18014415689400320 1125902054326272 140737689681920 4398046511112 576461027181330432 36028831378718720 2251803034910720 211106299641856 8796093022220 864691678210949120 54043247068086272 3377700794269696
64 1 107 1 174 1 281475513581568 52776558133264 1152924803141730304 72057662757601280 4503608217305088 562950758727680 17592186044448 2305844108725321728 144115325514874880 9007212139642880 844425198567424 35184372088880 3458766712843796480 216172988272345088 13510803177078784
65 1 108 1 175 1 1125902054326272 211106232533056 4611699212566921216 288230651030405120 18014432869220352 2251803034910720 70368744177792 9223376434901286912 576461302059499520 36028848558571520 3377700794269696 140737488355520 13835066851375185920 864691953089380352 54043212708315136
66 1 109 1 176 1 4503608217305088 844424930132224 52776558133248 1152922604121620481 72057731476881408 9007212139642880 281474976711168 17592186044416 2305845208237998082 144115394234286080 13510803177078784 562949953422080 35184372088832 3458767812357521411 216172850833260544
67 1 110 1 177 1 18014432869220352 3377699720528896 211106232532992 4611690416486481924 288230925907525632 36028848558571520 1125899906844672 70368744177664 9223380832951992328 576461576937144320 54043212708315136 2251799813688320 140737488355328 13835071249430085644 864691403333042176
68 1 111 1 178 1 72057731476881408 13510798882115584 844424930131968 17592236376080 1152923703630102529 144115394234286080 4503599627378688 281474976710656 35184388866080 2305846307748577282 216172850833260544 9007199254753280 562949953421312 52776591687728 3458765613332168707
69 1 112 1 179 1 288230925907525632 54043195528462336 3377699720527872 70368945504320 4611694814520410116 576461576937144320 18014398509514752 1125899906842624 140737555464320 9223385230994309128 864691403333042176 36028797019013120 2251799813685248 211106366750912 13835062453328674828
70 1 113 1 180 1 1152923703630102528 216172782113849344 13510803177078784 281475782017280 35184372088848 2305846307748577280 72057594038059008 4503608217305088 562950221857280 52776558133280 3458765613332168704 144115188076052480 9007212139642880 844425467003648 17592186044464
71 1 114 1 181 1 4611694814520410112 864691128455397376 54043212708315136 1125903128069120 140737488355392 9223385230994309120 288230376152236032 18014432869220352 2251800887429120 211106232533120 13835062453328674816 576460752304209920 36028848558571520 3377701868014592 70368744177856
72 1 115 1 182 1 35184372088832 3458764513821589505 216172850833260544 4503612512276480 562949953421568 52776558133248 1152921504608944130 72057731476881408 9007203549716480 844424930132480 17592186044416 2305843009216839683 144115394234286080 13510807472058368 281474976711424
73 1 116 1 183 1 140737488355328 13835058055286358020 864691403333042176 18014450049105920 2251799813686272 211106232532992 4611686018435776520 288230925907525632 36028814198865920 3377699720529920 70368744177664 9223372036867358732 576461576937144320 54043229888233472 1125899906845696
74 1 117 1 184 1 562949953421312 16777232 3458765613332168707 72057800196423680 9007199254745088 844424930131968 33554464 1152923703630102529 144115256795463680 13510798882119680 281474976710656 50331696 2305846307748577282 216172919552933888 4503599627382784
75 1 118 1 185 1 2251799813685248 67108928 13835062453328674828 288231200785694720 36028797018980352 3377699720527872 134217856 4611694814520410116 576461027181854720 54043195528478720 1125899906842624 201326784 9223385230994309128 864691678211735552 18014398509531136
76 1 119 1 186 1 9007199254740992 268435712 17592186044464 1152924803142778883 144115188075921408 13510798882111488 536871424 35184372088848 2305844108727418881 216172782113914880 4503599627370496 805307136 52776558133280 3458766712846942210 72057594038124544
77 1 120 1 187 1 36028797018963968 1073742848 70368744177856 4611699212571115532 576460752303685632 54043195528445952 2147485696 140737488355392 9223376434909675524 864691128455659520 18014398509481984 3221228544 211106232533120 13835066851387768840 288230376152498176
78 1 121 1 188 1 144115188075855872 4294971392 281474976711424 52776574910512 2305843009214742529 216172782113783808 8589942784 562949953421568 17592219598864 3458764513822638082 72057594037927936 12884914176 844424930132480 35184422420512 1152921504609992707
79 1 122 1 189 1 576460752303423488 17179885568 1125899906845696 211106299642048 9223372036858970116 864691128455135232 34359771136 2251799813686272 70368878395456 13835058055290552328 288230376151711744 51539656704 3377699720529920 140737689682048 4611686018439970828
0 1 150 1 233 1 3458765613335314435 137439150080 4294975488 256 33554432 1152923703631151105 206158495744 8589946880 512 50331648 2305846307750674434 68719607808 12884905984 768 16777216
1 1 151 1 234 1 13835062453341257740 549756600320 17179901952 1024 134217728 4611694814524604420 824633982976 34359787520 2048 201326592 9223385231002697736 274878431232 51539623936 3072 67108864
2 1 152 1 235 1 17592236376112 2199026401283 68719607808 4096 536870912 35184388866064 3298535931905 137439150080 8192 805306368 52776591687712 1099513724930 206158495744 12288 268435456
3 1 153 1 236 1 70368945504448 8796105605132 274878431232 16384 2147483648 140737555464256 13194143727620 549756600320 32768 3221225472 211106366750848 4398054899720 824633982976 49152 1073741824
4 1 154 1 237 1 281475782017792 35184422420528 1099513724928 65536 8589934592 562950221857024 52776574910480 2199026401280 131072 12884901888 844425467003392 17592219598880 3298535931904 196608 4294967296
5 1 155 1 238 1 1125903128071168 140737689682112 4398054899712 262144 34359738368 2251800887428096 211106299641920 8796105605120 524288 51539607552 3377701868013568 70368878395520 13194143727616 786432 17179869184
6 1 156 1 239 1 4503612512284672 562950758728448 17592219598848 1048576 137438953472 9007203549712384 844425198567680 35184422420480 2097152 206158430208 13510807472054272 281475513582080 52776574910464 3145728 68719476736
7 1 157 1 160 1 18014450049138688 2251803034913792 70368878395392 4194304 549755813888 36028814198849536 3377700794270720 140737689681920 8388608 824633720832 54043229888217088 1125902054328320 211106299641856 12582912 274877906944
8 1 158 1 161 1 72057800196554752 9007212139655168 281475513581568 16777216 2199023255552 144115256795398144 13510803177082880 562950758727680 33554432 3298534883328 216172919552868352 4503608217313280 844425198567424 50331648 1099511627776
9 1 159 1 162 1 288231200786219008 36028848558620672 1125902054326272 67108864 8796093022208 576461027181592576 54043212708331520 2251803034910720 134217728 13194139533312 864691678211473408 18014432869253120 3377700794269696 201326592 4398046511104
10 1 80 1 163 1 1152924803144876034 144115394234482688 4503599627370496 268435456 35184372088832 2305844108726370307 216172850833326080 9007199254740992 536870912 52776558133248 3458766712845893633 72057731477012480 13510798882111488 805306368 17592186044416
11 1 81 1 164 1 4611699212579504136 576461576937930752 18014398509481984 1073741824 140737488355328 9223376434905481228 864691403333304320 36028797018963968 2147483648 211106232532992 13835066851383574532 288230925908049920 54043195528445952 3221225472 70368744177664
12 1 82 1 165 1 52776608464928 2305846307751723009 72057594037927936 4294967296 562949953421312 17592202821680 3458765613333217282 144115188075855872 8589934592 844424930131968 35184405643280 1152923703632199683 216172782113783808 12884901888 281474976710656
13 1 83 1 166 1 211106433859712 9223385231006892036 288230376151711744 17179869184 2251799813685248 70368811286720 13835062453332869128 576460752303423488 34359738368 3377699720527872 140737622573120 4611694814528798732 864691128455135232 51539607552 1125899906842624
14 1 84 1 167 1 844425735438848 52776608464912 1152921504606846978 68719476736 9007199254740992 281475245146880 17592202821664 2305843009213693955 137438953472 13510798882111488 562950490292480 35184405643312 3458764513820540929 206158430208 4503599627370496
15 1 85 1 168 1 3377702941755392 211106433859648 4611686018427387912 274877906944 36028797018963968 1125900980587520 70368811286656 9223372036854775820 549755813888 54043195528445952 2251801961169920 140737622573248 13835058055282163716 824633720832 18014398509481984
16 1 86 1 169 1 13510811767021568 844425735438592 32 1099511627777 144115188075855872 4503603922350080 281475245146624 48 2199023255554 216172782113783808 9007207844679680 562950490292992 16 3298534883331 72057594037927936
17 1 87 1 170 1 54043247068086272 3377702941754368 128 4398046511108 576460752303423488 18014415689400320 1125900980586496 192 8796093022216 864691128455135232 36028831378718720 2251801961171968 64 13194139533324 288230376151711744
18 1 88 1 171 1 216172988272345088 13510811767017472 512 17592186044432 2305843009213693952 72057662757601280 4503603922345984 768 35184372088864 3458764513820540928 144115325514874880 9007207844687872 256 52776558133296 1152921504606846976
19 1 89 1 172 1 864691953089380352 54043247068069888 2048 70368744177728 9223372036854775808 288230651030405120 18014415689383936 3072 140737488355456 13835058055282163712 576461302059499520 36028831378751488 1024 211106232533184 4611686018427387904
20 1 90 1 173 1 3458767812357521408 216172988272279552 8589942784 281474976710912 0 1152922604121620480 72057662757535744 12884914176 562949953421824 0 2305845208237998080 144115325515005952 4294971392 844424930132736 0
21 1 91 1 174 1 13835071249430085632 864691953089118208 34359771136 1125899906843648 0 4611690416486481920 288230651030142976 51539656704 2251799813687296 0 9223380832951992320 576461302060023808 17179885568 3377699720530944 0
22 1 92 1 175 1 52776591687680 3458767812356472835 137439084544 4503599627374592 0 17592236376064 1152922604120571905 206158626816 9007199254749184 0 35184388866048 2305845208240095234 68719542272 13510798882123776 0
23 1 93 1 176 1 211106366750720 13835071249425891340 549756338176 18014398509498368 0 70368945504256 4611690416482287620 824634507264 36028797018996736 0 140737555464192 9223380832960380936 274878169088 54043195528495104 0
24 1 94 1 177 1 844425467002880 52776574910512 2199025352707 72057594037993472 0 281475782017024 17592219598864 3298538029057 144115188075986944 0 562950221856768 35184422420512 1099512676354 216172782113980416 0
25 1 95 1 178 1 3377701868011520 211106299642048 8796101410828 288230376151973888 0 1125903128068096 70368878395456 13194152116228 576460752303947776 0 2251800887427072 140737689682048 4398050705416 864691128455921664 0
26 1 96 1 179 1 13510807472046080 844425198568192 35184405643312 1152921504607895552 0 4503612512272384 281475513581824 52776608464912 2305843009215791104 0 9007203549708288 562950758728192 17592202821664 3458764513823686656 0
27 1 97 1 180 1 54043229888184320 3377700794272768 140737622573248 4611686018431582208 0 18014450049089536 1125902054327296 211106433859648 9223372036863164416 0 36028814198833152 2251803034912768 70368811286656 13835058055294746624 0
28 1 98 1 181 1 216172919552737280 13510803177091072 562950490292992 16777216 1 72057800196358144 4503608217309184 844425735438592 33554432 2 144115256795332608 9007212139651072 281475245146624 50331648 3
29 1 99 1 182 1 864691678210949120 54043212708364288 2251801961171968 67108864 4 288231200785432576 18014432869236736 3377702941754368 134217728 8 576461027181330432 36028848558604288 1125900980586496 201326592 12
30 1 100 1 183 1 3458766712843796482 216172850833457152 9007199254753280 268435456 16 1152924803141730307 72057731476946944 13510798882115584 536870912 32 2305844108725321729 144115394234417152 4503599627378688 805306368 48
31 1 101 1 184 1 13835066851375185928 864691403333828608 36028797019013120 1073741824 64 4611699212566921228 288230925907787776 54043195528462336 2147483648 128 9223376434901286916 576461576937668608 18014398509514752 3221225472 192
32 1 102 1 185 1 35184372088864 3458765613335314435 144115188076052480 4294967296 256 52776558133296 1152923703631151105 216172782113849344 8589934592 512 17592186044432 2305846307750674434 72057594038059008 12884901888 768
33 1 103 1 186 1 140737488355456 13835062453341257740 576460752304209920 17179869184 1024 211106232533184 4611694814524604420 864691128455397376 34359738368 2048 70368744177728 9223385231002697736 288230376152236032 51539607552 3072
34 1 104 1 187 1 562949953421824 17592236376112 2305843009216839683 68719476736 4096 844424930132736 35184388866064 3458764513821589505 137438953472 8192 281474976710912 52776591687712 1152921504608944130 206158430208 12288
35 1 105 1 188 1 2251799813687296 70368945504448 9223372036867358732 274877906944 16384 3377699720530944 140737555464256 13835058055286358020 549755813888 32768 1125899906843648 211106366750848 4611686018435776520 824633720832 49152
36 1 106 1 189 1 9007199254749184 281475782017792 50331696 1099511627778 65536 13510798882123776 562950221857024 16777232 2199023255555 131072 4503599627374592 844425467003392 33554464 3298534883329 196608
37 1 107 1 190 1 36028797018996736 1125903128071168 201326784 4398046511112 262144 54043195528495104 2251800887428096 67108928 8796093022220 524288 18014398509498368 3377701868013568 134217856 13194139533316 786432
38 1 108 1 191 1 144115188075986944 4503612512284672 805307136 17592186044448 1048576 216172782113980416 9007203549712384 268435712 35184372088880 2097152 72057594037993472 13510807472054272 536871424 52776558133264 3145728
39 1 109 1 192 1 576460752303947776 18014450049138688 3221228544 70368744177792 4194304 864691128455921664 36028814198849536 1073742848 140737488355520 8388608 288230376151973888 54043229888217088 2147485696 211106232533056 12582912
40 1 110 1 193 1 2305843009215791107 72057800196554752 12288 281474976711168 16777216 3458764513823686657 144115256795398144 4096 562949953422080 33554432 1152921504607895554 216172919552868352 8192 844424930132224 50331648
41 1 111 1 194 1 9223372036863164428 288231200786219008 49152 1125899906844672 67108864 13835058055294746628 576461027181592576 16384 2251799813688320 134217728 4611686018431582216 864691678211473408 32768 3377699720528896 201326592
42 1 112 1 195 1 33554480 1152924803144876034 196608 4503599627378688 268435456 50331664 2305844108726370307 65536 9007199254753280 536870912 16777248 3458766712845893633 131072 13510798882115584 805306368
43 1 113 1 196 1 134217920 4611699212579504136 786432 18014398509514752 1073741824 201326656 9223376434905481228 262144 36028797019013120 2147483648 67108992 13835066851383574532 524288 54043195528462336 3221225472
44 1 114 1 197 1 536871680 52776608464928 3145729 72057594038059008 4294967296 805306624 17592202821680 1048578 144115188076052480 8589934592 268435968 35184405643280 2097155 216172782113849344 12884901888
45 1 115 1 198 1 2147486720 211106433859712 12582916 288230376152236032 17179869184 3221226496 70368811286720 4194312 576460752304209920 34359738368 1073743872 140737622573120 8388620 864691128455397376 51539607552
46 1 116 1 199 1 8589946880 844425735438848 50331664 1152921504608944128 68719476736 12884905984 281475245146880 16777248 2305843009216839680 137438953472 4294975488 562950490292480 33554480 3458764513821589504 206158430208
47 1 117 1 200 1 34359787520 3377702941755392 201326656 4611686018435776512 274877906944 51539623936 1125900980587520 67108992 9223372036867358720 549755813888 17179901952 2251801961169920 134217920 13835058055286358016 824633720832
48 1 118 1 201 1 137439150080 13510811767021568 805306624 33554432 1099511627777 206158495744 4503603922350080 268435968 50331648 2199023255554 68719607808 9007207844679680 536871680 16777216 3298534883331
49 1 119 1 202 1 549756600320 54043247068086272 3221226496 134217728 4398046511108 824633982976 18014415689400320 1073743872 201326592 8796093022216 274878431232 36028831378718720 2147486720 67108864 13194139533324
50 1 120 1 203 1 2199026401283 216172988272345088 4096 536870912 17592186044432 3298535931905 72057662757601280 8192 805306368 35184372088864 1099513724930 144115325514874880 12288 268435456 52776558133296
51 1 121 1 204 1 8796105605132 864691953089380352 16384 2147483648 70368744177728 13194143727620 288230651030405120 32768 3221225472 140737488355456 4398054899720 576461302059499520 49152 1073741824 211106232533184
52 1 122 1 205 1 35184422420528 3458767812357521408 65536 8589934592 281474976710912 52776574910480 1152922604121620480 131072 12884901888 562949953421824 17592219598880 2305845208237998080 196608 4294967296 844424930132736
53 1 123 1 206 1 140737689682112 13835071249430085632 262144 34359738368 1125899906843648 211106299641920 4611690416486481920 524288 51539607552 2251799813687296 70368878395520 9223380832951992320 786432 17179869184 3377699720530944
54 1 124 1 207 1 562950758728448 52776591687680 1048579 137438953472 4503599627374592 844425198567680 17592236376064 2097153 206158430208 9007199254749184 281475513582080 35184388866048 3145730 68719476736 13510798882123776
55 1 125 1 208 1 2251803034913792 211106366750720 4194316 549755813888 18014398509498368 3377700794270720 70368945504256 8388612 824633720832 36028797018996736 1125902054328320 140737555464192 12582920 274877906944 54043195528495104
56 1 126 1 209 1 9007212139655168 844425467002880 16777264 2199023255552 72057594037993472 13510803177082880 281475782017024 33554448 3298534883328 144115188075986944 4503608217313280 562950221856768 50331680 1099511627776 216172782113980416
57 1 127 1 210 1 36028848558620672 3377701868011520 67109056 8796093022208 288230376151973888 54043212708331520 1125903128068096 134217792 13194139533312 576460752303947776 18014432869253120 2251800887427072 201326720 4398046511104 864691128455921664
58 1 128 1 211 1 144115394234482688 13510807472046080 268436224 35184372088832 1152921504607895552 216172850833326080 4503612512272384 536871168 52776558133248 2305843009215791104 72057731477012480 9007203549708288 805306880 17592186044416 3458764513823686656
59 1 129 1 212 1 576461576937930752 54043229888184320 1073744896 140737488355328 4611686018431582208 864691403333304320 18014450049089536 2147484672 211106232532992 9223372036863164416 288230925908049920 36028814198833152 3221227520 70368744177664 13835058055294746624
60 1 130 1 213 1 2305846307751723009 216172919552737280 4294979584 562949953421312 16777216 3458765613333217282 72057800196358144 8589938688 844424930131968 33554432 1152923703632199683 144115256795332608 12884910080 281474976710656 50331648
61 1 131 1 214 1 9223385231006892036 864691678210949120 17179918336 2251799813685248 67108864 13835062453332869128 288231200785432576 34359754752 3377699720527872 134217728 4611694814528798732 576461027181330432 51539640320 1125899906842624 201326592
62 1 132 1 215 1 52776608464912 3458766712843796482 68719673344 9007199254740992 268435456 17592202821664 1152924803141730307 137439019008 13510798882111488 536870912 35184405643312 2305844108725321729 206158561280 4503599627370496 805306368
63 1 133 1 216 1 211106433859648 13835066851375185928 274878693376 36028797018963968 1073741824 70368811286656 4611699212566921228 549756076032 54043195528445952 2147483648 140737622573248 9223376434901286916 824634245120 18014398509481984 3221225472
64 1 134 1 217 1 844425735438592 35184372088864 1099514773507 144115188075855872 4294967296 281475245146624 52776558133296 2199024304129 216172782113783808 8589934592 562950490292992 17592186044432 3298536980482 72057594037927936 12884901888
65 1 135 1 218 1 3377702941754368 140737488355456 4398059094028 576460752303423488 17179869184 1125900980586496 211106232533184 8796097216516 864691128455135232 34359738368 2251801961171968 70368744177728 13194147921928 288230376151711744 51539607552
66 1 136 1 219 1 13510811767017472 562949953421824 17592236376112 2305843009213693952 68719476736 4503603922345984 844424930132736 35184388866064 3458764513820540928 137438953472 9007207844687872 281474976710912 52776591687712 1152921504606846976 206158430208
67 1 137 1 220 1 54043247068069888 2251799813687296 70368945504448 9223372036854775808 274877906944 18014415689383936 3377699720530944 140737555464256 13835058055282163712 549755813888 36028831378751488 1125899906843648 211106366750848 4611686018427387904 824633720832
68 1 138 1 221 1 216172988272279552 9007199254749184 281475782017792 0 1099511627778 72057662757535744 13510798882123776 562950221857024 0 2199023255555 144115325515005952 4503599627374592 844425467003392 0 3298534883329
69 1 139 1 222 1 864691953089118208 36028797018996736 1125903128071168 0 4398046511112 288230651030142976 54043195528495104 2251800887428096 0 8796093022220 576461302060023808 18014398509498368 3377701868013568 0 13194139533316
70 1 140 1 223 1 3458767812356472835 144115188075986944 4503599627382784 0 17592186044448 1152922604120571905 216172782113980416 9007199254745088 0 35184372088880 2305845208240095234 72057594037993472 13510798882119680 0 52776558133264
71 1 141 1 224 1 13835071249425891340 576460752303947776 18014398509531136 0 70368744177792 4611690416482287620 864691128455921664 36028797018980352 0 140737488355520 9223380832960380936 288230376151973888 54043195528478720 0 211106232533056
72 1 142 1 225 1 52776574910512 2305843009215791107 72057594038124544 0 281474976711168 17592219598864 3458764513823686657 144115188075921408 0 562949953422080 35184422420512 1152921504607895554 216172782113914880 0 844424930132224
73 1 143 1 226 1 211106299642048 9223372036863164428 288230376152498176 0 1125899906844672 70368878395456 13835058055294746628 576460752303685632 0 2251799813688320 140737689682048 4611686018431582216 864691128455659520 0 3377699720528896
74 1 144 1 227 1 844425198568192 33554480 1152921504609992706 0 4503599627378688 281475513581824 50331664 2305843009214742531 0 9007199254753280 562950758728192 16777248 3458764513822638081 0 13510798882115584
75 1 145 1 228 1 3377700794272768 134217920 4611686018439970824 0 18014398509514752 1125902054327296 201326656 9223372036858970124 0 36028797019013120 2251803034912768 67108992 13835058055290552324 0 54043195528462336
76 1 146 1 229 1 13510803177091072 536871680 50331680 1 72057594038059008 4503608217309184 805306624 16777264 2 144115188076052480 9007212139651072 268435968 33554448 3 216172782113849344
77 1 147 1 230 1 54043212708364288 2147486720 201326720 4 288230376152236032 18014432869236736 3221226496 67109056 8 576460752304209920 36028848558604288 1073743872 134217792 12 864691128455397376
78 1 148 1 231 1 216172850833457152 8589946880 805306880 16 1152921504608944128 72057731476946944 12884905984 268436224 32 2305843009216839680 144115394234417152 4294975488 536871168 48 3458764513821589504
79 1 149 1 232 1 864691403333828608 34359787520 3221227520 64 4611686018435776512 288230925907787776 51539623936 1073744896 128 9223372036867358720 576461576937668608 17179901952 2147484672 192 13835058055286358016
0 2 90 2 200 2 0 0 4294967296 0 0 0 0 8589934592 0 0 0 0 12884901888 0 0
1 2 91 2 201 2 0 0 17179869184 0 0 0 0 34359738368 0 0 0 0 51539607552 0 0
2 2 92 2 202 2 0 0 68719476736 0 0 0 0 137438953472 0 0 0 0 206158430208 0 0
3 2 93 2 203 2 0 0 274877906944 0 0 0 0 549755813888 0 0 0 0 824633720832 0 0
4 2 94 2 204 2 0 0 1099511627776 0 0 0 0 2199023255552 0 0 0 0 3298534883328 0 0
5 2 95 2 205 2 0 0 4398046511104 0 0 0 0 8796093022208 0 0 0 0 13194139533312 0 0
6 2 96 2 206 2 0 0 17592186044416 0 0 0 0 35184372088832 0 0 0 0 52776558133248 0 0
7 2 97 2 207 2 0 0 70368744177664 0 0 0 0 140737488355328 0 0 0 0 211106232532992 0 0
8 2 98 2 208 2 0 0 281474976710656 0 0 0 0 562949953421312 0 0 0 0 844424930131968 0 0
9 2 99 2 209 2 0 0 1125899906842624 0 0 0 0 2251799813685248 0 0 0 0 3377699720527872 0 0
10 2 100 2 210 2 0 0 4503599627370496 0 0 0 0 9007199254740992 0 0 0 0 13510798882111488 0 0
11 2 101 2 211 2 0 0 18014398509481984 0 0 0 0 36028797018963968 0 0 0 0 54043195528445952 0 0
12 2 102 2 212 2 0 0 72057594037927936 0 0 0 0 144115188075855872 0 0 0 0 216172782113783808 0 0
13 2 103 2 213 2 0 0 288230376151711744 0 0 0 0 576460752303423488 0 0 0 0 864691128455135232 0 0
14 2 104 2 214 2 0 0 1152921504606846976 0 0 0 0 2305843009213693952 0 0 0 0 3458764513820540928 0 0
15 2 105 2 215 2 0 0 4611686018427387904 0 0 0 0 9223372036854775808 0 0 0 0 13835058055282163712 0 0
16 2 106 2 216 2 0 0 0 1 0 0 0 0 2 0 0 0 0 3 0
17 2 107 2 217 2 0 0 0 4 0 0 0 0 8 0 0 0 0 12 0
18 2 108 2 218 2 0 0 0 16 0 0 0 0 32 0 0 0 0 48 0
19 2 109 2 219 2 0 0 0 64 0 0 0 0 128 0 0 0 0 192 0
20 2 110 2 220 2 0 0 0 256 0 0 0 0 512 0 0 0 0 768 0
21 2 111 2 221 2 0 0 0 1024 0 0 0 0 2048 0 0 0 0 3072 0
22 2 112 2 222 2 0 0 0 4096 0 0 0 0 8192 0 0 0 0 12288 0
23 2 113 2 223 2 0 0 0 16384 0 0 0 0 32768 0 0 0 0 49152 0
24 2 114 2 224 2 0 0 0 65536 0 0 0 0 131072 0 0 0 0 196608 0
25 2 115 2 225 2 0 0 0 262144 0 0 0 0 524288 0 0 0 0 786432 0
26 2 116 2 226 2 0 0 0 1048576 0 0 0 0 2097152 0 0 0 0 3145728 0
27 2 117 2 227 2 0 0 0 4194304 0 0 0 0 8388608 0 0 0 0 12582912 0
28 2 118 2 228 2 0 0 0 16777216 0 0 0 0 33554432 0 0 0 0 50331648 0
29 2 119 2 229 2 0 0 0 67108864 0 0 0 0 134217728 0 0 0 0 201326592 0
30 2 120 2 230 2 0 0 0 268435456 0 0 0 0 536870912 0 0 0 0 805306368 0
31 2 121 2 231 2 0 0 0 1073741824 0 0 0 0 2147483648 0 0 0 0 3221225472 0
32 2 122 2 232 2 0 0 0 4294967296 0 0 0 0 8589934592 0 0 0 0 12884901888 0
33 2 123 2 233 2 0 0 0 17179869184 0 0 0 0 34359738368 0 0 0 0 51539607552 0
34 2 124 2 234 2 0 0 0 68719476736 0 0 0 0 137438953472 0 0 0 0 206158430208 0
35 2 125 2 235 2 0 0 0 274877906944 0 0 0 0 549755813888 0 0 0 0 824633720832 0
36 2 126 2 236 2 0 0 0 1099511627776 0 0 0 0 2199023255552 0 0 0 0 3298534883328 0
37 2 127 2 237 2 0 0 0 4398046511104 0 0 0 0 8796093022208 0 0 0 0 13194139533312 0
38 2 128 2 238 2 0 0 0 17592186044416 0 0 0 0 35184372088832 0 0 0 0 52776558133248 0
39 2 129 2 239 2 0 0 0 70368744177664 0 0 0 0 140737488355328 0 0 0 0 211106232532992 0
40 2 130 2 160 2 0 0 0 281474976710656 0 0 0 0 562949953421312 0 0 0 0 844424930131968 0
41 2 131 2 161 2 0 0 0 1125899906842624 0 0 0 0 2251799813685248 0 0 0 0 3377699720527872 0
42 2 132 2 162 2 0 0 0 4503599627370496 0 0 0 0 9007199254740992 0 0 0 0 13510798882111488 0
43 2 133 2 163 2 0 0 0 18014398509481984 0 0 0 0 36028797018963968 0 0 0 0 54043195528445952 0
44 2 134 2 164 2 0 0 0 72057594037927936 0 0 0 0 144115188075855872 0 0 0 0 216172782113783808 0
45 2 135 2 165 2 0 0 0 288230376151711744 0 0 0 0 576460752303423488 0 0 0 0 864691128455135232 0
46 2 136 2 166 2 0 0 0 1152921504606846976 0 0 0 0 2305843009213693952 0 0 0 0 3458764513820540928 0
47 2 137 2 167 2 0 0 0 4611686018427387904 0 0 0 0 9223372036854775808 0 0 0 0 13835058055282163712 0
48 2 138 2 168 2 0 0 0 0 1 0 0 0 0 2 0 0 0 0 3
49 2 139 2 169 2 0 0 0 0 4 0 0 0 0 8 0 0 0 0 12
50 2 140 2 170 2 0 0 0 0 16 0 0 0 0 32 0 0 0 0 48
51 2 141 2 171 2 0 0 0 0 64 0 0 0 0 128 0 0 0 0 192
52 2 142 2 172 2 0 0 0 0 256 0 0 0 0 512 0 0 0 0 768
53 2 143 2 173 2 0 0 0 0 1024 0 0 0 0 2048 0 0 0 0 3072
54 2 144 2 174 2 0 0 0 0 4096 0 0 0 0 8192 0 0 0 0 12288
55 2 145 2 175 2 0 0 0 0 16384 0 0 0 0 32768 0 0 0 0 49152
56 2 146 2 176 2 0 0 0 0 65536 0 0 0 0 131072 0 0 0 0 196608
57 2 147 2 177 2 0 0 0 0 262144 0 0 0 0 524288 0 0 0 0 786432
58 2 148 2 178 2 0 0 0 0 1048576 0 0 0 0 2097152 0 0 0 0 3145728
59 2 149 2 179 2 0 0 0 0 4194304 0 0 0 0 8388608 0 0 0 0 12582912
60 2 150 2 180 2 0 0 0 0 16777216 0 0 0 0 33554432 0 0 0 0 50331648
61 2 151 2 181 2 0 0 0 0 67108864 0 0 0 0 134217728 0 0 0 0 201326592
62 2 152 2 182 2 0 0 0 0 268435456 0 0 0 0 536870912 0 0 0 0 805306368
63 2 153 2 183 2 0 0 0 0 1073741824 0 0 0 0 2147483648 0 0 0 0 3221225472
64 2 154 2 184 2 0 0 0 0 4294967296 0 0 0 0 8589934592 0 0 0 0 12884901888
65 2 155 2 185 2 0 0 0 0 17179869184 0 0 0 0 34359738368 0 0 0 0 51539607552
66 2 156 2 186 2 0 0 0 0 68719476736 0 0 0 0 137438953472 0 0 0 0 206158430208
67 2 157 2 187 2 0 0 0 0 274877906944 0 0 0 0 549755813888 0 0 0 0 824633720832
68 2 158 2 188 2 0 0 0 0 1099511627776 0 0 0 0 2199023255552 0 0 0 0 3298534883328
69 2 159 2 189 2 0 0 0 0 4398046511104 0 0 0 0 8796093022208 0 0 0 0 13194139533312
70 2 80 2 190 2 0 0 0 0 17592186044416 0 0 0 0 35184372088832 0 0 0 0 52776558133248
71 2 81 2 191 2 0 0 0 0 70368744177664 0 0 0 0 140737488355328 0 0 0 0 211106232532992
72 2 82 2 192 2 0 0 0 0 281474976710656 0 0 0 0 562949953421312 0 0 0 0 844424930131968
73 2 83 2 193 2 0 0 0 0 1125899906842624 0 0 0 0 2251799813685248 0 0 0 0 3377699720527872
74 2 84 2 194 2 0 0 0 0 4503599627370496 0 0 0 0 9007199254740992 0 0 0 0 13510798882111488
75 2 85 2 195 2 0 0 0 0 18014398509481984 0 0 0 0 36028797018963968 0 0 0 0 54043195528445952
76 2 86 2 196 2 0 0 0 0 72057594037927936 0 0 0 0 144115188075855872 0 0 0 0 216172782113783808
77 2 87 2 197 2 0 0 0 0 288230376151711744 0 0 0 0 576460752303423488 0 0 0 0 864691128455135232
78 2 88 2 198 2 0 0 0 0 1152921504606846976 0 0 0 0 2305843009213693952 0 0 0 0 3458764513820540928
79 2 89 2 199 2 0 0 0 0 4611686018427387904 0 0 0 0 9223372036854775808 0 0 0 0 13835058055282163712
