208 78 2 26
0 1 26 2 52 3 1158551056754409794 459328 2317102027609473667 590720 3475653050004145089 917952
1 1 27 2 53 3 4629700627390268681 1837312 9259400911183153678 2362880 13889101401134468871 3671808
2 1 28 2 54 3 72058435851523108 7349249 144115497313511480 9451522 216173383409220636 14687235
3 1 29 2 55 3 288233743406092432 29396996 576461989254045920 37806088 864693533636882544 58748940
4 1 30 2 56 3 1152934973624369728 117587984 2305847957016183680 151224352 3458774134547530176 234995760
5 1 31 2 57 3 4611739894497478912 470351936 9223391828064734720 604897408 13835096538190120704 939983040
6 1 32 2 58 3 215504280364032 1881407745 79164839835648 2419589634 153931631827968 3759932163
7 1 33 2 59 3 862017121456128 7525630980 316659359342592 9678358536 615726527311872 15039728652
8 1 34 2 60 3 3448068485824512 30102523920 1266637437370368 38713434144 2462906109247488 60158914608
9 1 35 2 61 3 281475061186563 120410095680 562950122110977 154853736576 844425182248962 240635658432
10 1 36 2 62 3 1125900244746252 481640382720 2251800488443908 619414946304 3377700728995848 962542633728
11 1 37 2 63 3 4503600978985009 827049903104 9007201953775634 278636529664 13510802915983395 551635651584
12 1 38 2 64 3 31525202798051524 9664729088 40532407442473032 15034490880 63050410918674572 7519350784
13 1 39 2 65 3 126100811192206096 38658916352 162129629769892128 60137963520 252201643674698288 30077403136
14 1 40 2 66 3 504403244768824384 154635665408 648518519079568512 240551854080 1008806574698793152 120309612544
15 1 41 2 67 3 2017612979075297536 618542661632 2594074076318274048 962207416320 4035226298795172608 481238450176
16 1 42 2 68 3 8079459115555931136 275147390976 10389807104155207680 550294781952 16145408794808060928 825442172928
17 1 43 2 69 3 13875595988141543424 1077936129 4674747468456468480 2155872258 9254913756985700352 3233808387
18 1 44 2 70 3 162151731437518848 4311744519 252245800116322304 8623489033 126166880523698176 12935233550
19 1 45 2 71 3 648606925750075392 17246978076 1008983200465289216 34493956132 504667522094792704 51740934200
20 1 46 2 72 3 2594427703000301568 68987912304 4035932801861156864 137975824528 2018670088379170816 206963736800
21 1 47 2 73 3 10377710812001206272 275951649216 16143731207444627456 551903298112 8074680353516683264 827854947200
22 1 48 2 74 3 4617355100585721857 4294969090 9234692608649854978 8589936899 13851977340357181443 12884905473
23 1 49 2 75 3 18172729005965317 17179876361 36275087925575690 34359747598 54166341417959439 51539621895
24 1 50 2 76 3 72690916023861268 68719505444 145100351702302760 137438990392 216665365671837756 206158487580
25 1 51 2 77 3 290763664095445072 274878021776 580401406809211040 549755961568 866661462687351024 824633950320
2 3 34 1 71 1 2309220812281872896 68770463936 3459890603242816256 137456713792 1155173528564138240 206192312448
3 3 35 1 72 1 9223372450245380099 275081855744 13835058813343894529 549826855168 4611686915001811970 824769249792
4 3 36 1 73 1 4505253189787660 815795202 9010231501664260 284165123 13514385179807752 542115841
5 3 37 1 74 1 18021012759150640 3263180808 36040926006657040 1136660492 54057540719231008 2168463364
6 3 38 1 75 1 72084051036602560 13052723232 144163704026628160 4546641968 216230162876924032 8673853456
7 3 39 1 76 1 288336204146410240 52210892928 576654816106512640 18186567872 864920651507696128 34695413824
8 3 40 1 77 1 1153344816585640960 208843571712 2306619264426050560 72746271488 3459682606030784512 138781655296
9 3 41 1 52 1 4613379266342563840 835374286848 9226477057704202240 290985085952 13838730424123138048 555126621184
10 3 42 1 53 1 15780190915444737 42962264065 7916483770335234 64428716034 10185875736526851 21483229187
11 3 43 1 54 1 54113564407037958 171849056260 18155136199229451 257714864136 36239903318736909 85932916748
12 3 44 1 55 1 216454257628151832 687396225040 72620544796917804 1030859456544 144959613274947636 343731666992
13 3 45 1 56 1 874824229767348320 550561644608 303992978069782704 824902942848 584342052727161040 275415040192
14 3 46 1 57 1 3503800518696763777 3223322880 1220475511906501314 1076888064 2328361011653903171 2148532992
15 3 47 1 58 1 14015202074787055108 12893291520 4881902047626005256 4307552256 9313444046615612684 8594131968
16 3 48 1 59 1 720576078019565584 51573166083 1080864116794469408 17230209025 360288039043347504 34376527874
17 3 49 1 60 1 2882304312078262336 206292664332 4323456467177877632 68920836100 1441152156173390016 137506111496
18 3 50 1 61 1 11529217248313049344 825170657328 17293825868711510528 275683344400 5764608624693560064 550024445984
19 3 51 1 62 1 9236891644715205632 2147745986 13839574853344757760 3221749827 4620697624319429632 1074528385
20 3 26 1 63 1 54078431441719296 8590983946 18067192250376192 12886999311 36046423568166912 4298113541
21 3 27 1 64 1 216313725766877184 34363935784 72268769001504768 51547997244 144185694272667648 17192454164
22 3 28 1 65 1 865254903067508736 137455743136 289075076006019072 206191988976 576742777090670592 68769816656
23 3 29 1 66 1 3461019612270034944 549822972544 1156300304024076288 824767955904 2306971108362682368 275079266624
24 3 30 1 67 1 13844078449080139778 268634624 4625201216096305155 536940288 9227884433450729473 805438720
25 3 31 1 68 1 36081575191904264 1074538499 54060790675669004 2147761153 18049586383814660 3221754882
0 3 32 1 69 1 144326300767617056 4298153996 216243162702676016 8591044612 72198345535258640 12887019528
1 3 33 1 70 1 577305203070468224 17192615984 864972650810704064 34364178448 288793382141034560 51548078112
19 2 37 1 64 1 12691143819454843779 206158693120 15001490496478514625 68720001280 6922032833963755074 137439740416
20 2 38 1 65 1 13871087130400271884 824634772482 4665729764785403652 274880005123 9241387262145468680 549758961665
21 2 39 1 66 1 157627099354544176 4206603 220678585059433488 8392717 81068100417512480 12591110
22 2 40 1 67 1 630508397418176704 16826412 882714340237733952 33570868 324272401670049920 50364440
23 2 41 1 68 1 2522033589672706816 67305648 3530857360950935808 134283472 1297089606680199680 201457760
24 2 42 1 69 1 10088134358690827264 269222592 14123429443803743232 537133888 5188358426720798720 805831040
25 2 43 1 70 1 3459049287344205824 1076890370 1153485554086318080 2148535555 2306689633173643264 3223324161
0 2 44 1 71 1 13836197149376823296 4307561480 4613942216345272320 8594142220 9226758532694573056 12893296644
1 2 45 1 72 1 52776751267841 17230245923 17592416796674 34376568881 35184477077507 51573186578
2 2 46 1 73 1 211107005071364 68920983692 70369667186696 137506275524 140737908310028 206292746312
3 2 47 1 74 1 844428020285456 275683934768 281478668746784 550025102096 562951633240112 825170985248
4 2 48 1 75 1 7881311708512320 3224111296 10133113929728128 1077152832 15762605415071936 2149057664
5 2 49 1 76 1 18014447951937795 12896445184 36028856091542017 4308611328 54043222405546754 8596230656
6 2 50 1 77 1 72057791807751180 51585780736 144115424366168068 17234445312 216172889622187016 34384922624
7 2 51 1 52 1 288231167231004720 206343122944 576461697464672272 68937781248 864691558488748064 137539690496
8 2 26 1 53 1 1152924668924018880 825372491776 2305846789858689088 275751124992 3458766233954992256 550158761984
9 2 27 1 54 1 4625209474578187008 2955083776 9227890759062126848 3492872192 13844072135074710016 1611792384
10 2 28 1 55 1 54093824603196416 11820335105 18074888829404160 13971488770 36056319170185216 6447169539
11 2 29 1 56 1 216375298412785664 47281340420 72299555317616640 55885955080 144225276680740864 25788678156
12 2 30 1 57 1 865501193651142656 189125361680 289198221270466560 223543820320 576901106722963456 103154712624
13 2 31 1 58 1 3462004774604570624 756501446720 1156792885081866240 894175281280 2307604426891853824 412618850496
14 2 32 1 59 1 13848019098418282498 826982531328 4627171540327464963 278166241792 9230417707567415297 550963774208
15 2 33 1 60 1 51844172544475147 9395241987 61942087600308237 13153339393 28182682850557958 4831841282
16 2 34 1 61 1 198369490923159598 37580967948 234257551519121463 52613357572 108227131774861337 19327365128
17 2 35 1 62 1 793477963692638392 150323871792 937030206076485852 210453430288 432908527099445348 77309460512
18 2 36 1 63 1 3173911854770553568 601295487168 3748120824305943408 841813721152 1731634108397781392 309237842048
8 1 47 3 68 2 69793219584 0 139586439168 0 209379658752 0
9 1 48 3 69 2 279172878336 0 558345756672 0 837518635008 0
10 1 49 3 70 2 1116691513344 0 2233383026688 0 3350074540032 0
11 1 50 3 71 2 4466766053376 0 8933532106752 0 13400298160128 0
12 1 51 3 72 2 17867064213504 0 35734128427008 0 53601192640512 0
13 1 26 3 73 2 71468256854016 0 142936513708032 0 214404770562048 0
14 1 27 3 74 2 285873027416064 0 571746054832128 0 857619082248192 0
15 1 28 3 75 2 1143492109664256 0 2286984219328512 0 3430476328992768 0
16 1 29 3 76 2 70368811286529 0 140737622573058 0 211106433859587 0
17 1 30 3 77 2 281475245146116 0 562950490292232 0 844425735438348 0
18 1 31 3 52 2 1125900980584464 0 2251801961168928 0 3377702941753392 0
19 1 32 3 53 2 4294967361 0 8589934722 0 12884902083 0
20 1 33 3 54 2 17179869444 0 34359738888 0 51539608332 0
21 1 34 3 55 2 68719477776 0 137438955552 0 206158433328 0
22 1 35 3 56 2 274877911104 0 549755822208 0 824633733312 0
23 1 36 3 57 2 1099511644416 0 2199023288832 0 3298534933248 0
24 1 37 3 58 2 4398046577664 0 8796093155328 0 13194139732992 0
25 1 38 3 59 2 17592186310656 0 35184372621312 0 52776558931968 0
0 1 39 3 60 2 70368745242624 0 140737490485248 0 211106235727872 0
1 1 40 3 61 2 281474980970496 0 562949961940992 0 844424942911488 0
2 1 41 3 62 2 1125899923881984 0 2251799847763968 0 3377699771645952 0
3 1 42 3 63 2 68157441 0 136314882 0 204472323 0
4 1 43 3 64 2 272629764 0 545259528 0 817889292 0
5 1 44 3 65 2 1090519056 0 2181038112 0 3271557168 0
6 1 45 3 66 2 4362076224 0 8724152448 0 13086228672 0
7 1 46 3 67 2 17448304896 0 34896609792 0 52344914688 0
19 3 26 1 68 1 0 0 0 0 0 0
20 3 27 1 69 1 0 0 0 0 0 0
21 3 28 1 70 1 0 0 0 0 0 0
22 3 29 1 71 1 0 0 0 0 0 0
23 3 30 1 72 1 0 0 0 0 0 0
24 3 31 1 73 1 0 0 0 0 0 0
25 3 32 1 74 1 0 0 0 0 0 0
0 3 33 1 75 1 0 0 0 0 0 0
1 3 34 1 76 1 0 0 0 0 0 0
2 3 35 1 77 1 0 0 0 0 0 0
3 3 36 1 52 1 0 0 0 0 0 0
4 3 37 1 53 1 0 0 0 0 0 0
5 3 38 1 54 1 0 0 0 0 0 0
6 3 39 1 55 1 0 0 0 0 0 0
7 3 40 1 56 1 0 0 0 0 0 0
8 3 41 1 57 1 0 0 0 0 0 0
9 3 42 1 58 1 0 0 0 0 0 0
10 3 43 1 59 1 0 0 0 0 0 0
11 3 44 1 60 1 0 0 0 0 0 0
12 3 45 1 61 1 0 0 0 0 0 0
13 3 46 1 62 1 0 0 0 0 0 0
14 3 47 1 63 1 0 0 0 0 0 0
15 3 48 1 64 1 0 0 0 0 0 0
16 3 49 1 65 1 0 0 0 0 0 0
17 3 50 1 66 1 0 0 0 0 0 0
18 3 51 1 67 1 0 0 0 0 0 0
0 1 34 2 64 3 0 0 0 0 0 0
1 1 35 2 65 3 0 0 0 0 0 0
2 1 36 2 66 3 0 0 0 0 0 0
3 1 37 2 67 3 0 0 0 0 0 0
4 1 38 2 68 3 0 0 0 0 0 0
5 1 39 2 69 3 0 0 0 0 0 0
6 1 40 2 70 3 0 0 0 0 0 0
7 1 41 2 71 3 0 0 0 0 0 0
8 1 42 2 72 3 0 0 0 0 0 0
9 1 43 2 73 3 0 0 0 0 0 0
10 1 44 2 74 3 0 0 0 0 0 0
11 1 45 2 75 3 0 0 0 0 0 0
12 1 46 2 76 3 0 0 0 0 0 0
13 1 47 2 77 3 0 0 0 0 0 0
14 1 48 2 52 3 0 0 0 0 0 0
15 1 49 2 53 3 0 0 0 0 0 0
16 1 50 2 54 3 0 0 0 0 0 0
17 1 51 2 55 3 0 0 0 0 0 0
18 1 26 2 56 3 0 0 0 0 0 0
19 1 27 2 57 3 0 0 0 0 0 0
20 1 28 2 58 3 0 0 0 0 0 0
21 1 29 2 59 3 0 0 0 0 0 0
22 1 30 2 60 3 0 0 0 0 0 0
23 1 31 2 61 3 0 0 0 0 0 0
24 1 32 2 62 3 0 0 0 0 0 0
25 1 33 2 63 3 0 0 0 0 0 0
8 1 37 3 71 2 4611686018427387904 17039360 9223372036854775808 34078720 13835058055282163712 51118080
9 1 38 3 72 2 0 68157441 0 136314882 0 204472323
10 1 39 3 73 2 0 272629764 0 545259528 0 817889292
11 1 40 3 74 2 0 1090519056 0 2181038112 0 3271557168
12 1 41 3 75 2 0 4362076224 0 8724152448 0 13086228672
13 1 42 3 76 2 0 17448304896 0 34896609792 0 52344914688
14 1 43 3 77 2 0 69793219584 0 139586439168 0 209379658752
15 1 44 3 52 2 0 279172878336 0 558345756672 0 837518635008
16 1 45 3 53 2 4503599627370496 17179885568 9007199254740992 34359771136 13510798882111488 51539656704
17 1 46 3 54 2 18014398509481984 68719542272 36028797018963968 137439084544 54043195528445952 206158626816
18 1 47 3 55 2 72057594037927936 274878169088 144115188075855872 549756338176 216172782113783808 824634507264
19 1 48 3 56 2 292733975779082240 1048576 585467951558164480 2097152 878201927337246720 3145728
20 1 49 3 57 2 1170935903116328960 4194304 2341871806232657920 8388608 3512807709348986880 12582912
21 1 50 3 58 2 4683743612465315840 16777216 9367487224930631680 33554432 14051230837395947520 50331648
22 1 51 3 59 2 288230376151711744 67108865 576460752303423488 134217730 864691128455135232 201326595
23 1 26 3 60 2 1152921504606846976 268435460 2305843009213693952 536870920 3458764513820540928 805306380
24 1 27 3 61 2 4611686018427387904 1073741840 9223372036854775808 2147483680 13835058055282163712 3221225520
25 1 28 3 62 2 0 4294967361 0 8589934722 0 12884902083
0 1 29 3 63 2 0 17179869444 0 34359738888 0 51539608332
1 1 30 3 64 2 0 68719477776 0 137438955552 0 206158433328
2 1 31 3 65 2 0 274877911104 0 549755822208 0 824633733312
3 1 32 3 66 2 4503599627370496 16640 9007199254740992 33280 13510798882111488 49920
4 1 33 3 67 2 18014398509481984 66560 36028797018963968 133120 54043195528445952 199680
5 1 34 3 68 2 72057594037927936 266240 144115188075855872 532480 216172782113783808 798720
6 1 35 3 69 2 288230376151711744 1064960 576460752303423488 2129920 864691128455135232 3194880
7 1 36 3 70 2 1152921504606846976 4259840 2305843009213693952 8519680 3458764513820540928 12779520
2 2 47 1 52 1 0 0 0 0 0 0
3 2 48 1 53 1 0 0 0 0 0 0
4 2 49 1 54 1 0 0 0 0 0 0
5 2 50 1 55 1 0 0 0 0 0 0
6 2 51 1 56 1 0 0 0 0 0 0
7 2 26 1 57 1 0 0 0 0 0 0
8 2 27 1 58 1 0 0 0 0 0 0
9 2 28 1 59 1 0 0 0 0 0 0
10 2 29 1 60 1 0 0 0 0 0 0
11 2 30 1 61 1 0 0 0 0 0 0
12 2 31 1 62 1 0 0 0 0 0 0
13 2 32 1 63 1 0 0 0 0 0 0
14 2 33 1 64 1 0 0 0 0 0 0
15 2 34 1 65 1 0 0 0 0 0 0
16 2 35 1 66 1 0 0 0 0 0 0
17 2 36 1 67 1 0 0 0 0 0 0
18 2 37 1 68 1 0 0 0 0 0 0
19 2 38 1 69 1 0 0 0 0 0 0
20 2 39 1 70 1 0 0 0 0 0 0
21 2 40 1 71 1 0 0 0 0 0 0
22 2 41 1 72 1 0 0 0 0 0 0
23 2 42 1 73 1 0 0 0 0 0 0
24 2 43 1 74 1 0 0 0 0 0 0
25 2 44 1 75 1 0 0 0 0 0 0
0 2 45 1 76 1 0 0 0 0 0 0
1 2 46 1 77 1 0 0 0 0 0 0
