104 39 52 13
0 1 13 1 26 1
1 1 14 1 27 1
2 1 15 1 28 1
3 1 16 1 29 1
4 1 17 1 30 1
5 1 18 1 31 1
6 1 19 1 32 1
7 1 20 1 33 1
8 1 21 1 34 1
9 1 22 1 35 1
10 1 23 1 36 1
11 1 24 1 37 1
12 1 25 1 38 1
3 1 25 1 31 1
4 1 13 1 32 1
5 1 14 1 33 1
6 1 15 1 34 1
7 1 16 1 35 1
8 1 17 1 36 1
9 1 18 1 37 1
10 1 19 1 38 1
11 1 20 1 26 1
12 1 21 1 27 1
0 1 22 1 28 1
1 1 23 1 29 1
2 1 24 1 30 1
3 1 21 1 35 1
4 1 22 1 36 1
5 1 23 1 37 1
6 1 24 1 38 1
7 1 25 1 26 1
8 1 13 1 27 1
9 1 14 1 28 1
10 1 15 1 29 1
11 1 16 1 30 1
12 1 17 1 31 1
0 1 18 1 32 1
1 1 19 1 33 1
2 1 20 1 34 1
6 1 25 1 29 1
7 1 13 1 30 1
8 1 14 1 31 1
9 1 15 1 32 1
10 1 16 1 33 1
11 1 17 1 34 1
12 1 18 1 35 1
0 1 19 1 36 1
1 1 20 1 37 1
2 1 21 1 38 1
3 1 22 1 26 1
4 1 23 1 27 1
5 1 24 1 28 1
0 2 24 1 31 1
1 2 25 1 32 1
2 2 13 1 33 1
3 2 14 1 34 1
4 2 15 1 35 1
5 2 16 1 36 1
6 2 17 1 37 1
7 2 18 1 38 1
8 2 19 1 26 1
9 2 20 1 27 1
10 2 21 1 28 1
11 2 22 1 29 1
12 2 23 1 30 1
6 1 13 2 35 1
7 1 14 2 36 1
8 1 15 2 37 1
9 1 16 2 38 1
10 1 17 2 26 1
11 1 18 2 27 1
12 1 19 2 28 1
0 1 20 2 29 1
1 1 21 2 30 1
2 1 22 2 31 1
3 1 23 2 32 1
4 1 24 2 33 1
5 1 25 2 34 1
9 1 24 1 26 2
10 1 25 1 27 2
11 1 13 1 28 2
12 1 14 1 29 2
0 1 15 1 30 2
1 1 16 1 31 2
2 1 17 1 32 2
3 1 18 1 33 2
4 1 19 1 34 2
5 1 20 1 35 2
6 1 21 1 36 2
7 1 22 1 37 2
8 1 23 1 38 2
9 1 21 1 29 1
10 1 22 1 30 1
11 1 23 1 31 1
12 1 24 1 32 1
0 1 25 1 33 1
1 1 13 1 34 1
2 1 14 1 35 1
3 1 15 1 36 1
4 1 16 1 37 1
5 1 17 1 38 1
6 1 18 1 26 1
7 1 19 1 27 1
8 1 20 1 28 1
1698884380466192
565356401852440
1138063581518856
3397768760924193
1130712736604208
2276127095928849
2291937961578563
2260875717402720
49204253192227
80826051592327
18151807443136
97858750570567
161652103184654
36303614886272
195717501141134
323304206369308
72607229772544
391435002282268
646608412738616
145214459545088
782870004564536
1293216825477232
290428919090176
1565740009129072
2586433650954464
580857838180352
3131480018258144
669267674538433
1161165987647489
1759910097859008
1338535281976194
2322331908186115
3519820195709825
2676520875247364
141613944815622
2536040831158018
849442190233096
282678200926220
569031790759428
0
0
0
0
0
0
0
0
0
0
0
0
0
0
0
0
0
0
0
0
0
0
0
0
0
0
0
0
0
0
0
0
0
0
0
0
0
0
0
563724339471382
1276601811838987
1840188544437277
1127448678942764
2553203623677974
3680377088874554
2254347602079832
603357308690477
2857154617479285
5095643889841
1206164861575258
1211259296293099
10191287779682
2412329723150516
2422518592586198
19832886854340
321609574744424
341437624910764
39665773708680
643219149488848
682875249821528
79331547417360
1286438298977696
1365750499643056
158663094834720
2572876597955392
2731500999286112
316776500956225
642703257253504
959402371201729
633552934811778
1285406447398145
1918804742395267
1267105869615365
2570812827695618
3837609417681671
2533661983416843
638575783826437
3171619208001038
644245094401
774606008885248
774150742351873
1288490188802
1549212017770496
1548301484703746
2576980377604
3098424035540992
3096602969407492
4604272050184
1693798199525376
1689606378553352
9208544100368
3387596399050752
3379212757106704
17867399495712
2272142926544896
2254825953951776
35185110286400
41235981533184
6052347641920
70370220572800
82471963066368
12104695283840
140740441145600
164943926132736
24209390567680
281480882291200
329887852265472
48418781135360
562961764582400
659775704530944
96837562270720
1125923529164800
1319551409061888
193675124541440
2251847058329600
2639102818123776
387350249082880
2276374635535
635518022947843
633396283961356
4552682170398
1271035978786823
1266792567914521
9105364340796
2542071957573646
2533585135829042
17660972867705
581094043582493
563570644295780
35321945735410
1162188087164986
1127141288591560
70643891470820
2324376174329972
2254282577183120
140738094236616
145702477103336
4965594104608
281476188473232
291404954206672
9931188209216
562952376946464
582809908413344
19862376418432
1125904753892928
1165619816826688
39724752836864
2251809507777665
2331239566552704
79449438564865
569143990531
158879505743104
158349121315843
1138220872199
317759011478017
316698175531014
0
0
0
0
0
0
0
0
0
0
0
0
0
0
0
0
0
0
0
0
0
0
0
0
0
0
0
0
0
0
0
0
0
0
0
0
0
0
0
0
0
0
0
0
0
0
0
0
0
0
0
0
0
0
0
0
0
0
0
0
0
0
0
0
0
0
0
0
0
0
0
0
0
0
0
0
0
0
67108864
549755813888
549822922752
134217728
1099511627776
1099645845504
268435456
2199023255552
2199291691008
536870912
4398046511104
4398583382016
1073741824
8796093022208
8797166764032
2147483648
17592186044416
17594333528064
4294967296
35184372088832
35188667056128
8589934592
70368744177664
70377334112256
17179869184
140737488355328
140754668224512
34359738368
281474976710656
281509336449024
68719476736
562949953421312
563018672898048
137438953472
1125899906842624
1126037345796096
274877906944
2251799813685248
2252074691592192
