78 208
8 1 26 52 78 104 130 156 182
9 0 1 27 53 79 105 131 157 183
8 3 28 54 80 106 132 158 184
9 2 3 29 55 81 107 133 159 185
8 5 30 56 82 108 134 160 186
9 4 5 31 57 83 109 135 161 187
8 7 32 58 84 110 136 162 188
9 6 7 33 59 85 111 137 163 189
8 9 34 60 86 112 138 164 190
9 8 9 35 61 87 113 139 165 191
8 11 36 62 88 114 140 166 192
9 10 11 37 63 89 115 141 167 193
8 13 38 64 90 116 142 168 194
9 12 13 39 65 91 117 143 169 195
8 15 40 66 92 118 144 170 196
9 14 15 41 67 93 119 145 171 197
8 17 42 68 94 120 146 172 198
9 16 17 43 69 95 121 147 173 199
8 19 44 70 96 122 148 174 200
9 18 19 45 71 97 123 149 175 201
8 21 46 72 98 124 150 176 202
9 20 21 47 73 99 125 151 177 203
8 23 48 74 100 126 152 178 204
9 22 23 49 75 101 127 153 179 205
8 25 50 76 102 128 154 180 206
9 24 25 51 77 103 129 155 181 207
8 0 51 54 98 108 152 164 196
9 1 50 51 55 99 109 153 165 197
8 2 27 56 100 110 154 166 198
9 3 26 27 57 101 111 155 167 199
8 4 29 58 102 112 130 168 200
9 5 28 29 59 103 113 131 169 201
8 6 31 60 78 114 132 170 202
9 7 30 31 61 79 115 133 171 203
8 8 33 62 80 116 134 172 204
9 9 32 33 63 81 117 135 173 205
8 10 35 64 82 118 136 174 206
9 11 34 35 65 83 119 137 175 207
8 12 37 66 84 120 138 176 182
9 13 36 37 67 85 121 139 177 183
8 14 39 68 86 122 140 178 184
9 15 38 39 69 87 123 141 179 185
8 16 41 70 88 124 142 180 186
9 17 40 41 71 89 125 143 181 187
8 18 43 72 90 126 144 156 188
9 19 42 43 73 91 127 145 157 189
8 20 45 74 92 128 146 158 190
9 21 44 45 75 93 129 147 159 191
8 22 47 76 94 104 148 160 192
9 23 46 47 77 95 105 149 161 193
8 24 49 52 96 106 150 162 194
9 25 48 49 53 97 107 151 163 195
8 0 42 65 92 122 132 160 204
9 1 43 64 65 93 123 133 161 205
8 2 44 67 94 124 134 162 206
9 3 45 66 67 95 125 135 163 207
8 4 46 69 96 126 136 164 182
9 5 47 68 69 97 127 137 165 183
8 6 48 71 98 128 138 166 184
9 7 49 70 71 99 129 139 167 185
8 8 50 73 100 104 140 168 186
9 9 51 72 73 101 105 141 169 187
8 10 26 75 102 106 142 170 188
9 11 27 74 75 103 107 143 171 189
8 12 28 77 78 108 144 172 190
9 13 29 76 77 79 109 145 173 191
8 14 30 53 80 110 146 174 192
9 15 31 52 53 81 111 147 175 193
8 16 32 55 82 112 148 176 194
9 17 33 54 55 83 113 149 177 195
8 18 34 57 84 114 150 178 196
9 19 35 56 57 85 115 151 179 197
8 20 36 59 86 116 152 180 198
9 21 37 58 59 87 117 153 181 199
8 22 38 61 88 118 154 156 200
9 23 39 60 61 89 119 155 157 201
8 24 40 63 90 120 130 158 202
9 25 41 62 63 91 121 131 159 203
