104 39 52 13
0 2 13 1 26 1
1 2 14 1 27 1
2 2 15 1 28 1
3 2 16 1 29 1
4 2 17 1 30 1
5 2 18 1 31 1
6 2 19 1 32 1
7 2 20 1 33 1
8 2 21 1 34 1
9 2 22 1 35 1
10 2 23 1 36 1
11 2 24 1 37 1
12 2 25 1 38 1
0 1 14 2 31 1
1 1 15 2 32 1
2 1 16 2 33 1
3 1 17 2 34 1
4 1 18 2 35 1
5 1 19 2 36 1
6 1 20 2 37 1
7 1 21 2 38 1
8 1 22 2 26 1
9 1 23 2 27 1
10 1 24 2 28 1
11 1 25 2 29 1
12 1 13 2 30 1
0 1 25 1 33 2
1 1 13 1 34 2
2 1 14 1 35 2
3 1 15 1 36 2
4 1 16 1 37 2
5 1 17 1 38 2
6 1 18 1 26 2
7 1 19 1 27 2
8 1 20 1 28 2
9 1 21 1 29 2
10 1 22 1 30 2
11 1 23 1 31 2
12 1 24 1 32 2
0 1 16 1 32 1
1 1 17 1 33 1
2 1 18 1 34 1
3 1 19 1 35 1
4 1 20 1 36 1
5 1 21 1 37 1
6 1 22 1 38 1
7 1 23 1 26 1
8 1 24 1 27 1
9 1 25 1 28 1
10 1 13 1 29 1
11 1 14 1 30 1
12 1 15 1 31 1
0 1 24 1 30 1
1 1 25 1 31 1
2 1 13 1 32 1
3 1 14 1 33 1
4 1 15 1 34 1
5 1 16 1 35 1
6 1 17 1 36 1
7 1 18 1 37 1
8 1 19 1 38 1
9 1 20 1 26 1
10 1 21 1 27 1
11 1 22 1 28 1
12 1 23 1 29 1
0 1 15 1 38 1
1 1 16 1 26 1
2 1 17 1 27 1
3 1 18 1 28 1
4 1 19 1 29 1
5 1 20 1 30 1
6 1 21 1 31 1
7 1 22 1 32 1
8 1 23 1 33 1
9 1 24 1 34 1
10 1 25 1 35 1
11 1 13 1 36 1
12 1 14 1 37 1
0 1 22 1 37 1
1 1 23 1 38 1
2 1 24 1 26 1
3 1 25 1 27 1
4 1 13 1 28 1
5 1 14 1 29 1
6 1 15 1 30 1
7 1 16 1 31 1
8 1 17 1 32 1
9 1 18 1 33 1
10 1 19 1 34 1
11 1 20 1 35 1
12 1 21 1 36 1
0 1 19 1 28 1
1 1 20 1 29 1
2 1 21 1 30 1
3 1 22 1 31 1
4 1 23 1 32 1
5 1 24 1 33 1
6 1 25 1 34 1
7 1 13 1 35 1
8 1 14 1 36 1
9 1 15 1 37 1
10 1 16 1 38 1
11 1 17 1 26 1
12 1 18 1 27 1
0
0
0
0
0
0
0
0
0
0
0
0
0
0
0
0
0
0
0
0
0
0
0
0
0
0
0
0
0
0
0
0
0
0
0
0
0
0
0
25566262599968
2256750705385473
2273515774673185
50582836494912
10451539214338
43431989084738
101165672989824
20903078428676
86863978169476
202331345979648
41806156857352
173727956338952
404662691959296
83612313714704
347455912677904
809325383910401
167224560328736
694911758246945
1618650767820802
334449120657472
1389823516493890
3237301535641604
668898241314944
2779647032987780
1971003511013385
1337246726824192
1056244127310089
3942007022026770
2674493453648384
2112488254620178
3380964172496932
845387347035136
4224426820535332
2258328784732232
1690225005365248
3945803769514056
13058009202832
3379900322025472
3388557667471504
0
0
0
0
0
0
0
0
0
0
0
0
0
0
0
0
0
0
0
0
0
0
0
0
0
0
0
0
0
0
0
0
0
0
0
0
0
0
0
1
8192
8193
2
16384
16386
4
32768
32772
8
65536
65544
16
131072
131088
32
262144
262176
64
524288
524352
128
1048576
1048704
256
2097152
2097408
512
4194304
4194816
1024
8388608
8389632
2048
16777216
16779264
4096
33554432
33558528
0
0
0
0
0
0
0
0
0
0
0
0
0
0
0
0
0
0
0
0
0
0
0
0
0
0
0
0
0
0
0
0
0
0
0
0
0
0
0
197949947120484
472814178304576
310120016546084
395899894240968
945628356609152
620240033092168
791799788473745
1891256646117632
1240479999075473
1583599576947490
3782513292235264
2480959998150946
3166649398081093
3061976712905729
458320368939588
1830248924597387
1620353798449154
916090982065289
3660497849194774
3240707596898308
1832181964130578
2817945759724077
1977815633526793
3663814172455460
1132291959178331
3955081511247890
2824578406245449
2264034229651638
3407113150939172
1145557252229266
25018587746668
2310626741616712
2290564815753508
49487486780121
118203544576144
77530004136521
98974973560242
236407089152288
155060008273042
105969833489216
3448631107531329
3413854862704897
211389911164545
2394212343497859
2324110098047490
422230133624066
285374815439110
144620635833348
844460267248132
570749630878220
289241271666696
1688920467387401
1141499261748249
578482476232720
3377840934766611
2282998456395826
1156964885356577
2252631997976614
62397352530020
2313380082008130
1664368582733
124245016346825
123710225358980
3328737165466
248490032693650
247420450717960
6657474330932
496980065387300
494840901435920
13314948661864
993960130774600
989681802871840
26629897323728
1987920261549200
1979363605743680
53259794647456
3975840523098400
3958727211487360
67117160
549756674049
549823774825
134234320
1099513348098
1099647549650
268468640
2199026696196
2199295099300
536937280
4398053392392
4398590198600
1073874560
8796106784784
8797180397200
2147749120
17592213569568
17594360794400
4295498240
35184427139136
35188721588800
8590988289
70368787177600
70377376068737
17181968387
140737507254528
140754685028611
34363936774
281475014509056
281509370057222
68727865357
562949961917440
563018673005581
137455730714
1125899923834880
1126037346011162
274911461428
2251799847669760
2252074692022324
