78 208
8 0 46 72 92 105 144 164 190
9 1 47 73 93 104 105 145 165 191
8 2 48 74 94 107 146 166 192
9 3 49 75 95 106 107 147 167 193
8 4 50 76 96 109 148 168 194
9 5 51 77 97 108 109 149 169 195
8 6 26 52 98 111 150 170 196
9 7 27 53 99 110 111 151 171 197
8 8 28 54 100 113 152 172 198
9 9 29 55 101 112 113 153 173 199
8 10 30 56 102 115 154 174 200
9 11 31 57 103 114 115 155 175 201
8 12 32 58 78 117 130 176 202
9 13 33 59 79 116 117 131 177 203
8 14 34 60 80 119 132 178 204
9 15 35 61 81 118 119 133 179 205
8 16 36 62 82 121 134 180 206
9 17 37 63 83 120 121 135 181 207
8 18 38 64 84 123 136 156 182
9 19 39 65 85 122 123 137 157 183
8 20 40 66 86 125 138 158 184
9 21 41 67 87 124 125 139 159 185
8 22 42 68 88 127 140 160 186
9 23 43 69 89 126 127 141 161 187
8 24 44 70 90 129 142 162 188
9 25 45 71 91 128 129 143 163 189
8 0 28 62 80 108 131 160 192
9 1 29 63 81 109 130 131 161 193
8 2 30 64 82 110 133 162 194
9 3 31 65 83 111 132 133 163 195
8 4 32 66 84 112 135 164 196
9 5 33 67 85 113 134 135 165 197
8 6 34 68 86 114 137 166 198
9 7 35 69 87 115 136 137 167 199
8 8 36 70 88 116 139 168 200
9 9 37 71 89 117 138 139 169 201
8 10 38 72 90 118 141 170 202
9 11 39 73 91 119 140 141 171 203
8 12 40 74 92 120 143 172 204
9 13 41 75 93 121 142 143 173 205
8 14 42 76 94 122 145 174 206
9 15 43 77 95 123 144 145 175 207
8 16 44 52 96 124 147 176 182
9 17 45 53 97 125 146 147 177 183
8 18 46 54 98 126 149 178 184
9 19 47 55 99 127 148 149 179 185
8 20 48 56 100 128 151 180 186
9 21 49 57 101 129 150 151 181 187
8 22 50 58 102 104 153 156 188
9 23 51 59 103 105 152 153 157 189
8 24 26 60 78 106 155 158 190
9 25 27 61 79 107 154 155 159 191
8 0 42 60 98 120 138 157 202
9 1 43 61 99 121 139 156 157 203
8 2 44 62 100 122 140 159 204
9 3 45 63 101 123 141 158 159 205
8 4 46 64 102 124 142 161 206
9 5 47 65 103 125 143 160 161 207
8 6 48 66 78 126 144 163 182
9 7 49 67 79 127 145 162 163 183
8 8 50 68 80 128 146 165 184
9 9 51 69 81 129 147 164 165 185
8 10 26 70 82 104 148 167 186
9 11 27 71 83 105 149 166 167 187
8 12 28 72 84 106 150 169 188
9 13 29 73 85 107 151 168 169 189
8 14 30 74 86 108 152 171 190
9 15 31 75 87 109 153 170 171 191
8 16 32 76 88 110 154 173 192
9 17 33 77 89 111 155 172 173 193
8 18 34 52 90 112 130 175 194
9 19 35 53 91 113 131 174 175 195
8 20 36 54 92 114 132 177 196
9 21 37 55 93 115 133 176 177 197
8 22 38 56 94 116 134 179 198
9 23 39 57 95 117 135 178 179 199
8 24 40 58 96 118 136 181 200
9 25 41 59 97 119 137 180 181 201
