132 352
8 1 44 88 132 176 220 264 308
9 0 1 45 89 133 177 221 265 309
8 3 46 90 134 178 222 266 310
9 2 3 47 91 135 179 223 267 311
8 5 48 92 136 180 224 268 312
9 4 5 49 93 137 181 225 269 313
8 7 50 94 138 182 226 270 314
9 6 7 51 95 139 183 227 271 315
8 9 52 96 140 184 228 272 316
9 8 9 53 97 141 185 229 273 317
8 11 54 98 142 186 230 274 318
9 10 11 55 99 143 187 231 275 319
8 13 56 100 144 188 232 276 320
9 12 13 57 101 145 189 233 277 321
8 15 58 102 146 190 234 278 322
9 14 15 59 103 147 191 235 279 323
8 17 60 104 148 192 236 280 324
9 16 17 61 105 149 193 237 281 325
8 19 62 106 150 194 238 282 326
9 18 19 63 107 151 195 239 283 327
8 21 64 108 152 196 240 284 328
9 20 21 65 109 153 197 241 285 329
8 23 66 110 154 198 242 286 330
9 22 23 67 111 155 199 243 287 331
8 25 68 112 156 200 244 288 332
9 24 25 69 113 157 201 245 289 333
8 27 70 114 158 202 246 290 334
9 26 27 71 115 159 203 247 291 335
8 29 72 116 160 204 248 292 336
9 28 29 73 117 161 205 249 293 337
8 31 74 118 162 206 250 294 338
9 30 31 75 119 163 207 251 295 339
8 33 76 120 164 208 252 296 340
9 32 33 77 121 165 209 253 297 341
8 35 78 122 166 210 254 298 342
9 34 35 79 123 167 211 255 299 343
8 37 80 124 168 212 256 300 344
9 36 37 81 125 169 213 257 301 345
8 39 82 126 170 214 258 302 346
9 38 39 83 127 171 215 259 303 347
8 41 84 128 172 216 260 304 348
9 40 41 85 129 173 217 261 305 349
8 43 86 130 174 218 262 306 350
9 42 43 87 131 175 219 263 307 351
8 0 69 130 154 196 238 276 346
9 1 68 69 131 155 197 239 277 347
8 2 71 88 156 198 240 278 348
9 3 70 71 89 157 199 241 279 349
8 4 73 90 158 200 242 280 350
9 5 72 73 91 159 201 243 281 351
8 6 75 92 160 202 244 282 308
9 7 74 75 93 161 203 245 283 309
8 8 77 94 162 204 246 284 310
9 9 76 77 95 163 205 247 285 311
8 10 79 96 164 206 248 286 312
9 11 78 79 97 165 207 249 287 313
8 12 81 98 166 208 250 288 314
9 13 80 81 99 167 209 251 289 315
8 14 83 100 168 210 252 290 316
9 15 82 83 101 169 211 253 291 317
8 16 85 102 170 212 254 292 318
9 17 84 85 103 171 213 255 293 319
8 18 87 104 172 214 256 294 320
9 19 86 87 105 173 215 257 295 321
8 20 45 106 174 216 258 296 322
9 21 44 45 107 175 217 259 297 323
8 22 47 108 132 218 260 298 324
9 23 46 47 109 133 219 261 299 325
8 24 49 110 134 176 262 300 326
9 25 48 49 111 135 177 263 301 327
8 26 51 112 136 178 220 302 328
9 27 50 51 113 137 179 221 303 329
8 28 53 114 138 180 222 304 330
9 29 52 53 115 139 181 223 305 331
8 30 55 116 140 182 224 306 332
9 31 54 55 117 141 183 225 307 333
8 32 57 118 142 184 226 264 334
9 33 56 57 119 143 185 227 265 335
8 34 59 120 144 186 228 266 336
9 35 58 59 121 145 187 229 267 337
8 36 61 122 146 188 230 268 338
9 37 60 61 123 147 189 231 269 339
8 38 63 124 148 190 232 270 340
9 39 62 63 125 149 191 233 271 341
8 40 65 126 150 192 234 272 342
9 41 64 65 127 151 193 235 273 343
8 42 67 128 152 194 236 274 344
9 43 66 67 129 153 195 237 275 345
8 0 46 111 174 190 236 272 336
9 1 47 110 111 175 191 237 273 337
8 2 48 113 132 192 238 274 338
9 3 49 112 113 133 193 239 275 339
8 4 50 115 134 194 240 276 340
9 5 51 114 115 135 195 241 277 341
8 6 52 117 136 196 242 278 342
9 7 53 116 117 137 197 243 279 343
8 8 54 119 138 198 244 280 344
9 9 55 118 119 139 199 245 281 345
8 10 56 121 140 200 246 282 346
9 11 57 120 121 141 201 247 283 347
8 12 58 123 142 202 248 284 348
9 13 59 122 123 143 203 249 285 349
8 14 60 125 144 204 250 286 350
9 15 61 124 125 145 205 251 287 351
8 16 62 127 146 206 252 288 308
9 17 63 126 127 147 207 253 289 309
8 18 64 129 148 208 254 290 310
9 19 65 128 129 149 209 255 291 311
8 20 66 131 150 210 256 292 312
9 21 67 130 131 151 211 257 293 313
8 22 68 89 152 212 258 294 314
9 23 69 88 89 153 213 259 295 315
8 24 70 91 154 214 260 296 316
9 25 71 90 91 155 215 261 297 317
8 26 72 93 156 216 262 298 318
9 27 73 92 93 157 217 263 299 319
8 28 74 95 158 218 220 300 320
9 29 75 94 95 159 219 221 301 321
8 30 76 97 160 176 222 302 322
9 31 77 96 97 161 177 223 303 323
8 32 78 99 162 178 224 304 324
9 33 79 98 99 163 179 225 305 325
8 34 80 101 164 180 226 306 326
9 35 81 100 101 165 181 227 307 327
8 36 82 103 166 182 228 264 328
9 37 83 102 103 167 183 229 265 329
8 38 84 105 168 184 230 266 330
9 39 85 104 105 169 185 231 267 331
8 40 86 107 170 186 232 268 332
9 41 87 106 107 171 187 233 269 333
8 42 44 109 172 188 234 270 334
9 43 45 108 109 173 189 235 271 335
