176 66 88 22
0 2 22 1 44 1
1 2 23 1 45 1
2 2 24 1 46 1
3 2 25 1 47 1
4 2 26 1 48 1
5 2 27 1 49 1
6 2 28 1 50 1
7 2 29 1 51 1
8 2 30 1 52 1
9 2 31 1 53 1
10 2 32 1 54 1
11 2 33 1 55 1
12 2 34 1 56 1
13 2 35 1 57 1
14 2 36 1 58 1
15 2 37 1 59 1
16 2 38 1 60 1
17 2 39 1 61 1
18 2 40 1 62 1
19 2 41 1 63 1
20 2 42 1 64 1
21 2 43 1 65 1
0 1 32 2 65 1
1 1 33 2 44 1
2 1 34 2 45 1
3 1 35 2 46 1
4 1 36 2 47 1
5 1 37 2 48 1
6 1 38 2 49 1
7 1 39 2 50 1
8 1 40 2 51 1
9 1 41 2 52 1
10 1 42 2 53 1
11 1 43 2 54 1
12 1 22 2 55 1
13 1 23 2 56 1
14 1 24 2 57 1
15 1 25 2 58 1
16 1 26 2 59 1
17 1 27 2 60 1
18 1 28 2 61 1
19 1 29 2 62 1
20 1 30 2 63 1
21 1 31 2 64 1
0 1 23 1 55 2
1 1 24 1 56 2
2 1 25 1 57 2
3 1 26 1 58 2
4 1 27 1 59 2
5 1 28 1 60 2
6 1 29 1 61 2
7 1 30 1 62 2
8 1 31 1 63 2
9 1 32 1 64 2
10 1 33 1 65 2
11 1 34 1 44 2
12 1 35 1 45 2
13 1 36 1 46 2
14 1 37 1 47 2
15 1 38 1 48 2
16 1 39 1 49 2
17 1 40 1 50 2
18 1 41 1 51 2
19 1 42 1 52 2
20 1 43 1 53 2
21 1 22 1 54 2
0 1 33 1 45 1
1 1 34 1 46 1
2 1 35 1 47 1
3 1 36 1 48 1
4 1 37 1 49 1
5 1 38 1 50 1
6 1 39 1 51 1
7 1 40 1 52 1
8 1 41 1 53 1
9 1 42 1 54 1
10 1 43 1 55 1
11 1 22 1 56 1
12 1 23 1 57 1
13 1 24 1 58 1
14 1 25 1 59 1
15 1 26 1 60 1
16 1 27 1 61 1
17 1 28 1 62 1
18 1 29 1 63 1
19 1 30 1 64 1
20 1 31 1 65 1
21 1 32 1 44 1
0 1 34 1 59 1
1 1 35 1 60 1
2 1 36 1 61 1
3 1 37 1 62 1
4 1 38 1 63 1
5 1 39 1 64 1
6 1 40 1 65 1
7 1 41 1 44 1
8 1 42 1 45 1
9 1 43 1 46 1
10 1 22 1 47 1
11 1 23 1 48 1
12 1 24 1 49 1
13 1 25 1 50 1
14 1 26 1 51 1
15 1 27 1 52 1
16 1 28 1 53 1
17 1 29 1 54 1
18 1 30 1 55 1
19 1 31 1 56 1
20 1 32 1 57 1
21 1 33 1 58 1
0 1 35 1 58 1
1 1 36 1 59 1
2 1 37 1 60 1
3 1 38 1 61 1
4 1 39 1 62 1
5 1 40 1 63 1
6 1 41 1 64 1
7 1 42 1 65 1
8 1 43 1 44 1
9 1 22 1 45 1
10 1 23 1 46 1
11 1 24 1 47 1
12 1 25 1 48 1
13 1 26 1 49 1
14 1 27 1 50 1
15 1 28 1 51 1
16 1 29 1 52 1
17 1 30 1 53 1
18 1 31 1 54 1
19 1 32 1 55 1
20 1 33 1 56 1
21 1 34 1 57 1
0 1 38 1 62 1
1 1 39 1 63 1
2 1 40 1 64 1
3 1 41 1 65 1
4 1 42 1 44 1
5 1 43 1 45 1
6 1 22 1 46 1
7 1 23 1 47 1
8 1 24 1 48 1
9 1 25 1 49 1
10 1 26 1 50 1
11 1 27 1 51 1
12 1 28 1 52 1
13 1 29 1 53 1
14 1 30 1 54 1
15 1 31 1 55 1
16 1 32 1 56 1
17 1 33 1 57 1
18 1 34 1 58 1
19 1 35 1 59 1
20 1 36 1 60 1
21 1 37 1 61 1
0 1 25 1 52 1
1 1 26 1 53 1
2 1 27 1 54 1
3 1 28 1 55 1
4 1 29 1 56 1
5 1 30 1 57 1
6 1 31 1 58 1
7 1 32 1 59 1
8 1 33 1 60 1
9 1 34 1 61 1
10 1 35 1 62 1
11 1 36 1 63 1
12 1 37 1 64 1
13 1 38 1 65 1
14 1 39 1 44 1
15 1 40 1 45 1
16 1 41 1 46 1
17 1 42 1 47 1
18 1 43 1 48 1
19 1 22 1 49 1
20 1 23 1 50 1
21 1 24 1 51 1
0 0
0 0
0 0
0 0
0 0
0 0
0 0
0 0
0 0
0 0
0 0
0 0
0 0
0 0
0 0
0 0
0 0
0 0
0 0
0 0
0 0
0 0
0 0
0 0
0 0
0 0
0 0
0 0
0 0
0 0
0 0
0 0
0 0
0 0
0 0
0 0
0 0
0 0
0 0
0 0
0 0
0 0
0 0
0 0
0 0
0 0
0 0
0 0
0 0
0 0
0 0
0 0
0 0
0 0
0 0
0 0
0 0
0 0
0 0
0 0
0 0
0 0
0 0
0 0
0 0
0 0
343630954504 0
274877988872 0
68753096704 0
687261909008 0
549755977744 0
137506193408 0
1374523818016 0
1099511955488 0
275012386816 0
2749047636032 0
2199023910976 0
550024773632 0
5498095272064 0
4398047821952 0
1100049547264 0
10996190544128 0
8796095643904 0
2200099094528 0
4400199238144 0
5243393 0
4400193994753 0
8800398476288 0
10486786 0
8800387989506 0
8610908161 0
16779269 0
8594128900 0
17221816322 0
33558538 0
17188257800 0
34443632644 0
67117076 0
34376515600 0
68887265288 0
134234152 0
68753031200 0
137774530576 0
268468304 0
137506062400 0
275549061152 0
536936608 0
275012124800 0
551098122304 0
1073873216 0
550024249600 0
1102196244608 0
2147746432 0
1100048499200 0
2204392489216 0
4295492864 0
2200096998400 0
4408784978432 0
8590985728 0
4400193996800 0
8817569956864 0
17181971456 0
8800387993600 0
42953869313 0
34359748609 0
8594137088 0
85907738626 0
68719497218 0
17188274176 0
171815477252 0
137438994436 0
34376548352 0
0 0
0 0
0 0
0 0
0 0
0 0
0 0
0 0
0 0
0 0
0 0
0 0
0 0
0 0
0 0
0 0
0 0
0 0
0 0
0 0
0 0
0 0
0 0
0 0
0 0
0 0
0 0
0 0
0 0
0 0
0 0
0 0
0 0
0 0
0 0
0 0
0 0
0 0
0 0
0 0
0 0
0 0
0 0
0 0
0 0
0 0
0 0
0 0
0 0
0 0
0 0
0 0
0 0
0 0
0 0
0 0
0 0
0 0
0 0
0 0
0 0
0 0
0 0
0 0
0 0
0 0
0 0
0 0
0 0
0 0
0 0
0 0
0 0
0 0
0 0
0 0
0 0
0 0
0 0
0 0
0 0
0 0
0 0
0 0
0 0
0 0
0 0
0 0
0 0
0 0
0 0
0 0
0 0
0 0
0 0
0 0
0 0
0 0
0 0
0 0
0 0
0 0
0 0
0 0
0 0
0 0
0 0
0 0
0 0
0 0
0 0
0 0
0 0
0 0
0 0
0 0
0 0
0 0
0 0
0 0
0 0
0 0
0 0
0 0
0 0
0 0
0 0
0 0
0 0
0 0
0 0
0 0
70643756318772 81936
360358682615152672 81920
360288039127302164 16
141287512637544 163872
720717365230305344 163840
720576078254604328 32
282575025275088 327744
1441434730460610688 327680
1441152156509208656 64
565150050550176 655488
2882869460921221376 655360
2882304313018417312 128
1130300101100352 1310976
5765738921842442752 1310720
5764608626036834624 256
2260600202200704 2621952
11531477843684885504 2621440
11529217252073669248 512
4503608222551296 5243904
4616194021474174977 5242881
4611690430433592577 1025
9007216445102592 10487808
9232388042948349954 10485762
9223380860867185154 2050
18014432886010881 4198404
18032012191342596 4194309
17648024818693 4097
36028865772021762 8396808
36064024382685192 8388618
35296049637386 8194
72057731544043524 16404
72145640951414800 20
88184285319188 16384
144115463088087048 32808
144291281902829600 40
176368570638376 32768
288230926176174096 65616
288582563805659200 80
352737141276752 65536
576461852352348192 131232
577165127611318400 160
705474282553504 131072
1152923704704696384 262464
1154330255222636800 320
1410948565107008 262144
2305847409409392768 524928
2308660510445273600 640
2821897130214016 524288
4611694818818785536 1049856
4617321020890547200 1280
5643794260428032 1048576
9223372045451526657 2099712
9234642041776900097 2560
11269996339005952 2097152
17189307395 4199425
22522417662398466 5121
22522400491967489 4194304
34378614790 8398850
45044835324796932 10242
45044800983934978 8388608
17660939079693 20484
90089670653788168 20480
90072009781825541 4
35321878159386 40968
180179341307576336 40960
180144019563651082 8
1441292618246914048 262144
1152921504606846976 65568
288371113640067072 327712
2882585236493828096 524288
2305843009213693952 131136
576742227280134144 655424
5765170472987656192 1048576
4611686018427387904 262272
1153484454560268288 1310848
11530340945975312384 2097152
9223372036854775808 524544
2306968909120536576 2621696
4613937818241073152 4194305
0 1049089
4613937818241073152 5243392
9227875636482146304 8388610
0 2098178
9227875636482146304 10486784
9024791440785408 5
17592186044416 4196352
9007199254740992 4196357
18049582881570816 10
35184372088832 8392704
18014398509481984 8392714
36116757949186048 16
70368744177664 8196
36046389205008384 8212
72233515898372096 32
140737488355328 16392
72092778410016768 16424
144467031796744192 64
281474976710656 32784
144185556820033536 32848
288934063593488384 128
562949953421312 65568
288371113640067072 65696
577868127186976768 256
1125899906842624 131136
576742227280134144 131392
1155736254373953536 512
2251799813685248 262272
1153484454560268288 262784
2311472508747907072 1024
4503599627370496 524544
2306968909120536576 525568
4622945017495814144 2048
9007199254740992 1049088
4613937818241073152 1051136
9245890034991628288 4096
18014398509481984 2098176
9227875636482146304 2102272
45035996273704960 8193
36028797018963968 4196352
9007199254740992 4204545
90071992547409920 16386
72057594037927936 8392704
18014398509481984 8409090
180161577280864256 32768
144115188075855872 8196
36046389205008384 40964
360323154561728512 65536
288230376151711744 16392
72092778410016768 81928
720646309123457024 131072
576460752303423488 32784
144185556820033536 163856
9232383634160234499 3077
13532840663711745 6292484
9227893280221442050 6293505
18023194610917382 6155
27065681327423490 12584968
9042486733332484 12587011
36046389226029068 12306
54113770468802565 8392724
18102565648515081 8396806
72110370638102552 24608
108227540937605130 8236
36222723483074578 16396
144220741276205104 49216
216455081875210260 16472
72445446966149156 32792
288441482552410208 98432
432910163750420520 32944
144890893932298312 65584
576882965104820416 196864
865820327500841040 65888
289781787864596624 131168
1153765930209640832 393728
1731640655001682080 131776
579563575729193248 262336
2307531860419281664 787456
3463281310003364160 263552
1159127151458386496 524672
4615063720834369025 1574912
6926545027824878208 527104
2318236710730728577 1049344
9230127441664543747 3149824
13853072463467906304 1054208
4636455829275412739 2098688
13510809619535878 6299649
9259400853226260992 2108417
9272911658550825478 4197376
27021619239071756 12599298
72057632742970368 4216835
99079243392099340 8394753
54060830664187928 8421380
144132857671985152 8433666
198158486784198680 12294
108121661328375856 65548
288283307530014720 90116
396334565754441776 24584
216243322656751712 131096
576566615060029440 180232
792669131508883552 49168
432486645313503424 262192
1153133230120058880 360464
1585338263017767104 98336
864973290627006848 524384
2306266460240117760 720928
3170676526035534208 196672
1729946581254013696 1048768
4612532920480235520 1441856
6341353052071068416 393344
3459893162508027392 2097536
9225065840960471040 2883712
12682706104142136832 786688
6919786325016054784 4195072
3387608211390464 5767425
6918668134574722048 1573377
13839572650027915265 8390144
6757624240930816 11534850
13837318676963399681 3146754
108121867520360460 24600
108192442406211592 16
70574953058308 24584
216243735040720920 49200
216384884812423184 32
141149906116616 49168
432487470081441840 98400
432769769624846368 64
282299812233232 98336
864974940162883680 196800
865539539249692736 128
564599624466464 196672
1729949880325767360 393600
1731079078499385472 256
1129199248932928 393344
3459899760651534720 787200
3462158156998770944 512
2258398497865856 786688
6919781929121219328 1574400
6924298721811497473 1024
4516796991537409 1573376
13839563858238244353 3148800
13848579851441144834 2048
9016001797030403 3146752
9232383642762742787 6297601
9250398036990887940 4097
18014411408016391 6293504
18023211815933958 12595203
54052000272224264 8195
36028822816032782 12587008
36046423636062220 8413190
108104000544448529 16386
72057645627871261 8396804
72110439458168856 49164
216225593274941474 32768
144115291255742522 16396
144220878916337712 98328
432451186549882948 65536
288230582511485044 32792
288441757832675424 196656
864902373099765896 131072
576461165022970088 65584
576883515665350848 393312
1729804746199531792 262144
1152922330045940176 131168
1153767031330701696 786624
3459609492399063584 524288
2305844660091880352 262336
2307534062661403392 1573248
6919218984798127168 1048576
4611689320183760704 524672
4615068125322806784 3146496
13838437969596254336 2097152
9223378640367521408 1049344
9230136250645613568 6292992
9230131865482957056 4194305
13207025491200 2098689
13510835395631105 12585985
13519657252168193 8388611
8821869132288 4197378
27021670787067907 8394758
27039314508530690 6
17643738264577 8394752
54060933760180230 12300
54096221203105796 8
35287476529154 12292
