132 352
8 0 48 96 150 177 238 272 312
9 1 49 97 151 176 177 239 273 313
8 2 50 98 152 179 240 274 314
9 3 51 99 153 178 179 241 275 315
8 4 52 100 154 181 242 276 316
9 5 53 101 155 180 181 243 277 317
8 6 54 102 156 183 244 278 318
9 7 55 103 157 182 183 245 279 319
8 8 56 104 158 185 246 280 320
9 9 57 105 159 184 185 247 281 321
8 10 58 106 160 187 248 282 322
9 11 59 107 161 186 187 249 283 323
8 12 60 108 162 189 250 284 324
9 13 61 109 163 188 189 251 285 325
8 14 62 110 164 191 252 286 326
9 15 63 111 165 190 191 253 287 327
8 16 64 112 166 193 254 288 328
9 17 65 113 167 192 193 255 289 329
8 18 66 114 168 195 256 290 330
9 19 67 115 169 194 195 257 291 331
8 20 68 116 170 197 258 292 332
9 21 69 117 171 196 197 259 293 333
8 22 70 118 172 199 260 294 334
9 23 71 119 173 198 199 261 295 335
8 24 72 120 174 201 262 296 336
9 25 73 121 175 200 201 263 297 337
8 26 74 122 132 203 220 298 338
9 27 75 123 133 202 203 221 299 339
8 28 76 124 134 205 222 300 340
9 29 77 125 135 204 205 223 301 341
8 30 78 126 136 207 224 302 342
9 31 79 127 137 206 207 225 303 343
8 32 80 128 138 209 226 304 344
9 33 81 129 139 208 209 227 305 345
8 34 82 130 140 211 228 306 346
9 35 83 131 141 210 211 229 307 347
8 36 84 88 142 213 230 264 348
9 37 85 89 143 212 213 231 265 349
8 38 86 90 144 215 232 266 350
9 39 87 91 145 214 215 233 267 351
8 40 44 92 146 217 234 268 308
9 41 45 93 147 216 217 235 269 309
8 42 46 94 148 219 236 270 310
9 43 47 95 149 218 219 237 271 311
8 0 50 94 144 204 221 276 336
9 1 51 95 145 205 220 221 277 337
8 2 52 96 146 206 223 278 338
9 3 53 97 147 207 222 223 279 339
8 4 54 98 148 208 225 280 340
9 5 55 99 149 209 224 225 281 341
8 6 56 100 150 210 227 282 342
9 7 57 101 151 211 226 227 283 343
8 8 58 102 152 212 229 284 344
9 9 59 103 153 213 228 229 285 345
8 10 60 104 154 214 231 286 346
9 11 61 105 155 215 230 231 287 347
8 12 62 106 156 216 233 288 348
9 13 63 107 157 217 232 233 289 349
8 14 64 108 158 218 235 290 350
9 15 65 109 159 219 234 235 291 351
8 16 66 110 160 176 237 292 308
9 17 67 111 161 177 236 237 293 309
8 18 68 112 162 178 239 294 310
9 19 69 113 163 179 238 239 295 311
8 20 70 114 164 180 241 296 312
9 21 71 115 165 181 240 241 297 313
8 22 72 116 166 182 243 298 314
9 23 73 117 167 183 242 243 299 315
8 24 74 118 168 184 245 300 316
9 25 75 119 169 185 244 245 301 317
8 26 76 120 170 186 247 302 318
9 27 77 121 171 187 246 247 303 319
8 28 78 122 172 188 249 304 320
9 29 79 123 173 189 248 249 305 321
8 30 80 124 174 190 251 306 322
9 31 81 125 175 191 250 251 307 323
8 32 82 126 132 192 253 264 324
9 33 83 127 133 193 252 253 265 325
8 34 84 128 134 194 255 266 326
9 35 85 129 135 195 254 255 267 327
8 36 86 130 136 196 257 268 328
9 37 87 131 137 197 256 257 269 329
8 38 44 88 138 198 259 270 330
9 39 45 89 139 199 258 259 271 331
8 40 46 90 140 200 261 272 332
9 41 47 91 141 201 260 261 273 333
8 42 48 92 142 202 263 274 334
9 43 49 93 143 203 262 263 275 335
8 0 56 102 170 190 232 265 346
9 1 57 103 171 191 233 264 265 347
8 2 58 104 172 192 234 267 348
9 3 59 105 173 193 235 266 267 349
8 4 60 106 174 194 236 269 350
9 5 61 107 175 195 237 268 269 351
8 6 62 108 132 196 238 271 308
9 7 63 109 133 197 239 270 271 309
8 8 64 110 134 198 240 273 310
9 9 65 111 135 199 241 272 273 311
8 10 66 112 136 200 242 275 312
9 11 67 113 137 201 243 274 275 313
8 12 68 114 138 202 244 277 314
9 13 69 115 139 203 245 276 277 315
8 14 70 116 140 204 246 279 316
9 15 71 117 141 205 247 278 279 317
8 16 72 118 142 206 248 281 318
9 17 73 119 143 207 249 280 281 319
8 18 74 120 144 208 250 283 320
9 19 75 121 145 209 251 282 283 321
8 20 76 122 146 210 252 285 322
9 21 77 123 147 211 253 284 285 323
8 22 78 124 148 212 254 287 324
9 23 79 125 149 213 255 286 287 325
8 24 80 126 150 214 256 289 326
9 25 81 127 151 215 257 288 289 327
8 26 82 128 152 216 258 291 328
9 27 83 129 153 217 259 290 291 329
8 28 84 130 154 218 260 293 330
9 29 85 131 155 219 261 292 293 331
8 30 86 88 156 176 262 295 332
9 31 87 89 157 177 263 294 295 333
8 32 44 90 158 178 220 297 334
9 33 45 91 159 179 221 296 297 335
8 34 46 92 160 180 222 299 336
9 35 47 93 161 181 223 298 299 337
8 36 48 94 162 182 224 301 338
9 37 49 95 163 183 225 300 301 339
8 38 50 96 164 184 226 303 340
9 39 51 97 165 185 227 302 303 341
8 40 52 98 166 186 228 305 342
9 41 53 99 167 187 229 304 305 343
8 42 54 100 168 188 230 307 344
9 43 55 101 169 189 231 306 307 345
