192 72 2 24
0 1 24 1 48 1 3459045988814036994 134285568 1153484454593835011 201461248 2306687434194161665 67307264
1 1 25 1 49 1 13836183955256147976 537142272 4613937818375340044 805844992 9226749736776646660 269229056
2 1 26 1 50 1 4503599895937056 2148569091 9007199791808560 3223379969 13510799687483408 1076916226
3 1 27 1 51 1 18577349537169536 4341772 36873224097366208 8617988 54324673726644288 12697608
4 1 28 1 52 1 74309398148678144 17367088 147492896389464832 34471952 217298694906577152 50790432
5 1 29 1 53 1 297237592594712576 69468352 589971585557859328 137887808 869194779626308608 203161728
6 1 30 1 54 1 1188950370378850304 277873408 2359886342231437312 551551232 3476779118505234432 812646912
7 1 31 1 55 1 4755801481515401216 1111493632 9439545368925749248 2206204928 13907116474020937728 3250587648
8 1 32 1 56 1 576743327328763904 151007233 865256278237315072 234885122 289078099885228032 117448707
9 1 33 1 57 1 2306973309315055616 604028932 3461025112949260288 939540488 1156312399540912128 469794828
10 1 34 1 58 1 9227893237260222464 2416115728 13844100451797041152 3758161952 4625249598163648512 1879179312
11 1 35 1 59 1 18647751575207936 1074528322 37014010989641728 2147745923 54535793921753088 3221749953
12 1 36 1 60 1 74591006300831745 3145992 148056043958566914 1049100 218143175687012355 2097924
13 1 37 1 61 1 298364025203326980 12583968 592224175834267656 4196400 872572702748049420 8391696
14 1 38 1 62 1 1193456100813307920 50335872 2368896703337070624 16785600 3490290810992197680 33566784
15 1 39 1 63 1 4773824403253231680 201343488 9475586813348282496 67142400 13961163243968790720 134267136
16 1 40 1 64 1 648553539303375104 805373953 1008859105974026752 268569602 504420754746508032 537068547
17 1 41 1 65 1 2594214157213500416 3221495812 4035436423896107008 1074278408 2017683018986032128 2148274188
18 1 42 1 66 1 10377138103830712322 1081360 16141182745631006723 2146336 8071013550920839169 3162160
19 1 43 1 67 1 4615064267903746056 4325442 9224498761395372044 8585347 13837310129973805060 12648641
20 1 44 1 68 1 13512997905432608 17301769 4506898162384944 34341390 9008298766565392 50594567
21 1 45 1 69 1 54051991621730432 69207076 18027592649539776 137365560 36033195066261568 202378268
22 1 46 1 70 1 216207966486921728 276828304 72110370598159104 549462240 144132780265046272 809513072
23 1 47 1 71 1 864831865947686912 1107313216 288441482392636416 2197848960 576531121060185088 3238052288
1 1 40 1 67 1 5765170679180439617 202506240 11530059539768676482 69402624 17294104181535678659 137428992
2 1 41 1 68 1 4613938643012206852 810024961 9226750011655602696 277610498 13836184505014059788 549715971
3 1 42 1 69 1 9010498339275792 3240099845 13511899203307552 1110441994 4505798927584304 2198863887
4 1 43 1 70 1 36886418287235136 75497492 54329071789940864 146800680 18586145663758528 205520956
5 1 44 1 71 1 147545673148940544 301989968 217316287159763456 587202720 74344582655034112 822083824
6 1 45 1 48 1 590182692595762176 1207959872 869265148639053824 2348810880 297378330620136448 3288335296
7 1 46 1 49 1 2360167820429627395 536872192 3477342069532925953 805308928 1189794797457256450 268439296
8 1 47 1 50 1 9440671281718509580 2147488768 13909368278131703812 3221235712 4759179189829025800 1073757184
9 1 24 1 51 1 869759929408356400 20482 298085316328292368 40963 590254160583262240 61441
10 1 25 1 52 1 3479039717633425600 81928 1192341265313169472 163852 2361016642333048960 245764
11 1 26 1 53 1 13916158870533702400 327712 4769365061252677888 655408 9444066569332195840 983056
12 1 27 1 54 1 324403261006154752 1310851 630716171301159936 2621633 882778129909680128 3932226
13 1 28 1 55 1 1297050094071197698 5243404 2522020260274507779 10486532 3530831044662009857 15728904
14 1 29 1 56 1 5188200376284790792 20973616 10088081041098031116 41946128 14123324178648039428 62915616
15 1 30 1 57 1 2306057431429611552 83894465 3458836016973021232 167784514 1153064493463502864 251662467
16 1 31 1 58 1 9223385300788314243 335577860 13835062592915374273 671138056 4611695023900590146 1006649868
17 1 32 1 59 1 53055734153740 1342311442 18150532842244 2684552227 36021892808968 4026599473
18 1 33 1 60 1 493697913325616 1074278472 635552084790288 2148274316 988512501367840 3221496004
19 1 34 1 61 1 1411841699881155 2146592 2823683315871809 3162672 4235524982182018 1082128
20 1 35 1 62 1 5647366799524620 8586368 11294733263487236 12650688 16942099928728072 4328512
21 1 36 1 63 1 22589467198098480 34345472 45178933053948944 50602752 67768399714912288 17314048
22 1 37 1 64 1 90076393815683265 137381888 180152782262374466 202411008 270229173929517187 69256192
23 1 38 1 65 1 360305575262733060 549527552 720611129049497864 809644032 1080916695718068748 277024768
0 1 39 1 66 1 1441222301050932240 2198110208 2882444516197991456 3238576128 4323666782872274992 1108099072
1 1 38 1 56 1 4647715024826793986 1068544 9277415302176702467 2131712 13853072593378607105 3197184
2 1 39 1 57 1 144116025597624328 4274177 216173061287706636 8526850 72058152385773572 12788739
3 1 40 1 58 1 576464102390497312 17096708 864692245150826544 34107400 288232609543094288 51154956
4 1 41 1 59 1 2305856409561989248 68386832 3458768980603306176 136429600 1152930438172377152 204619824
5 1 42 1 60 1 9223425638247956992 273547328 13835075922413224704 545718400 4611721752689508608 818479296
6 1 43 1 61 1 214405572724736 1094189314 71468524243968 2182873603 142937048482816 3273917185
7 1 44 1 62 1 294672337477635 81789960 567349073686529 141559820 853223170641922 210766852
8 1 45 1 63 1 1178689349910540 327159840 2269396294746116 566239280 3412892682567688 843067408
9 1 46 1 64 1 4714757399642160 1308639360 9077585178984464 2264957120 13651570730270752 3372269632
10 1 47 1 65 1 18296079645147331 939590144 36591815692648513 469893888 54887757897793666 604176640
11 1 24 1 66 1 73184318580589324 3758360576 146367262770594052 1879575552 219551031591174664 2416706560
12 1 25 1 67 1 293581699252489264 2148540416 585750526059086864 3223334912 878767076318119968 1076891648
13 1 26 1 68 1 1174889746963378368 4227072 2343846529166479424 8437760 3515349780249190528 12599296
14 1 27 1 69 1 4699558987853513472 16908288 9375386116665917696 33751040 14061399120996762112 50397184
15 1 28 1 70 1 351491877704502272 67633153 608056319244567552 135004162 905364262858393600 201588739
16 1 29 1 71 1 1405123085887877123 270532612 2431943802001559553 540016648 3620894101480153090 806354956
17 1 30 1 48 1 5620492343551508492 1082130448 9727775208006238212 2160066592 14483576405920612360 3225419824
18 1 31 1 49 1 4035506775473193008 33554497 2018175634559270928 50331778 2594917827483926560 16777411
19 1 32 1 50 1 16142027101892772032 134217988 8072702538237083712 201327112 10379671309935706240 67109644
20 1 33 1 51 1 9227876186442433280 536871955 13844066079238783232 805308449 4625197092323721728 268438578
21 1 34 1 52 1 18016598350629888 2147487822 36032095826478080 3221233799 54044295585335296 1073754313
22 1 35 1 53 1 72629343355940864 16696 144972808236044288 33308 216458657318051840 49956
23 1 36 1 54 1 290517373423763456 66784 579891232944177152 133232 865834629272207360 199824
0 1 37 1 55 1 1162069493695053824 267136 2319564931776708608 532928 3463338517088829440 799296
2 1 47 1 51 1 3221225536 0 1073741952 0 2147483840 0
3 1 24 1 52 1 12884902144 0 4294967808 0 8589935360 0
4 1 25 1 53 1 51539608576 0 17179871232 0 34359741440 0
5 1 26 1 54 1 206158434304 0 68719484928 0 137438965760 0
6 1 27 1 55 1 824633737216 0 274877939712 0 549755863040 0
7 1 28 1 56 1 3298534948864 0 1099511758848 0 2199023452160 0
8 1 29 1 57 1 13194139795456 0 4398047035392 0 8796093808640 0
9 1 30 1 58 1 52776559181824 0 17592188141568 0 35184375234560 0
10 1 31 1 59 1 211106236727296 0 70368752566272 0 140737500938240 0
11 1 32 1 60 1 16777219 0 33554433 0 50331650 0
12 1 33 1 61 1 67108876 0 134217732 0 201326600 0
13 1 34 1 62 1 268435504 0 536870928 0 805306400 0
14 1 35 1 63 1 1073742016 0 2147483712 0 3221225600 0
15 1 36 1 64 1 4294968064 0 8589934848 0 12884902400 0
16 1 37 1 65 1 17179872256 0 34359739392 0 51539609600 0
17 1 38 1 66 1 68719489024 0 137438957568 0 206158438400 0
18 1 39 1 67 1 274877956096 0 549755830272 0 824633753600 0
19 1 40 1 68 1 1099511824384 0 2199023321088 0 3298535014400 0
20 1 41 1 69 1 4398047297536 0 8796093284352 0 13194140057600 0
21 1 42 1 70 1 17592189190144 0 35184373137408 0 52776560230400 0
22 1 43 1 71 1 70368756760576 0 140737492549632 0 211106240921600 0
23 1 44 1 48 1 50331649 0 16777218 0 33554435 0
0 1 45 1 49 1 201326596 0 67108872 0 134217740 0
1 1 46 1 50 1 805306384 0 268435488 0 536870960 0
0 2 40 1 56 1 0 0 0 0 0 0
1 2 41 1 57 1 0 0 0 0 0 0
2 2 42 1 58 1 0 0 0 0 0 0
3 2 43 1 59 1 0 0 0 0 0 0
4 2 44 1 60 1 0 0 0 0 0 0
5 2 45 1 61 1 0 0 0 0 0 0
6 2 46 1 62 1 0 0 0 0 0 0
7 2 47 1 63 1 0 0 0 0 0 0
8 2 24 1 64 1 0 0 0 0 0 0
9 2 25 1 65 1 0 0 0 0 0 0
10 2 26 1 66 1 0 0 0 0 0 0
11 2 27 1 67 1 0 0 0 0 0 0
12 2 28 1 68 1 0 0 0 0 0 0
13 2 29 1 69 1 0 0 0 0 0 0
14 2 30 1 70 1 0 0 0 0 0 0
15 2 31 1 71 1 0 0 0 0 0 0
16 2 32 1 48 1 0 0 0 0 0 0
17 2 33 1 49 1 0 0 0 0 0 0
18 2 34 1 50 1 0 0 0 0 0 0
19 2 35 1 51 1 0 0 0 0 0 0
20 2 36 1 52 1 0 0 0 0 0 0
21 2 37 1 53 1 0 0 0 0 0 0
22 2 38 1 54 1 0 0 0 0 0 0
23 2 39 1 55 1 0 0 0 0 0 0
2 1 24 2 67 1 0 0 0 0 0 0
3 1 25 2 68 1 0 0 0 0 0 0
4 1 26 2 69 1 0 0 0 0 0 0
5 1 27 2 70 1 0 0 0 0 0 0
6 1 28 2 71 1 0 0 0 0 0 0
7 1 29 2 48 1 0 0 0 0 0 0
8 1 30 2 49 1 0 0 0 0 0 0
9 1 31 2 50 1 0 0 0 0 0 0
10 1 32 2 51 1 0 0 0 0 0 0
11 1 33 2 52 1 0 0 0 0 0 0
12 1 34 2 53 1 0 0 0 0 0 0
13 1 35 2 54 1 0 0 0 0 0 0
14 1 36 2 55 1 0 0 0 0 0 0
15 1 37 2 56 1 0 0 0 0 0 0
16 1 38 2 57 1 0 0 0 0 0 0
17 1 39 2 58 1 0 0 0 0 0 0
18 1 40 2 59 1 0 0 0 0 0 0
19 1 41 2 60 1 0 0 0 0 0 0
20 1 42 2 61 1 0 0 0 0 0 0
21 1 43 2 62 1 0 0 0 0 0 0
22 1 44 2 63 1 0 0 0 0 0 0
23 1 45 2 64 1 0 0 0 0 0 0
0 1 46 2 65 1 0 0 0 0 0 0
1 1 47 2 66 1 0 0 0 0 0 0
13 1 47 1 48 2 0 0 0 0 0 0
14 1 24 1 49 2 0 0 0 0 0 0
15 1 25 1 50 2 0 0 0 0 0 0
16 1 26 1 51 2 0 0 0 0 0 0
17 1 27 1 52 2 0 0 0 0 0 0
18 1 28 1 53 2 0 0 0 0 0 0
19 1 29 1 54 2 0 0 0 0 0 0
20 1 30 1 55 2 0 0 0 0 0 0
21 1 31 1 56 2 0 0 0 0 0 0
22 1 32 1 57 2 0 0 0 0 0 0
23 1 33 1 58 2 0 0 0 0 0 0
0 1 34 1 59 2 0 0 0 0 0 0
1 1 35 1 60 2 0 0 0 0 0 0
2 1 36 1 61 2 0 0 0 0 0 0
3 1 37 1 62 2 0 0 0 0 0 0
4 1 38 1 63 2 0 0 0 0 0 0
5 1 39 1 64 2 0 0 0 0 0 0
6 1 40 1 65 2 0 0 0 0 0 0
7 1 41 1 66 2 0 0 0 0 0 0
8 1 42 1 67 2 0 0 0 0 0 0
9 1 43 1 68 2 0 0 0 0 0 0
10 1 44 1 69 2 0 0 0 0 0 0
11 1 45 1 70 2 0 0 0 0 0 0
12 1 46 1 71 2 0 0 0 0 0 0
13 1 38 1 51 1 36028797018963968 16384 54043195528445952 32768 18014398509481984 49152
14 1 39 1 52 1 144115188075855872 65536 216172782113783808 131072 72057594037927936 196608
15 1 40 1 53 1 576460752303423488 262144 864691128455135232 524288 288230376151711744 786432
16 1 41 1 54 1 2305843009213693952 1048576 3458764513820540928 2097152 1152921504606846976 3145728
17 1 42 1 55 1 9223372036854775808 4194304 13835058055282163712 8388608 4611686018427387904 12582912
18 1 43 1 56 1 0 16777218 0 33554435 0 50331649
19 1 44 1 57 1 0 67108872 0 134217740 0 201326596
20 1 45 1 58 1 0 268435488 0 536870960 0 805306384
21 1 46 1 59 1 0 1073741952 0 2147483840 0 3221225536
22 1 47 1 60 1 281474976710656 512 562949953421312 768 844424930131968 256
23 1 24 1 61 1 1125899906842624 2048 2251799813685248 3072 3377699720527872 1024
0 1 25 1 62 1 4503599627370496 8192 9007199254740992 12288 13510798882111488 4096
1 1 26 1 63 1 18014398509481984 32768 36028797018963968 49152 54043195528445952 16384
2 1 27 1 64 1 72057594037927936 131072 144115188075855872 196608 216172782113783808 65536
3 1 28 1 65 1 288230376151711744 524288 576460752303423488 786432 864691128455135232 262144
4 1 29 1 66 1 1152921504606846976 2097152 2305843009213693952 3145728 3458764513820540928 1048576
5 1 30 1 67 1 4611686018427387904 8388608 9223372036854775808 12582912 13835058055282163712 4194304
6 1 31 1 68 1 0 33554433 0 50331650 0 16777219
7 1 32 1 69 1 0 134217732 0 201326600 0 67108876
8 1 33 1 70 1 0 536870928 0 805306400 0 268435504
9 1 34 1 71 1 0 2147483712 0 3221225600 0 1073742016
10 1 35 1 48 1 562949953421312 256 844424930131968 512 281474976710656 768
11 1 36 1 49 1 2251799813685248 1024 3377699720527872 2048 1125899906842624 3072
12 1 37 1 50 1 9007199254740992 4096 13510798882111488 8192 4503599627370496 12288
