192 72 2 24
0 2 24 1 48 1 0 0 0 0 0 0
1 2 25 1 49 1 0 0 0 0 0 0
2 2 26 1 50 1 0 0 0 0 0 0
3 2 27 1 51 1 0 0 0 0 0 0
4 2 28 1 52 1 0 0 0 0 0 0
5 2 29 1 53 1 0 0 0 0 0 0
6 2 30 1 54 1 0 0 0 0 0 0
7 2 31 1 55 1 0 0 0 0 0 0
8 2 32 1 56 1 0 0 0 0 0 0
9 2 33 1 57 1 0 0 0 0 0 0
10 2 34 1 58 1 0 0 0 0 0 0
11 2 35 1 59 1 0 0 0 0 0 0
12 2 36 1 60 1 0 0 0 0 0 0
13 2 37 1 61 1 0 0 0 0 0 0
14 2 38 1 62 1 0 0 0 0 0 0
15 2 39 1 63 1 0 0 0 0 0 0
16 2 40 1 64 1 0 0 0 0 0 0
17 2 41 1 65 1 0 0 0 0 0 0
18 2 42 1 66 1 0 0 0 0 0 0
19 2 43 1 67 1 0 0 0 0 0 0
20 2 44 1 68 1 0 0 0 0 0 0
21 2 45 1 69 1 0 0 0 0 0 0
22 2 46 1 70 1 0 0 0 0 0 0
23 2 47 1 71 1 0 0 0 0 0 0
0 1 42 2 54 1 0 0 0 0 0 0
1 1 43 2 55 1 0 0 0 0 0 0
2 1 44 2 56 1 0 0 0 0 0 0
3 1 45 2 57 1 0 0 0 0 0 0
4 1 46 2 58 1 0 0 0 0 0 0
5 1 47 2 59 1 0 0 0 0 0 0
6 1 24 2 60 1 0 0 0 0 0 0
7 1 25 2 61 1 0 0 0 0 0 0
8 1 26 2 62 1 0 0 0 0 0 0
9 1 27 2 63 1 0 0 0 0 0 0
10 1 28 2 64 1 0 0 0 0 0 0
11 1 29 2 65 1 0 0 0 0 0 0
12 1 30 2 66 1 0 0 0 0 0 0
13 1 31 2 67 1 0 0 0 0 0 0
14 1 32 2 68 1 0 0 0 0 0 0
15 1 33 2 69 1 0 0 0 0 0 0
16 1 34 2 70 1 0 0 0 0 0 0
17 1 35 2 71 1 0 0 0 0 0 0
18 1 36 2 48 1 0 0 0 0 0 0
19 1 37 2 49 1 0 0 0 0 0 0
20 1 38 2 50 1 0 0 0 0 0 0
21 1 39 2 51 1 0 0 0 0 0 0
22 1 40 2 52 1 0 0 0 0 0 0
23 1 41 2 53 1 0 0 0 0 0 0
0 1 39 1 69 2 0 0 0 0 0 0
1 1 40 1 70 2 0 0 0 0 0 0
2 1 41 1 71 2 0 0 0 0 0 0
3 1 42 1 48 2 0 0 0 0 0 0
4 1 43 1 49 2 0 0 0 0 0 0
5 1 44 1 50 2 0 0 0 0 0 0
6 1 45 1 51 2 0 0 0 0 0 0
7 1 46 1 52 2 0 0 0 0 0 0
8 1 47 1 53 2 0 0 0 0 0 0
9 1 24 1 54 2 0 0 0 0 0 0
10 1 25 1 55 2 0 0 0 0 0 0
11 1 26 1 56 2 0 0 0 0 0 0
12 1 27 1 57 2 0 0 0 0 0 0
13 1 28 1 58 2 0 0 0 0 0 0
14 1 29 1 59 2 0 0 0 0 0 0
15 1 30 1 60 2 0 0 0 0 0 0
16 1 31 1 61 2 0 0 0 0 0 0
17 1 32 1 62 2 0 0 0 0 0 0
18 1 33 1 63 2 0 0 0 0 0 0
19 1 34 1 64 2 0 0 0 0 0 0
20 1 35 1 65 2 0 0 0 0 0 0
21 1 36 1 66 2 0 0 0 0 0 0
22 1 37 1 67 2 0 0 0 0 0 0
23 1 38 1 68 2 0 0 0 0 0 0
0 1 36 1 51 1 1073741952 0 2147483840 0 3221225536 0
1 1 37 1 52 1 4294967808 0 8589935360 0 12884902144 0
2 1 38 1 53 1 17179871232 0 34359741440 0 51539608576 0
3 1 39 1 54 1 68719484928 0 137438965760 0 206158434304 0
4 1 40 1 55 1 274877939712 0 549755863040 0 824633737216 0
5 1 41 1 56 1 1099511758848 0 2199023452160 0 3298534948864 0
6 1 42 1 57 1 4398047035392 0 8796093808640 0 13194139795456 0
7 1 43 1 58 1 17592188141568 0 35184375234560 0 52776559181824 0
8 1 44 1 59 1 70368752566272 0 140737500938240 0 211106236727296 0
9 1 45 1 60 1 33554433 0 50331650 0 16777219 0
10 1 46 1 61 1 134217732 0 201326600 0 67108876 0
11 1 47 1 62 1 536870928 0 805306400 0 268435504 0
12 1 24 1 63 1 2147483712 0 3221225600 0 1073742016 0
13 1 25 1 64 1 8589934848 0 12884902400 0 4294968064 0
14 1 26 1 65 1 34359739392 0 51539609600 0 17179872256 0
15 1 27 1 66 1 137438957568 0 206158438400 0 68719489024 0
16 1 28 1 67 1 549755830272 0 824633753600 0 274877956096 0
17 1 29 1 68 1 2199023321088 0 3298535014400 0 1099511824384 0
18 1 30 1 69 1 8796093284352 0 13194140057600 0 4398047297536 0
19 1 31 1 70 1 35184373137408 0 52776560230400 0 17592189190144 0
20 1 32 1 71 1 140737492549632 0 211106240921600 0 70368756760576 0
21 1 33 1 48 1 16777218 0 33554435 0 50331649 0
22 1 34 1 49 1 67108872 0 134217740 0 201326596 0
23 1 35 1 50 1 268435488 0 536870960 0 805306384 0
0 1 41 1 68 1 13705429620228352 51118208 4734531429138944 17039552 9116102445564672 34078784
1 1 42 1 69 1 54258768527492098 204472832 18093700786423811 68158208 36182934805548033 136315136
2 1 43 1 70 1 216190649179836427 817891328 72093328168984589 272632832 144168789268770822 545260544
3 1 44 1 71 1 864762596719345708 3271565312 288373312675938356 1090531328 576675157075083288 2181042176
4 1 45 1 48 1 3459613336830804145 201359360 1153211775727042770 67158016 2306419153323622499 134234112
5 1 46 1 49 1 13838453347323216580 805437440 4612847102908171080 268632064 9225676613294489996 536936448
6 1 47 1 50 1 13581168164211472 3221749763 4644337923132704 1074528257 9218305758856752 2147745794
7 1 24 1 51 1 54887622610267201 2097164 18295876715820162 3145732 36591748058716355 1048584
8 1 25 1 52 1 219550490441068804 8388656 73183506863280648 12582928 146366992234865420 4194336
9 1 26 1 53 1 878201961764275216 33554624 292734027453122592 50331712 585467968939461680 16777344
10 1 27 1 54 1 3512807847057100864 134218496 1170936109812490368 201326848 2341871875757846720 67109376
11 1 28 1 55 1 14051231388228403456 536873984 4683744439249961472 805307392 9367487503031386880 268437504
12 1 29 1 56 1 864693331784958976 2147495939 288233683290294272 3221229569 576461864706444288 1073750018
13 1 30 1 57 1 3459336277093257216 49164 1153779158091309056 16388 2306128933802487808 32776
14 1 31 1 58 1 13837345108373028864 196656 4615116632365236224 65552 9224515735209951232 131104
15 1 32 1 59 1 9148212363460608 786627 13722455751393280 262209 4574793420701696 524418
16 1 33 1 60 1 36029899500421122 3146508 54045398075441155 1048836 18017698706096129 2097672
17 1 34 1 61 1 144119598001684488 12586032 216181592301764620 4195344 72070794824384516 8390688
18 1 35 1 62 1 576478392006737952 50344128 864726369207058480 16781376 288283179297538064 33562752
19 1 36 1 63 1 2305913568026951808 201376512 3458905476828233920 67125504 1153132717190152256 134251008
20 1 37 1 64 1 9223372797131096577 805506048 13835058957359514370 268502016 4611686443830477059 537004032
21 1 38 1 65 1 3041105283076 3222024194 3608309402632 1074008067 1701612356620 2148016129
22 1 39 1 66 1 856589351264272 3194888 295908214321184 1064972 569756402847792 2129924
23 1 40 1 67 1 3426357405057088 12779552 1183632857284736 4259888 2279025611391168 8519696
0 1 26 1 55 1 216207971854590220 272829472 72110381333492228 545326128 144132796368032520 818022416
1 1 27 1 56 1 864831887418360880 1091317888 288441525333968912 2181304512 576531185472130080 3272089664
2 1 28 1 57 1 3459046074696732866 70304256 1153484626359164995 135283456 2306687691841941633 203456768
3 1 29 1 58 1 13836184298786931464 281217024 4613938505436659980 541133824 9226750767367766532 813827072
4 1 30 1 59 1 4504974019071008 1124868099 9009948037088304 2164535297 13514922051962896 3255308290
5 1 31 1 60 1 18301371052994688 204505100 36602742101774528 68206596 54904113137983552 136331272
6 1 32 1 61 1 73205484211978752 818020400 146410968407098112 272826384 219616452551934208 545325088
7 1 33 1 62 1 292821936847915008 3272081600 585643873628392448 1091305536 878465810207736832 2181300352
8 1 34 1 63 1 1171850697345081345 203424512 2342294019536859138 70254848 3513581765854236675 135266816
9 1 35 1 64 1 4687121314403614725 813698048 9368613128194015242 281019392 14053482638486814735 541067264
10 1 36 1 65 1 301741183904907284 3254792193 580964365356957736 1124077570 873698332818604092 2164269059
11 1 37 1 66 1 1207809160549761104 134266884 2324138936404541600 201342984 3495356281227837680 67141644
12 1 38 1 67 1 4831236642199044416 537067536 9296555745618166400 805371936 13981425124911350720 268566576
13 1 39 1 68 1 878202495086626048 2148270145 292734835053562368 3221487746 585468278516748032 1074266307
14 1 40 1 69 1 3513372930299925504 3145988 1171783765144381440 1049096 2342154589043702784 2097932
15 1 41 1 70 1 14053491721199702016 12583952 4687135060577525760 4196384 9368618356174811136 8391728
16 1 42 1 71 1 873734663670153216 50335811 301796168600551424 16785537 580985277280141312 33566914
17 1 43 1 48 1 3494938654680612864 201343244 1207184674402205696 67142148 2323941109120565248 134267656
18 1 44 1 49 1 13979191668769030146 805372976 4827894272678690819 268568592 9295482961505550337 537070624
19 1 45 1 50 1 576534453947465736 3221491907 864833017005211660 1074274369 288443698603098116 2148282498
20 1 46 1 51 1 2306700765743284257 1065740 3459050593044135986 2130180 1153493319435681811 3195400
21 1 47 1 52 1 9226803062973137028 4262960 13836202372176543944 8520720 4613973277742727244 12781600
22 1 24 1 53 1 13724104473444880 17051842 4577267577520928 34082883 9149037261357360 51126401
23 1 25 1 54 1 54051992963647555 68207368 18027595333373057 136331532 36033199092008130 204505604
0 1 47 1 61 1 36041992773312576 134234112 54047596536148096 201359360 18023198104752320 67158016
1 1 24 1 62 1 144167971093250304 536936448 216190386144592384 805437440 72092792419009280 268632064
2 1 25 1 63 1 576671884373001216 2147745792 864761544578369536 3221749760 288371169676037120 1074528256
3 1 26 1 64 1 2306406062515294211 1048576 3459609128266899457 2097152 1153203203727437826 3145728
4 1 27 1 65 1 9225624250061176844 4194304 13838436513067597828 8388608 4612812814909751304 12582912
5 1 28 1 66 1 9008852825604144 16777218 13513831141736464 33554435 4507185929453600 50331649
6 1 29 1 67 1 36035411302416576 67108872 54055324566945856 134217740 18028743717814400 201326596
7 1 30 1 68 1 144141645209666304 268435488 216221298267783424 536870960 72114974871257600 805306384
8 1 31 1 69 1 576566580838665216 1073741952 864885193071133696 2147483840 288459899485030400 3221225536
9 1 32 1 70 1 2306266323354660865 512 3459540772284534786 768 1153839597940121603 256
10 1 33 1 71 1 9224502343465222150 2048 13837318664208007179 3072 4615076916783775757 1024
11 1 34 1 48 1 4521226441785368 8194 9042435703373868 12291 13563593425551412 4097
12 1 35 1 49 1 18084905767141472 32776 36169742813495472 49164 54254373702205648 16388
13 1 36 1 50 1 72058148091855233 131104 144116021300560578 196656 216173069878690627 65552
14 1 37 1 51 1 288232592367420932 524416 576464085202242312 786624 864692279514762508 262208
15 1 38 1 52 1 1152930369469683728 2097664 2305856340808969248 3146496 3458769118059050032 1048832
16 1 39 1 53 1 4611721477878734912 8390656 9223425363235876992 12585984 13835076472236200128 4195328
17 1 40 1 54 1 141837805388032 33562625 213305524404736 50343938 73667816145664 16781315
18 1 41 1 55 1 4401268130818 134250500 8797167486979 201375752 13196287872001 67125260
19 1 42 1 56 1 17605072523272 537002000 35188669947916 805503008 52785151488004 268501040
20 1 43 1 57 1 70420290093088 2148008000 140754679791664 3222012032 211140605952016 1074004160
21 1 44 1 58 1 563156137083009 2097408 844493695877314 3146240 281612470386755 1049344
22 1 45 1 59 1 2252624548332036 8389632 3377974783509256 12584960 1126449881547020 4197376
23 1 46 1 60 1 9010498193328144 33558528 13511899134037024 50339840 4505799526188080 16789504
0 1 27 1 62 1 18014398509481984 49152 36028797018963968 16384 54043195528445952 32768
1 1 28 1 63 1 72057594037927936 196608 144115188075855872 65536 216172782113783808 131072
2 1 29 1 64 1 288230376151711744 786432 576460752303423488 262144 864691128455135232 524288
3 1 30 1 65 1 1152921504606846976 3145728 2305843009213693952 1048576 3458764513820540928 2097152
4 1 31 1 66 1 4611686018427387904 12582912 9223372036854775808 4194304 13835058055282163712 8388608
5 1 32 1 67 1 0 50331649 0 16777218 0 33554435
6 1 33 1 68 1 0 201326596 0 67108872 0 134217740
7 1 34 1 69 1 0 805306384 0 268435488 0 536870960
8 1 35 1 70 1 0 3221225536 0 1073741952 0 2147483840
9 1 36 1 71 1 844424930131968 256 281474976710656 512 562949953421312 768
10 1 37 1 48 1 3377699720527872 1024 1125899906842624 2048 2251799813685248 3072
11 1 38 1 49 1 13510798882111488 4096 4503599627370496 8192 9007199254740992 12288
12 1 39 1 50 1 54043195528445952 16384 18014398509481984 32768 36028797018963968 49152
13 1 40 1 51 1 216172782113783808 65536 72057594037927936 131072 144115188075855872 196608
14 1 41 1 52 1 864691128455135232 262144 288230376151711744 524288 576460752303423488 786432
15 1 42 1 53 1 3458764513820540928 1048576 1152921504606846976 2097152 2305843009213693952 3145728
16 1 43 1 54 1 13835058055282163712 4194304 4611686018427387904 8388608 9223372036854775808 12582912
17 1 44 1 55 1 0 16777219 0 33554433 0 50331650
18 1 45 1 56 1 0 67108876 0 134217732 0 201326600
19 1 46 1 57 1 0 268435504 0 536870928 0 805306400
20 1 47 1 58 1 0 1073742016 0 2147483712 0 3221225600
21 1 24 1 59 1 281474976710656 768 562949953421312 256 844424930131968 512
22 1 25 1 60 1 1125899906842624 3072 2251799813685248 1024 3377699720527872 2048
23 1 26 1 61 1 4503599627370496 12288 9007199254740992 4096 13510798882111488 8192
