576 216 5 72
0 2 72 1 144 1 0 0 0 0 0 0 0 0 0 0 0 0 0 0 0
1 2 73 1 145 1 0 0 0 0 0 0 0 0 0 0 0 0 0 0 0
2 2 74 1 146 1 0 0 0 0 0 0 0 0 0 0 0 0 0 0 0
3 2 75 1 147 1 0 0 0 0 0 0 0 0 0 0 0 0 0 0 0
4 2 76 1 148 1 0 0 0 0 0 0 0 0 0 0 0 0 0 0 0
5 2 77 1 149 1 0 0 0 0 0 0 0 0 0 0 0 0 0 0 0
6 2 78 1 150 1 0 0 0 0 0 0 0 0 0 0 0 0 0 0 0
7 2 79 1 151 1 0 0 0 0 0 0 0 0 0 0 0 0 0 0 0
8 2 80 1 152 1 0 0 0 0 0 0 0 0 0 0 0 0 0 0 0
9 2 81 1 153 1 0 0 0 0 0 0 0 0 0 0 0 0 0 0 0
10 2 82 1 154 1 0 0 0 0 0 0 0 0 0 0 0 0 0 0 0
11 2 83 1 155 1 0 0 0 0 0 0 0 0 0 0 0 0 0 0 0
12 2 84 1 156 1 0 0 0 0 0 0 0 0 0 0 0 0 0 0 0
13 2 85 1 157 1 0 0 0 0 0 0 0 0 0 0 0 0 0 0 0
14 2 86 1 158 1 0 0 0 0 0 0 0 0 0 0 0 0 0 0 0
15 2 87 1 159 1 0 0 0 0 0 0 0 0 0 0 0 0 0 0 0
16 2 88 1 160 1 0 0 0 0 0 0 0 0 0 0 0 0 0 0 0
17 2 89 1 161 1 0 0 0 0 0 0 0 0 0 0 0 0 0 0 0
18 2 90 1 162 1 0 0 0 0 0 0 0 0 0 0 0 0 0 0 0
19 2 91 1 163 1 0 0 0 0 0 0 0 0 0 0 0 0 0 0 0
20 2 92 1 164 1 0 0 0 0 0 0 0 0 0 0 0 0 0 0 0
21 2 93 1 165 1 0 0 0 0 0 0 0 0 0 0 0 0 0 0 0
22 2 94 1 166 1 0 0 0 0 0 0 0 0 0 0 0 0 0 0 0
23 2 95 1 167 1 0 0 0 0 0 0 0 0 0 0 0 0 0 0 0
24 2 96 1 168 1 0 0 0 0 0 0 0 0 0 0 0 0 0 0 0
25 2 97 1 169 1 0 0 0 0 0 0 0 0 0 0 0 0 0 0 0
26 2 98 1 170 1 0 0 0 0 0 0 0 0 0 0 0 0 0 0 0
27 2 99 1 171 1 0 0 0 0 0 0 0 0 0 0 0 0 0 0 0
28 2 100 1 172 1 0 0 0 0 0 0 0 0 0 0 0 0 0 0 0
29 2 101 1 173 1 0 0 0 0 0 0 0 0 0 0 0 0 0 0 0
30 2 102 1 174 1 0 0 0 0 0 0 0 0 0 0 0 0 0 0 0
31 2 103 1 175 1 0 0 0 0 0 0 0 0 0 0 0 0 0 0 0
32 2 104 1 176 1 0 0 0 0 0 0 0 0 0 0 0 0 0 0 0
33 2 105 1 177 1 0 0 0 0 0 0 0 0 0 0 0 0 0 0 0
34 2 106 1 178 1 0 0 0 0 0 0 0 0 0 0 0 0 0 0 0
35 2 107 1 179 1 0 0 0 0 0 0 0 0 0 0 0 0 0 0 0
36 2 108 1 180 1 0 0 0 0 0 0 0 0 0 0 0 0 0 0 0
37 2 109 1 181 1 0 0 0 0 0 0 0 0 0 0 0 0 0 0 0
38 2 110 1 182 1 0 0 0 0 0 0 0 0 0 0 0 0 0 0 0
39 2 111 1 183 1 0 0 0 0 0 0 0 0 0 0 0 0 0 0 0
40 2 112 1 184 1 0 0 0 0 0 0 0 0 0 0 0 0 0 0 0
41 2 113 1 185 1 0 0 0 0 0 0 0 0 0 0 0 0 0 0 0
42 2 114 1 186 1 0 0 0 0 0 0 0 0 0 0 0 0 0 0 0
43 2 115 1 187 1 0 0 0 0 0 0 0 0 0 0 0 0 0 0 0
44 2 116 1 188 1 0 0 0 0 0 0 0 0 0 0 0 0 0 0 0
45 2 117 1 189 1 0 0 0 0 0 0 0 0 0 0 0 0 0 0 0
46 2 118 1 190 1 0 0 0 0 0 0 0 0 0 0 0 0 0 0 0
47 2 119 1 191 1 0 0 0 0 0 0 0 0 0 0 0 0 0 0 0
48 2 120 1 192 1 0 0 0 0 0 0 0 0 0 0 0 0 0 0 0
49 2 121 1 193 1 0 0 0 0 0 0 0 0 0 0 0 0 0 0 0
50 2 122 1 194 1 0 0 0 0 0 0 0 0 0 0 0 0 0 0 0
51 2 123 1 195 1 0 0 0 0 0 0 0 0 0 0 0 0 0 0 0
52 2 124 1 196 1 0 0 0 0 0 0 0 0 0 0 0 0 0 0 0
53 2 125 1 197 1 0 0 0 0 0 0 0 0 0 0 0 0 0 0 0
54 2 126 1 198 1 0 0 0 0 0 0 0 0 0 0 0 0 0 0 0
55 2 127 1 199 1 0 0 0 0 0 0 0 0 0 0 0 0 0 0 0
56 2 128 1 200 1 0 0 0 0 0 0 0 0 0 0 0 0 0 0 0
57 2 129 1 201 1 0 0 0 0 0 0 0 0 0 0 0 0 0 0 0
58 2 130 1 202 1 0 0 0 0 0 0 0 0 0 0 0 0 0 0 0
59 2 131 1 203 1 0 0 0 0 0 0 0 0 0 0 0 0 0 0 0
60 2 132 1 204 1 0 0 0 0 0 0 0 0 0 0 0 0 0 0 0
61 2 133 1 205 1 0 0 0 0 0 0 0 0 0 0 0 0 0 0 0
62 2 134 1 206 1 0 0 0 0 0 0 0 0 0 0 0 0 0 0 0
63 2 135 1 207 1 0 0 0 0 0 0 0 0 0 0 0 0 0 0 0
64 2 136 1 208 1 0 0 0 0 0 0 0 0 0 0 0 0 0 0 0
65 2 137 1 209 1 0 0 0 0 0 0 0 0 0 0 0 0 0 0 0
66 2 138 1 210 1 0 0 0 0 0 0 0 0 0 0 0 0 0 0 0
67 2 139 1 211 1 0 0 0 0 0 0 0 0 0 0 0 0 0 0 0
68 2 140 1 212 1 0 0 0 0 0 0 0 0 0 0 0 0 0 0 0
69 2 141 1 213 1 0 0 0 0 0 0 0 0 0 0 0 0 0 0 0
70 2 142 1 214 1 0 0 0 0 0 0 0 0 0 0 0 0 0 0 0
71 2 143 1 215 1 0 0 0 0 0 0 0 0 0 0 0 0 0 0 0
0 1 126 2 162 1 0 0 0 0 0 0 0 0 0 0 0 0 0 0 0
1 1 127 2 163 1 0 0 0 0 0 0 0 0 0 0 0 0 0 0 0
2 1 128 2 164 1 0 0 0 0 0 0 0 0 0 0 0 0 0 0 0
3 1 129 2 165 1 0 0 0 0 0 0 0 0 0 0 0 0 0 0 0
4 1 130 2 166 1 0 0 0 0 0 0 0 0 0 0 0 0 0 0 0
5 1 131 2 167 1 0 0 0 0 0 0 0 0 0 0 0 0 0 0 0
6 1 132 2 168 1 0 0 0 0 0 0 0 0 0 0 0 0 0 0 0
7 1 133 2 169 1 0 0 0 0 0 0 0 0 0 0 0 0 0 0 0
8 1 134 2 170 1 0 0 0 0 0 0 0 0 0 0 0 0 0 0 0
9 1 135 2 171 1 0 0 0 0 0 0 0 0 0 0 0 0 0 0 0
10 1 136 2 172 1 0 0 0 0 0 0 0 0 0 0 0 0 0 0 0
11 1 137 2 173 1 0 0 0 0 0 0 0 0 0 0 0 0 0 0 0
12 1 138 2 174 1 0 0 0 0 0 0 0 0 0 0 0 0 0 0 0
13 1 139 2 175 1 0 0 0 0 0 0 0 0 0 0 0 0 0 0 0
14 1 140 2 176 1 0 0 0 0 0 0 0 0 0 0 0 0 0 0 0
15 1 141 2 177 1 0 0 0 0 0 0 0 0 0 0 0 0 0 0 0
16 1 142 2 178 1 0 0 0 0 0 0 0 0 0 0 0 0 0 0 0
17 1 143 2 179 1 0 0 0 0 0 0 0 0 0 0 0 0 0 0 0
18 1 72 2 180 1 0 0 0 0 0 0 0 0 0 0 0 0 0 0 0
19 1 73 2 181 1 0 0 0 0 0 0 0 0 0 0 0 0 0 0 0
20 1 74 2 182 1 0 0 0 0 0 0 0 0 0 0 0 0 0 0 0
21 1 75 2 183 1 0 0 0 0 0 0 0 0 0 0 0 0 0 0 0
22 1 76 2 184 1 0 0 0 0 0 0 0 0 0 0 0 0 0 0 0
23 1 77 2 185 1 0 0 0 0 0 0 0 0 0 0 0 0 0 0 0
24 1 78 2 186 1 0 0 0 0 0 0 0 0 0 0 0 0 0 0 0
25 1 79 2 187 1 0 0 0 0 0 0 0 0 0 0 0 0 0 0 0
26 1 80 2 188 1 0 0 0 0 0 0 0 0 0 0 0 0 0 0 0
27 1 81 2 189 1 0 0 0 0 0 0 0 0 0 0 0 0 0 0 0
28 1 82 2 190 1 0 0 0 0 0 0 0 0 0 0 0 0 0 0 0
29 1 83 2 191 1 0 0 0 0 0 0 0 0 0 0 0 0 0 0 0
30 1 84 2 192 1 0 0 0 0 0 0 0 0 0 0 0 0 0 0 0
31 1 85 2 193 1 0 0 0 0 0 0 0 0 0 0 0 0 0 0 0
32 1 86 2 194 1 0 0 0 0 0 0 0 0 0 0 0 0 0 0 0
33 1 87 2 195 1 0 0 0 0 0 0 0 0 0 0 0 0 0 0 0
34 1 88 2 196 1 0 0 0 0 0 0 0 0 0 0 0 0 0 0 0
35 1 89 2 197 1 0 0 0 0 0 0 0 0 0 0 0 0 0 0 0
36 1 90 2 198 1 0 0 0 0 0 0 0 0 0 0 0 0 0 0 0
37 1 91 2 199 1 0 0 0 0 0 0 0 0 0 0 0 0 0 0 0
38 1 92 2 200 1 0 0 0 0 0 0 0 0 0 0 0 0 0 0 0
39 1 93 2 201 1 0 0 0 0 0 0 0 0 0 0 0 0 0 0 0
40 1 94 2 202 1 0 0 0 0 0 0 0 0 0 0 0 0 0 0 0
41 1 95 2 203 1 0 0 0 0 0 0 0 0 0 0 0 0 0 0 0
42 1 96 2 204 1 0 0 0 0 0 0 0 0 0 0 0 0 0 0 0
43 1 97 2 205 1 0 0 0 0 0 0 0 0 0 0 0 0 0 0 0
44 1 98 2 206 1 0 0 0 0 0 0 0 0 0 0 0 0 0 0 0
45 1 99 2 207 1 0 0 0 0 0 0 0 0 0 0 0 0 0 0 0
46 1 100 2 208 1 0 0 0 0 0 0 0 0 0 0 0 0 0 0 0
47 1 101 2 209 1 0 0 0 0 0 0 0 0 0 0 0 0 0 0 0
48 1 102 2 210 1 0 0 0 0 0 0 0 0 0 0 0 0 0 0 0
49 1 103 2 211 1 0 0 0 0 0 0 0 0 0 0 0 0 0 0 0
50 1 104 2 212 1 0 0 0 0 0 0 0 0 0 0 0 0 0 0 0
51 1 105 2 213 1 0 0 0 0 0 0 0 0 0 0 0 0 0 0 0
52 1 106 2 214 1 0 0 0 0 0 0 0 0 0 0 0 0 0 0 0
53 1 107 2 215 1 0 0 0 0 0 0 0 0 0 0 0 0 0 0 0
54 1 108 2 144 1 0 0 0 0 0 0 0 0 0 0 0 0 0 0 0
55 1 109 2 145 1 0 0 0 0 0 0 0 0 0 0 0 0 0 0 0
56 1 110 2 146 1 0 0 0 0 0 0 0 0 0 0 0 0 0 0 0
57 1 111 2 147 1 0 0 0 0 0 0 0 0 0 0 0 0 0 0 0
58 1 112 2 148 1 0 0 0 0 0 0 0 0 0 0 0 0 0 0 0
59 1 113 2 149 1 0 0 0 0 0 0 0 0 0 0 0 0 0 0 0
60 1 114 2 150 1 0 0 0 0 0 0 0 0 0 0 0 0 0 0 0
61 1 115 2 151 1 0 0 0 0 0 0 0 0 0 0 0 0 0 0 0
62 1 116 2 152 1 0 0 0 0 0 0 0 0 0 0 0 0 0 0 0
63 1 117 2 153 1 0 0 0 0 0 0 0 0 0 0 0 0 0 0 0
64 1 118 2 154 1 0 0 0 0 0 0 0 0 0 0 0 0 0 0 0
65 1 119 2 155 1 0 0 0 0 0 0 0 0 0 0 0 0 0 0 0
66 1 120 2 156 1 0 0 0 0 0 0 0 0 0 0 0 0 0 0 0
67 1 121 2 157 1 0 0 0 0 0 0 0 0 0 0 0 0 0 0 0
68 1 122 2 158 1 0 0 0 0 0 0 0 0 0 0 0 0 0 0 0
69 1 123 2 159 1 0 0 0 0 0 0 0 0 0 0 0 0 0 0 0
70 1 124 2 160 1 0 0 0 0 0 0 0 0 0 0 0 0 0 0 0
71 1 125 2 161 1 0 0 0 0 0 0 0 0 0 0 0 0 0 0 0
0 1 117 1 207 2 0 0 0 0 0 0 0 0 0 0 0 0 0 0 0
1 1 118 1 208 2 0 0 0 0 0 0 0 0 0 0 0 0 0 0 0
2 1 119 1 209 2 0 0 0 0 0 0 0 0 0 0 0 0 0 0 0
3 1 120 1 210 2 0 0 0 0 0 0 0 0 0 0 0 0 0 0 0
4 1 121 1 211 2 0 0 0 0 0 0 0 0 0 0 0 0 0 0 0
5 1 122 1 212 2 0 0 0 0 0 0 0 0 0 0 0 0 0 0 0
6 1 123 1 213 2 0 0 0 0 0 0 0 0 0 0 0 0 0 0 0
7 1 124 1 214 2 0 0 0 0 0 0 0 0 0 0 0 0 0 0 0
8 1 125 1 215 2 0 0 0 0 0 0 0 0 0 0 0 0 0 0 0
9 1 126 1 144 2 0 0 0 0 0 0 0 0 0 0 0 0 0 0 0
10 1 127 1 145 2 0 0 0 0 0 0 0 0 0 0 0 0 0 0 0
11 1 128 1 146 2 0 0 0 0 0 0 0 0 0 0 0 0 0 0 0
12 1 129 1 147 2 0 0 0 0 0 0 0 0 0 0 0 0 0 0 0
13 1 130 1 148 2 0 0 0 0 0 0 0 0 0 0 0 0 0 0 0
14 1 131 1 149 2 0 0 0 0 0 0 0 0 0 0 0 0 0 0 0
15 1 132 1 150 2 0 0 0 0 0 0 0 0 0 0 0 0 0 0 0
16 1 133 1 151 2 0 0 0 0 0 0 0 0 0 0 0 0 0 0 0
17 1 134 1 152 2 0 0 0 0 0 0 0 0 0 0 0 0 0 0 0
18 1 135 1 153 2 0 0 0 0 0 0 0 0 0 0 0 0 0 0 0
19 1 136 1 154 2 0 0 0 0 0 0 0 0 0 0 0 0 0 0 0
20 1 137 1 155 2 0 0 0 0 0 0 0 0 0 0 0 0 0 0 0
21 1 138 1 156 2 0 0 0 0 0 0 0 0 0 0 0 0 0 0 0
22 1 139 1 157 2 0 0 0 0 0 0 0 0 0 0 0 0 0 0 0
23 1 140 1 158 2 0 0 0 0 0 0 0 0 0 0 0 0 0 0 0
24 1 141 1 159 2 0 0 0 0 0 0 0 0 0 0 0 0 0 0 0
25 1 142 1 160 2 0 0 0 0 0 0 0 0 0 0 0 0 0 0 0
26 1 143 1 161 2 0 0 0 0 0 0 0 0 0 0 0 0 0 0 0
27 1 72 1 162 2 0 0 0 0 0 0 0 0 0 0 0 0 0 0 0
28 1 73 1 163 2 0 0 0 0 0 0 0 0 0 0 0 0 0 0 0
29 1 74 1 164 2 0 0 0 0 0 0 0 0 0 0 0 0 0 0 0
30 1 75 1 165 2 0 0 0 0 0 0 0 0 0 0 0 0 0 0 0
31 1 76 1 166 2 0 0 0 0 0 0 0 0 0 0 0 0 0 0 0
32 1 77 1 167 2 0 0 0 0 0 0 0 0 0 0 0 0 0 0 0
33 1 78 1 168 2 0 0 0 0 0 0 0 0 0 0 0 0 0 0 0
34 1 79 1 169 2 0 0 0 0 0 0 0 0 0 0 0 0 0 0 0
35 1 80 1 170 2 0 0 0 0 0 0 0 0 0 0 0 0 0 0 0
36 1 81 1 171 2 0 0 0 0 0 0 0 0 0 0 0 0 0 0 0
37 1 82 1 172 2 0 0 0 0 0 0 0 0 0 0 0 0 0 0 0
38 1 83 1 173 2 0 0 0 0 0 0 0 0 0 0 0 0 0 0 0
39 1 84 1 174 2 0 0 0 0 0 0 0 0 0 0 0 0 0 0 0
40 1 85 1 175 2 0 0 0 0 0 0 0 0 0 0 0 0 0 0 0
41 1 86 1 176 2 0 0 0 0 0 0 0 0 0 0 0 0 0 0 0
42 1 87 1 177 2 0 0 0 0 0 0 0 0 0 0 0 0 0 0 0
43 1 88 1 178 2 0 0 0 0 0 0 0 0 0 0 0 0 0 0 0
44 1 89 1 179 2 0 0 0 0 0 0 0 0 0 0 0 0 0 0 0
45 1 90 1 180 2 0 0 0 0 0 0 0 0 0 0 0 0 0 0 0
46 1 91 1 181 2 0 0 0 0 0 0 0 0 0 0 0 0 0 0 0
47 1 92 1 182 2 0 0 0 0 0 0 0 0 0 0 0 0 0 0 0
48 1 93 1 183 2 0 0 0 0 0 0 0 0 0 0 0 0 0 0 0
49 1 94 1 184 2 0 0 0 0 0 0 0 0 0 0 0 0 0 0 0
50 1 95 1 185 2 0 0 0 0 0 0 0 0 0 0 0 0 0 0 0
51 1 96 1 186 2 0 0 0 0 0 0 0 0 0 0 0 0 0 0 0
52 1 97 1 187 2 0 0 0 0 0 0 0 0 0 0 0 0 0 0 0
53 1 98 1 188 2 0 0 0 0 0 0 0 0 0 0 0 0 0 0 0
54 1 99 1 189 2 0 0 0 0 0 0 0 0 0 0 0 0 0 0 0
55 1 100 1 190 2 0 0 0 0 0 0 0 0 0 0 0 0 0 0 0
56 1 101 1 191 2 0 0 0 0 0 0 0 0 0 0 0 0 0 0 0
57 1 102 1 192 2 0 0 0 0 0 0 0 0 0 0 0 0 0 0 0
58 1 103 1 193 2 0 0 0 0 0 0 0 0 0 0 0 0 0 0 0
59 1 104 1 194 2 0 0 0 0 0 0 0 0 0 0 0 0 0 0 0
60 1 105 1 195 2 0 0 0 0 0 0 0 0 0 0 0 0 0 0 0
61 1 106 1 196 2 0 0 0 0 0 0 0 0 0 0 0 0 0 0 0
62 1 107 1 197 2 0 0 0 0 0 0 0 0 0 0 0 0 0 0 0
63 1 108 1 198 2 0 0 0 0 0 0 0 0 0 0 0 0 0 0 0
64 1 109 1 199 2 0 0 0 0 0 0 0 0 0 0 0 0 0 0 0
65 1 110 1 200 2 0 0 0 0 0 0 0 0 0 0 0 0 0 0 0
66 1 111 1 201 2 0 0 0 0 0 0 0 0 0 0 0 0 0 0 0
67 1 112 1 202 2 0 0 0 0 0 0 0 0 0 0 0 0 0 0 0
68 1 113 1 203 2 0 0 0 0 0 0 0 0 0 0 0 0 0 0 0
69 1 114 1 204 2 0 0 0 0 0 0 0 0 0 0 0 0 0 0 0
70 1 115 1 205 2 0 0 0 0 0 0 0 0 0 0 0 0 0 0 0
71 1 116 1 206 2 0 0 0 0 0 0 0 0 0 0 0 0 0 0 0
0 1 108 1 153 1 1 0 0 0 0 2 0 0 0 0 3 0 0 0 0
1 1 109 1 154 1 4 0 0 0 0 8 0 0 0 0 12 0 0 0 0
2 1 110 1 155 1 16 0 0 0 0 32 0 0 0 0 48 0 0 0 0
3 1 111 1 156 1 64 0 0 0 0 128 0 0 0 0 192 0 0 0 0
4 1 112 1 157 1 256 0 0 0 0 512 0 0 0 0 768 0 0 0 0
5 1 113 1 158 1 1024 0 0 0 0 2048 0 0 0 0 3072 0 0 0 0
6 1 114 1 159 1 4096 0 0 0 0 8192 0 0 0 0 12288 0 0 0 0
7 1 115 1 160 1 16384 0 0 0 0 32768 0 0 0 0 49152 0 0 0 0
8 1 116 1 161 1 65536 0 0 0 0 131072 0 0 0 0 196608 0 0 0 0
9 1 117 1 162 1 262144 0 0 0 0 524288 0 0 0 0 786432 0 0 0 0
10 1 118 1 163 1 1048576 0 0 0 0 2097152 0 0 0 0 3145728 0 0 0 0
11 1 119 1 164 1 4194304 0 0 0 0 8388608 0 0 0 0 12582912 0 0 0 0
12 1 120 1 165 1 16777216 0 0 0 0 33554432 0 0 0 0 50331648 0 0 0 0
13 1 121 1 166 1 67108864 0 0 0 0 134217728 0 0 0 0 201326592 0 0 0 0
14 1 122 1 167 1 268435456 0 0 0 0 536870912 0 0 0 0 805306368 0 0 0 0
15 1 123 1 168 1 1073741824 0 0 0 0 2147483648 0 0 0 0 3221225472 0 0 0 0
16 1 124 1 169 1 4294967296 0 0 0 0 8589934592 0 0 0 0 12884901888 0 0 0 0
17 1 125 1 170 1 17179869184 0 0 0 0 34359738368 0 0 0 0 51539607552 0 0 0 0
18 1 126 1 171 1 68719476736 0 0 0 0 137438953472 0 0 0 0 206158430208 0 0 0 0
19 1 127 1 172 1 274877906944 0 0 0 0 549755813888 0 0 0 0 824633720832 0 0 0 0
20 1 128 1 173 1 1099511627776 0 0 0 0 2199023255552 0 0 0 0 3298534883328 0 0 0 0
21 1 129 1 174 1 4398046511104 0 0 0 0 8796093022208 0 0 0 0 13194139533312 0 0 0 0
22 1 130 1 175 1 17592186044416 0 0 0 0 35184372088832 0 0 0 0 52776558133248 0 0 0 0
23 1 131 1 176 1 70368744177664 0 0 0 0 140737488355328 0 0 0 0 211106232532992 0 0 0 0
24 1 132 1 177 1 281474976710656 0 0 0 0 562949953421312 0 0 0 0 844424930131968 0 0 0 0
25 1 133 1 178 1 1125899906842624 0 0 0 0 2251799813685248 0 0 0 0 3377699720527872 0 0 0 0
26 1 134 1 179 1 4503599627370496 0 0 0 0 9007199254740992 0 0 0 0 13510798882111488 0 0 0 0
27 1 135 1 180 1 18014398509481984 0 0 0 0 36028797018963968 0 0 0 0 54043195528445952 0 0 0 0
28 1 136 1 181 1 72057594037927936 0 0 0 0 144115188075855872 0 0 0 0 216172782113783808 0 0 0 0
29 1 137 1 182 1 288230376151711744 0 0 0 0 576460752303423488 0 0 0 0 864691128455135232 0 0 0 0
30 1 138 1 183 1 1152921504606846976 0 0 0 0 2305843009213693952 0 0 0 0 3458764513820540928 0 0 0 0
31 1 139 1 184 1 4611686018427387904 0 0 0 0 9223372036854775808 0 0 0 0 13835058055282163712 0 0 0 0
32 1 140 1 185 1 0 1 0 0 0 0 2 0 0 0 0 3 0 0 0
33 1 141 1 186 1 0 4 0 0 0 0 8 0 0 0 0 12 0 0 0
34 1 142 1 187 1 0 16 0 0 0 0 32 0 0 0 0 48 0 0 0
35 1 143 1 188 1 0 64 0 0 0 0 128 0 0 0 0 192 0 0 0
36 1 72 1 189 1 0 256 0 0 0 0 512 0 0 0 0 768 0 0 0
37 1 73 1 190 1 0 1024 0 0 0 0 2048 0 0 0 0 3072 0 0 0
38 1 74 1 191 1 0 4096 0 0 0 0 8192 0 0 0 0 12288 0 0 0
39 1 75 1 192 1 0 16384 0 0 0 0 32768 0 0 0 0 49152 0 0 0
40 1 76 1 193 1 0 65536 0 0 0 0 131072 0 0 0 0 196608 0 0 0
41 1 77 1 194 1 0 262144 0 0 0 0 524288 0 0 0 0 786432 0 0 0
42 1 78 1 195 1 0 1048576 0 0 0 0 2097152 0 0 0 0 3145728 0 0 0
43 1 79 1 196 1 0 4194304 0 0 0 0 8388608 0 0 0 0 12582912 0 0 0
44 1 80 1 197 1 0 16777216 0 0 0 0 33554432 0 0 0 0 50331648 0 0 0
45 1 81 1 198 1 0 67108864 0 0 0 0 134217728 0 0 0 0 201326592 0 0 0
46 1 82 1 199 1 0 268435456 0 0 0 0 536870912 0 0 0 0 805306368 0 0 0
47 1 83 1 200 1 0 1073741824 0 0 0 0 2147483648 0 0 0 0 3221225472 0 0 0
48 1 84 1 201 1 0 4294967296 0 0 0 0 8589934592 0 0 0 0 12884901888 0 0 0
49 1 85 1 202 1 0 17179869184 0 0 0 0 34359738368 0 0 0 0 51539607552 0 0 0
50 1 86 1 203 1 0 68719476736 0 0 0 0 137438953472 0 0 0 0 206158430208 0 0 0
51 1 87 1 204 1 0 274877906944 0 0 0 0 549755813888 0 0 0 0 824633720832 0 0 0
52 1 88 1 205 1 0 1099511627776 0 0 0 0 2199023255552 0 0 0 0 3298534883328 0 0 0
53 1 89 1 206 1 0 4398046511104 0 0 0 0 8796093022208 0 0 0 0 13194139533312 0 0 0
54 1 90 1 207 1 0 17592186044416 0 0 0 0 35184372088832 0 0 0 0 52776558133248 0 0 0
55 1 91 1 208 1 0 70368744177664 0 0 0 0 140737488355328 0 0 0 0 211106232532992 0 0 0
56 1 92 1 209 1 0 281474976710656 0 0 0 0 562949953421312 0 0 0 0 844424930131968 0 0 0
57 1 93 1 210 1 0 1125899906842624 0 0 0 0 2251799813685248 0 0 0 0 3377699720527872 0 0 0
58 1 94 1 211 1 0 4503599627370496 0 0 0 0 9007199254740992 0 0 0 0 13510798882111488 0 0 0
59 1 95 1 212 1 0 18014398509481984 0 0 0 0 36028797018963968 0 0 0 0 54043195528445952 0 0 0
60 1 96 1 213 1 0 72057594037927936 0 0 0 0 144115188075855872 0 0 0 0 216172782113783808 0 0 0
61 1 97 1 214 1 0 288230376151711744 0 0 0 0 576460752303423488 0 0 0 0 864691128455135232 0 0 0
62 1 98 1 215 1 0 1152921504606846976 0 0 0 0 2305843009213693952 0 0 0 0 3458764513820540928 0 0 0
63 1 99 1 144 1 0 4611686018427387904 0 0 0 0 9223372036854775808 0 0 0 0 13835058055282163712 0 0 0
64 1 100 1 145 1 0 0 1 0 0 0 0 2 0 0 0 0 3 0 0
65 1 101 1 146 1 0 0 4 0 0 0 0 8 0 0 0 0 12 0 0
66 1 102 1 147 1 0 0 16 0 0 0 0 32 0 0 0 0 48 0 0
67 1 103 1 148 1 0 0 64 0 0 0 0 128 0 0 0 0 192 0 0
68 1 104 1 149 1 0 0 256 0 0 0 0 512 0 0 0 0 768 0 0
69 1 105 1 150 1 0 0 1024 0 0 0 0 2048 0 0 0 0 3072 0 0
70 1 106 1 151 1 0 0 4096 0 0 0 0 8192 0 0 0 0 12288 0 0
71 1 107 1 152 1 0 0 16384 0 0 0 0 32768 0 0 0 0 49152 0 0
0 1 136 1 145 1 216173606748553224 70369549485056 54043264248446979 4611738795186848512 65536 72057868917932044 140737756792832 18014535949221889 9223389629107929344 131072 144115737834815492 211106769406976 36029003177656322 13835093239788470784 196608
1 1 137 1 146 1 864694426994212896 281478197940224 216173056993787916 211107037842432 262145 288231475671728176 562951027171328 72058143796887556 70369012614144 524290 576462951339261968 844427077627904 144116012710625288 140738025228288 786435
2 1 138 1 147 1 3458777707976851584 1125912791760896 864692227975151664 844428151369728 1048580 1152925902686912704 2251804108685312 288232575187550224 281476050456576 2097160 2305851805357047872 3377708310511616 576464050842501152 562952100913152 3145740
3 1 139 1 148 1 13835110831907406336 4503651167043584 3458768911900606656 3377712605478912 4194320 4611703610747650816 9007216434741248 1152930300750200896 1125904201826304 8388640 9223407221428191488 13510833242046464 2305856203370004608 2251808403652608 12582960
4 1 140 1 149 1 211106500970496 18014604668174339 13835075647602426624 13510850421915648 16777280 70369281051648 36028865738964993 4611721203000803584 4503616807305216 33554560 140738293662720 54043332968185858 9223424813480018432 9007233614610432 50331840
5 1 141 1 150 1 844426003881984 72058418672697356 70369281051648 54043401687662595 67109120 281477124206592 144115462955859972 140738293662720 18014467229220865 134218240 562953174650880 216173331872743432 211106500970496 36028934458441730 201327360
6 1 142 1 151 1 3377704015527936 288233674690789424 281477124206592 216173606750650380 268436480 1125908496826368 576461851823439888 562953174650880 72057868916883460 536872960 2251812698603520 864693327490973728 844426003881984 144115737833766920 805309440
7 1 143 1 152 1 13510816062111744 1152934698763157696 1125908496826368 864694427002601520 1073745920 4503633987305472 2305847407293759552 2251812698603520 288231475667533840 2147491840 9007250794414080 3458773309963894912 3377704015527936 576462951335067680 3221237760
8 1 72 1 153 1 54043264248446979 4611738795052630784 4503633987174400 3458777708010406080 16384 18014535949221889 9223389629175038208 9007250794479616 1152925902670135360 32768 36029003177656322 13835093239855579648 13510816062177280 2305851805340270720 49152
9 1 73 1 154 1 216173056993787916 211106500971520 18014535948697601 13835110832041624320 65536 72058143796887556 70369281049600 36029003177918466 4611703610680541440 131072 144116012710625288 140738293663744 54043264248709123 9223407221361082880 196608
10 1 74 1 155 1 864692227975151664 844426003886080 72058143794790404 211107037842432 262147 288232575187550224 281477124198400 144116012711673864 70369012614144 524289 576464050842501152 562953174654976 216173056994836492 140738025228288 786434
11 1 75 1 156 1 3458768911900606656 3377704015544320 288232575179161616 844428151369728 1048588 1152930300750200896 1125908496793600 576464050846695456 281476050456576 2097156 2305856203370004608 2251812698619904 864692227979345968 562952100913152 3145736
12 1 76 1 157 1 13835075647602426624 13510816062177280 1152930300716646464 3377712605478912 4194352 4611721203000803584 4503633987174400 2305856203386781824 1125904201826304 8388624 9223424813480018432 9007250794479616 3458768911917383872 2251808403652608 12582944
13 1 77 1 158 1 70369281051648 54043264248709123 4611721202866585856 13510850421915648 16777408 140738293662720 18014535948697601 9223424813547127296 4503616807305216 33554496 211106500970496 36029003177918466 13835075647669535488 9007233614610432 50331776
14 1 78 1 159 1 281477124206592 216173056994836492 140737756791808 54043401687662593 67109632 562953174650880 72058143794790404 211106769405952 18014467229220866 134217984 844426003881984 144116012711673864 70369549487104 36028934458441731 201327104
15 1 79 1 160 1 1125908496826368 864692227979345968 562951027167232 216173606750650372 268438528 2251812698603520 288232575179161616 844427077623808 72057868916883464 536871936 3377704015527936 576464050846695456 281478197948416 144115737833766924 805308416
16 1 80 1 161 1 4503633987305472 3458768911917383872 2251804108668928 864694427002601488 1073754112 9007250794414080 1152930300716646464 3377708310495232 288231475667533856 2147487744 13510816062111744 2305856203386781824 1125912791793664 576462951335067696 3221233664
17 1 81 1 162 1 18014535949221889 13835075647669535488 9007216434675712 3458777708010405952 49152 36029003177656322 4611721202866585856 13510833241980928 1152925902670135424 16384 54043264248446979 9223424813547127296 4503651167174656 2305851805340270784 32768
18 1 82 1 163 1 72058143796887556 70369549487104 36028865738702851 13835110832041623808 196608 144116012710625288 140737756791808 54043332967923713 4611703610680541696 65536 216173056993787916 211106769405952 18014604668698626 9223407221361083136 131072
19 1 83 1 164 1 288232575187550224 281478197948416 144115462954811404 211107037840384 786435 576464050842501152 562951027167232 216173331871694852 70369012615168 262145 864692227975151664 844427077623808 72058418674794504 140738025229312 524290
20 1 84 1 165 1 1152930300750200896 1125912791793664 576461851819245616 844428151361536 3145740 2305856203370004608 2251804108668928 864693327486779408 281476050460672 1048580 3458768911900606656 3377708310495232 288233674699178016 562952100917248 2097160
21 1 85 1 166 1 4611721203000803584 4503651167174656 2305847407276982464 3377712605446144 12582960 9223424813480018432 9007216434675712 3458773309947117632 1125904201842688 4194320 13835075647602426624 13510833241980928 1152934698796712064 2251808403668992 8388640
22 1 86 1 167 1 140738293662720 18014604668698625 9223389629107929856 13510850421784576 50331840 211106500970496 36028865738702850 13835093239788470528 4503616807370752 16777280 70369281051648 54043332967923715 4611738795186848256 9007233614675968 33554560
23 1 87 1 168 1 562953174650880 72058418674794500 70369012616192 54043401687138306 201327360 844426003881984 144115462954811400 140738025227264 18014467229483011 67109120 281477124206592 216173331871694860 211107037841408 36028934458703873 134218240
24 1 88 1 169 1 2251812698603520 288233674699178000 281476050464768 216173606748553224 805309440 3377704015527936 576461851819245600 562952100909056 72057868917932044 268436480 1125908496826368 864693327486779440 844428151365632 144115737834815492 536872960
25 1 89 1 170 1 9007250794414080 1152934698796712000 1125904201859072 864694426994212896 3221237760 13510816062111744 2305847407276982400 2251808403636224 288231475671728176 1073745920 4503633987305472 3458773309947117760 3377712605462528 576462951339261968 2147491840
26 1 90 1 171 1 36029003177656323 4611738795186848000 4503616807436288 3458777707976851584 49152 54043264248446977 9223389629107929600 9007233614544896 1152925902686912704 16384 18014535949221890 13835093239788471040 13510850421850112 2305851805357047872 32768
27 1 91 1 172 1 144116012710625292 211107037840384 18014467229745153 13835110831907406336 196608 216173056993787908 70369012615168 36028934458179586 4611703610747650816 65536 72058143796887560 140738025229312 54043401687400451 9223407221428191488 131072
28 1 92 1 173 1 576464050842501168 844428151361536 72057868918980612 211106500970496 786435 864692227975151632 281476050460672 144115737832718344 70369281051648 262145 288232575187550240 562952100917248 216173606749601804 140738293662720 524290
29 1 93 1 174 1 2305856203370004672 3377712605446144 288231475675922448 844426003881984 3145740 3458768911900606528 1125904201842688 576462951330873376 281477124206592 1048580 1152930300750200960 2251808403668992 864694426998407216 562953174650880 2097160
30 1 94 1 175 1 9223424813480018688 13510850421784576 1152925902703689792 3377704015527936 12582960 13835075647602426112 4503616807370752 2305851805323493504 1125908496826368 4194320 4611721203000803840 9007233614675968 3458777707993628864 2251812698603520 8388640
31 1 95 1 176 1 211106500971520 54043401687138306 4611703610814759168 13510816062111744 50331840 70369281049600 18014467229483011 9223407221293974016 4503633987305472 16777280 140738293663744 36028934458703873 13835110831974515456 9007250794414080 33554560
32 1 96 1 177 1 844426003886080 216173606748553224 70369549485056 54043264248446977 201327360 281477124198400 72057868917932044 140737756792832 18014535949221890 67109120 562953174654976 144115737834815492 211106769406976 36029003177656323 134218240
33 1 97 1 178 1 3377704015544320 864694426994212896 281478197940224 216173056993787908 805309440 1125908496793600 288231475671728176 562951027171328 72058143796887560 268436480 2251812698619904 576462951339261968 844427077627904 144116012710625292 536872960
34 1 98 1 179 1 13510816062177280 3458777707976851584 1125912791760896 864692227975151632 3221237760 4503633987174400 1152925902686912704 2251804108685312 288232575187550240 1073745920 9007250794479616 2305851805357047872 3377708310511616 576464050842501168 2147491840
35 1 99 1 180 1 54043264248709121 13835110831907406336 4503651167174656 3458768911900606528 49152 18014535948697602 4611703610747650816 9007216434675712 1152930300750200960 16384 36029003177918467 9223407221428191488 13510833241980928 2305856203370004672 32768
36 1 100 1 181 1 216173056994836484 211106500970496 18014604668698627 13835075647602426112 196608 72058143794790408 70369281051648 36028865738702849 4611721203000803840 65536 144116012711673868 140738293662720 54043332967923714 9223424813480018688 131072
37 1 101 1 182 1 864692227979345936 844426003881984 72058418674794508 70369281049600 786435 288232575179161632 281477124206592 144115462954811396 140738293663744 262145 576464050846695472 562953174650880 216173331871694856 211106500971520 524290
38 1 102 1 183 1 3458768911917383744 3377704015527936 288233674699178032 281477124198400 3145740 1152930300716646528 1125908496826368 576461851819245584 562953174654976 1048580 2305856203386781888 2251812698603520 864693327486779424 844426003886080 2097160
39 1 103 1 184 1 13835075647669534976 13510816062111744 1152934698796712128 1125908496793600 12582960 4611721202866586112 4503633987305472 2305847407276982336 2251812698619904 4194320 9223424813547127552 9007250794414080 3458773309947117696 3377704015544320 8388640
40 1 104 1 185 1 70369549485056 54043264248446979 4611738795186848512 4503633987174400 50331840 140737756792832 18014535949221889 9223389629107929344 9007250794479616 16777280 211106769406976 36029003177656322 13835093239788470784 13510816062177280 33554560
41 1 105 1 186 1 281478197940224 216173056993787916 211107037842432 18014535948697601 201327360 562951027171328 72058143796887556 70369012614144 36029003177918466 67109120 844427077627904 144116012710625288 140738025228288 54043264248709123 134218240
42 1 106 1 187 1 1125912791760896 864692227975151664 844428151369728 72058143794790404 805309440 2251804108685312 288232575187550224 281476050456576 144116012711673864 268436480 3377708310511616 576464050842501152 562952100913152 216173056994836492 536872960
43 1 107 1 188 1 4503651167043584 3458768911900606656 3377712605478912 288232575179161616 3221237760 9007216434741248 1152930300750200896 1125904201826304 576464050846695456 1073745920 13510833242046464 2305856203370004608 2251808403652608 864692227979345968 2147491840
44 1 108 1 189 1 18014604668174339 13835075647602426624 13510850421915648 1152930300716646464 49152 36028865738964993 4611721203000803584 4503616807305216 2305856203386781824 16384 54043332968185858 9223424813480018432 9007233614610432 3458768911917383872 32768
45 1 109 1 190 1 72058418672697356 70369281051648 54043401687662595 4611721202866585856 196608 144115462955859972 140738293662720 18014467229220865 9223424813547127296 65536 216173331872743432 211106500970496 36028934458441730 13835075647669535488 131072
46 1 110 1 191 1 288233674690789424 281477124206592 216173606750650380 140737756791808 786433 576461851823439888 562953174650880 72057868916883460 211106769405952 262146 864693327490973728 844426003881984 144115737833766920 70369549487104 524291
47 1 111 1 192 1 1152934698763157696 1125908496826368 864694427002601520 562951027167232 3145732 2305847407293759552 2251812698603520 288231475667533840 844427077623808 1048584 3458773309963894912 3377704015527936 576462951335067680 281478197948416 2097164
48 1 112 1 193 1 4611738795052630784 4503633987305472 3458777708010406080 2251804108668928 12582928 9223389629175038208 9007250794414080 1152925902670135360 3377708310495232 4194336 13835093239855579648 13510816062111744 2305851805340270720 1125912791793664 8388656
49 1 113 1 194 1 211106500971520 18014535949221889 13835110832041624320 9007216434675712 50331712 70369281049600 36029003177656322 4611703610680541440 13510833241980928 16777344 140738293663744 54043264248446979 9223407221361082880 4503651167174656 33554624
50 1 114 1 195 1 844426003886080 72058143796887556 211107037842432 36028865738702851 201326848 281477124198400 144116012710625288 70369012614144 54043332967923713 67109376 562953174654976 216173056993787916 140738025228288 18014604668698626 134218496
51 1 115 1 196 1 3377704015544320 288232575187550224 844428151369728 144115462954811404 805307392 1125908496793600 576464050842501152 281476050456576 216173331871694852 268437504 2251812698619904 864692227975151664 562952100913152 72058418674794504 536873984
52 1 116 1 197 1 13510816062177280 1152930300750200896 3377712605478912 576461851819245616 3221229568 4503633987174400 2305856203370004608 1125904201826304 864693327486779408 1073750016 9007250794479616 3458768911900606656 2251808403652608 288233674699178016 2147495936
53 1 117 1 198 1 54043264248709123 4611721203000803584 13510850421915648 2305847407276982464 16384 18014535948697601 9223424813480018432 4503616807305216 3458773309947117632 32768 36029003177918466 13835075647602426624 9007233614610432 1152934698796712064 49152
54 1 118 1 199 1 216173056994836492 140738293662720 54043401687662593 9223389629107929856 65536 72058143794790404 211106500970496 18014467229220866 13835093239788470528 131072 144116012711673864 70369281051648 36028934458441731 4611738795186848256 196608
55 1 119 1 200 1 864692227979345968 562953174650880 216173606750650372 70369012616192 262146 288232575179161616 844426003881984 72057868916883464 140738025227264 524291 576464050846695456 281477124206592 144115737833766924 211107037841408 786433
56 1 120 1 201 1 3458768911917383872 2251812698603520 864694427002601488 281476050464768 1048584 1152930300716646464 3377704015527936 288231475667533856 562952100909056 2097164 2305856203386781824 1125908496826368 576462951335067696 844428151365632 3145732
57 1 121 1 202 1 13835075647669535488 9007250794414080 3458777708010405952 1125904201859072 4194336 4611721202866585856 13510816062111744 1152925902670135424 2251808403636224 8388656 9223424813547127296 4503633987305472 2305851805340270784 3377712605462528 12582928
58 1 122 1 203 1 70369549487104 36029003177656323 13835110832041623808 4503616807436288 16777344 140737756791808 54043264248446977 4611703610680541696 9007233614544896 33554624 211106769405952 18014535949221890 9223407221361083136 13510850421850112 50331712
59 1 123 1 204 1 281478197948416 144116012710625292 211107037840384 18014467229745155 67109376 562951027167232 216173056993787908 70369012615168 36028934458179585 134218496 844427077623808 72058143796887560 140738025229312 54043401687400450 201326848
60 1 124 1 205 1 1125912791793664 576464050842501168 844428151361536 72057868918980620 268437504 2251804108668928 864692227975151632 281476050460672 144115737832718340 536873984 3377708310495232 288232575187550240 562952100917248 216173606749601800 805307392
61 1 125 1 206 1 4503651167174656 2305856203370004672 3377712605446144 288231475675922480 1073750016 9007216434675712 3458768911900606528 1125904201842688 576462951330873360 2147495936 13510833241980928 1152930300750200960 2251808403668992 864694426998407200 3221229568
62 1 126 1 207 1 18014604668698625 9223424813480018688 13510850421784576 1152925902703689920 32768 36028865738702850 13835075647602426112 4503616807370752 2305851805323493440 49152 54043332967923715 4611721203000803840 9007233614675968 3458777707993628800 16384
63 1 127 1 208 1 72058418674794500 211106500971520 54043401687138306 4611703610814759680 131072 144115462954811400 70369281049600 18014467229483011 9223407221293973760 196608 216173331871694860 140738293663744 36028934458703873 13835110831974515200 65536
64 1 128 1 209 1 288233674699178000 844426003886080 216173606748553224 70369549487104 524289 576461851819245600 281477124198400 72057868917932044 140737756791808 786434 864693327486779440 562953174654976 144115737834815492 211106769405952 262147
65 1 129 1 210 1 1152934698796712000 3377704015544320 864694426994212896 281478197948416 2097156 2305847407276982400 1125908496793600 288231475671728176 562951027167232 3145736 3458773309947117760 2251812698619904 576462951339261968 844427077623808 1048588
66 1 130 1 211 1 4611738795186848000 13510816062177280 3458777707976851584 1125912791793664 8388624 9223389629107929600 4503633987174400 1152925902686912704 2251804108668928 12582944 13835093239788471040 9007250794479616 2305851805357047872 3377708310495232 4194352
67 1 131 1 212 1 211107037840384 54043264248709121 13835110831907406336 4503651167174656 33554496 70369012615168 18014535948697602 4611703610747650816 9007216434675712 50331776 140738025229312 36029003177918467 9223407221428191488 13510833241980928 16777408
68 1 132 1 213 1 844428151361536 216173056994836484 211106500970496 18014604668698627 134217984 281476050460672 72058143794790408 70369281051648 36028865738702849 201327104 562952100917248 144116012711673868 140738293662720 54043332967923714 67109632
69 1 133 1 214 1 3377712605446144 864692227979345936 844426003881984 72058418674794508 536871936 1125904201842688 288232575179161632 281477124206592 144115462954811396 805308416 2251808403668992 576464050846695472 562953174650880 216173331871694856 268438528
70 1 134 1 215 1 13510850421784576 3458768911917383744 3377704015527936 288233674699178032 2147487744 4503616807370752 1152930300716646528 1125908496826368 576461851819245584 3221233664 9007233614675968 2305856203386781888 2251812698603520 864693327486779424 1073754112
71 1 135 1 144 1 54043401687138306 13835075647669534976 13510816062111744 1152934698796712128 16384 18014467229483011 4611721202866586112 4503633987305472 2305847407276982336 32768 36028934458703873 9223424813547127552 9007250794414080 3458773309947117696 49152
0 1 143 1 171 1 18014398509481984 9223372037056103168 4503633987305472 2305851805323493504 0 36028797018963968 13835058055349272832 9007250794414080 3458777707993628864 0 54043195528445952 4611686018561606144 13510816062111744 1152925902703689792 0
1 1 72 1 172 1 72057594037927936 805309440 18014535949221890 9223407221293974016 0 144115188075855872 268436480 36029003177656323 13835110831974515456 0 216172782113783808 536872960 54043264248446977 4611703610814759168 0
2 1 73 1 173 1 288230376151711744 3221237760 72058143796887560 140737756792832 2 576460752303423488 1073745920 144116012710625292 211106769406976 3 864691128455135232 2147491840 216173056993787908 70369549485056 1
3 1 74 1 174 1 1152921504606846976 12884951040 288232575187550240 562951027171328 8 2305843009213693952 4294983680 576464050842501168 844427077627904 12 3458764513820540928 8589967360 864692227975151632 281478197940224 4
4 1 75 1 175 1 4611686018427387904 51539804160 1152930300750200960 2251804108685312 32 9223372036854775808 17179934720 2305856203370004672 3377708310511616 48 13835058055282163712 34359869440 3458768911900606528 1125912791760896 16
5 1 76 1 176 1 0 206159216641 4611721203000803840 9007216434741248 128 0 68719738882 9223424813480018688 13510833242046464 192 0 137439477763 13835075647602426112 4503651167043584 64
6 1 77 1 177 1 0 824636866564 140738293663744 36028865738964993 512 0 274878955528 211106500971520 54043332968185858 768 0 549757911052 70369281049600 18014604668174339 256
7 1 78 1 178 1 0 3298547466256 562953174654976 144115462955859972 2048 0 1099515822112 844426003886080 216173331872743432 3072 0 2199031644208 281477124198400 72058418672697356 1024
8 1 79 1 179 1 0 13194189865024 2251812698619904 576461851823439888 8192 0 4398063288448 3377704015544320 864693327490973728 12288 0 8796126576832 1125908496793600 288233674690789424 4096
9 1 80 1 180 1 2 52776759460096 9007250794348544 2305847407293759552 32768 3 17592253153792 13510816061980672 3458773309963894912 49152 1 35184506307328 4503633987108864 1152934698763157696 16384
10 1 81 1 181 1 8 211107037840384 36029003177394176 9223389629175038208 131072 12 70369012615168 54043264247922688 13835093239855579648 196608 4 140738025229312 18014535948435456 4611738795052630784 65536
11 1 82 1 182 1 32 844428151361536 144116012709576704 70369281049600 524290 48 281476050460672 216173056991690752 140738293663744 786435 16 562952100917248 72058143793741824 211106500971520 262145
12 1 83 1 183 1 128 3377712605446144 576464050838306816 281477124198400 2097160 192 1125904201842688 864692227966763008 562953174654976 3145740 64 2251808403668992 288232575174967296 844426003886080 1048580
13 1 84 1 184 1 512 13510850421784576 2305856203353227264 1125908496793600 8388640 768 4503616807370752 3458768911867052032 2251812698619904 12582960 256 9007233614675968 1152930300699869184 3377704015544320 4194320
14 1 85 1 185 1 2048 54043401687138304 9223424813412909056 4503633987174400 33554560 3072 18014467229483008 13835075647468208128 9007250794479616 50331840 1024 36028934458703872 4611721202799476736 13510816062177280 16777280
15 1 86 1 186 1 8192 216173606748553216 211106232532992 18014535948697602 134218240 12288 72057868917932032 70368744177664 36029003177918467 201327360 4096 144115737834815488 140737488355328 54043264248709121 67109120
16 1 87 1 187 1 32768 864694426994212864 844424930131968 72058143794790408 536872960 49152 288231475671728128 281474976710656 144116012711673868 805309440 16384 576462951339261952 562949953421312 216173056994836484 268436480
17 1 88 1 188 1 131072 3458777707976851456 3377699720527872 288232575179161632 2147491840 196608 1152925902686912512 1125899906842624 576464050846695472 3221237760 65536 2305851805357047808 2251799813685248 864692227979345936 1073745920
18 1 89 1 189 1 524288 13835110831907405824 13510798882242560 1152930300716646528 32768 786432 4611703610747650048 4503599627567104 2305856203386781888 49152 262144 9223407221428191232 9007199254806528 3458768911917383744 16384
19 1 90 1 190 1 2097152 211106500968448 54043195528970243 4611721202866586112 131072 3145728 70369281048576 18014398510268417 9223424813547127552 196608 1048576 140738293661696 36028797019226114 13835075647669534976 65536
20 1 91 1 191 1 8388608 844426003873792 216172782115880972 140737756792832 524289 12582912 281477124194304 72057594041073668 211106769406976 786434 4194304 562953174646784 144115188076904456 70369549485056 262147
21 1 92 1 192 1 33554432 3377704015495168 864691128463523888 562951027171328 2097156 50331648 1125908496777216 288230376164294672 844427077627904 3145736 16777216 2251812698587136 576460752307617824 281478197940224 1048588
22 1 93 1 193 1 134217728 13510816061980672 3458764513854095552 2251804108685312 8388624 201326592 4503633987108864 1152921504657178688 3377708310511616 12582944 67108864 9007250794348544 2305843009230471296 1125912791760896 4194352
23 1 94 1 194 1 536870912 54043264247922688 13835058055416382208 9007216434741248 33554496 805306368 18014535948435456 4611686018628714752 13510833242046464 50331776 268435456 36029003177394176 9223372036921885184 4503651167043584 16777408
24 1 95 1 195 1 2147483648 216173056991690752 536873984 36028865738964995 134217984 3221225472 72058143793741824 805307392 54043332968185857 201327104 1073741824 144116012709576704 268437504 18014604668174338 67109632
25 1 96 1 196 1 8589934592 864692227966763008 2147495936 144115462955859980 536871936 12884901888 288232575174967296 3221229568 216173331872743428 805308416 4294967296 576464050838306816 1073750016 72058418672697352 268438528
26 1 97 1 197 1 34359738368 3458768911867052032 8589983744 576461851823439920 2147487744 51539607552 1152930300699869184 12884918272 864693327490973712 3221233664 17179869184 2305856203353227264 4295000064 288233674690789408 1073754112
27 1 98 1 198 1 137438953475 13835075647468208128 34359869440 2305847407293759680 16384 206158430209 4611721202799476736 51539804160 3458773309963894848 32768 68719476738 9223424813412909056 17179934720 1152934698763157632 49152
28 1 99 1 199 1 549755813900 70368744177664 137439477763 9223389629175038720 65536 824633720836 140737488355328 206159216641 13835093239855579392 131072 274877906952 211106232532992 68719738882 4611738795052630528 196608
29 1 100 1 200 1 2199023255600 281474976710656 549757911052 70369281051648 262146 3298534883344 562949953421312 824636866564 140738293662720 524291 1099511627808 844424930131968 274878955528 211106500970496 786433
30 1 101 1 201 1 8796093022400 1125899906842624 2199031644208 281477124206592 1048584 13194139533376 2251799813685248 3298547466256 562953174650880 2097164 4398046511232 3377699720527872 1099515822112 844426003881984 3145732
31 1 102 1 202 1 35184372089600 4503599627370496 8796126576832 1125908496826368 4194336 52776558133504 9007199254740992 13194189865024 2251812698603520 8388656 17592186044928 13510798882111488 4398063288448 3377704015527936 12582928
32 1 103 1 203 1 140737488358400 18014398509481984 35184506307328 4503633987305472 16777344 211106232534016 36028797018963968 52776759460096 9007250794414080 33554624 70368744179712 54043195528445952 17592253153792 13510816062111744 50331712
33 1 104 1 204 1 562949953433600 72057594037927936 140738025229312 18014535949221888 67109376 844424930136064 144115188075855872 211107037840384 36029003177656320 134218496 281474976718848 216172782113783808 70369012615168 54043264248446976 201326848
34 1 105 1 205 1 2251799813734400 288230376151711744 562952100917248 72058143796887552 268437504 3377699720544256 576460752303423488 844428151361536 144116012710625280 536873984 1125899906875392 864691128455135232 281476050460672 216173056993787904 805307392
35 1 106 1 206 1 9007199254937600 1152921504606846976 2251808403668992 288232575187550208 1073750016 13510798882177024 2305843009213693952 3377712605446144 576464050842501120 2147495936 4503599627501568 3458764513820540928 1125904201842688 864692227975151616 3221229568
36 1 107 1 207 1 36028797019750403 4611686018427387904 9007233614544896 1152930300750200832 32768 54043195528708097 9223372036854775808 13510850421850112 2305856203370004480 49152 18014398510006274 13835058055282163712 4503616807436288 3458768911900606464 16384
37 1 108 1 208 1 144115188079001612 0 36028934458179585 4611721203000803328 131072 216172782114832388 0 54043401687400450 9223424813480017920 196608 72057594040025096 0 18014467229745155 13835075647602425856 65536
38 1 109 1 209 1 576460752316006448 0 144115737832718340 140738293661696 524289 864691128459329552 0 216173606749601800 211106500968448 786434 288230376160100384 0 72057868918980620 70369281048576 262147
39 1 110 1 210 1 2305843009264025792 0 576462951330873360 562953174646784 2097156 3458764513837318208 0 864694426998407200 844426003873792 3145736 1152921504640401536 0 288231475675922480 281477124194304 1048588
40 1 111 1 211 1 9223372037056103168 0 2305851805323493440 2251812698587136 8388624 13835058055349272832 0 3458777707993628800 3377704015495168 12582944 4611686018561606144 0 1152925902703689920 1125908496777216 4194352
41 1 112 1 212 1 805309440 2 9223407221293973760 9007250794348544 33554496 268436480 3 13835110831974515200 13510816061980672 50331776 536872960 1 4611703610814759680 4503633987108864 16777408
42 1 113 1 213 1 3221237760 8 140737756791808 36029003177394178 134217984 1073745920 12 211106769405952 54043264247922691 201327104 2147491840 4 70369549487104 18014535948435457 67109632
43 1 114 1 214 1 12884951040 32 562951027167232 144116012709576712 536871936 4294983680 48 844427077623808 216173056991690764 805308416 8589967360 16 281478197948416 72058143793741828 268438528
44 1 115 1 215 1 51539804160 128 2251804108668928 576464050838306848 2147487744 17179934720 192 3377708310495232 864692227966763056 3221233664 34359869440 64 1125912791793664 288232575174967312 1073754112
45 1 116 1 144 1 206159216641 512 9007216434741248 2305856203353227392 16384 68719738882 768 13510833242046464 3458768911867052224 32768 137439477763 256 4503651167043584 1152930300699869248 49152
46 1 117 1 145 1 824636866564 2048 36028865738964992 9223424813412909568 65536 274878955528 3072 54043332968185856 13835075647468208896 131072 549757911052 1024 18014604668174336 4611721202799476992 196608
47 1 118 1 146 1 3298547466256 8192 144115462955859968 211106232535040 262146 1099515822112 12288 216173331872743424 70368744180736 524291 2199031644208 4096 72058418672697344 140737488356352 786433
48 1 119 1 147 1 13194189865024 32768 576461851823439872 844424930140160 1048584 4398063288448 49152 864693327490973696 281474976722944 2097164 8796126576832 16384 288233674690789376 562949953425408 3145732
49 1 120 1 148 1 52776759460096 131072 2305847407293759488 3377699720560640 4194336 17592253153792 196608 3458773309963894784 1125899906891776 8388656 35184506307328 65536 1152934698763157504 2251799813701632 12582928
50 1 121 1 149 1 211107037840384 524288 9223389629175037952 13510798882242560 16777344 70369012615168 786432 13835093239855579136 4503599627567104 33554624 140738025229312 262144 4611738795052630016 9007199254806528 50331712
51 1 122 1 150 1 844428151361536 2097152 70369281048576 54043195528970242 67109376 281476050460672 3145728 140738293661696 18014398510268419 134218496 562952100917248 1048576 211106500968448 36028797019226113 201326848
52 1 123 1 151 1 3377712605446144 8388608 281477124194304 216172782115880968 268437504 1125904201842688 12582912 562953174646784 72057594041073676 536873984 2251808403668992 4194304 844426003873792 144115188076904452 805307392
53 1 124 1 152 1 13510850421784576 33554432 1125908496777216 864691128463523872 1073750016 4503616807370752 50331648 2251812698587136 288230376164294704 2147495936 9007233614675968 16777216 3377704015495168 576460752307617808 3221229568
54 1 125 1 153 1 54043401687138304 134217728 4503633987174400 3458764513854095488 32768 18014467229483008 201326592 9007250794479616 1152921504657178816 49152 36028934458703872 67108864 13510816062177280 2305843009230471232 16384
55 1 126 1 154 1 216173606748553216 536870912 18014535948697600 13835058055416381952 131072 72057868917932032 805306368 36029003177918464 4611686018628715264 196608 144115737834815488 268435456 54043264248709120 9223372036921884928 65536
56 1 127 1 155 1 864694426994212864 2147483648 72058143794790400 536872960 524291 288231475671728128 3221225472 144116012711673856 805309440 786433 576462951339261952 1073741824 216173056994836480 268436480 262146
57 1 128 1 156 1 3458777707976851456 8589934592 288232575179161600 2147491840 2097164 1152925902686912512 12884901888 576464050846695424 3221237760 3145732 2305851805357047808 4294967296 864692227979345920 1073745920 1048584
58 1 129 1 157 1 13835110831907405824 34359738368 1152930300716646400 8589967360 8388656 4611703610747650048 51539607552 2305856203386781696 12884951040 12582928 9223407221428191232 17179869184 3458768911917383680 4294983680 4194336
59 1 130 1 158 1 211106500968448 137438953475 4611721202866585600 34359869440 33554624 70369281048576 206158430209 9223424813547126784 51539804160 50331712 140738293661696 68719476738 13835075647669534720 17179934720 16777344
60 1 131 1 159 1 844426003873792 549755813900 140737756790784 137439477761 134218496 281477124194304 824633720836 211106769403904 206159216642 201326848 562953174646784 274877906952 70369549484032 68719738883 67109376
61 1 132 1 160 1 3377704015495168 2199023255600 562951027163136 549757911044 536873984 1125908496777216 3298534883344 844427077615616 824636866568 805307392 2251812698587136 1099511627808 281478197936128 274878955532 268437504
62 1 133 1 161 1 13510816061980672 8796093022400 2251804108652544 2199031644176 2147495936 4503633987108864 13194139533376 3377708310462464 3298547466272 3221229568 9007250794348544 4398046511232 1125912791744512 1099515822128 1073750016
63 1 134 1 162 1 54043264247922688 35184372089600 9007216434741248 8796126576704 49152 18014535948435456 52776558133504 13510833242046464 13194189865088 16384 36029003177394176 17592186044928 4503651167043584 4398063288512 32768
64 1 135 1 163 1 216173056991690752 140737488358400 36028865738964992 35184506306816 196608 72058143793741824 211106232534016 54043332968185856 52776759460352 65536 144116012709576704 70368744179712 18014604668174336 17592253154048 131072
65 1 136 1 164 1 864692227966763008 562949953433600 144115462955859968 140738025227264 786432 288232575174967296 844424930136064 216173331872743424 211107037841408 262144 576464050838306816 281474976718848 72058418672697344 70369012616192 524288
66 1 137 1 165 1 3458768911867052032 2251799813734400 576461851823439872 562952100909056 3145728 1152930300699869184 3377699720544256 864693327490973696 844428151365632 1048576 2305856203353227264 1125899906875392 288233674690789376 281476050464768 2097152
67 1 138 1 166 1 13835075647468208128 9007199254937600 2305847407293759488 2251808403636224 12582912 4611721202799476736 13510798882177024 3458773309963894784 3377712605462528 4194304 9223424813412909056 4503599627501568 1152934698763157504 1125904201859072 8388608
68 1 139 1 167 1 70368744177664 36028797019750403 9223389629175037952 9007233614544896 50331648 140737488355328 54043195528708097 13835093239855579136 13510850421850112 16777216 211106232532992 18014398510006274 4611738795052630016 4503616807436288 33554432
69 1 140 1 168 1 281474976710656 144115188079001612 70369281048576 36028934458179586 201326592 562949953421312 216172782114832388 140738293661696 54043401687400451 67108864 844424930131968 72057594040025096 211106500968448 18014467229745153 134217728
70 1 141 1 169 1 1125899906842624 576460752316006448 281477124194304 144115737832718344 805306368 2251799813685248 864691128459329552 562953174646784 216173606749601804 268435456 3377699720527872 288230376160100384 844426003873792 72057868918980612 536870912
71 1 142 1 170 1 4503599627370496 2305843009264025792 1125908496777216 576462951330873376 3221225472 9007199254740992 3458764513837318208 2251812698587136 864694426998407216 1073741824 13510798882111488 1152921504640401536 3377704015495168 288231475675922448 2147483648
0 1 135 1 170 1 36029003177918466 4611686018494497280 9007199254872064 3458764513820540928 0 54043264248709123 9223372036988994304 13510798882308096 1152921504606846976 0 18014535948697601 13835058055483490560 4503599627436032 2305843009213693952 0
1 1 136 1 171 1 144116012711673864 268437504 36028797019488257 13835058055282163712 0 216173056994836492 536873984 54043195529232386 4611686018427387904 0 72058143794790404 805307392 18014398509744131 9223372036854775808 0
2 1 137 1 172 1 576464050846695456 1073750016 144115188077953028 0 3 864692227979345968 2147495936 216172782116929544 0 1 288232575179161616 3221229568 72057594038976524 0 2
3 1 138 1 173 1 2305856203386781824 4295000064 576460752311812112 0 12 3458768911917383872 8589983744 864691128467718176 0 4 1152930300716646464 12884918272 288230376155906096 0 8
4 1 139 1 174 1 9223424813547127296 17180000256 2305843009247248448 0 48 13835075647669535488 34359934976 3458764513870872704 0 16 4611721202866585856 51539673088 1152921504623624384 0 32
5 1 140 1 175 1 211106769405952 68720001026 9223372036988993792 0 192 70369549487104 137439739907 13835058055483490816 0 64 140737756791808 206158692353 4611686018494497536 0 128
6 1 141 1 176 1 844427077623808 274880004104 536871936 2 768 281478197948416 549758959628 805308416 3 256 562951027167232 824634769412 268438528 1 512
7 1 142 1 177 1 3377708310495232 1099520016416 2147487744 8 3072 1125912791793664 2199035838512 3221233664 12 1024 2251804108668928 3298539077648 1073754112 4 2048
8 1 143 1 178 1 13510833241980928 4398080065664 8589950976 32 12288 4503651167174656 8796143354048 12884934656 48 4096 9007216434675712 13194156310592 4295016448 16 8192
9 1 72 1 179 1 54043332967923713 17592320262656 34359738368 128 49152 18014604668698626 35184573416192 51539607552 192 16384 36028865738702851 52776625242368 17179869184 64 32768
10 1 73 1 180 1 216173331871694852 70369281050624 137438953472 512 196608 72058418674794504 140738293664768 206158430208 768 65536 144115462954811404 211106500969472 68719476736 256 131072
11 1 74 1 181 1 864693327486779408 281477124202496 549755813888 2048 786432 288233674699178016 562953174659072 824633720832 3072 262144 576461851819245616 844426003877888 274877906944 1024 524288
12 1 75 1 182 1 3458773309947117632 1125908496809984 2199023255552 8192 3145728 1152934698796712064 2251812698636288 3298534883328 12288 1048576 2305847407276982464 3377704015511552 1099511627776 4096 2097152
13 1 76 1 183 1 13835093239788470528 4503633987239936 8796093022208 32768 12582912 4611738795186848256 9007250794545152 13194139533312 49152 4194304 9223389629107929856 13510816062046208 4398046511104 16384 8388608
14 1 77 1 184 1 140738025227264 18014535948959747 35184372088832 131072 50331648 211107037841408 36029003178180609 52776558133248 196608 16777216 70369012616192 54043264248184834 17592186044416 65536 33554432
15 1 78 1 185 1 562952100909056 72058143795838988 140737488355328 524288 201326592 844428151365632 144116012712722436 211106232532992 786432 67108864 281476050464768 216173056992739336 70368744177664 262144 134217728
16 1 79 1 186 1 2251808403636224 288232575183355952 562949953421312 2097152 805306368 3377712605462528 576464050850889744 844424930131968 3145728 268435456 1125904201859072 864692227970957344 281474976710656 1048576 536870912
17 1 80 1 187 1 9007233614544896 1152930300733423808 2251799813685248 8388608 3221225472 13510850421850112 2305856203403558976 3377699720527872 12582912 1073741824 4503616807436288 3458768911883829376 1125899906842624 4194304 2147483648
18 1 81 1 188 1 36028934458179584 4611721202933695232 9007199254937600 33554432 0 54043401687400448 9223424813614235904 13510798882177024 50331648 0 18014467229745152 13835075647535317504 4503599627501568 16777216 0
19 1 82 1 189 1 144115737832718336 140738025229312 36028797019750401 134217728 0 216173606749601792 211107037840384 54043195528708098 201326592 0 72057868918980608 70369012615168 18014398510006275 67108864 0
20 1 83 1 190 1 576462951330873344 562952100917248 144115188079001604 536870912 0 864694426998407168 844428151361536 216172782114832392 805306368 0 288231475675922432 281476050460672 72057594040025100 268435456 0
21 1 84 1 191 1 2305851805323493376 2251808403668992 576460752316006416 2147483648 0 3458777707993628672 3377712605446144 864691128459329568 3221225472 0 1152925902703689728 1125904201842688 288230376160100400 1073741824 0
22 1 85 1 192 1 9223407221293973504 9007233614675968 2305843009264025664 8589934592 0 13835110831974514688 13510850421784576 3458764513837318272 12884901888 0 4611703610814758912 4503616807370752 1152921504640401600 4294967296 0
23 1 86 1 193 1 140737756790784 36028934458703874 9223372037056102656 34359738368 0 211106769403904 54043401687138307 13835058055349273088 51539607552 0 70369549484032 18014467229483009 4611686018561606400 17179869184 0
24 1 87 1 194 1 562951027163136 144115737834815496 805307392 137438953474 0 844427077615616 216173606748553228 268437504 206158430211 0 281478197936128 72057868917932036 536873984 68719476737 0
25 1 88 1 195 1 2251804108652544 576462951339261984 3221229568 549755813896 0 3377708310462464 864694426994212912 1073750016 824633720844 0 1125912791744512 288231475671728144 2147495936 274877906948 0
26 1 89 1 196 1 9007216434610176 2305851805357047936 12884918272 2199023255584 0 13510833241849856 3458777707976851648 4295000064 3298534883376 0 4503651166978048 1152925902686912576 8589983744 1099511627792 0
27 1 90 1 197 1 36028865738440705 9223407221428191744 51539607552 8796093022336 0 54043332967399426 13835110831907406592 17179869184 13194139533504 0 18014604667912195 4611703610747650304 34359738368 4398046511168 0
28 1 91 1 198 1 144115462953762820 140738293663744 206158430210 35184372089344 0 216173331869597704 211106500971520 68719476739 52776558134016 0 72058418671648780 70369281049600 137438953473 17592186044672 0
29 1 92 1 199 1 576461851815051280 562953174654976 824633720840 140737488357376 0 864693327478390816 844426003886080 274877906956 211106232536064 0 288233674686595120 281477124198400 549755813892 70368744178688 0
30 1 93 1 200 1 2305847407260205120 2251812698619904 3298534883360 562949953429504 0 3458773309913563264 3377704015544320 1099511627824 844424930144256 0 1152934698746380480 1125908496793600 2199023255568 281474976714752 0
31 1 94 1 201 1 9223389629040820480 9007250794479616 13194139533440 2251799813718016 0 13835093239654253056 13510816062177280 4398046511296 3377699720577024 0 4611738794985521920 4503633987174400 8796093022272 1125899906859008 0
32 1 95 1 202 1 70368744178688 36029003177918466 52776558133760 9007199254872064 0 140737488357376 54043264248709123 17592186045184 13510798882308096 0 211106232536064 18014535948697601 35184372089088 4503599627436032 0
33 1 96 1 203 1 281474976714752 144116012711673864 211106232535040 36028797019488256 0 562949953429504 216173056994836492 70368744180736 54043195529232384 0 844424930144256 72058143794790404 140737488356352 18014398509744128 0
34 1 97 1 204 1 1125899906859008 576464050846695456 844424930140160 144115188077953024 0 2251799813718016 864692227979345968 281474976722944 216172782116929536 0 3377699720577024 288232575179161616 562949953425408 72057594038976512 0
35 1 98 1 205 1 4503599627436032 2305856203386781824 3377699720560640 576460752311812096 0 9007199254872064 3458768911917383872 1125899906891776 864691128467718144 0 13510798882308096 1152930300716646464 2251799813701632 288230376155906048 0
36 1 99 1 206 1 18014398509744130 9223424813547127296 13510798882111488 2305843009247248384 0 36028797019488259 13835075647669535488 4503599627370496 3458764513870872576 0 54043195529232385 4611721202866585856 9007199254740992 1152921504623624192 0
37 1 100 1 207 1 72057594038976520 211106769405952 54043195528445954 9223372036988993536 0 144115188077953036 70369549487104 18014398509481987 13835058055483490304 0 216172782116929540 140737756791808 36028797018963969 4611686018494496768 0
38 1 101 1 208 1 288230376155906080 844427077623808 216172782113783816 536870912 2 576460752311812144 281478197948416 72057594037927948 805306368 3 864691128467718160 562951027167232 144115188075855876 268435456 1
39 1 102 1 209 1 1152921504623624320 3377708310495232 864691128455135264 2147483648 8 2305843009247248576 1125912791793664 288230376151711792 3221225472 12 3458764513870872640 2251804108668928 576460752303423504 1073741824 4
40 1 103 1 210 1 4611686018494497280 13510833241980928 3458764513820541056 8589934592 32 9223372036988994304 4503651167174656 1152921504606847168 12884901888 48 13835058055483490560 9007216434675712 2305843009213694016 4294967296 16
41 1 104 1 211 1 268437504 54043332967923713 13835058055282164224 34359738368 128 536873984 18014604668698626 4611686018427388672 51539607552 192 805307392 36028865738702851 9223372036854776064 17179869184 64
42 1 105 1 212 1 1073750016 216173331871694852 2048 137438953475 512 2147495936 72058418674794504 3072 206158430209 768 3221229568 144115462954811404 1024 68719476738 256
43 1 106 1 213 1 4295000064 864693327486779408 8192 549755813900 2048 8589983744 288233674699178016 12288 824633720836 3072 12884918272 576461851819245616 4096 274877906952 1024
44 1 107 1 214 1 17180000256 3458773309947117632 32768 2199023255600 8192 34359934976 1152934698796712064 49152 3298534883344 12288 51539673088 2305847407276982464 16384 1099511627808 4096
45 1 108 1 215 1 68720001026 13835093239788470528 0 8796093022400 32768 137439739907 4611738795186848256 0 13194139533376 49152 206158692353 9223389629107929856 0 4398046511232 16384
46 1 109 1 144 1 274880004104 140738025227264 3 35184372089600 131072 549758959628 211107037841408 1 52776558133504 196608 824634769412 70369012616192 2 17592186044928 65536
47 1 110 1 145 1 1099520016416 562952100909056 12 140737488358400 524288 2199035838512 844428151365632 4 211106232534016 786432 3298539077648 281476050464768 8 70368744179712 262144
48 1 111 1 146 1 4398080065664 2251808403636224 48 562949953433600 2097152 8796143354048 3377712605462528 16 844424930136064 3145728 13194156310592 1125904201859072 32 281474976718848 1048576
49 1 112 1 147 1 17592320262656 9007233614544896 192 2251799813734400 8388608 35184573416192 13510850421850112 64 3377699720544256 12582912 52776625242368 4503616807436288 128 1125899906875392 4194304
50 1 113 1 148 1 70369281050624 36028934458179584 768 9007199254937600 33554432 140738293664768 54043401687400448 256 13510798882177024 50331648 211106500969472 18014467229745152 512 4503599627501568 16777216
51 1 114 1 149 1 281477124202496 144115737832718336 3072 36028797019750400 134217728 562953174659072 216173606749601792 1024 54043195528708096 201326592 844426003877888 72057868918980608 2048 18014398510006272 67108864
52 1 115 1 150 1 1125908496809984 576462951330873344 12288 144115188079001600 536870912 2251812698636288 864694426998407168 4096 216172782114832384 805306368 3377704015511552 288231475675922432 8192 72057594040025088 268435456
53 1 116 1 151 1 4503633987239936 2305851805323493376 49152 576460752316006400 2147483648 9007250794545152 3458777707993628672 16384 864691128459329536 3221225472 13510816062046208 1152925902703689728 32768 288230376160100352 1073741824
54 1 117 1 152 1 18014535948959747 9223407221293973504 131072 2305843009264025600 0 36029003178180609 13835110831974514688 196608 3458764513837318144 0 54043264248184834 4611703610814758912 65536 1152921504640401408 0
55 1 118 1 153 1 72058143795838988 140737756790784 524290 9223372037056102400 0 144116012712722436 211106769403904 786435 13835058055349272576 0 216173056992739336 70369549484032 262145 4611686018561605632 0
56 1 119 1 154 1 288232575183355952 562951027163136 2097160 805306368 2 576464050850889744 844427077615616 3145740 268435456 3 864692227970957344 281478197936128 1048580 536870912 1
57 1 120 1 155 1 1152930300733423808 2251804108652544 8388640 3221225472 8 2305856203403558976 3377708310462464 12582960 1073741824 12 3458768911883829376 1125912791744512 4194320 2147483648 4
58 1 121 1 156 1 4611721202933695232 9007216434610176 33554560 12884901888 32 9223424813614235904 13510833241849856 50331840 4294967296 48 13835075647535317504 4503651166978048 16777280 8589934592 16
59 1 122 1 157 1 140738025229312 36028865738440705 134218240 51539607552 128 211107037840384 54043332967399426 201327360 17179869184 192 70369012615168 18014604667912195 67109120 34359738368 64
60 1 123 1 158 1 562952100917248 144115462953762820 536872960 206158430208 512 844428151361536 216173331869597704 805309440 68719476736 768 281476050460672 72058418671648780 268436480 137438953472 256
61 1 124 1 159 1 2251808403668992 576461851815051280 2147491840 824633720832 2048 3377712605446144 864693327478390816 3221237760 274877906944 3072 1125904201842688 288233674686595120 1073745920 549755813888 1024
62 1 125 1 160 1 9007233614675968 2305847407260205120 8589967360 3298534883328 8192 13510850421784576 3458773309913563264 12884951040 1099511627776 12288 4503616807370752 1152934698746380480 4294983680 2199023255552 4096
63 1 126 1 161 1 36028934458703874 9223389629040820480 34359738368 13194139533312 32768 54043401687138307 13835093239654253056 51539607552 4398046511104 49152 18014467229483009 4611738794985521920 17179869184 8796093022208 16384
64 1 127 1 162 1 144115737834815496 70368744178688 137438953474 52776558133248 131072 216173606748553228 140737488357376 206158430211 17592186044416 196608 72057868917932036 211106232536064 68719476737 35184372088832 65536
65 1 128 1 163 1 576462951339261984 281474976714752 549755813896 211106232532992 524288 864694426994212912 562949953429504 824633720844 70368744177664 786432 288231475671728144 844424930144256 274877906948 140737488355328 262144
66 1 129 1 164 1 2305851805357047936 1125899906859008 2199023255584 844424930131968 2097152 3458777707976851648 2251799813718016 3298534883376 281474976710656 3145728 1152925902686912576 3377699720577024 1099511627792 562949953421312 1048576
67 1 130 1 165 1 9223407221428191744 4503599627436032 8796093022336 3377699720527872 8388608 13835110831907406592 9007199254872064 13194139533504 1125899906842624 12582912 4611703610747650304 13510798882308096 4398046511168 2251799813685248 4194304
68 1 131 1 166 1 140738293663744 18014398509744130 35184372089344 13510798882111488 33554432 211106500971520 36028797019488259 52776558134016 4503599627370496 50331648 70369281049600 54043195529232385 17592186044672 9007199254740992 16777216
69 1 132 1 167 1 562953174654976 72057594038976520 140737488357376 54043195528445952 134217728 844426003886080 144115188077953036 211106232536064 18014398509481984 201326592 281477124198400 216172782116929540 70368744178688 36028797018963968 67108864
70 1 133 1 168 1 2251812698619904 288230376155906080 562949953429504 216172782113783808 536870912 3377704015544320 576460752311812144 844424930144256 72057594037927936 805306368 1125908496793600 864691128467718160 281474976714752 144115188075855872 268435456
71 1 134 1 169 1 9007250794479616 1152921504623624320 2251799813718016 864691128455135232 2147483648 13510816062177280 2305843009247248576 3377699720577024 288230376151711744 3221225472 4503633987174400 3458764513870872640 1125899906859008 576460752303423488 1073741824
0 1 81 1 180 1 0 0 65536 0 0 0 0 131072 0 0 0 0 196608 0 0
1 1 82 1 181 1 0 0 262144 0 0 0 0 524288 0 0 0 0 786432 0 0
2 1 83 1 182 1 0 0 1048576 0 0 0 0 2097152 0 0 0 0 3145728 0 0
3 1 84 1 183 1 0 0 4194304 0 0 0 0 8388608 0 0 0 0 12582912 0 0
4 1 85 1 184 1 0 0 16777216 0 0 0 0 33554432 0 0 0 0 50331648 0 0
5 1 86 1 185 1 0 0 67108864 0 0 0 0 134217728 0 0 0 0 201326592 0 0
6 1 87 1 186 1 0 0 268435456 0 0 0 0 536870912 0 0 0 0 805306368 0 0
7 1 88 1 187 1 0 0 1073741824 0 0 0 0 2147483648 0 0 0 0 3221225472 0 0
8 1 89 1 188 1 0 0 4294967296 0 0 0 0 8589934592 0 0 0 0 12884901888 0 0
9 1 90 1 189 1 0 0 17179869184 0 0 0 0 34359738368 0 0 0 0 51539607552 0 0
10 1 91 1 190 1 0 0 68719476736 0 0 0 0 137438953472 0 0 0 0 206158430208 0 0
11 1 92 1 191 1 0 0 274877906944 0 0 0 0 549755813888 0 0 0 0 824633720832 0 0
12 1 93 1 192 1 0 0 1099511627776 0 0 0 0 2199023255552 0 0 0 0 3298534883328 0 0
13 1 94 1 193 1 0 0 4398046511104 0 0 0 0 8796093022208 0 0 0 0 13194139533312 0 0
14 1 95 1 194 1 0 0 17592186044416 0 0 0 0 35184372088832 0 0 0 0 52776558133248 0 0
15 1 96 1 195 1 0 0 70368744177664 0 0 0 0 140737488355328 0 0 0 0 211106232532992 0 0
16 1 97 1 196 1 0 0 281474976710656 0 0 0 0 562949953421312 0 0 0 0 844424930131968 0 0
17 1 98 1 197 1 0 0 1125899906842624 0 0 0 0 2251799813685248 0 0 0 0 3377699720527872 0 0
18 1 99 1 198 1 0 0 4503599627370496 0 0 0 0 9007199254740992 0 0 0 0 13510798882111488 0 0
19 1 100 1 199 1 0 0 18014398509481984 0 0 0 0 36028797018963968 0 0 0 0 54043195528445952 0 0
20 1 101 1 200 1 0 0 72057594037927936 0 0 0 0 144115188075855872 0 0 0 0 216172782113783808 0 0
21 1 102 1 201 1 0 0 288230376151711744 0 0 0 0 576460752303423488 0 0 0 0 864691128455135232 0 0
22 1 103 1 202 1 0 0 1152921504606846976 0 0 0 0 2305843009213693952 0 0 0 0 3458764513820540928 0 0
23 1 104 1 203 1 0 0 4611686018427387904 0 0 0 0 9223372036854775808 0 0 0 0 13835058055282163712 0 0
24 1 105 1 204 1 0 0 0 1 0 0 0 0 2 0 0 0 0 3 0
25 1 106 1 205 1 0 0 0 4 0 0 0 0 8 0 0 0 0 12 0
26 1 107 1 206 1 0 0 0 16 0 0 0 0 32 0 0 0 0 48 0
27 1 108 1 207 1 0 0 0 64 0 0 0 0 128 0 0 0 0 192 0
28 1 109 1 208 1 0 0 0 256 0 0 0 0 512 0 0 0 0 768 0
29 1 110 1 209 1 0 0 0 1024 0 0 0 0 2048 0 0 0 0 3072 0
30 1 111 1 210 1 0 0 0 4096 0 0 0 0 8192 0 0 0 0 12288 0
31 1 112 1 211 1 0 0 0 16384 0 0 0 0 32768 0 0 0 0 49152 0
32 1 113 1 212 1 0 0 0 65536 0 0 0 0 131072 0 0 0 0 196608 0
33 1 114 1 213 1 0 0 0 262144 0 0 0 0 524288 0 0 0 0 786432 0
34 1 115 1 214 1 0 0 0 1048576 0 0 0 0 2097152 0 0 0 0 3145728 0
35 1 116 1 215 1 0 0 0 4194304 0 0 0 0 8388608 0 0 0 0 12582912 0
36 1 117 1 144 1 0 0 0 16777216 0 0 0 0 33554432 0 0 0 0 50331648 0
37 1 118 1 145 1 0 0 0 67108864 0 0 0 0 134217728 0 0 0 0 201326592 0
38 1 119 1 146 1 0 0 0 268435456 0 0 0 0 536870912 0 0 0 0 805306368 0
39 1 120 1 147 1 0 0 0 1073741824 0 0 0 0 2147483648 0 0 0 0 3221225472 0
40 1 121 1 148 1 0 0 0 4294967296 0 0 0 0 8589934592 0 0 0 0 12884901888 0
41 1 122 1 149 1 0 0 0 17179869184 0 0 0 0 34359738368 0 0 0 0 51539607552 0
42 1 123 1 150 1 0 0 0 68719476736 0 0 0 0 137438953472 0 0 0 0 206158430208 0
43 1 124 1 151 1 0 0 0 274877906944 0 0 0 0 549755813888 0 0 0 0 824633720832 0
44 1 125 1 152 1 0 0 0 1099511627776 0 0 0 0 2199023255552 0 0 0 0 3298534883328 0
45 1 126 1 153 1 0 0 0 4398046511104 0 0 0 0 8796093022208 0 0 0 0 13194139533312 0
46 1 127 1 154 1 0 0 0 17592186044416 0 0 0 0 35184372088832 0 0 0 0 52776558133248 0
47 1 128 1 155 1 0 0 0 70368744177664 0 0 0 0 140737488355328 0 0 0 0 211106232532992 0
48 1 129 1 156 1 0 0 0 281474976710656 0 0 0 0 562949953421312 0 0 0 0 844424930131968 0
49 1 130 1 157 1 0 0 0 1125899906842624 0 0 0 0 2251799813685248 0 0 0 0 3377699720527872 0
50 1 131 1 158 1 0 0 0 4503599627370496 0 0 0 0 9007199254740992 0 0 0 0 13510798882111488 0
51 1 132 1 159 1 0 0 0 18014398509481984 0 0 0 0 36028797018963968 0 0 0 0 54043195528445952 0
52 1 133 1 160 1 0 0 0 72057594037927936 0 0 0 0 144115188075855872 0 0 0 0 216172782113783808 0
53 1 134 1 161 1 0 0 0 288230376151711744 0 0 0 0 576460752303423488 0 0 0 0 864691128455135232 0
54 1 135 1 162 1 0 0 0 1152921504606846976 0 0 0 0 2305843009213693952 0 0 0 0 3458764513820540928 0
55 1 136 1 163 1 0 0 0 4611686018427387904 0 0 0 0 9223372036854775808 0 0 0 0 13835058055282163712 0
56 1 137 1 164 1 0 0 0 0 1 0 0 0 0 2 0 0 0 0 3
57 1 138 1 165 1 0 0 0 0 4 0 0 0 0 8 0 0 0 0 12
58 1 139 1 166 1 0 0 0 0 16 0 0 0 0 32 0 0 0 0 48
59 1 140 1 167 1 0 0 0 0 64 0 0 0 0 128 0 0 0 0 192
60 1 141 1 168 1 0 0 0 0 256 0 0 0 0 512 0 0 0 0 768
61 1 142 1 169 1 0 0 0 0 1024 0 0 0 0 2048 0 0 0 0 3072
62 1 143 1 170 1 0 0 0 0 4096 0 0 0 0 8192 0 0 0 0 12288
63 1 72 1 171 1 0 0 0 0 16384 0 0 0 0 32768 0 0 0 0 49152
64 1 73 1 172 1 0 0 0 0 65536 0 0 0 0 131072 0 0 0 0 196608
65 1 74 1 173 1 0 0 0 0 262144 0 0 0 0 524288 0 0 0 0 786432
66 1 75 1 174 1 0 0 0 0 1048576 0 0 0 0 2097152 0 0 0 0 3145728
67 1 76 1 175 1 0 0 0 0 4194304 0 0 0 0 8388608 0 0 0 0 12582912
68 1 77 1 176 1 0 0 0 0 16777216 0 0 0 0 33554432 0 0 0 0 50331648
69 1 78 1 177 1 0 0 0 0 67108864 0 0 0 0 134217728 0 0 0 0 201326592
70 1 79 1 178 1 0 0 0 0 268435456 0 0 0 0 536870912 0 0 0 0 805306368
71 1 80 1 179 1 0 0 0 0 1073741824 0 0 0 0 2147483648 0 0 0 0 3221225472
