576 216 5 72
0 1 72 1 144 1 786432 9223372036988993536 4503599627436032 2305856203386781824 32768 262144 13835058055483490304 9007199254872064 3458768911917383872 49152 524288 4611686018494496768 13510798882308096 1152930300716646464 16384
1 1 73 1 145 1 3145728 536870912 18014398509744130 9223424813547127296 131072 1048576 805306368 36028797019488259 13835075647669535488 196608 2097152 268435456 54043195529232385 4611721202866585856 65536
2 1 74 1 146 1 12582912 2147483648 72057594038976520 211106769405952 524290 4194304 3221225472 144115188077953036 70369549487104 786435 8388608 1073741824 216172782116929540 140737756791808 262145
3 1 75 1 147 1 50331648 8589934592 288230376155906080 844427077623808 2097160 16777216 12884901888 576460752311812144 281478197948416 3145740 33554432 4294967296 864691128467718160 562951027167232 1048580
4 1 76 1 148 1 201326592 34359738368 1152921504623624320 3377708310495232 8388640 67108864 51539607552 2305843009247248576 1125912791793664 12582960 134217728 17179869184 3458764513870872640 2251804108668928 4194320
5 1 77 1 149 1 805306368 137438953472 4611686018494497280 13510833241980928 33554560 268435456 206158430208 9223372036988994304 4503651167174656 50331840 536870912 68719476736 13835058055483490560 9007216434675712 16777280
6 1 78 1 150 1 3221225472 549755813888 268437504 54043332967923713 134218240 1073741824 824633720832 536873984 18014604668698626 201327360 2147483648 274877906944 805307392 36028865738702851 67109120
7 1 79 1 151 1 12884901888 2199023255552 1073750016 216173331871694852 536872960 4294967296 3298534883328 2147495936 72058418674794504 805309440 8589934592 1099511627776 3221229568 144115462954811404 268436480
8 1 80 1 152 1 51539607552 8796093022208 4295000064 864693327486779408 2147491840 17179869184 13194139533312 8589983744 288233674699178016 3221237760 34359738368 4398046511104 12884918272 576461851819245616 1073745920
9 1 81 1 153 1 206158430210 35184372088832 17180000256 3458773309947117632 32768 68719476739 52776558133248 34359934976 1152934698796712064 49152 137438953473 17592186044416 51539673088 2305847407276982464 16384
10 1 82 1 154 1 824633720840 140737488355328 68720001024 13835093239788470528 131072 274877906956 211106232532992 137439739904 4611738795186848256 196608 549755813892 70368744177664 206158692352 9223389629107929856 65536
11 1 83 1 155 1 3298534883360 562949953421312 274880004096 140738025227264 524291 1099511627824 844424930131968 549758959616 211107037841408 786433 2199023255568 281474976710656 824634769408 70369012616192 262146
12 1 84 1 156 1 13194139533440 2251799813685248 1099520016384 562952100909056 2097164 4398046511296 3377699720527872 2199035838464 844428151365632 3145732 8796093022272 1125899906842624 3298539077632 281476050464768 1048584
13 1 85 1 157 1 52776558133760 9007199254740992 4398080065536 2251808403636224 8388656 17592186045184 13510798882111488 8796143353856 3377712605462528 12582928 35184372089088 4503599627370496 13194156310528 1125904201859072 4194336
14 1 86 1 158 1 211106232535040 36028797018963968 17592320262144 9007233614544896 33554624 70368744180736 54043195528445952 35184573415424 13510850421850112 50331712 140737488356352 18014398509481984 52776625242112 4503616807436288 16777344
15 1 87 1 159 1 844424930140160 144115188075855872 70369281048576 36028934458179584 134218496 281474976722944 216172782113783808 140738293661696 54043401687400448 201326848 562949953425408 72057594037927936 211106500968448 18014467229745152 67109376
16 1 88 1 160 1 3377699720560640 576460752303423488 281477124194304 144115737832718336 536873984 1125899906891776 864691128455135232 562953174646784 216173606749601792 805307392 2251799813701632 288230376151711744 844426003873792 72057868918980608 268437504
17 1 89 1 161 1 13510798882242560 2305843009213693952 1125908496777216 576462951330873344 2147495936 4503599627567104 3458764513820540928 2251812698587136 864694426998407168 3221229568 9007199254806528 1152921504606846976 3377704015495168 288231475675922432 1073750016
18 1 90 1 162 1 54043195528970240 9223372036854775808 4503633987239936 2305851805323493376 49152 18014398510268416 13835058055282163712 9007250794545152 3458777707993628672 16384 36028797019226112 4611686018427387904 13510816062046208 1152925902703689728 32768
19 1 91 1 163 1 216172782115880960 0 18014535948959746 9223407221293973504 196608 72057594041073664 0 36029003178180611 13835110831974514688 65536 144115188076904448 0 54043264248184833 4611703610814758912 131072
20 1 92 1 164 1 864691128463523840 0 72058143795838984 140737756790784 786434 288230376164294656 0 144116012712722444 211106769403904 262147 576460752307617792 0 216173056992739332 70369549484032 524289
21 1 93 1 165 1 3458764513854095360 0 288232575183355936 562951027163136 3145736 1152921504657178624 0 576464050850889776 844427077615616 1048588 2305843009230471168 0 864692227970957328 281478197936128 2097156
22 1 94 1 166 1 13835058055416381440 0 1152930300733423744 2251804108652544 12582944 4611686018628714496 0 2305856203403559104 3377708310462464 4194352 9223372036921884672 0 3458768911883829312 1125912791744512 8388624
23 1 95 1 167 1 536870912 3 4611721202933694976 9007216434610176 50331776 805306368 1 9223424813614236416 13510833241849856 16777408 268435456 2 13835075647535317248 4503651166978048 33554496
24 1 96 1 168 1 2147483648 12 140738025228288 36028865738440705 201327104 3221225472 4 211107037842432 54043332967399426 67109632 1073741824 8 70369012614144 18014604667912195 134217984
25 1 97 1 169 1 8589934592 48 562952100913152 144115462953762820 805308416 12884901888 16 844428151369728 216173331869597704 268438528 4294967296 32 281476050456576 72058418671648780 536871936
26 1 98 1 170 1 34359738368 192 2251808403652608 576461851815051280 3221233664 51539607552 64 3377712605478912 864693327478390816 1073754112 17179869184 128 1125904201826304 288233674686595120 2147487744
27 1 99 1 171 1 137438953474 768 9007233614675968 2305847407260205120 32768 206158430211 256 13510850421784576 3458773309913563264 49152 68719476737 512 4503616807370752 1152934698746380480 16384
28 1 100 1 172 1 549755813896 3072 36028934458703872 9223389629040820480 131072 824633720844 1024 54043401687138304 13835093239654253056 196608 274877906948 2048 18014467229483008 4611738794985521920 65536
29 1 101 1 173 1 2199023255584 12288 144115737834815488 70368744178688 524290 3298534883376 4096 216173606748553216 140737488357376 786435 1099511627792 8192 72057868917932032 211106232536064 262145
30 1 102 1 174 1 8796093022336 49152 576462951339261952 281474976714752 2097160 13194139533504 16384 864694426994212864 562949953429504 3145740 4398046511168 32768 288231475671728128 844424930144256 1048580
31 1 103 1 175 1 35184372089344 196608 2305851805357047808 1125899906859008 8388640 52776558134016 65536 3458777707976851456 2251799813718016 12582960 17592186044672 131072 1152925902686912512 3377699720577024 4194320
32 1 104 1 176 1 140737488357376 786432 9223407221428191232 4503599627436032 33554560 211106232536064 262144 13835110831907405824 9007199254872064 50331840 70368744178688 524288 4611703610747650048 13510798882308096 16777280
33 1 105 1 177 1 562949953429504 3145728 140738293661696 18014398509744130 134218240 844424930144256 1048576 211106500968448 36028797019488259 201327360 281474976714752 2097152 70369281048576 54043195529232385 67109120
34 1 106 1 178 1 2251799813718016 12582912 562953174646784 72057594038976520 536872960 3377699720577024 4194304 844426003873792 144115188077953036 805309440 1125899906859008 8388608 281477124194304 216172782116929540 268436480
35 1 107 1 179 1 9007199254872064 50331648 2251812698587136 288230376155906080 2147491840 13510798882308096 16777216 3377704015495168 576460752311812144 3221237760 4503599627436032 33554432 1125908496777216 864691128467718160 1073745920
36 1 108 1 180 1 36028797019488256 201326592 9007250794479616 1152921504623624320 32768 54043195529232384 67108864 13510816062177280 2305843009247248576 49152 18014398509744128 134217728 4503633987174400 3458764513870872640 16384
37 1 109 1 181 1 144115188077953024 805306368 36029003177918464 4611686018494497280 131072 216172782116929536 268435456 54043264248709120 9223372036988994304 196608 72057594038976512 536870912 18014535948697600 13835058055483490560 65536
38 1 110 1 182 1 576460752311812096 3221225472 144116012711673856 268437504 524289 864691128467718144 1073741824 216173056994836480 536873984 786434 288230376155906048 2147483648 72058143794790400 805307392 262147
39 1 111 1 183 1 2305843009247248384 12884901888 576464050846695424 1073750016 2097156 3458764513870872576 4294967296 864692227979345920 2147495936 3145736 1152921504623624192 8589934592 288232575179161600 3221229568 1048588
40 1 112 1 184 1 9223372036988993536 51539607552 2305856203386781696 4295000064 8388624 13835058055483490304 17179869184 3458768911917383680 8589983744 12582944 4611686018494496768 34359738368 1152930300716646400 12884918272 4194352
41 1 113 1 185 1 536870912 206158430210 9223424813547126784 17180000256 33554496 805306368 68719476739 13835075647669534720 34359934976 50331776 268435456 137438953473 4611721202866585600 51539673088 16777408
42 1 114 1 186 1 2147483648 824633720840 211106769403904 68720001026 134217984 3221225472 274877906956 70369549484032 137439739907 201327104 1073741824 549755813892 140737756790784 206158692353 67109632
43 1 115 1 187 1 8589934592 3298534883360 844427077615616 274880004104 536871936 12884901888 1099511627824 281478197936128 549758959628 805308416 4294967296 2199023255568 562951027163136 824634769412 268438528
44 1 116 1 188 1 34359738368 13194139533440 3377708310462464 1099520016416 2147487744 51539607552 4398046511296 1125912791744512 2199035838512 3221233664 17179869184 8796093022272 2251804108652544 3298539077648 1073754112
45 1 117 1 189 1 137438953472 52776558133760 13510833241980928 4398080065664 16384 206158430208 17592186045184 4503651167174656 8796143354048 32768 68719476736 35184372089088 9007216434675712 13194156310592 49152
46 1 118 1 190 1 549755813888 211106232535040 54043332967923712 17592320262656 65536 824633720832 70368744180736 18014604668698624 35184573416192 131072 274877906944 140737488356352 36028865738702848 52776625242368 196608
47 1 119 1 191 1 2199023255552 844424930140160 216173331871694848 70369281050624 262144 3298534883328 281474976722944 72058418674794496 140738293664768 524288 1099511627776 562949953425408 144115462954811392 211106500969472 786432
48 1 120 1 192 1 8796093022208 3377699720560640 864693327486779392 281477124202496 1048576 13194139533312 1125899906891776 288233674699177984 562953174659072 2097152 4398046511104 2251799813701632 576461851819245568 844426003877888 3145728
49 1 121 1 193 1 35184372088832 13510798882242560 3458773309947117568 1125908496809984 4194304 52776558133248 4503599627567104 1152934698796711936 2251812698636288 8388608 17592186044416 9007199254806528 2305847407276982272 3377704015511552 12582912
50 1 122 1 194 1 140737488355328 54043195528970240 13835093239788470272 4503633987239936 16777216 211106232532992 18014398510268416 4611738795186847744 9007250794545152 33554432 70368744177664 36028797019226112 9223389629107929088 13510816062046208 50331648
51 1 123 1 195 1 562949953421312 216172782115880960 140738025226240 18014535948959747 67108864 844424930131968 72057594041073664 211107037839360 36029003178180609 134217728 281474976710656 144115188076904448 70369012613120 54043264248184834 201326592
52 1 124 1 196 1 2251799813685248 864691128463523840 562952100904960 72058143795838988 268435456 3377699720527872 288230376164294656 844428151357440 144116012712722436 536870912 1125899906842624 576460752307617792 281476050452480 216173056992739336 805306368
53 1 125 1 197 1 9007199254740992 3458764513854095360 2251808403619840 288232575183355952 1073741824 13510798882111488 1152921504657178624 3377712605429760 576464050850889744 2147483648 4503599627370496 2305843009230471168 1125904201809920 864692227970957344 3221225472
54 1 126 1 198 1 36028797018963968 13835058055416381440 9007233614544896 1152930300733423808 0 54043195528445952 4611686018628714496 13510850421850112 2305856203403558976 0 18014398509481984 9223372036921884672 4503616807436288 3458768911883829376 0
55 1 127 1 199 1 144115188075855872 536870912 36028934458179587 4611721202933695232 0 216172782113783808 805306368 54043401687400449 9223424813614235904 0 72057594037927936 268435456 18014467229745154 13835075647535317504 0
56 1 128 1 200 1 576460752303423488 2147483648 144115737832718348 140738025229312 1 864691128455135232 3221225472 216173606749601796 211107037840384 2 288230376151711744 1073741824 72057868918980616 70369012615168 3
57 1 129 1 201 1 2305843009213693952 8589934592 576462951330873392 562952100917248 4 3458764513820540928 12884901888 864694426998407184 844428151361536 8 1152921504606846976 4294967296 288231475675922464 281476050460672 12
58 1 130 1 202 1 9223372036854775808 34359738368 2305851805323493568 2251808403668992 16 13835058055282163712 51539607552 3458777707993628736 3377712605446144 32 4611686018427387904 17179869184 1152925902703689856 1125904201842688 48
59 1 131 1 203 1 0 137438953474 9223407221293974272 9007233614675968 64 0 206158430211 13835110831974514944 13510850421784576 128 0 68719476737 4611703610814759424 4503616807370752 192
60 1 132 1 204 1 0 549755813896 140737756793856 36028934458703874 256 0 824633720844 211106769404928 54043401687138307 512 0 274877906948 70369549486080 18014467229483009 768
61 1 133 1 205 1 0 2199023255584 562951027175424 144115737834815496 1024 0 3298534883376 844427077619712 216173606748553228 2048 0 1099511627792 281478197944320 72057868917932036 3072
62 1 134 1 206 1 0 8796093022336 2251804108701696 576462951339261984 4096 0 13194139533504 3377708310478848 864694426994212912 8192 0 4398046511168 1125912791777280 288231475671728144 12288
63 1 135 1 207 1 3 35184372089344 9007216434610176 2305851805357047936 16384 1 52776558134016 13510833241849856 3458777707976851648 32768 2 17592186044672 4503651166978048 1152925902686912576 49152
64 1 136 1 208 1 12 140737488357376 36028865738440704 9223407221428191744 65536 4 211106232536064 54043332967399424 13835110831907406592 131072 8 70368744178688 18014604667912192 4611703610747650304 196608
65 1 137 1 209 1 48 562949953429504 144115462953762816 140738293663744 262146 16 844424930144256 216173331869597696 211106500971520 524291 32 281474976714752 72058418671648768 70369281049600 786433
66 1 138 1 210 1 192 2251799813718016 576461851815051264 562953174654976 1048584 64 3377699720577024 864693327478390784 844426003886080 2097164 128 1125899906859008 288233674686595072 281477124198400 3145732
67 1 139 1 211 1 768 9007199254872064 2305847407260205056 2251812698619904 4194336 256 13510798882308096 3458773309913563136 3377704015544320 8388656 512 4503599627436032 1152934698746380288 1125908496793600 12582928
68 1 140 1 212 1 3072 36028797019488256 9223389629040820224 9007250794479616 16777344 1024 54043195529232384 13835093239654252544 13510816062177280 33554624 2048 18014398509744128 4611738794985521152 4503633987174400 50331712
69 1 141 1 213 1 12288 144115188077953024 70368744177664 36029003177918466 67109376 4096 216172782116929536 140737488355328 54043264248709123 134218496 8192 72057594038976512 211106232532992 18014535948697601 201326848
70 1 142 1 214 1 49152 576460752311812096 281474976710656 144116012711673864 268437504 16384 864691128467718144 562949953421312 216173056994836492 536873984 32768 288230376155906048 844424930131968 72058143794790404 805307392
71 1 143 1 215 1 196608 2305843009247248384 1125899906842624 576464050846695456 1073750016 65536 3458764513870872576 2251799813685248 864692227979345968 2147495936 131072 1152921504623624192 3377699720527872 288232575179161616 3221229568
62 1 127 1 207 1 36028865738964994 52776692351232 13510850421719040 64 32768 54043332968185859 17592387371520 4503616807239680 128 49152 18014604668174337 35184439198464 9007233614479360 192 16384
63 1 128 1 208 1 144115462955859976 211106769404928 54043401686876160 256 131072 216173331872743436 70369549486080 18014467228958720 512 196608 72058418672697348 140737756793856 36028934457917440 768 65536
64 1 129 1 209 1 576461851823439904 844427077619712 216173606747504640 1024 524288 864693327490973744 281478197944320 72057868915834880 2048 786432 288233674690789392 562951027175424 144115737831669760 3072 262144
65 1 130 1 210 1 2305847407293759616 3377708310478848 864694426990018560 4096 2097152 3458773309963894976 1125912791777280 288231475663339520 8192 3145728 1152934698763157568 2251804108701696 576462951326679040 12288 1048576
66 1 131 1 211 1 9223389629175038464 13510833241915392 3458777707960074240 16384 8388608 13835093239855579904 4503651167109120 1152925902653358080 32768 12582912 4611738795052630272 9007216434806784 2305851805306716160 49152 4194304
67 1 132 1 212 1 70369281050624 54043332967661570 13835110831840296960 65536 33554432 140738293664768 18014604668436483 4611703610613432320 131072 50331648 211106500969472 36028865739227137 9223407221226864640 196608 16777216
68 1 133 1 213 1 281477124202496 216173331870646280 211106232532992 262147 134217728 562953174659072 72058418673745932 70368744177664 524289 201326592 844426003877888 144115462956908548 140737488355328 786434 67108864
69 1 134 1 214 1 1125908496809984 864693327482585120 844424930131968 1048588 536870912 2251812698636288 288233674694983728 281474976710656 2097156 805306368 3377704015511552 576461851827634192 562949953421312 3145736 268435456
70 1 135 1 215 1 4503633987239936 3458773309930340480 3377699720527872 4194352 2147483648 9007250794545152 1152934698779934912 1125899906842624 8388624 3221225472 13510816062046208 2305847407310536768 2251799813685248 12582944 1073741824
71 1 136 1 144 1 18014535948959744 13835093239721361920 13510798882242560 16777408 0 36029003178180608 4611738795119739648 4503599627567104 33554496 0 54043264248184832 9223389629242147072 9007199254806528 50331776 0
0 1 137 1 145 1 72058143795838976 140737756792832 54043195528970243 67109632 0 144116012712722432 211106769406976 18014398510268417 134217984 0 216173056992739328 70369549485056 36028797019226114 201327104 0
1 1 138 1 146 1 288232575183355904 562951027171328 216172782115880972 268438528 0 576464050850889728 844427077627904 72057594041073668 536871936 0 864692227970957312 281478197940224 144115188076904456 805308416 0
2 1 139 1 147 1 1152930300733423616 2251804108685312 864691128463523888 1073754112 0 2305856203403558912 3377708310511616 288230376164294672 2147487744 0 3458768911883829248 1125912791760896 576460752307617824 3221233664 0
3 1 140 1 148 1 4611721202933694464 9007216434741248 3458764513854095552 4295016448 0 9223424813614235648 13510833242046464 1152921504657178688 8589950976 0 13835075647535316992 4503651167043584 2305843009230471296 12884934656 0
4 1 141 1 149 1 140738025226240 36028865738964993 13835058055416382208 17180065792 0 211107037839360 54043332968185858 4611686018628714752 34359803904 0 70369012613120 18014604668174339 9223372036921885184 51539738624 0
5 1 142 1 150 1 562952100904960 144115462955859972 536873984 68720263171 0 844428151357440 216173331872743432 805307392 137439215617 0 281476050452480 72058418672697356 268437504 206158954498 0
6 1 143 1 151 1 2251808403619840 576461851823439888 2147495936 274881052684 0 3377712605429760 864693327490973728 3221229568 549756862468 0 1125904201809920 288233674690789424 1073750016 824635817992 0
7 1 72 1 152 1 9007233614479360 2305847407293759552 8589983744 1099524210736 0 13510850421719040 3458773309963894912 12884918272 2199027449872 0 4503616807239680 1152934698763157696 4295000064 3298543271968 0
8 1 73 1 153 1 36028934457917443 9223389629175038208 34359738368 4398096842944 0 54043401686876161 13835093239855579648 51539607552 8796109799488 0 18014467228958722 4611738795052630784 17179869184 13194173087872 0
9 1 74 1 154 1 144115737831669772 70369281049600 137438953474 17592387371776 0 216173606747504644 140738293663744 206158430211 35184439197952 0 72057868915834888 211106500971520 68719476737 52776692351488 0
10 1 75 1 155 1 576462951326679088 281477124198400 549755813896 70369549487104 0 864694426990018576 562953174654976 824633720844 140737756791808 0 288231475663339552 844426003886080 274877906948 211106769405952 0
11 1 76 1 156 1 2305851805306716352 1125908496793600 2199023255584 281478197948416 0 3458777707960074304 2251812698619904 3298534883376 562951027167232 0 1152925902653358208 3377704015544320 1099511627792 844427077623808 0
12 1 77 1 157 1 9223407221226865408 4503633987174400 8796093022336 1125912791793664 0 13835110831840297216 9007250794479616 13194139533504 2251804108668928 0 4611703610613432832 13510816062177280 4398046511168 3377708310495232 0
13 1 78 1 158 1 140737488358400 18014535948697602 35184372089344 4503651167174656 0 211106232534016 36029003177918467 52776558134016 9007216434675712 0 70368744179712 54043264248709121 17592186044672 13510833241980928 0
14 1 79 1 159 1 562949953433600 72058143794790408 140737488357376 18014604668698624 0 844424930136064 144116012711673868 211106232536064 36028865738702848 0 281474976718848 216173056994836484 70368744178688 54043332967923712 0
15 1 80 1 160 1 2251799813734400 288232575179161632 562949953429504 72058418674794496 0 3377699720544256 576464050846695472 844424930144256 144115462954811392 0 1125899906875392 864692227979345936 281474976714752 216173331871694848 0
16 1 81 1 161 1 9007199254937600 1152930300716646528 2251799813718016 288233674699177984 0 13510798882177024 2305856203386781888 3377699720577024 576461851819245568 0 4503599627501568 3458768911917383744 1125899906859008 864693327486779392 0
17 1 82 1 162 1 36028797019750402 4611721202866586112 9007199254740992 1152934698796711936 0 54043195528708099 9223424813547127552 13510798882111488 2305847407276982272 0 18014398510006273 13835075647669534976 4503599627370496 3458773309947117568 0
18 1 83 1 163 1 144115188079001608 140737756792832 36028797018963969 4611738795186847744 0 216172782114832396 211106769406976 54043195528445954 9223389629107929088 0 72057594040025092 70369549485056 18014398509481987 13835093239788470272 0
19 1 84 1 164 1 576460752316006432 562951027171328 144115188075855876 211107037839360 1 864691128459329584 844427077627904 216172782113783816 70369012613120 2 288230376160100368 281478197940224 72057594037927948 140738025226240 3
20 1 85 1 165 1 2305843009264025728 2251804108685312 576460752303423504 844428151357440 4 3458764513837318336 3377708310511616 864691128455135264 281476050452480 8 1152921504640401472 1125912791760896 288230376151711792 562952100904960 12
21 1 86 1 166 1 9223372037056102912 9007216434741248 2305843009213694016 3377712605429760 16 13835058055349273344 13510833242046464 3458764513820541056 1125904201809920 32 4611686018561605888 4503651167043584 1152921504606847168 2251808403619840 48
22 1 87 1 167 1 805308416 36028865738964994 9223372036854776064 13510850421719040 64 268438528 54043332968185859 13835058055282164224 4503616807239680 128 536871936 18014604668174337 4611686018427388672 9007233614479360 192
23 1 88 1 168 1 3221233664 144115462955859976 1024 54043401686876162 256 1073754112 216173331872743436 2048 18014467228958723 512 2147487744 72058418672697348 3072 36028934457917441 768
24 1 89 1 169 1 12884934656 576461851823439904 4096 216173606747504648 1024 4295016448 864693327490973744 8192 72057868915834892 2048 8589950976 288233674690789392 12288 144115737831669764 3072
25 1 90 1 170 1 51539738624 2305847407293759616 16384 864694426990018592 4096 17180065792 3458773309963894976 32768 288231475663339568 8192 34359803904 1152934698763157568 49152 576462951326679056 12288
26 1 91 1 171 1 206158954497 9223389629175038464 0 3458777707960074368 16384 68720263170 13835093239855579904 0 1152925902653358272 32768 137439215619 4611738795052630272 0 2305851805306716224 49152
27 1 92 1 172 1 824635817988 70369281050624 2 13835110831840297472 65536 274881052680 140738293664768 3 4611703610613433088 131072 549756862476 211106500969472 1 9223407221226864896 196608
28 1 93 1 173 1 3298543271952 281477124202496 8 211106232535040 262147 1099524210720 562953174659072 12 70368744180736 524289 2199027449904 844426003877888 4 140737488356352 786434
29 1 94 1 174 1 13194173087808 1125908496809984 32 844424930140160 1048588 4398096842880 2251812698636288 48 281474976722944 2097156 8796109799616 3377704015511552 16 562949953425408 3145736
30 1 95 1 175 1 52776692351232 4503633987239936 128 3377699720560640 4194352 17592387371520 9007250794545152 192 1125899906891776 8388624 35184439198464 13510816062046208 64 2251799813701632 12582944
31 1 96 1 176 1 211106769404928 18014535948959744 512 13510798882242560 16777408 70369549486080 36029003178180608 768 4503599627567104 33554496 140737756793856 54043264248184832 256 9007199254806528 50331776
32 1 97 1 177 1 844427077619712 72058143795838976 2048 54043195528970240 67109632 281478197944320 144116012712722432 3072 18014398510268416 134217984 562951027175424 216173056992739328 1024 36028797019226112 201327104
33 1 98 1 178 1 3377708310478848 288232575183355904 8192 216172782115880960 268438528 1125912791777280 576464050850889728 12288 72057594041073664 536871936 2251804108701696 864692227970957312 4096 144115188076904448 805308416
34 1 99 1 179 1 13510833241915392 1152930300733423616 32768 864691128463523840 1073754112 4503651167109120 2305856203403558912 49152 288230376164294656 2147487744 9007216434806784 3458768911883829248 16384 576460752307617792 3221233664
35 1 100 1 180 1 54043332967661570 4611721202933694464 65536 3458764513854095360 49152 18014604668436483 9223424813614235648 131072 1152921504657178624 16384 36028865739227137 13835075647535316992 196608 2305843009230471168 32768
36 1 101 1 181 1 216173331870646280 140738025226240 262145 13835058055416381440 196608 72058418673745932 211107037839360 524290 4611686018628714496 65536 144115462956908548 70369012613120 786435 9223372036921884672 131072
37 1 102 1 182 1 864693327482585120 562952100904960 1048580 536870912 786435 288233674694983728 844428151357440 2097160 805306368 262145 576461851827634192 281476050452480 3145740 268435456 524290
38 1 103 1 183 1 3458773309930340480 2251808403619840 4194320 2147483648 3145740 1152934698779934912 3377712605429760 8388640 3221225472 1048580 2305847407310536768 1125904201809920 12582960 1073741824 2097160
39 1 104 1 184 1 13835093239721361920 9007233614479360 16777280 8589934592 12582960 4611738795119739648 13510850421719040 33554560 12884901888 4194320 9223389629242147072 4503616807239680 50331840 4294967296 8388640
40 1 105 1 185 1 140737756792832 36028934457917443 67109120 34359738368 50331840 211106769406976 54043401686876161 134218240 51539607552 16777280 70369549485056 18014467228958722 201327360 17179869184 33554560
41 1 106 1 186 1 562951027171328 144115737831669772 268436480 137438953472 201327360 844427077627904 216173606747504644 536872960 206158430208 67109120 281478197940224 72057868915834888 805309440 68719476736 134218240
42 1 107 1 187 1 2251804108685312 576462951326679088 1073745920 549755813888 805309440 3377708310511616 864694426990018576 2147491840 824633720832 268436480 1125912791760896 288231475663339552 3221237760 274877906944 536872960
43 1 108 1 188 1 9007216434741248 2305851805306716352 4294983680 2199023255552 3221237760 13510833242046464 3458777707960074304 8589967360 3298534883328 1073745920 4503651167043584 1152925902653358208 12884951040 1099511627776 2147491840
44 1 109 1 189 1 36028865738964993 9223407221226865408 17180065792 8796093022208 49152 54043332968185858 13835110831840297216 34359803904 13194139533312 16384 18014604668174339 4611703610613432832 51539738624 4398046511104 32768
45 1 110 1 190 1 144115462955859972 140737488358400 68720263170 35184372088832 196608 216173331872743432 211106232534016 137439215619 52776558133248 65536 72058418672697356 70368744179712 206158954497 17592186044416 131072
46 1 111 1 191 1 576461851823439888 562949953433600 274881052680 140737488355328 786432 864693327490973728 844424930136064 549756862476 211106232532992 262144 288233674690789424 281474976718848 824635817988 70368744177664 524288
47 1 112 1 192 1 2305847407293759552 2251799813734400 1099524210720 562949953421312 3145728 3458773309963894912 3377699720544256 2199027449904 844424930131968 1048576 1152934698763157696 1125899906875392 3298543271952 281474976710656 2097152
48 1 113 1 193 1 9223389629175038208 9007199254937600 4398096842880 2251799813685248 12582912 13835093239855579648 13510798882177024 8796109799616 3377699720527872 4194304 4611738795052630784 4503599627501568 13194173087808 1125899906842624 8388608
49 1 114 1 194 1 70369281049600 36028797019750402 17592387371520 9007199254740992 50331648 140738293663744 54043195528708099 35184439198464 13510798882111488 16777216 211106500971520 18014398510006273 52776692351232 4503599627370496 33554432
50 1 115 1 195 1 281477124198400 144115188079001608 70369549486080 36028797018963968 201326592 562953174654976 216172782114832396 140737756793856 54043195528445952 67108864 844426003886080 72057594040025092 211106769404928 18014398509481984 134217728
51 1 116 1 196 1 1125908496793600 576460752316006432 281478197944320 144115188075855872 805306368 2251812698619904 864691128459329584 562951027175424 216172782113783808 268435456 3377704015544320 288230376160100368 844427077619712 72057594037927936 536870912
52 1 117 1 197 1 4503633987174400 2305843009264025728 1125912791777280 576460752303423488 3221225472 9007250794479616 3458764513837318336 2251804108701696 864691128455135232 1073741824 13510816062177280 1152921504640401472 3377708310478848 288230376151711744 2147483648
53 1 118 1 198 1 18014535948697602 9223372037056102912 4503651167174656 2305843009213693952 0 36029003177918467 13835058055349273344 9007216434675712 3458764513820540928 0 54043264248709121 4611686018561605888 13510833241980928 1152921504606846976 0
54 1 119 1 199 1 72058143794790408 805308416 18014604668698626 9223372036854775808 0 144116012711673868 268438528 36028865738702851 13835058055282163712 0 216173056994836484 536871936 54043332967923713 4611686018427387904 0
55 1 120 1 200 1 288232575179161632 3221233664 72058418674794504 0 2 576464050846695472 1073754112 144115462954811404 0 3 864692227979345936 2147487744 216173331871694852 0 1
56 1 121 1 201 1 1152930300716646528 12884934656 288233674699178016 0 8 2305856203386781888 4295016448 576461851819245616 0 12 3458768911917383744 8589950976 864693327486779408 0 4
57 1 122 1 202 1 4611721202866586112 51539738624 1152934698796712064 0 32 9223424813547127552 17180065792 2305847407276982464 0 48 13835075647669534976 34359803904 3458773309947117632 0 16
58 1 123 1 203 1 140737756792832 206158954497 4611738795186848256 0 128 211106769406976 68720263170 9223389629107929856 0 192 70369549485056 137439215619 13835093239788470528 0 64
59 1 124 1 204 1 562951027171328 824635817988 211107037841408 1 512 844427077627904 274881052680 70369012616192 2 768 281478197940224 549756862476 140738025227264 3 256
60 1 125 1 205 1 2251804108685312 3298543271952 844428151365632 4 2048 3377708310511616 1099524210720 281476050464768 8 3072 1125912791760896 2199027449904 562952100909056 12 1024
61 1 126 1 206 1 9007216434741248 13194173087808 3377712605462528 16 8192 13510833242046464 4398096842880 1125904201859072 32 12288 4503651167043584 8796109799616 2251808403636224 48 4096
62 1 108 1 181 1 36028865739227139 13835110831907406080 4503651167174656 3458768911917383808 16384 54043332967661569 4611703610747650560 9007216434675712 1152930300716646592 32768 18014604668436482 9223407221428192000 13510833241980928 2305856203386781760 49152
63 1 109 1 182 1 144115462956908556 211106500969472 18014604668698627 13835075647669535232 65536 216173331870646276 70369281050624 36028865738702849 4611721202866586368 131072 72058418673745928 140738293664768 54043332967923714 9223424813547127040 196608
64 1 110 1 183 1 576461851827634224 844426003877888 72058418674794508 70369549486080 262147 864693327482585104 281477124202496 144115462954811396 140737756793856 524289 288233674694983712 562953174659072 216173331871694856 211106769404928 786434
65 1 111 1 184 1 2305847407310536896 3377704015511552 288233674699178032 281478197944320 1048588 3458773309930340416 1125908496809984 576461851819245584 562951027175424 2097156 1152934698779934848 2251812698636288 864693327486779424 844427077619712 3145736
66 1 112 1 185 1 9223389629242147584 13510816062046208 1152934698796712128 1125912791777280 4194352 13835093239721361664 4503633987239936 2305847407276982336 2251804108701696 8388624 4611738795119739392 9007250794545152 3458773309947117696 3377708310478848 12582944
67 1 113 1 186 1 70369549487104 54043264248184834 4611738795186848512 4503651167109120 16777408 140737756791808 18014535948959747 9223389629107929344 9007216434806784 33554496 211106769405952 36029003178180609 13835093239788470784 13510833241915392 50331776
68 1 114 1 187 1 281478197948416 216173056992739336 211107037842432 18014604668436481 67109632 562951027167232 72058143795838988 70369012614144 36028865739227138 134217984 844427077623808 144116012712722436 140738025228288 54043332967661571 201327104
69 1 115 1 188 1 1125912791793664 864692227970957344 844428151369728 72058418673745924 268438528 2251804108668928 288232575183355952 281476050456576 144115462956908552 536871936 3377708310495232 576464050850889744 562952100913152 216173331870646284 805308416
70 1 116 1 189 1 4503651167174656 3458768911883829376 3377712605478912 288233674694983696 1073754112 9007216434675712 1152930300733423808 1125904201826304 576461851827634208 2147487744 13510833241980928 2305856203403558976 2251808403652608 864693327482585136 3221233664
71 1 117 1 190 1 18014604668698627 13835075647535317504 13510850421784576 1152934698779934784 49152 36028865738702849 4611721202933695232 4503616807370752 2305847407310536832 16384 54043332967923714 9223424813614235904 9007233614675968 3458773309930340544 32768
0 1 118 1 191 1 72058418674794508 70369012615168 54043401687138307 4611738795119739136 196608 144115462954811396 140738025229312 18014467229483009 9223389629242147328 65536 216173331871694856 211107037840384 36028934458703874 13835093239721362176 131072
1 1 119 1 192 1 288233674699178032 281476050460672 216173606748553228 211106769404928 786433 576461851819245584 562952100917248 72057868917932036 70369549486080 262146 864693327486779424 844428151361536 144115737834815496 140737756793856 524291
2 1 120 1 193 1 1152934698796712128 1125904201842688 864694426994212912 844427077619712 3145732 2305847407276982336 2251808403668992 288231475671728144 281478197944320 1048584 3458773309947117696 3377712605446144 576462951339261984 562951027175424 2097164
3 1 121 1 194 1 4611738795186848512 4503616807370752 3458777707976851648 3377708310478848 12582928 9223389629107929344 9007233614675968 1152925902686912576 1125912791777280 4194336 13835093239788470784 13510850421784576 2305851805357047936 2251804108701696 8388656
4 1 122 1 195 1 211107037842432 18014467229483009 13835110831907406592 13510833241915392 50331712 70369012614144 36028934458703874 4611703610747650304 4503651167109120 16777344 140738025228288 54043401687138307 9223407221428191744 9007216434806784 33554624
5 1 123 1 196 1 844428151369728 72057868917932036 211106500971520 54043332967661571 201326848 281476050456576 144115737834815496 70369281049600 18014604668436481 67109376 562952100913152 216173606748553228 140738293663744 36028865739227138 134218496
6 1 124 1 197 1 3377712605478912 288231475671728144 844426003886080 216173331870646284 805307392 1125904201826304 576462951339261984 281477124198400 72058418673745924 268437504 2251808403652608 864694426994212912 562953174654976 144115462956908552 536873984
7 1 125 1 198 1 13510850421915648 1152925902686912576 3377704015544320 864693327482585136 3221229568 4503616807305216 2305851805357047936 1125908496793600 288233674694983696 1073750016 9007233614610432 3458777707976851648 2251812698619904 576461851827634208 2147495936
8 1 126 1 199 1 54043401687662595 4611703610747650304 13510816062177280 3458773309930340544 16384 18014467229220865 9223407221428191744 4503633987174400 1152934698779934784 32768 36028934458441730 13835110831907406592 9007250794479616 2305847407310536832 49152
9 1 127 1 200 1 216173606750650380 70369281049600 54043264248709121 13835093239721362176 65536 72057868916883460 140738293663744 18014535948697602 4611738795119739136 131072 144115737833766920 211106500971520 36029003177918467 9223389629242147328 196608
10 1 128 1 201 1 864694427002601520 281477124198400 216173056994836484 140737756793856 262147 288231475667533840 562953174654976 72058143794790408 211106769404928 524289 576462951335067680 844426003886080 144116012711673868 70369549486080 786434
11 1 129 1 202 1 3458777708010406080 1125908496793600 864692227979345936 562951027175424 1048588 1152925902670135360 2251812698619904 288232575179161632 844427077619712 2097156 2305851805340270720 3377704015544320 576464050846695472 281478197944320 3145736
12 1 130 1 203 1 13835110832041624320 4503633987174400 3458768911917383744 2251804108701696 4194352 4611703610680541440 9007250794479616 1152930300716646528 3377708310478848 8388624 9223407221361082880 13510816062177280 2305856203386781888 1125912791777280 12582944
13 1 131 1 204 1 211107037842432 18014535948697603 13835075647669534976 9007216434806784 16777408 70369012614144 36029003177918465 4611721202866586112 13510833241915392 33554496 140738025228288 54043264248709122 9223424813547127552 4503651167109120 50331776
14 1 132 1 205 1 844428151369728 72058143794790412 70369549485056 36028865739227139 67109632 281476050456576 144116012711673860 140737756792832 54043332967661569 134217984 562952100913152 216173056994836488 211106769406976 18014604668436482 201327104
15 1 133 1 206 1 3377712605478912 288232575179161648 281478197940224 144115462956908556 268438528 1125904201826304 576464050846695440 562951027171328 216173331870646276 536871936 2251808403652608 864692227979345952 844427077627904 72058418673745928 805308416
16 1 134 1 207 1 13510850421915648 1152930300716646592 1125912791760896 576461851827634224 1073754112 4503616807305216 2305856203386781760 2251804108685312 864693327482585104 2147487744 9007233614610432 3458768911917383808 3377708310511616 288233674694983712 3221233664
17 1 135 1 208 1 54043401687662593 4611721202866586368 4503651167043584 2305847407310536896 49152 18014467229220866 9223424813547127040 9007216434741248 3458773309930340416 16384 36028934458441731 13835075647669535232 13510833242046464 1152934698779934848 32768
18 1 136 1 209 1 216173606750650372 140737756793856 18014604668174337 9223389629242147584 196608 72057868916883464 211106769404928 36028865738964994 13835093239721361664 65536 144115737833766924 70369549486080 54043332968185859 4611738795119739392 131072
19 1 137 1 210 1 864694427002601488 562951027175424 72058418672697348 70369549487104 786434 288231475667533856 844427077619712 144115462955859976 140737756791808 262147 576462951335067696 281478197944320 216173331872743436 211106769405952 524289
20 1 138 1 211 1 3458777708010405952 2251804108701696 288233674690789392 281478197948416 3145736 1152925902670135424 3377708310478848 576461851823439904 562951027167232 1048588 2305851805340270784 1125912791777280 864693327490973744 844427077623808 2097156
21 1 139 1 212 1 13835110832041623808 9007216434806784 1152934698763157568 1125912791793664 12582944 4611703610680541696 13510833241915392 2305847407293759616 2251804108668928 4194352 9223407221361083136 4503651167109120 3458773309963894976 3377708310495232 8388624
22 1 140 1 213 1 211107037840384 36028865739227139 4611738795052630272 4503651167174656 50331776 70369012615168 54043332967661569 9223389629175038464 9007216434675712 16777408 140738025229312 18014604668436482 13835093239855579904 13510833241980928 33554496
23 1 141 1 214 1 844428151361536 144115462956908556 211106500969472 18014604668698625 201327104 281476050460672 216173331870646276 70369281050624 36028865738702850 67109632 562952100917248 72058418673745928 140738293664768 54043332967923715 134217984
24 1 142 1 215 1 3377712605446144 576461851827634224 844426003877888 72058418674794500 805308416 1125904201842688 864693327482585104 281477124202496 144115462954811400 268438528 2251808403668992 288233674694983712 562953174659072 216173331871694860 536871936
25 1 143 1 144 1 13510850421784576 2305847407310536896 3377704015511552 288233674699178000 3221233664 4503616807370752 3458773309930340416 1125908496809984 576461851819245600 1073754112 9007233614675968 1152934698779934848 2251812698636288 864693327486779440 2147487744
26 1 72 1 145 1 54043401687138305 9223389629242147584 13510816062177280 1152934698796712000 32768 18014467229483010 13835093239721361664 4503633987174400 2305847407276982400 49152 36028934458703875 4611738795119739392 9007250794479616 3458773309947117760 16384
27 1 73 1 146 1 216173606748553220 70369549487104 54043264248709122 4611738795186848000 131072 72057868917932040 140737756791808 18014535948697603 9223389629107929600 196608 144115737834815500 211106769405952 36029003177918465 13835093239788471040 65536
28 1 74 1 147 1 864694426994212880 281478197948416 216173056994836488 211107037840384 524289 288231475671728160 562951027167232 72058143794790412 70369012615168 786434 576462951339262000 844427077623808 144116012711673860 140738025229312 262147
29 1 75 1 148 1 3458777707976851520 1125912791793664 864692227979345952 844428151361536 2097156 1152925902686912640 2251804108668928 288232575179161648 281476050460672 3145736 2305851805357048000 3377708310495232 576464050846695440 562952100917248 1048588
30 1 76 1 149 1 13835110831907406080 4503651167174656 3458768911917383808 3377712605446144 8388624 4611703610747650560 9007216434675712 1152930300716646592 1125904201842688 12582944 9223407221428192000 13510833241980928 2305856203386781760 2251808403668992 4194352
31 1 77 1 150 1 211106500969472 18014604668698627 13835075647669535232 13510850421784576 33554496 70369281050624 36028865738702849 4611721202866586368 4503616807370752 50331776 140738293664768 54043332967923714 9223424813547127040 9007233614675968 16777408
32 1 78 1 151 1 844426003877888 72058418674794508 70369549486080 54043401687138307 134217984 281477124202496 144115462954811396 140737756793856 18014467229483009 201327104 562953174659072 216173331871694856 211106769404928 36028934458703874 67109632
33 1 79 1 152 1 3377704015511552 288233674699178032 281478197944320 216173606748553228 536871936 1125908496809984 576461851819245584 562951027175424 72057868917932036 805308416 2251812698636288 864693327486779424 844427077619712 144115737834815496 268438528
34 1 80 1 153 1 13510816062046208 1152934698796712128 1125912791777280 864694426994212912 2147487744 4503633987239936 2305847407276982336 2251804108701696 288231475671728144 3221233664 9007250794545152 3458773309947117696 3377708310478848 576462951339261984 1073754112
35 1 81 1 154 1 54043264248184834 4611738795186848512 4503651167109120 3458777707976851648 16384 18014535948959747 9223389629107929344 9007216434806784 1152925902686912576 32768 36029003178180609 13835093239788470784 13510833241915392 2305851805357047936 49152
36 1 82 1 155 1 216173056992739336 211107037842432 18014604668436481 13835110831907406592 65536 72058143795838988 70369012614144 36028865739227138 4611703610747650304 131072 144116012712722436 140738025228288 54043332967661571 9223407221428191744 196608
37 1 83 1 156 1 864692227970957344 844428151369728 72058418673745924 211106500971520 262147 288232575183355952 281476050456576 144115462956908552 70369281049600 524289 576464050850889744 562952100913152 216173331870646284 140738293663744 786434
38 1 84 1 157 1 3458768911883829376 3377712605478912 288233674694983696 844426003886080 1048588 1152930300733423808 1125904201826304 576461851827634208 281477124198400 2097156 2305856203403558976 2251808403652608 864693327482585136 562953174654976 3145736
39 1 85 1 158 1 13835075647535317504 13510850421915648 1152934698779934784 3377704015544320 4194352 4611721202933695232 4503616807305216 2305847407310536832 1125908496793600 8388624 9223424813614235904 9007233614610432 3458773309930340544 2251812698619904 12582944
40 1 86 1 159 1 70369012615168 54043401687662595 4611738795119739136 13510816062177280 16777408 140738025229312 18014467229220865 9223389629242147328 4503633987174400 33554496 211107037840384 36028934458441730 13835093239721362176 9007250794479616 50331776
41 1 87 1 160 1 281476050460672 216173606750650380 211106769404928 54043264248709121 67109632 562952100917248 72057868916883460 70369549486080 18014535948697602 134217984 844428151361536 144115737833766920 140737756793856 36029003177918467 201327104
42 1 88 1 161 1 1125904201842688 864694427002601520 844427077619712 216173056994836484 268438528 2251808403668992 288231475667533840 281478197944320 72058143794790408 536871936 3377712605446144 576462951335067680 562951027175424 144116012711673868 805308416
43 1 89 1 162 1 4503616807370752 3458777708010406080 3377708310478848 864692227979345936 1073754112 9007233614675968 1152925902670135360 1125912791777280 288232575179161632 2147487744 13510850421784576 2305851805340270720 2251804108701696 576464050846695472 3221233664
44 1 90 1 163 1 18014467229483009 13835110832041624320 13510833241915392 3458768911917383744 49152 36028934458703874 4611703610680541440 4503651167109120 1152930300716646528 16384 54043401687138307 9223407221361082880 9007216434806784 2305856203386781888 32768
45 1 91 1 164 1 72057868917932036 211107037842432 54043332967661571 13835075647669534976 196608 144115737834815496 70369012614144 18014604668436481 4611721202866586112 65536 216173606748553228 140738025228288 36028865739227138 9223424813547127552 131072
46 1 92 1 165 1 288231475671728144 844428151369728 216173331870646284 70369549485056 786435 576462951339261984 281476050456576 72058418673745924 140737756792832 262145 864694426994212912 562952100913152 144115462956908552 211106769406976 524290
47 1 93 1 166 1 1152925902686912576 3377712605478912 864693327482585136 281478197940224 3145740 2305851805357047936 1125904201826304 288233674694983696 562951027171328 1048580 3458777707976851648 2251808403652608 576461851827634208 844427077627904 2097160
48 1 94 1 167 1 4611703610747650304 13510850421915648 3458773309930340544 1125912791760896 12582960 9223407221428191744 4503616807305216 1152934698779934784 2251804108685312 4194320 13835110831907406592 9007233614610432 2305847407310536832 3377708310511616 8388640
49 1 95 1 168 1 70369281049600 54043401687662593 13835093239721362176 4503651167043584 50331840 140738293663744 18014467229220866 4611738795119739136 9007216434741248 16777280 211106500971520 36028934458441731 9223389629242147328 13510833242046464 33554560
50 1 96 1 169 1 281477124198400 216173606750650372 140737756793856 18014604668174339 201327360 562953174654976 72057868916883464 211106769404928 36028865738964993 67109120 844426003886080 144115737833766924 70369549486080 54043332968185858 134218240
51 1 97 1 170 1 1125908496793600 864694427002601488 562951027175424 72058418672697356 805309440 2251812698619904 288231475667533856 844427077619712 144115462955859972 268436480 3377704015544320 576462951335067696 281478197944320 216173331872743432 536872960
52 1 98 1 171 1 4503633987174400 3458777708010405952 2251804108701696 288233674690789424 3221237760 9007250794479616 1152925902670135424 3377708310478848 576461851823439888 1073745920 13510816062177280 2305851805340270784 1125912791777280 864693327490973728 2147491840
53 1 99 1 172 1 18014535948697603 13835110832041623808 9007216434806784 1152934698763157696 49152 36029003177918465 4611703610680541696 13510833241915392 2305847407293759552 16384 54043264248709122 9223407221361083136 4503651167109120 3458773309963894912 32768
54 1 100 1 173 1 72058143794790412 211107037840384 36028865739227139 4611738795052630784 196608 144116012711673860 70369012615168 54043332967661569 9223389629175038208 65536 216173056994836488 140738025229312 18014604668436482 13835093239855579648 131072
55 1 101 1 174 1 288232575179161648 844428151361536 144115462956908556 211106500971520 786433 576464050846695440 281476050460672 216173331870646276 70369281049600 262146 864692227979345952 562952100917248 72058418673745928 140738293663744 524291
56 1 102 1 175 1 1152930300716646592 3377712605446144 576461851827634224 844426003886080 3145732 2305856203386781760 1125904201842688 864693327482585104 281477124198400 1048584 3458768911917383808 2251808403668992 288233674694983712 562953174654976 2097164
57 1 103 1 176 1 4611721202866586368 13510850421784576 2305847407310536896 3377704015544320 12582928 9223424813547127040 4503616807370752 3458773309930340416 1125908496793600 4194336 13835075647669535232 9007233614675968 1152934698779934848 2251812698619904 8388656
58 1 104 1 177 1 140737756793856 54043401687138305 9223389629242147584 13510816062177280 50331712 211106769404928 18014467229483010 13835093239721361664 4503633987174400 16777344 70369549486080 36028934458703875 4611738795119739392 9007250794479616 33554624
59 1 105 1 178 1 562951027175424 216173606748553220 70369549487104 54043264248709122 201326848 844427077619712 72057868917932040 140737756791808 18014535948697603 67109376 281478197944320 144115737834815500 211106769405952 36029003177918465 134218496
60 1 106 1 179 1 2251804108701696 864694426994212880 281478197948416 216173056994836488 805307392 3377708310478848 288231475671728160 562951027167232 72058143794790412 268437504 1125912791777280 576462951339262000 844427077623808 144116012711673860 536873984
61 1 107 1 180 1 9007216434806784 3458777707976851520 1125912791793664 864692227979345952 3221229568 13510833241915392 1152925902686912640 2251804108668928 288232575179161648 1073750016 4503651167109120 2305851805357048000 3377708310495232 576464050846695440 2147495936
71 1 135 1 153 1 1 0 0 0 0 2 0 0 0 0 3 0 0 0 0
0 1 136 1 154 1 4 0 0 0 0 8 0 0 0 0 12 0 0 0 0
1 1 137 1 155 1 16 0 0 0 0 32 0 0 0 0 48 0 0 0 0
2 1 138 1 156 1 64 0 0 0 0 128 0 0 0 0 192 0 0 0 0
3 1 139 1 157 1 256 0 0 0 0 512 0 0 0 0 768 0 0 0 0
4 1 140 1 158 1 1024 0 0 0 0 2048 0 0 0 0 3072 0 0 0 0
5 1 141 1 159 1 4096 0 0 0 0 8192 0 0 0 0 12288 0 0 0 0
6 1 142 1 160 1 16384 0 0 0 0 32768 0 0 0 0 49152 0 0 0 0
7 1 143 1 161 1 65536 0 0 0 0 131072 0 0 0 0 196608 0 0 0 0
8 1 72 1 162 1 262144 0 0 0 0 524288 0 0 0 0 786432 0 0 0 0
9 1 73 1 163 1 1048576 0 0 0 0 2097152 0 0 0 0 3145728 0 0 0 0
10 1 74 1 164 1 4194304 0 0 0 0 8388608 0 0 0 0 12582912 0 0 0 0
11 1 75 1 165 1 16777216 0 0 0 0 33554432 0 0 0 0 50331648 0 0 0 0
12 1 76 1 166 1 67108864 0 0 0 0 134217728 0 0 0 0 201326592 0 0 0 0
13 1 77 1 167 1 268435456 0 0 0 0 536870912 0 0 0 0 805306368 0 0 0 0
14 1 78 1 168 1 1073741824 0 0 0 0 2147483648 0 0 0 0 3221225472 0 0 0 0
15 1 79 1 169 1 4294967296 0 0 0 0 8589934592 0 0 0 0 12884901888 0 0 0 0
16 1 80 1 170 1 17179869184 0 0 0 0 34359738368 0 0 0 0 51539607552 0 0 0 0
17 1 81 1 171 1 68719476736 0 0 0 0 137438953472 0 0 0 0 206158430208 0 0 0 0
18 1 82 1 172 1 274877906944 0 0 0 0 549755813888 0 0 0 0 824633720832 0 0 0 0
19 1 83 1 173 1 1099511627776 0 0 0 0 2199023255552 0 0 0 0 3298534883328 0 0 0 0
20 1 84 1 174 1 4398046511104 0 0 0 0 8796093022208 0 0 0 0 13194139533312 0 0 0 0
21 1 85 1 175 1 17592186044416 0 0 0 0 35184372088832 0 0 0 0 52776558133248 0 0 0 0
22 1 86 1 176 1 70368744177664 0 0 0 0 140737488355328 0 0 0 0 211106232532992 0 0 0 0
23 1 87 1 177 1 281474976710656 0 0 0 0 562949953421312 0 0 0 0 844424930131968 0 0 0 0
24 1 88 1 178 1 1125899906842624 0 0 0 0 2251799813685248 0 0 0 0 3377699720527872 0 0 0 0
25 1 89 1 179 1 4503599627370496 0 0 0 0 9007199254740992 0 0 0 0 13510798882111488 0 0 0 0
26 1 90 1 180 1 18014398509481984 0 0 0 0 36028797018963968 0 0 0 0 54043195528445952 0 0 0 0
27 1 91 1 181 1 72057594037927936 0 0 0 0 144115188075855872 0 0 0 0 216172782113783808 0 0 0 0
28 1 92 1 182 1 288230376151711744 0 0 0 0 576460752303423488 0 0 0 0 864691128455135232 0 0 0 0
29 1 93 1 183 1 1152921504606846976 0 0 0 0 2305843009213693952 0 0 0 0 3458764513820540928 0 0 0 0
30 1 94 1 184 1 4611686018427387904 0 0 0 0 9223372036854775808 0 0 0 0 13835058055282163712 0 0 0 0
31 1 95 1 185 1 0 1 0 0 0 0 2 0 0 0 0 3 0 0 0
32 1 96 1 186 1 0 4 0 0 0 0 8 0 0 0 0 12 0 0 0
33 1 97 1 187 1 0 16 0 0 0 0 32 0 0 0 0 48 0 0 0
34 1 98 1 188 1 0 64 0 0 0 0 128 0 0 0 0 192 0 0 0
35 1 99 1 189 1 0 256 0 0 0 0 512 0 0 0 0 768 0 0 0
36 1 100 1 190 1 0 1024 0 0 0 0 2048 0 0 0 0 3072 0 0 0
37 1 101 1 191 1 0 4096 0 0 0 0 8192 0 0 0 0 12288 0 0 0
38 1 102 1 192 1 0 16384 0 0 0 0 32768 0 0 0 0 49152 0 0 0
39 1 103 1 193 1 0 65536 0 0 0 0 131072 0 0 0 0 196608 0 0 0
40 1 104 1 194 1 0 262144 0 0 0 0 524288 0 0 0 0 786432 0 0 0
41 1 105 1 195 1 0 1048576 0 0 0 0 2097152 0 0 0 0 3145728 0 0 0
42 1 106 1 196 1 0 4194304 0 0 0 0 8388608 0 0 0 0 12582912 0 0 0
43 1 107 1 197 1 0 16777216 0 0 0 0 33554432 0 0 0 0 50331648 0 0 0
44 1 108 1 198 1 0 67108864 0 0 0 0 134217728 0 0 0 0 201326592 0 0 0
45 1 109 1 199 1 0 268435456 0 0 0 0 536870912 0 0 0 0 805306368 0 0 0
46 1 110 1 200 1 0 1073741824 0 0 0 0 2147483648 0 0 0 0 3221225472 0 0 0
47 1 111 1 201 1 0 4294967296 0 0 0 0 8589934592 0 0 0 0 12884901888 0 0 0
48 1 112 1 202 1 0 17179869184 0 0 0 0 34359738368 0 0 0 0 51539607552 0 0 0
49 1 113 1 203 1 0 68719476736 0 0 0 0 137438953472 0 0 0 0 206158430208 0 0 0
50 1 114 1 204 1 0 274877906944 0 0 0 0 549755813888 0 0 0 0 824633720832 0 0 0
51 1 115 1 205 1 0 1099511627776 0 0 0 0 2199023255552 0 0 0 0 3298534883328 0 0 0
52 1 116 1 206 1 0 4398046511104 0 0 0 0 8796093022208 0 0 0 0 13194139533312 0 0 0
53 1 117 1 207 1 0 17592186044416 0 0 0 0 35184372088832 0 0 0 0 52776558133248 0 0 0
54 1 118 1 208 1 0 70368744177664 0 0 0 0 140737488355328 0 0 0 0 211106232532992 0 0 0
55 1 119 1 209 1 0 281474976710656 0 0 0 0 562949953421312 0 0 0 0 844424930131968 0 0 0
56 1 120 1 210 1 0 1125899906842624 0 0 0 0 2251799813685248 0 0 0 0 3377699720527872 0 0 0
57 1 121 1 211 1 0 4503599627370496 0 0 0 0 9007199254740992 0 0 0 0 13510798882111488 0 0 0
58 1 122 1 212 1 0 18014398509481984 0 0 0 0 36028797018963968 0 0 0 0 54043195528445952 0 0 0
59 1 123 1 213 1 0 72057594037927936 0 0 0 0 144115188075855872 0 0 0 0 216172782113783808 0 0 0
60 1 124 1 214 1 0 288230376151711744 0 0 0 0 576460752303423488 0 0 0 0 864691128455135232 0 0 0
61 1 125 1 215 1 0 1152921504606846976 0 0 0 0 2305843009213693952 0 0 0 0 3458764513820540928 0 0 0
62 1 126 1 144 1 0 4611686018427387904 0 0 0 0 9223372036854775808 0 0 0 0 13835058055282163712 0 0 0
63 1 127 1 145 1 0 0 1 0 0 0 0 2 0 0 0 0 3 0 0
64 1 128 1 146 1 0 0 4 0 0 0 0 8 0 0 0 0 12 0 0
65 1 129 1 147 1 0 0 16 0 0 0 0 32 0 0 0 0 48 0 0
66 1 130 1 148 1 0 0 64 0 0 0 0 128 0 0 0 0 192 0 0
67 1 131 1 149 1 0 0 256 0 0 0 0 512 0 0 0 0 768 0 0
68 1 132 1 150 1 0 0 1024 0 0 0 0 2048 0 0 0 0 3072 0 0
69 1 133 1 151 1 0 0 4096 0 0 0 0 8192 0 0 0 0 12288 0 0
70 1 134 1 152 1 0 0 16384 0 0 0 0 32768 0 0 0 0 49152 0 0
0 2 127 1 181 1 0 0 0 0 0 0 0 0 0 0 0 0 0 0 0
1 2 128 1 182 1 0 0 0 0 0 0 0 0 0 0 0 0 0 0 0
2 2 129 1 183 1 0 0 0 0 0 0 0 0 0 0 0 0 0 0 0
3 2 130 1 184 1 0 0 0 0 0 0 0 0 0 0 0 0 0 0 0
4 2 131 1 185 1 0 0 0 0 0 0 0 0 0 0 0 0 0 0 0
5 2 132 1 186 1 0 0 0 0 0 0 0 0 0 0 0 0 0 0 0
6 2 133 1 187 1 0 0 0 0 0 0 0 0 0 0 0 0 0 0 0
7 2 134 1 188 1 0 0 0 0 0 0 0 0 0 0 0 0 0 0 0
8 2 135 1 189 1 0 0 0 0 0 0 0 0 0 0 0 0 0 0 0
9 2 136 1 190 1 0 0 0 0 0 0 0 0 0 0 0 0 0 0 0
10 2 137 1 191 1 0 0 0 0 0 0 0 0 0 0 0 0 0 0 0
11 2 138 1 192 1 0 0 0 0 0 0 0 0 0 0 0 0 0 0 0
12 2 139 1 193 1 0 0 0 0 0 0 0 0 0 0 0 0 0 0 0
13 2 140 1 194 1 0 0 0 0 0 0 0 0 0 0 0 0 0 0 0
14 2 141 1 195 1 0 0 0 0 0 0 0 0 0 0 0 0 0 0 0
15 2 142 1 196 1 0 0 0 0 0 0 0 0 0 0 0 0 0 0 0
16 2 143 1 197 1 0 0 0 0 0 0 0 0 0 0 0 0 0 0 0
17 2 72 1 198 1 0 0 0 0 0 0 0 0 0 0 0 0 0 0 0
18 2 73 1 199 1 0 0 0 0 0 0 0 0 0 0 0 0 0 0 0
19 2 74 1 200 1 0 0 0 0 0 0 0 0 0 0 0 0 0 0 0
20 2 75 1 201 1 0 0 0 0 0 0 0 0 0 0 0 0 0 0 0
21 2 76 1 202 1 0 0 0 0 0 0 0 0 0 0 0 0 0 0 0
22 2 77 1 203 1 0 0 0 0 0 0 0 0 0 0 0 0 0 0 0
23 2 78 1 204 1 0 0 0 0 0 0 0 0 0 0 0 0 0 0 0
24 2 79 1 205 1 0 0 0 0 0 0 0 0 0 0 0 0 0 0 0
25 2 80 1 206 1 0 0 0 0 0 0 0 0 0 0 0 0 0 0 0
26 2 81 1 207 1 0 0 0 0 0 0 0 0 0 0 0 0 0 0 0
27 2 82 1 208 1 0 0 0 0 0 0 0 0 0 0 0 0 0 0 0
28 2 83 1 209 1 0 0 0 0 0 0 0 0 0 0 0 0 0 0 0
29 2 84 1 210 1 0 0 0 0 0 0 0 0 0 0 0 0 0 0 0
30 2 85 1 211 1 0 0 0 0 0 0 0 0 0 0 0 0 0 0 0
31 2 86 1 212 1 0 0 0 0 0 0 0 0 0 0 0 0 0 0 0
32 2 87 1 213 1 0 0 0 0 0 0 0 0 0 0 0 0 0 0 0
33 2 88 1 214 1 0 0 0 0 0 0 0 0 0 0 0 0 0 0 0
34 2 89 1 215 1 0 0 0 0 0 0 0 0 0 0 0 0 0 0 0
35 2 90 1 144 1 0 0 0 0 0 0 0 0 0 0 0 0 0 0 0
36 2 91 1 145 1 0 0 0 0 0 0 0 0 0 0 0 0 0 0 0
37 2 92 1 146 1 0 0 0 0 0 0 0 0 0 0 0 0 0 0 0
38 2 93 1 147 1 0 0 0 0 0 0 0 0 0 0 0 0 0 0 0
39 2 94 1 148 1 0 0 0 0 0 0 0 0 0 0 0 0 0 0 0
40 2 95 1 149 1 0 0 0 0 0 0 0 0 0 0 0 0 0 0 0
41 2 96 1 150 1 0 0 0 0 0 0 0 0 0 0 0 0 0 0 0
42 2 97 1 151 1 0 0 0 0 0 0 0 0 0 0 0 0 0 0 0
43 2 98 1 152 1 0 0 0 0 0 0 0 0 0 0 0 0 0 0 0
44 2 99 1 153 1 0 0 0 0 0 0 0 0 0 0 0 0 0 0 0
45 2 100 1 154 1 0 0 0 0 0 0 0 0 0 0 0 0 0 0 0
46 2 101 1 155 1 0 0 0 0 0 0 0 0 0 0 0 0 0 0 0
47 2 102 1 156 1 0 0 0 0 0 0 0 0 0 0 0 0 0 0 0
48 2 103 1 157 1 0 0 0 0 0 0 0 0 0 0 0 0 0 0 0
49 2 104 1 158 1 0 0 0 0 0 0 0 0 0 0 0 0 0 0 0
50 2 105 1 159 1 0 0 0 0 0 0 0 0 0 0 0 0 0 0 0
51 2 106 1 160 1 0 0 0 0 0 0 0 0 0 0 0 0 0 0 0
52 2 107 1 161 1 0 0 0 0 0 0 0 0 0 0 0 0 0 0 0
53 2 108 1 162 1 0 0 0 0 0 0 0 0 0 0 0 0 0 0 0
54 2 109 1 163 1 0 0 0 0 0 0 0 0 0 0 0 0 0 0 0
55 2 110 1 164 1 0 0 0 0 0 0 0 0 0 0 0 0 0 0 0
56 2 111 1 165 1 0 0 0 0 0 0 0 0 0 0 0 0 0 0 0
57 2 112 1 166 1 0 0 0 0 0 0 0 0 0 0 0 0 0 0 0
58 2 113 1 167 1 0 0 0 0 0 0 0 0 0 0 0 0 0 0 0
59 2 114 1 168 1 0 0 0 0 0 0 0 0 0 0 0 0 0 0 0
60 2 115 1 169 1 0 0 0 0 0 0 0 0 0 0 0 0 0 0 0
61 2 116 1 170 1 0 0 0 0 0 0 0 0 0 0 0 0 0 0 0
62 2 117 1 171 1 0 0 0 0 0 0 0 0 0 0 0 0 0 0 0
63 2 118 1 172 1 0 0 0 0 0 0 0 0 0 0 0 0 0 0 0
64 2 119 1 173 1 0 0 0 0 0 0 0 0 0 0 0 0 0 0 0
65 2 120 1 174 1 0 0 0 0 0 0 0 0 0 0 0 0 0 0 0
66 2 121 1 175 1 0 0 0 0 0 0 0 0 0 0 0 0 0 0 0
67 2 122 1 176 1 0 0 0 0 0 0 0 0 0 0 0 0 0 0 0
68 2 123 1 177 1 0 0 0 0 0 0 0 0 0 0 0 0 0 0 0
69 2 124 1 178 1 0 0 0 0 0 0 0 0 0 0 0 0 0 0 0
70 2 125 1 179 1 0 0 0 0 0 0 0 0 0 0 0 0 0 0 0
71 2 126 1 180 1 0 0 0 0 0 0 0 0 0 0 0 0 0 0 0
71 1 72 2 207 1 0 0 0 0 0 0 0 0 0 0 0 0 0 0 0
0 1 73 2 208 1 0 0 0 0 0 0 0 0 0 0 0 0 0 0 0
1 1 74 2 209 1 0 0 0 0 0 0 0 0 0 0 0 0 0 0 0
2 1 75 2 210 1 0 0 0 0 0 0 0 0 0 0 0 0 0 0 0
3 1 76 2 211 1 0 0 0 0 0 0 0 0 0 0 0 0 0 0 0
4 1 77 2 212 1 0 0 0 0 0 0 0 0 0 0 0 0 0 0 0
5 1 78 2 213 1 0 0 0 0 0 0 0 0 0 0 0 0 0 0 0
6 1 79 2 214 1 0 0 0 0 0 0 0 0 0 0 0 0 0 0 0
7 1 80 2 215 1 0 0 0 0 0 0 0 0 0 0 0 0 0 0 0
8 1 81 2 144 1 0 0 0 0 0 0 0 0 0 0 0 0 0 0 0
9 1 82 2 145 1 0 0 0 0 0 0 0 0 0 0 0 0 0 0 0
10 1 83 2 146 1 0 0 0 0 0 0 0 0 0 0 0 0 0 0 0
11 1 84 2 147 1 0 0 0 0 0 0 0 0 0 0 0 0 0 0 0
12 1 85 2 148 1 0 0 0 0 0 0 0 0 0 0 0 0 0 0 0
13 1 86 2 149 1 0 0 0 0 0 0 0 0 0 0 0 0 0 0 0
14 1 87 2 150 1 0 0 0 0 0 0 0 0 0 0 0 0 0 0 0
15 1 88 2 151 1 0 0 0 0 0 0 0 0 0 0 0 0 0 0 0
16 1 89 2 152 1 0 0 0 0 0 0 0 0 0 0 0 0 0 0 0
17 1 90 2 153 1 0 0 0 0 0 0 0 0 0 0 0 0 0 0 0
18 1 91 2 154 1 0 0 0 0 0 0 0 0 0 0 0 0 0 0 0
19 1 92 2 155 1 0 0 0 0 0 0 0 0 0 0 0 0 0 0 0
20 1 93 2 156 1 0 0 0 0 0 0 0 0 0 0 0 0 0 0 0
21 1 94 2 157 1 0 0 0 0 0 0 0 0 0 0 0 0 0 0 0
22 1 95 2 158 1 0 0 0 0 0 0 0 0 0 0 0 0 0 0 0
23 1 96 2 159 1 0 0 0 0 0 0 0 0 0 0 0 0 0 0 0
24 1 97 2 160 1 0 0 0 0 0 0 0 0 0 0 0 0 0 0 0
25 1 98 2 161 1 0 0 0 0 0 0 0 0 0 0 0 0 0 0 0
26 1 99 2 162 1 0 0 0 0 0 0 0 0 0 0 0 0 0 0 0
27 1 100 2 163 1 0 0 0 0 0 0 0 0 0 0 0 0 0 0 0
28 1 101 2 164 1 0 0 0 0 0 0 0 0 0 0 0 0 0 0 0
29 1 102 2 165 1 0 0 0 0 0 0 0 0 0 0 0 0 0 0 0
30 1 103 2 166 1 0 0 0 0 0 0 0 0 0 0 0 0 0 0 0
31 1 104 2 167 1 0 0 0 0 0 0 0 0 0 0 0 0 0 0 0
32 1 105 2 168 1 0 0 0 0 0 0 0 0 0 0 0 0 0 0 0
33 1 106 2 169 1 0 0 0 0 0 0 0 0 0 0 0 0 0 0 0
34 1 107 2 170 1 0 0 0 0 0 0 0 0 0 0 0 0 0 0 0
35 1 108 2 171 1 0 0 0 0 0 0 0 0 0 0 0 0 0 0 0
36 1 109 2 172 1 0 0 0 0 0 0 0 0 0 0 0 0 0 0 0
37 1 110 2 173 1 0 0 0 0 0 0 0 0 0 0 0 0 0 0 0
38 1 111 2 174 1 0 0 0 0 0 0 0 0 0 0 0 0 0 0 0
39 1 112 2 175 1 0 0 0 0 0 0 0 0 0 0 0 0 0 0 0
40 1 113 2 176 1 0 0 0 0 0 0 0 0 0 0 0 0 0 0 0
41 1 114 2 177 1 0 0 0 0 0 0 0 0 0 0 0 0 0 0 0
42 1 115 2 178 1 0 0 0 0 0 0 0 0 0 0 0 0 0 0 0
43 1 116 2 179 1 0 0 0 0 0 0 0 0 0 0 0 0 0 0 0
44 1 117 2 180 1 0 0 0 0 0 0 0 0 0 0 0 0 0 0 0
45 1 118 2 181 1 0 0 0 0 0 0 0 0 0 0 0 0 0 0 0
46 1 119 2 182 1 0 0 0 0 0 0 0 0 0 0 0 0 0 0 0
47 1 120 2 183 1 0 0 0 0 0 0 0 0 0 0 0 0 0 0 0
48 1 121 2 184 1 0 0 0 0 0 0 0 0 0 0 0 0 0 0 0
49 1 122 2 185 1 0 0 0 0 0 0 0 0 0 0 0 0 0 0 0
50 1 123 2 186 1 0 0 0 0 0 0 0 0 0 0 0 0 0 0 0
51 1 124 2 187 1 0 0 0 0 0 0 0 0 0 0 0 0 0 0 0
52 1 125 2 188 1 0 0 0 0 0 0 0 0 0 0 0 0 0 0 0
53 1 126 2 189 1 0 0 0 0 0 0 0 0 0 0 0 0 0 0 0
54 1 127 2 190 1 0 0 0 0 0 0 0 0 0 0 0 0 0 0 0
55 1 128 2 191 1 0 0 0 0 0 0 0 0 0 0 0 0 0 0 0
56 1 129 2 192 1 0 0 0 0 0 0 0 0 0 0 0 0 0 0 0
57 1 130 2 193 1 0 0 0 0 0 0 0 0 0 0 0 0 0 0 0
58 1 131 2 194 1 0 0 0 0 0 0 0 0 0 0 0 0 0 0 0
59 1 132 2 195 1 0 0 0 0 0 0 0 0 0 0 0 0 0 0 0
60 1 133 2 196 1 0 0 0 0 0 0 0 0 0 0 0 0 0 0 0
61 1 134 2 197 1 0 0 0 0 0 0 0 0 0 0 0 0 0 0 0
62 1 135 2 198 1 0 0 0 0 0 0 0 0 0 0 0 0 0 0 0
63 1 136 2 199 1 0 0 0 0 0 0 0 0 0 0 0 0 0 0 0
64 1 137 2 200 1 0 0 0 0 0 0 0 0 0 0 0 0 0 0 0
65 1 138 2 201 1 0 0 0 0 0 0 0 0 0 0 0 0 0 0 0
66 1 139 2 202 1 0 0 0 0 0 0 0 0 0 0 0 0 0 0 0
67 1 140 2 203 1 0 0 0 0 0 0 0 0 0 0 0 0 0 0 0
68 1 141 2 204 1 0 0 0 0 0 0 0 0 0 0 0 0 0 0 0
69 1 142 2 205 1 0 0 0 0 0 0 0 0 0 0 0 0 0 0 0
70 1 143 2 206 1 0 0 0 0 0 0 0 0 0 0 0 0 0 0 0
26 1 135 1 144 2 0 0 0 0 0 0 0 0 0 0 0 0 0 0 0
27 1 136 1 145 2 0 0 0 0 0 0 0 0 0 0 0 0 0 0 0
28 1 137 1 146 2 0 0 0 0 0 0 0 0 0 0 0 0 0 0 0
29 1 138 1 147 2 0 0 0 0 0 0 0 0 0 0 0 0 0 0 0
30 1 139 1 148 2 0 0 0 0 0 0 0 0 0 0 0 0 0 0 0
31 1 140 1 149 2 0 0 0 0 0 0 0 0 0 0 0 0 0 0 0
32 1 141 1 150 2 0 0 0 0 0 0 0 0 0 0 0 0 0 0 0
33 1 142 1 151 2 0 0 0 0 0 0 0 0 0 0 0 0 0 0 0
34 1 143 1 152 2 0 0 0 0 0 0 0 0 0 0 0 0 0 0 0
35 1 72 1 153 2 0 0 0 0 0 0 0 0 0 0 0 0 0 0 0
36 1 73 1 154 2 0 0 0 0 0 0 0 0 0 0 0 0 0 0 0
37 1 74 1 155 2 0 0 0 0 0 0 0 0 0 0 0 0 0 0 0
38 1 75 1 156 2 0 0 0 0 0 0 0 0 0 0 0 0 0 0 0
39 1 76 1 157 2 0 0 0 0 0 0 0 0 0 0 0 0 0 0 0
40 1 77 1 158 2 0 0 0 0 0 0 0 0 0 0 0 0 0 0 0
41 1 78 1 159 2 0 0 0 0 0 0 0 0 0 0 0 0 0 0 0
42 1 79 1 160 2 0 0 0 0 0 0 0 0 0 0 0 0 0 0 0
43 1 80 1 161 2 0 0 0 0 0 0 0 0 0 0 0 0 0 0 0
44 1 81 1 162 2 0 0 0 0 0 0 0 0 0 0 0 0 0 0 0
45 1 82 1 163 2 0 0 0 0 0 0 0 0 0 0 0 0 0 0 0
46 1 83 1 164 2 0 0 0 0 0 0 0 0 0 0 0 0 0 0 0
47 1 84 1 165 2 0 0 0 0 0 0 0 0 0 0 0 0 0 0 0
48 1 85 1 166 2 0 0 0 0 0 0 0 0 0 0 0 0 0 0 0
49 1 86 1 167 2 0 0 0 0 0 0 0 0 0 0 0 0 0 0 0
50 1 87 1 168 2 0 0 0 0 0 0 0 0 0 0 0 0 0 0 0
51 1 88 1 169 2 0 0 0 0 0 0 0 0 0 0 0 0 0 0 0
52 1 89 1 170 2 0 0 0 0 0 0 0 0 0 0 0 0 0 0 0
53 1 90 1 171 2 0 0 0 0 0 0 0 0 0 0 0 0 0 0 0
54 1 91 1 172 2 0 0 0 0 0 0 0 0 0 0 0 0 0 0 0
55 1 92 1 173 2 0 0 0 0 0 0 0 0 0 0 0 0 0 0 0
56 1 93 1 174 2 0 0 0 0 0 0 0 0 0 0 0 0 0 0 0
57 1 94 1 175 2 0 0 0 0 0 0 0 0 0 0 0 0 0 0 0
58 1 95 1 176 2 0 0 0 0 0 0 0 0 0 0 0 0 0 0 0
59 1 96 1 177 2 0 0 0 0 0 0 0 0 0 0 0 0 0 0 0
60 1 97 1 178 2 0 0 0 0 0 0 0 0 0 0 0 0 0 0 0
61 1 98 1 179 2 0 0 0 0 0 0 0 0 0 0 0 0 0 0 0
62 1 99 1 180 2 0 0 0 0 0 0 0 0 0 0 0 0 0 0 0
63 1 100 1 181 2 0 0 0 0 0 0 0 0 0 0 0 0 0 0 0
64 1 101 1 182 2 0 0 0 0 0 0 0 0 0 0 0 0 0 0 0
65 1 102 1 183 2 0 0 0 0 0 0 0 0 0 0 0 0 0 0 0
66 1 103 1 184 2 0 0 0 0 0 0 0 0 0 0 0 0 0 0 0
67 1 104 1 185 2 0 0 0 0 0 0 0 0 0 0 0 0 0 0 0
68 1 105 1 186 2 0 0 0 0 0 0 0 0 0 0 0 0 0 0 0
69 1 106 1 187 2 0 0 0 0 0 0 0 0 0 0 0 0 0 0 0
70 1 107 1 188 2 0 0 0 0 0 0 0 0 0 0 0 0 0 0 0
71 1 108 1 189 2 0 0 0 0 0 0 0 0 0 0 0 0 0 0 0
0 1 109 1 190 2 0 0 0 0 0 0 0 0 0 0 0 0 0 0 0
1 1 110 1 191 2 0 0 0 0 0 0 0 0 0 0 0 0 0 0 0
2 1 111 1 192 2 0 0 0 0 0 0 0 0 0 0 0 0 0 0 0
3 1 112 1 193 2 0 0 0 0 0 0 0 0 0 0 0 0 0 0 0
4 1 113 1 194 2 0 0 0 0 0 0 0 0 0 0 0 0 0 0 0
5 1 114 1 195 2 0 0 0 0 0 0 0 0 0 0 0 0 0 0 0
6 1 115 1 196 2 0 0 0 0 0 0 0 0 0 0 0 0 0 0 0
7 1 116 1 197 2 0 0 0 0 0 0 0 0 0 0 0 0 0 0 0
8 1 117 1 198 2 0 0 0 0 0 0 0 0 0 0 0 0 0 0 0
9 1 118 1 199 2 0 0 0 0 0 0 0 0 0 0 0 0 0 0 0
10 1 119 1 200 2 0 0 0 0 0 0 0 0 0 0 0 0 0 0 0
11 1 120 1 201 2 0 0 0 0 0 0 0 0 0 0 0 0 0 0 0
12 1 121 1 202 2 0 0 0 0 0 0 0 0 0 0 0 0 0 0 0
13 1 122 1 203 2 0 0 0 0 0 0 0 0 0 0 0 0 0 0 0
14 1 123 1 204 2 0 0 0 0 0 0 0 0 0 0 0 0 0 0 0
15 1 124 1 205 2 0 0 0 0 0 0 0 0 0 0 0 0 0 0 0
16 1 125 1 206 2 0 0 0 0 0 0 0 0 0 0 0 0 0 0 0
17 1 126 1 207 2 0 0 0 0 0 0 0 0 0 0 0 0 0 0 0
18 1 127 1 208 2 0 0 0 0 0 0 0 0 0 0 0 0 0 0 0
19 1 128 1 209 2 0 0 0 0 0 0 0 0 0 0 0 0 0 0 0
20 1 129 1 210 2 0 0 0 0 0 0 0 0 0 0 0 0 0 0 0
21 1 130 1 211 2 0 0 0 0 0 0 0 0 0 0 0 0 0 0 0
22 1 131 1 212 2 0 0 0 0 0 0 0 0 0 0 0 0 0 0 0
23 1 132 1 213 2 0 0 0 0 0 0 0 0 0 0 0 0 0 0 0
24 1 133 1 214 2 0 0 0 0 0 0 0 0 0 0 0 0 0 0 0
25 1 134 1 215 2 0 0 0 0 0 0 0 0 0 0 0 0 0 0 0
26 1 108 1 153 1 0 0 65536 0 0 0 0 131072 0 0 0 0 196608 0 0
27 1 109 1 154 1 0 0 262144 0 0 0 0 524288 0 0 0 0 786432 0 0
28 1 110 1 155 1 0 0 1048576 0 0 0 0 2097152 0 0 0 0 3145728 0 0
29 1 111 1 156 1 0 0 4194304 0 0 0 0 8388608 0 0 0 0 12582912 0 0
30 1 112 1 157 1 0 0 16777216 0 0 0 0 33554432 0 0 0 0 50331648 0 0
31 1 113 1 158 1 0 0 67108864 0 0 0 0 134217728 0 0 0 0 201326592 0 0
32 1 114 1 159 1 0 0 268435456 0 0 0 0 536870912 0 0 0 0 805306368 0 0
33 1 115 1 160 1 0 0 1073741824 0 0 0 0 2147483648 0 0 0 0 3221225472 0 0
34 1 116 1 161 1 0 0 4294967296 0 0 0 0 8589934592 0 0 0 0 12884901888 0 0
35 1 117 1 162 1 0 0 17179869184 0 0 0 0 34359738368 0 0 0 0 51539607552 0 0
36 1 118 1 163 1 0 0 68719476736 0 0 0 0 137438953472 0 0 0 0 206158430208 0 0
37 1 119 1 164 1 0 0 274877906944 0 0 0 0 549755813888 0 0 0 0 824633720832 0 0
38 1 120 1 165 1 0 0 1099511627776 0 0 0 0 2199023255552 0 0 0 0 3298534883328 0 0
39 1 121 1 166 1 0 0 4398046511104 0 0 0 0 8796093022208 0 0 0 0 13194139533312 0 0
40 1 122 1 167 1 0 0 17592186044416 0 0 0 0 35184372088832 0 0 0 0 52776558133248 0 0
41 1 123 1 168 1 0 0 70368744177664 0 0 0 0 140737488355328 0 0 0 0 211106232532992 0 0
42 1 124 1 169 1 0 0 281474976710656 0 0 0 0 562949953421312 0 0 0 0 844424930131968 0 0
43 1 125 1 170 1 0 0 1125899906842624 0 0 0 0 2251799813685248 0 0 0 0 3377699720527872 0 0
44 1 126 1 171 1 0 0 4503599627370496 0 0 0 0 9007199254740992 0 0 0 0 13510798882111488 0 0
45 1 127 1 172 1 0 0 18014398509481984 0 0 0 0 36028797018963968 0 0 0 0 54043195528445952 0 0
46 1 128 1 173 1 0 0 72057594037927936 0 0 0 0 144115188075855872 0 0 0 0 216172782113783808 0 0
47 1 129 1 174 1 0 0 288230376151711744 0 0 0 0 576460752303423488 0 0 0 0 864691128455135232 0 0
48 1 130 1 175 1 0 0 1152921504606846976 0 0 0 0 2305843009213693952 0 0 0 0 3458764513820540928 0 0
49 1 131 1 176 1 0 0 4611686018427387904 0 0 0 0 9223372036854775808 0 0 0 0 13835058055282163712 0 0
50 1 132 1 177 1 0 0 0 1 0 0 0 0 2 0 0 0 0 3 0
51 1 133 1 178 1 0 0 0 4 0 0 0 0 8 0 0 0 0 12 0
52 1 134 1 179 1 0 0 0 16 0 0 0 0 32 0 0 0 0 48 0
53 1 135 1 180 1 0 0 0 64 0 0 0 0 128 0 0 0 0 192 0
54 1 136 1 181 1 0 0 0 256 0 0 0 0 512 0 0 0 0 768 0
55 1 137 1 182 1 0 0 0 1024 0 0 0 0 2048 0 0 0 0 3072 0
56 1 138 1 183 1 0 0 0 4096 0 0 0 0 8192 0 0 0 0 12288 0
57 1 139 1 184 1 0 0 0 16384 0 0 0 0 32768 0 0 0 0 49152 0
58 1 140 1 185 1 0 0 0 65536 0 0 0 0 131072 0 0 0 0 196608 0
59 1 141 1 186 1 0 0 0 262144 0 0 0 0 524288 0 0 0 0 786432 0
60 1 142 1 187 1 0 0 0 1048576 0 0 0 0 2097152 0 0 0 0 3145728 0
61 1 143 1 188 1 0 0 0 4194304 0 0 0 0 8388608 0 0 0 0 12582912 0
62 1 72 1 189 1 0 0 0 16777216 0 0 0 0 33554432 0 0 0 0 50331648 0
63 1 73 1 190 1 0 0 0 67108864 0 0 0 0 134217728 0 0 0 0 201326592 0
64 1 74 1 191 1 0 0 0 268435456 0 0 0 0 536870912 0 0 0 0 805306368 0
65 1 75 1 192 1 0 0 0 1073741824 0 0 0 0 2147483648 0 0 0 0 3221225472 0
66 1 76 1 193 1 0 0 0 4294967296 0 0 0 0 8589934592 0 0 0 0 12884901888 0
67 1 77 1 194 1 0 0 0 17179869184 0 0 0 0 34359738368 0 0 0 0 51539607552 0
68 1 78 1 195 1 0 0 0 68719476736 0 0 0 0 137438953472 0 0 0 0 206158430208 0
69 1 79 1 196 1 0 0 0 274877906944 0 0 0 0 549755813888 0 0 0 0 824633720832 0
70 1 80 1 197 1 0 0 0 1099511627776 0 0 0 0 2199023255552 0 0 0 0 3298534883328 0
71 1 81 1 198 1 0 0 0 4398046511104 0 0 0 0 8796093022208 0 0 0 0 13194139533312 0
0 1 82 1 199 1 0 0 0 17592186044416 0 0 0 0 35184372088832 0 0 0 0 52776558133248 0
1 1 83 1 200 1 0 0 0 70368744177664 0 0 0 0 140737488355328 0 0 0 0 211106232532992 0
2 1 84 1 201 1 0 0 0 281474976710656 0 0 0 0 562949953421312 0 0 0 0 844424930131968 0
3 1 85 1 202 1 0 0 0 1125899906842624 0 0 0 0 2251799813685248 0 0 0 0 3377699720527872 0
4 1 86 1 203 1 0 0 0 4503599627370496 0 0 0 0 9007199254740992 0 0 0 0 13510798882111488 0
5 1 87 1 204 1 0 0 0 18014398509481984 0 0 0 0 36028797018963968 0 0 0 0 54043195528445952 0
6 1 88 1 205 1 0 0 0 72057594037927936 0 0 0 0 144115188075855872 0 0 0 0 216172782113783808 0
7 1 89 1 206 1 0 0 0 288230376151711744 0 0 0 0 576460752303423488 0 0 0 0 864691128455135232 0
8 1 90 1 207 1 0 0 0 1152921504606846976 0 0 0 0 2305843009213693952 0 0 0 0 3458764513820540928 0
9 1 91 1 208 1 0 0 0 4611686018427387904 0 0 0 0 9223372036854775808 0 0 0 0 13835058055282163712 0
10 1 92 1 209 1 0 0 0 0 1 0 0 0 0 2 0 0 0 0 3
11 1 93 1 210 1 0 0 0 0 4 0 0 0 0 8 0 0 0 0 12
12 1 94 1 211 1 0 0 0 0 16 0 0 0 0 32 0 0 0 0 48
13 1 95 1 212 1 0 0 0 0 64 0 0 0 0 128 0 0 0 0 192
14 1 96 1 213 1 0 0 0 0 256 0 0 0 0 512 0 0 0 0 768
15 1 97 1 214 1 0 0 0 0 1024 0 0 0 0 2048 0 0 0 0 3072
16 1 98 1 215 1 0 0 0 0 4096 0 0 0 0 8192 0 0 0 0 12288
17 1 99 1 144 1 0 0 0 0 16384 0 0 0 0 32768 0 0 0 0 49152
18 1 100 1 145 1 0 0 0 0 65536 0 0 0 0 131072 0 0 0 0 196608
19 1 101 1 146 1 0 0 0 0 262144 0 0 0 0 524288 0 0 0 0 786432
20 1 102 1 147 1 0 0 0 0 1048576 0 0 0 0 2097152 0 0 0 0 3145728
21 1 103 1 148 1 0 0 0 0 4194304 0 0 0 0 8388608 0 0 0 0 12582912
22 1 104 1 149 1 0 0 0 0 16777216 0 0 0 0 33554432 0 0 0 0 50331648
23 1 105 1 150 1 0 0 0 0 67108864 0 0 0 0 134217728 0 0 0 0 201326592
24 1 106 1 151 1 0 0 0 0 268435456 0 0 0 0 536870912 0 0 0 0 805306368
25 1 107 1 152 1 0 0 0 0 1073741824 0 0 0 0 2147483648 0 0 0 0 3221225472
