96 256
8 1 32 64 96 128 160 192 224
9 0 1 33 65 97 129 161 193 225
8 3 34 66 98 130 162 194 226
9 2 3 35 67 99 131 163 195 227
8 5 36 68 100 132 164 196 228
9 4 5 37 69 101 133 165 197 229
8 7 38 70 102 134 166 198 230
9 6 7 39 71 103 135 167 199 231
8 9 40 72 104 136 168 200 232
9 8 9 41 73 105 137 169 201 233
8 11 42 74 106 138 170 202 234
9 10 11 43 75 107 139 171 203 235
8 13 44 76 108 140 172 204 236
9 12 13 45 77 109 141 173 205 237
8 15 46 78 110 142 174 206 238
9 14 15 47 79 111 143 175 207 239
8 17 48 80 112 144 176 208 240
9 16 17 49 81 113 145 177 209 241
8 19 50 82 114 146 178 210 242
9 18 19 51 83 115 147 179 211 243
8 21 52 84 116 148 180 212 244
9 20 21 53 85 117 149 181 213 245
8 23 54 86 118 150 182 214 246
9 22 23 55 87 119 151 183 215 247
8 25 56 88 120 152 184 216 248
9 24 25 57 89 121 153 185 217 249
8 27 58 90 122 154 186 218 250
9 26 27 59 91 123 155 187 219 251
8 29 60 92 124 156 188 220 252
9 28 29 61 93 125 157 189 221 253
8 31 62 94 126 158 190 222 254
9 30 31 63 95 127 159 191 223 255
8 0 41 94 112 148 184 220 238
9 1 40 41 95 113 149 185 221 239
8 2 43 64 114 150 186 222 240
9 3 42 43 65 115 151 187 223 241
8 4 45 66 116 152 188 192 242
9 5 44 45 67 117 153 189 193 243
8 6 47 68 118 154 190 194 244
9 7 46 47 69 119 155 191 195 245
8 8 49 70 120 156 160 196 246
9 9 48 49 71 121 157 161 197 247
8 10 51 72 122 158 162 198 248
9 11 50 51 73 123 159 163 199 249
8 12 53 74 124 128 164 200 250
9 13 52 53 75 125 129 165 201 251
8 14 55 76 126 130 166 202 252
9 15 54 55 77 127 131 167 203 253
8 16 57 78 96 132 168 204 254
9 17 56 57 79 97 133 169 205 255
8 18 59 80 98 134 170 206 224
9 19 58 59 81 99 135 171 207 225
8 20 61 82 100 136 172 208 226
9 21 60 61 83 101 137 173 209 227
8 22 63 84 102 138 174 210 228
9 23 62 63 85 103 139 175 211 229
8 24 33 86 104 140 176 212 230
9 25 32 33 87 105 141 177 213 231
8 26 35 88 106 142 178 214 232
9 27 34 35 89 107 143 179 215 233
8 28 37 90 108 144 180 216 234
9 29 36 37 91 109 145 181 217 235
8 30 39 92 110 146 182 218 236
9 31 38 39 93 111 147 183 219 237
8 0 56 87 110 130 188 196 250
9 1 57 86 87 111 131 189 197 251
8 2 58 89 112 132 190 198 252
9 3 59 88 89 113 133 191 199 253
8 4 60 91 114 134 160 200 254
9 5 61 90 91 115 135 161 201 255
8 6 62 93 116 136 162 202 224
9 7 63 92 93 117 137 163 203 225
8 8 32 95 118 138 164 204 226
9 9 33 94 95 119 139 165 205 227
8 10 34 65 120 140 166 206 228
9 11 35 64 65 121 141 167 207 229
8 12 36 67 122 142 168 208 230
9 13 37 66 67 123 143 169 209 231
8 14 38 69 124 144 170 210 232
9 15 39 68 69 125 145 171 211 233
8 16 40 71 126 146 172 212 234
9 17 41 70 71 127 147 173 213 235
8 18 42 73 96 148 174 214 236
9 19 43 72 73 97 149 175 215 237
8 20 44 75 98 150 176 216 238
9 21 45 74 75 99 151 177 217 239
8 22 46 77 100 152 178 218 240
9 23 47 76 77 101 153 179 219 241
8 24 48 79 102 154 180 220 242
9 25 49 78 79 103 155 181 221 243
8 26 50 81 104 156 182 222 244
9 27 51 80 81 105 157 183 223 245
8 28 52 83 106 158 184 192 246
9 29 53 82 83 107 159 185 193 247
8 30 54 85 108 128 186 194 248
9 31 55 84 85 109 129 187 195 249
