128 48 64 16
0 2 16 1 32 1
1 2 17 1 33 1
2 2 18 1 34 1
3 2 19 1 35 1
4 2 20 1 36 1
5 2 21 1 37 1
6 2 22 1 38 1
7 2 23 1 39 1
8 2 24 1 40 1
9 2 25 1 41 1
10 2 26 1 42 1
11 2 27 1 43 1
12 2 28 1 44 1
13 2 29 1 45 1
14 2 30 1 46 1
15 2 31 1 47 1
0 1 28 2 36 1
1 1 29 2 37 1
2 1 30 2 38 1
3 1 31 2 39 1
4 1 16 2 40 1
5 1 17 2 41 1
6 1 18 2 42 1
7 1 19 2 43 1
8 1 20 2 44 1
9 1 21 2 45 1
10 1 22 2 46 1
11 1 23 2 47 1
12 1 24 2 32 1
13 1 25 2 33 1
14 1 26 2 34 1
15 1 27 2 35 1
0 1 17 1 37 2
1 1 18 1 38 2
2 1 19 1 39 2
3 1 20 1 40 2
4 1 21 1 41 2
5 1 22 1 42 2
6 1 23 1 43 2
7 1 24 1 44 2
8 1 25 1 45 2
9 1 26 1 46 2
10 1 27 1 47 2
11 1 28 1 32 2
12 1 29 1 33 2
13 1 30 1 34 2
14 1 31 1 35 2
15 1 16 1 36 2
0 1 24 1 41 1
1 1 25 1 42 1
2 1 26 1 43 1
3 1 27 1 44 1
4 1 28 1 45 1
5 1 29 1 46 1
6 1 30 1 47 1
7 1 31 1 32 1
8 1 16 1 33 1
9 1 17 1 34 1
10 1 18 1 35 1
11 1 19 1 36 1
12 1 20 1 37 1
13 1 21 1 38 1
14 1 22 1 39 1
15 1 23 1 40 1
0 1 22 1 47 1
1 1 23 1 32 1
2 1 24 1 33 1
3 1 25 1 34 1
4 1 26 1 35 1
5 1 27 1 36 1
6 1 28 1 37 1
7 1 29 1 38 1
8 1 30 1 39 1
9 1 31 1 40 1
10 1 16 1 41 1
11 1 17 1 42 1
12 1 18 1 43 1
13 1 19 1 44 1
14 1 20 1 45 1
15 1 21 1 46 1
0 1 20 1 34 1
1 1 21 1 35 1
2 1 22 1 36 1
3 1 23 1 37 1
4 1 24 1 38 1
5 1 25 1 39 1
6 1 26 1 40 1
7 1 27 1 41 1
8 1 28 1 42 1
9 1 29 1 43 1
10 1 30 1 44 1
11 1 31 1 45 1
12 1 16 1 46 1
13 1 17 1 47 1
14 1 18 1 32 1
15 1 19 1 33 1
0 1 18 1 46 1
1 1 19 1 47 1
2 1 20 1 32 1
3 1 21 1 33 1
4 1 22 1 34 1
5 1 23 1 35 1
6 1 24 1 36 1
7 1 25 1 37 1
8 1 26 1 38 1
9 1 27 1 39 1
10 1 28 1 40 1
11 1 29 1 41 1
12 1 30 1 42 1
13 1 31 1 43 1
14 1 16 1 44 1
15 1 17 1 45 1
0 1 25 1 35 1
1 1 26 1 36 1
2 1 27 1 37 1
3 1 28 1 38 1
4 1 29 1 39 1
5 1 30 1 40 1
6 1 31 1 41 1
7 1 16 1 42 1
8 1 17 1 43 1
9 1 18 1 44 1
10 1 19 1 45 1
11 1 20 1 46 1
12 1 21 1 47 1
13 1 22 1 32 1
14 1 23 1 33 1
15 1 24 1 34 1
0
0
0
0
0
0
0
0
0
0
0
0
0
0
0
0
0
0
0
0
0
0
0
0
0
0
0
0
0
0
0
0
0
0
0
0
0
0
0
0
0
0
0
0
0
0
0
0
0
0
0
0
0
0
0
0
0
0
0
0
0
0
0
0
0
0
0
0
0
0
0
0
0
0
0
0
0
0
0
0
0
0
0
0
0
0
0
0
0
0
0
0
0
0
0
0
0
0
0
0
0
0
0
0
0
0
0
0
0
0
0
0
0
0
0
0
0
0
0
0
0
0
0
0
0
0
0
0
0
0
0
0
0
0
0
0
0
0
0
0
0
0
0
0
134217736
134744064
526344
268435472
269488128
1052688
536870944
538976256
2105376
1073741888
1077952512
4210752
2147483776
2155905024
8421504
65792
16842753
16777473
131584
33685506
33554946
263168
67371012
67109892
526336
134742024
134219784
1052672
269484048
268439568
2105344
538968096
536879136
4210688
1077936192
1073758272
8421376
2155872384
2147516544
16777217
16843008
65793
33554434
33686016
131586
67108868
67372032
263172
28710868900384835
1126338098566656
27584565170341443
57421737800769670
2252676197133312
55169130340682886
114843475601539340
4505352394266624
110338260681365772
229686951203078680
9010704788533248
220676521362731544
459373898111190065
18021409577000961
441353038430561328
918747796222380130
36042819154001922
882706076861122656
1837495588149858500
72085634013036549
1765412153722179777
3674991172004815240
144171263731105803
3530824307444294019
7349982344009630480
288342527462211606
7061648614888588038
14699964688019260960
576685054924423212
14123297229777176076
10953185306623872065
1153088634872201304
9800131856526543897
3459626543833159810
2305895799062659248
1153801114320246834
6919253087666319620
4611791598125318496
2307602228640493668
13838506175332639240
9223583196250636992
4615204457280987336
9230549751932437520
422323086689664
9230127443880231312
14355434450225185
563171196734208
13792284732654369
2522586584968086026
2603119076154425392
514013028439163450
5045173169936172052
5206238152308850784
1028026056878326900
10090346335577376809
10412476304617636033
2056052109461752040
1734230072421912658
2378208539820687746
4111822748241760720
3468460144843825316
4756417079641375492
8223645496483521440
6936920289687650632
9512834159282750984
16447290992967042880
13873559108693557904
579205719832661008
14447837916519501440
9300374147972465953
1158129964688676896
10449213230011194625
154004226530347586
2315978458695610432
2451963861289548290
308008453060695172
4631956917391220864
4903927722579096580
616016906121390344
9263913834782441728
9807855445158193160
1231752337266135568
81365066537075201
1168966820901736465
2463504670237369376
162730128779183107
2337933641803407395
4927009340474673217
325460253263464454
4675867279311847495
9854018680949346434
650920506526928908
9351734558623694990
1261293292484043013
1301559538077212696
257006514219581725
613896980052053128
614750716664742064
3668555116055608
1227793960104106256
1229501433329484128
7337110232111216
2455587920208212512
2459002866658968256
14674220464222432
4911175840416425024
4918005733317936512
29348440928444864
9822351680832850048
9836011466635873024
58696881856889728
1198240762932793601
1225278859562259968
117112288737068801
2396481525865521667
2450557714829618176
234224573179170307
4792963051731043334
4901115429659236352
468449146358340614
9585926103462086668
9802230859318472704
936898292716681228
725389603896365081
1157717649222295553
1873515110456717336
1450779207792730162
2315435298444591106
3747030220913434672
2901558411290558564
4630870592594214917
7494060441826803809
5803116818286215368
9261741180893462539
14988120883653542083
11605952165890621841
77019758759182358
11529497693597532551
4765160262366659362
153758046836621356
4612532788462224142
9530320524733318724
307516093673242712
9225065576924448284
2260630266445824
576460786663161856
578721348210130944
4521260532891648
1152921573326323712
1157442696420261888
9042521065783296
2305843146652647424
2314885392840523776
18085042131566592
4611686293305294848
4629770785681047552
36170084263133184
9223372586610589696
9259541571362095104
72058697844523008
282574488338432
72339073309605888
144117395689046016
565148976676864
144678146619211776
288234791378092032
1130297953353728
289356293238423552
576469582756184064
2260595906707456
578712586476847104
1152939165512368128
4521191813414912
1157425172953694208
2305878331024736256
9042383626829824
2314850345907388416
4611756662049472512
18084767253659648
4629700691814776832
9223513324098945024
36169534507319296
9259401383629553664
282578783305728
72057598332895232
72340168526266368
565157566611456
144115196665790464
144680337052532736
1130315133222912
288230393331580928
289360674105065472
