288 108 144 36
0 1 36 1 72 1
1 1 37 1 73 1
2 1 38 1 74 1
3 1 39 1 75 1
4 1 40 1 76 1
5 1 41 1 77 1
6 1 42 1 78 1
7 1 43 1 79 1
8 1 44 1 80 1
9 1 45 1 81 1
10 1 46 1 82 1
11 1 47 1 83 1
12 1 48 1 84 1
13 1 49 1 85 1
14 1 50 1 86 1
15 1 51 1 87 1
16 1 52 1 88 1
17 1 53 1 89 1
18 1 54 1 90 1
19 1 55 1 91 1
20 1 56 1 92 1
21 1 57 1 93 1
22 1 58 1 94 1
23 1 59 1 95 1
24 1 60 1 96 1
25 1 61 1 97 1
26 1 62 1 98 1
27 1 63 1 99 1
28 1 64 1 100 1
29 1 65 1 101 1
30 1 66 1 102 1
31 1 67 1 103 1
32 1 68 1 104 1
33 1 69 1 105 1
34 1 70 1 106 1
35 1 71 1 107 1
32 1 54 1 79 1
33 1 55 1 80 1
34 1 56 1 81 1
35 1 57 1 82 1
0 1 58 1 83 1
1 1 59 1 84 1
2 1 60 1 85 1
3 1 61 1 86 1
4 1 62 1 87 1
5 1 63 1 88 1
6 1 64 1 89 1
7 1 65 1 90 1
8 1 66 1 91 1
9 1 67 1 92 1
10 1 68 1 93 1
11 1 69 1 94 1
12 1 70 1 95 1
13 1 71 1 96 1
14 1 36 1 97 1
15 1 37 1 98 1
16 1 38 1 99 1
17 1 39 1 100 1
18 1 40 1 101 1
19 1 41 1 102 1
20 1 42 1 103 1
21 1 43 1 104 1
22 1 44 1 105 1
23 1 45 1 106 1
24 1 46 1 107 1
25 1 47 1 72 1
26 1 48 1 73 1
27 1 49 1 74 1
28 1 50 1 75 1
29 1 51 1 76 1
30 1 52 1 77 1
31 1 53 1 78 1
32 1 66 1 77 1
33 1 67 1 78 1
34 1 68 1 79 1
35 1 69 1 80 1
0 1 70 1 81 1
1 1 71 1 82 1
2 1 36 1 83 1
3 1 37 1 84 1
4 1 38 1 85 1
5 1 39 1 86 1
6 1 40 1 87 1
7 1 41 1 88 1
8 1 42 1 89 1
9 1 43 1 90 1
10 1 44 1 91 1
11 1 45 1 92 1
12 1 46 1 93 1
13 1 47 1 94 1
14 1 48 1 95 1
15 1 49 1 96 1
16 1 50 1 97 1
17 1 51 1 98 1
18 1 52 1 99 1
19 1 53 1 100 1
20 1 54 1 101 1
21 1 55 1 102 1
22 1 56 1 103 1
23 1 57 1 104 1
24 1 58 1 105 1
25 1 59 1 106 1
26 1 60 1 107 1
27 1 61 1 72 1
28 1 62 1 73 1
29 1 63 1 74 1
30 1 64 1 75 1
31 1 65 1 76 1
19 1 54 1 95 1
20 1 55 1 96 1
21 1 56 1 97 1
22 1 57 1 98 1
23 1 58 1 99 1
24 1 59 1 100 1
25 1 60 1 101 1
26 1 61 1 102 1
27 1 62 1 103 1
28 1 63 1 104 1
29 1 64 1 105 1
30 1 65 1 106 1
31 1 66 1 107 1
32 1 67 1 72 1
33 1 68 1 73 1
34 1 69 1 74 1
35 1 70 1 75 1
0 1 71 1 76 1
1 1 36 1 77 1
2 1 37 1 78 1
3 1 38 1 79 1
4 1 39 1 80 1
5 1 40 1 81 1
6 1 41 1 82 1
7 1 42 1 83 1
8 1 43 1 84 1
9 1 44 1 85 1
10 1 45 1 86 1
11 1 46 1 87 1
12 1 47 1 88 1
13 1 48 1 89 1
14 1 49 1 90 1
15 1 50 1 91 1
16 1 51 1 92 1
17 1 52 1 93 1
18 1 53 1 94 1
0 2 44 1 77 1
1 2 45 1 78 1
2 2 46 1 79 1
3 2 47 1 80 1
4 2 48 1 81 1
5 2 49 1 82 1
6 2 50 1 83 1
7 2 51 1 84 1
8 2 52 1 85 1
9 2 53 1 86 1
10 2 54 1 87 1
11 2 55 1 88 1
12 2 56 1 89 1
13 2 57 1 90 1
14 2 58 1 91 1
15 2 59 1 92 1
16 2 60 1 93 1
17 2 61 1 94 1
18 2 62 1 95 1
19 2 63 1 96 1
20 2 64 1 97 1
21 2 65 1 98 1
22 2 66 1 99 1
23 2 67 1 100 1
24 2 68 1 101 1
25 2 69 1 102 1
26 2 70 1 103 1
27 2 71 1 104 1
28 2 36 1 105 1
29 2 37 1 106 1
30 2 38 1 107 1
31 2 39 1 72 1
32 2 40 1 73 1
33 2 41 1 74 1
34 2 42 1 75 1
35 2 43 1 76 1
19 1 36 2 79 1
20 1 37 2 80 1
21 1 38 2 81 1
22 1 39 2 82 1
23 1 40 2 83 1
24 1 41 2 84 1
25 1 42 2 85 1
26 1 43 2 86 1
27 1 44 2 87 1
28 1 45 2 88 1
29 1 46 2 89 1
30 1 47 2 90 1
31 1 48 2 91 1
32 1 49 2 92 1
33 1 50 2 93 1
34 1 51 2 94 1
35 1 52 2 95 1
0 1 53 2 96 1
1 1 54 2 97 1
2 1 55 2 98 1
3 1 56 2 99 1
4 1 57 2 100 1
5 1 58 2 101 1
6 1 59 2 102 1
7 1 60 2 103 1
8 1 61 2 104 1
9 1 62 2 105 1
10 1 63 2 106 1
11 1 64 2 107 1
12 1 65 2 72 1
13 1 66 2 73 1
14 1 67 2 74 1
15 1 68 2 75 1
16 1 69 2 76 1
17 1 70 2 77 1
18 1 71 2 78 1
4 1 66 1 72 2
5 1 67 1 73 2
6 1 68 1 74 2
7 1 69 1 75 2
8 1 70 1 76 2
9 1 71 1 77 2
10 1 36 1 78 2
11 1 37 1 79 2
12 1 38 1 80 2
13 1 39 1 81 2
14 1 40 1 82 2
15 1 41 1 83 2
16 1 42 1 84 2
17 1 43 1 85 2
18 1 44 1 86 2
19 1 45 1 87 2
20 1 46 1 88 2
21 1 47 1 89 2
22 1 48 1 90 2
23 1 49 1 91 2
24 1 50 1 92 2
25 1 51 1 93 2
26 1 52 1 94 2
27 1 53 1 95 2
28 1 54 1 96 2
29 1 55 1 97 2
30 1 56 1 98 2
31 1 57 1 99 2
32 1 58 1 100 2
33 1 59 1 101 2
34 1 60 1 102 2
35 1 61 1 103 2
0 1 62 1 104 2
1 1 63 1 105 2
2 1 64 1 106 2
3 1 65 1 107 2
4 1 44 1 95 1
5 1 45 1 96 1
6 1 46 1 97 1
7 1 47 1 98 1
8 1 48 1 99 1
9 1 49 1 100 1
10 1 50 1 101 1
11 1 51 1 102 1
12 1 52 1 103 1
13 1 53 1 104 1
14 1 54 1 105 1
15 1 55 1 106 1
16 1 56 1 107 1
17 1 57 1 72 1
18 1 58 1 73 1
19 1 59 1 74 1
20 1 60 1 75 1
21 1 61 1 76 1
22 1 62 1 77 1
23 1 63 1 78 1
24 1 64 1 79 1
25 1 65 1 80 1
26 1 66 1 81 1
27 1 67 1 82 1
28 1 68 1 83 1
29 1 69 1 84 1
30 1 70 1 85 1
31 1 71 1 86 1
32 1 36 1 87 1
33 1 37 1 88 1
34 1 38 1 89 1
35 1 39 1 90 1
0 1 40 1 91 1
1 1 41 1 92 1
2 1 42 1 93 1
3 1 43 1 94 1
4683743630752481408 2314859013185077568 16416
6989595435020058624 21998856175620 49152
2305851806482169984 2314880994794012996 32800
9367487261504962816 4629700434184110976 32832
13979190870040117248 61589898395656 32768
4611703612964339968 4629761989588026248 64
288230449300374017 9259418460554266113 128
9511637597651206145 123179796791569 0
9223407294648156672 9259506386990008080 128
576460898600748034 72092847398980610 257
576531121592860674 246359593583139 0
70515586761728 72268700270464545 257
1152921797201496068 144185694797961220 514
1153062243185721348 492719187166278 0
141031173523456 144537400540929090 514
2305843594402992136 288371389595922440 1028
2306124486371442696 985438374332556 0
282062347046912 289074801081858180 1028
4611687120086507537 576742779191844880 2056
4612249041462362128 1970876748664856 0
564124694093825 578149602163716104 2056
9223374240173015074 1153485558383689760 4112
9224498082924724256 3941753497329712 0
1128249388187650 1156299204327432208 4112
4406636478532 2306971116767379521 8224
2252092139896896 7883506994659425 0
2256498776375300 2312598408654864416 8224
8813272957064 4613942233534759042 16448
4504184279793792 15767013989318850 0
4512997552750600 4625196817309728832 16448
17695265390864 9227884467069517828 32896
9008368559587585 31534027978637444 0
9025926386024465 9250393634619457664 32896
35321811304993 9024860429484296 257
18016805838651906 63050463771230472 0
18051852772048931 54060787715407872 257
70643622609986 18049720858968592 514
36033611677303812 126100927542460944 0
36103705544097862 108121575430815744 514
141287245219972 36099441717937184 1028
72067223354607624 252201855084921888 0
72207411088195724 216243150861631488 1028
282574490439944 72198883435874368 2056
144134446709215248 504403710169843776 0
144414822176391448 432486301723262976 2056
565148980879888 144397766871748736 4112
288268893418430496 1008807420339687552 0
288829644352782896 864972603446525952 4112
1130366681236512 288795533743497216 8224
576537786836860993 2017614840679374848 0
577659219986089057 1729945206893051904 8224
2260733362473024 577591067486994432 16448
1153075573673721986 4035229681358749696 0
1155318439972178114 3459890413786103808 16448
4521466724946048 1155182134973988864 32896
2306151147347443972 8070459362717499392 0
2310636879944356228 6919780827572207616 32896
9042933449892096 2310364269947977984 256
4612302294694887944 16140901133248954624 0
4621273759888712456 13839579247330459648 256
18085866899784192 4620728539895955968 512
9224604589389775888 13835058192788357632 1
9242547519777424912 9232414420951367680 513
36171733799568384 9241457079791911936 1024
2465105070000160 9223372311867163649 3
38350965845298208 18084768193183745 1027
72343467599136768 36170085874272256 2049
4930210140000320 550024775682 7
76701931690596416 36169536386367490 2054
144686935198273536 72340171748544512 4098
9860420280000640 1100049551364 14
153403863381192832 72339072772734980 4108
289373870396547072 144680343497089024 8196
19720840560001280 2200099102728 28
306807726762385664 144678145545469960 8216
578747740793094144 289360686994178048 16392
39441681120002560 4400198205456 56
613615453524771328 289356291090939920 16432
1157495481586188288 578721373988356096 32784
78883362240005120 8800396410912 112
1227230907049542656 578712582181879840 32864
2314990963172376576 1157442747976712448 32
157766724480010240 8606777664 224
2454461814099085312 1157442756549804096 192
4629981926344753152 2314885495953424896 64
315533448960020480 17213555328 448
4908923628198170624 2314885513099608192 384
9259963783970029569 4629770991906849792 128
631066966639517696 34427110400 896
9817847256396341249 4629771026199216128 768
73183494230507522 9259541983813699585 256
1262133933279035392 68854220800 1792
1188950439083130882 9259542052398432257 1536
146366988461015044 72339893917847554 513
2524267866558070784 137708441600 3584
2377900878166261764 72340031087312898 3073
292733976922030088 144679787835695108 1026
5048535733116141568 275416883200 7168
4755801756332523528 144680062174625796 6146
585467953844060176 289359575671390216 2052
10097071466232283136 550833766400 14336
9511603512665047056 289360124349251592 12292
1170935907688120352 578719151342780432 4104
1747398858755014656 1101667532801 28672
576462951620542496 578720248698503185 24584
2341871815376240704 1157438302685560864 8208
3494797717510029312 2203335065602 57344
1152925903241084992 1157440497397006370 49168
4611686052856463360 2314859004595011972 0
153122422831185920 9024791474470916 32768
4764808406833954816 2305869397492892032 32768
9223372105712926721 4629700417003979528 0
306244776942895105 18067175134986248 0
9529616882387386368 4611738794985784064 0
137716301826 9259400834007959057 0
612489553885790210 36134350269972496 0
612489691065221120 9223477589971568129 0
275432603652 72057594306366498 1
1224979107771580420 72268700539944992 0
1224979382130442240 211106233584642 1
550865207304 144115188612732996 2
2449958215543160840 144537401079889984 0
2449958764260884480 422212467169284 2
1101730414608 288230377225465992 4
4899916431086321680 289074802159779968 0
4899917528521768960 844424934338568 4
2272180305952 576460754450931728 8
9799832862172643361 578149604319559680 0
9799834988324061185 1688849868677136 8
4544360611904 1152921508901863456 16
1152921650635735106 1156299208639119361 0
1152925902938570754 3377699737354273 16
9088721223808 2305843017803726912 32
2305843301271470212 2312598417278238722 0
2305851805877141508 6755399474708546 32
18177442447616 4611686035607453824 64
4611686602542940424 4625196834556477444 0
4611703611754283016 13510798949417092 64
36354884895233 9223372071214907392 128
9223373136366404113 9250393669112954888 0
9223407292228042768 27021597898833928 128
72709769790466 68720263168 257
2199023256610 54043264516358161 1
70510746533920 54043195797667857 256
145419539580932 137440526336 514
4398046513220 108086529032716322 2
141021493067840 108086391595335714 512
290839079161864 274881052672 1028
8796093026440 216173058065432644 4
282042986135680 216172783190671428 1024
581678158323728 549762105344 2056
17592186052880 432346116130865288 8
564085972271360 432345566381342856 2048
1163287597170721 1099524210688 4112
35253091582496 864692232261730320 16
1128171944542721 864691132762685456 4096
2326575194341442 2199048421376 8224
70506183164992 1729384464523460640 32
2256343889085442 1729382265525370912 8192
4653150388682884 4398096842752 16448
141012366329984 3458768929046921280 64
4512687778170884 3458764531050741824 16384
9306300777365768 8796193685504 32896
282024732659968 6917537858093842560 128
9025375556341768 6917529062101483648 32768
18612532835254801 17592387371264 256
564118184796672 13835058124001640704 256
18050751112683537 13835075716389011456 0
37225065670509602 35184774742528 512
1128236369593344 9223372174293729792 513
36101502225367074 9223407359068471296 1
74450131341019204 70369549485056 1024
2256472739186688 274877907968 1027
72203004450734148 70644427390976 3
148900262682038408 140739098970112 2048
4512945478373376 549755815936 2054
144406008901468296 141288854781952 6
297800525364076816 281478197940224 4096
9025890956746752 1099511631872 4108
288812017802936592 282577709563904 12
595601050728153632 562956395880448 8192
18051781913493504 2199023263744 8216
577624035605873184 565155419127808 24
1191202101456307264 1125912791760896 16384
36103563826987008 4398046527488 16432
1155248071211746368 1130310838255616 48
2382404202912614528 2251825583521792 32768
72207127653974016 8796093054976 32864
2310496142423492736 2260621676511232 96
4764808405825229056 4521243353088000 0
144414255307948032 17592186110208 192
4620992284846985472 4503651166978304 192
9529616811650458112 9042486706176000 0
288828510615896064 35184372220416 384
9241984569693970944 9007302333956608 384
612489549591364608 18084973412352001 0
577657021231792128 70368744440832 768
37225065678390272 18014604667913217 768
1224979099182729216 36169946824704002 0
1155314042463584256 140737488881664 1536
74450131356780544 36029209335826434 1536
2449958198365458432 72339893649408004 0
2310628084927168512 281474977763328 3072
148900262713561088 72058418671652868 3072
4899916396730916864 144679787298816008 0
4621256169854337024 562949955526656 6144
297800525427122176 144116837343305736 6144
9799832793461833728 289359574597632016 0
9242512339708674048 1125899911053312 12288
595601050854244352 288233674686611472 12288
1152921513214115840 578719149195264033 0
38280605707796480 2251799822106625 24576
1191202101708488704 576467349373222944 24576
2305843026428231680 1157438298390528066 0
76561211415592960 4503599644213250 49152
2382404203416977408 1152934698746445888 49152
72057628400877568 1161946296098128128 32768
148618787704274944 2308103605137310080 32768
220676416103055360 3470049901201621120 0
144115188082278401 2323910184382300672 0
297237644128026624 4616207210274620160 0
441352832206110721 6940082210217197824 0
288230376164556802 4647820368764601344 0
594475288256053248 9232414420549240320 0
882705664412221442 13880164420434395648 0
576460752329113604 9295640737529202688 0
1188950576512106496 18084767388929024 1
1765411328824442884 9313584767159239680 1
1152921504658227208 144537401348853760 1
2377901153024212992 36169534777858048 2
3530822657648885768 180425460608927744 3
2305843009316454416 289074802697707520 2
4755802306048425984 72339069555716096 4
7061645315297771536 360850921217855488 6
4611686018632908832 578149605395415040 4
9511604612096851968 144678139111432192 8
14123290630595543072 721701842435710976 12
9223372037265817664 1156299210790830080 8
576465150484152320 289356278222864385 16
9799837187481534528 1443403684871421953 24
822083712 2312598421581660161 16
1152930300968304640 578712556445728770 32
1152930301253517440 2886807369742843907 48
1644167424 4625196843163320322 32
2305860601936609280 1157425112891457540 64
2305860602507034880 5773614739485687814 96
3288334848 9250393686326640644 64
4611721203873218560 2314850225782915080 128
4611721205014069760 11547229478971375628 192
6576669696 54043298943729672 129
9223442407746437120 4629700451565830160 256
9223442410028139520 4647714884233199640 385
13153339392 108086597887459344 258
140741783322624 9259400903131660321 512
140746346727424 9295429768466399281 770
26306678784 216173195774918688 516
281483566645248 72057732553769026 1025
281492693454848 144115463223246946 1541
52613357568 432346391549837376 1032
562967133290496 144115465107538052 2050
562985386909696 288230926446493892 3082
36507238401 864692783099674752 2064
1126002986057728 288230930215075848 4100
1125970773819393 576461852892987528 6164
73014476803 1729385566199349248 4128
2251937252638721 576461860430151696 8200
2252010267115522 1152923705785974800 12328
146028953606 3458771132398698496 8256
4503874505277442 1152923720860303392 16400
4504020534231044 2305847411571949600 24656
292057907212 6917542264797396992 16512
9007749010554884 2305847441720606784 32800
9008041068462088 4611694823143899200 49312
584115814424 13835066937408749824 33024
18015498021109768 4611712475627257984 64
18016082136924176 9223389646287798656 33088
1099512152113 9223389801107948288 513
36031064761696272 9223407359068471552 128
36032164273848353 52811052089856 641
2199024304226 35528506344960 1027
72062129523392544 70644427391488 257
72064328547696706 105622104179712 1282
4398048608452 71057012689920 2054
144124259046785088 141288854782976 514
144128657095393412 211244208359424 2564
8796097216904 142114025379840 4108
288248518093570176 282577709565952 1028
288257314190786824 422488416718848 5128
17592194433808 284228050759680 8216
576497036187140352 565155419131904 2056
576514628381573648 844976833437696 10256
35184388867616 568456101519360 16432
1152994072374280704 1130310838263808 4112
1153029256763147296 1689953666875392 20512
70368777735232 1136912203038720 32864
2305988144748561408 2260621676527616 8224
2306058513526294592 3379907333750784 41024
140737555470464 2273824406077696 192
4611976289497122816 4503651167011072 16448
4612117027052589184 6777406853545984 16512
281475110940928 4547648812155392 384
9223952578994245632 9007302334022144 32896
9224234054105178368 13554813707091968 33024
562950221881856 9077705438266624 768
1161084278939648 18032196854088705 256
1724034500805120 27109627414184193 512
1125900443763712 18155410876533248 1536
2322168557879296 36064393708177410 512
3448069001610240 54219254828368386 1024
2251800887527424 36310821753066496 3072
4644337115758592 72128787416354820 1024
6896138003220480 108438509656736772 2048
4503601775054848 72621643506132992 6144
9288674231517184 144257574832709640 2048
13792276006440960 216877019313473544 4096
9007203550109696 145243287012265984 12288
18577348463034368 288515149665419280 4096
27584552012881920 433754038626947088 8192
18014407100219392 290486574024531968 24576
37154696926068736 577030299330838560 8192
55169104025763840 867508077253894176 16384
36028814200438784 580973148049063936 49152
74309393852137472 1154060598661677120 16384
110338208051527680 1735016154507788352 32768
2305851822486781952 128 0
2319362638582120576 192 0
13510850455470208 64 0
4611703713693040640 0 0
4638725277164241153 128 0
27021632191463681 128 0
9223407358666604545 0 0
9277450623047959042 0 0
54043264382927363 0 0
70643623657474 1 0
108157172386366468 1 0
108086528765854726 0 0
141287247314948 2 0
216314344772732936 2 0
216173057531709452 0 0
282574494629896 4 0
432628689545465872 4 0
432346115063418904 0 0
565148989259792 8 0
865257379090931744 8 0
864692230126837808 0 0
1130297978519584 16 0
1730514758181863488 16 0
1729384460253675616 0 0
2260595957039168 32 0
3461029516363726976 32 0
3458768920507351232 0 0
4521191914078336 64 0
6922059032727453952 64 0
6917537841014702464 0 0
9042383828156672 128 0
13844118065454907904 128 0
13835075682029404928 0 0
18084836375790080 0 0
9241492057200264193 1 0
9223407221629781505 1 0
36169672751580160 0 0
36240040690976770 3 0
70369550011394 3 0
72339345503160320 0 0
72480081381953540 6 0
140739100022788 6 0
144678691006320640 0 0
144960162763907080 12 0
281478200045576 12 0
289357382012641280 0 0
289920325527814160 24 0
562956400091152 24 0
578714764025282560 0 0
579840651055628320 48 0
1125912800182304 48 0
1157429528050565120 0 0
1159681302111256640 96 0
2251825600364608 96 0
2314859056101130240 0 0
2319362604222513280 192 0
4503651200729216 192 0
4629718043482783745 0 0
4638725277164503296 128 0
9007302401458433 128 0
9259436018246090755 0 0
9277450623048483328 0 0
18014604802916867 0 0
72127962782629894 1 0
108157172387415040 1 0
36029209605833734 0 0
144255925565259788 2 0
216314344774830080 2 0
72058419211667468 0 0
288511851130519576 4 0
432628689549660160 4 0
144116838423334936 0 0
577023702261039152 8 0
865257379099320320 8 0
288233676846669872 0 0
1154047404522078304 16 0
1730514758198640640 16 0
576467353693339744 0 0
2308094809044156608 32 0
3461029516397281280 32 0
1152934707386679488 0 0
4616189618088313216 64 0
6922059032794562560 64 0
2305869414773358976 0 0
9232379236176626432 128 0
13844118065589125120 128 0
4611738829546717952 0 0
18014467363177984 1 0
9241492057468698625 1 0
9223477590373959169 0 0
36028934726355968 2 0
36240041227845634 3 0
211107038366722 1 0
72057869452711936 4 0
72480082455691268 6 0
422214076733444 2 0
144115738905423872 8 0
144960164911382536 12 0
844428153466888 4 0
288231477810847744 16 0
289920329822765072 24 0
1688856306933776 8 0
576462955621695488 32 0
579840659645530144 48 0
3377712613867552 16 0
1152925911243390976 64 0
1159681319291060288 96 0
6755425227735104 32 0
0 0 0
0 0 0
0 0 0
0 0 0
0 0 0
0 0 0
0 0 0
0 0 0
0 0 0
0 0 0
0 0 0
0 0 0
0 0 0
0 0 0
0 0 0
0 0 0
0 0 0
0 0 0
0 0 0
0 0 0
0 0 0
0 0 0
0 0 0
0 0 0
0 0 0
0 0 0
0 0 0
0 0 0
0 0 0
0 0 0
0 0 0
0 0 0
0 0 0
0 0 0
0 0 0
0 0 0
0 0 0
0 0 0
0 0 0
0 0 0
0 0 0
0 0 0
0 0 0
0 0 0
0 0 0
0 0 0
0 0 0
0 0 0
0 0 0
0 0 0
0 0 0
0 0 0
0 0 0
0 0 0
0 0 0
0 0 0
0 0 0
0 0 0
0 0 0
0 0 0
0 0 0
0 0 0
0 0 0
0 0 0
0 0 0
0 0 0
0 0 0
0 0 0
0 0 0
0 0 0
0 0 0
0 0 0
0 0 0
0 0 0
0 0 0
0 0 0
0 0 0
0 0 0
0 0 0
0 0 0
0 0 0
0 0 0
0 0 0
0 0 0
0 0 0
0 0 0
0 0 0
0 0 0
0 0 0
0 0 0
0 0 0
0 0 0
0 0 0
0 0 0
0 0 0
0 0 0
0 0 0
0 0 0
0 0 0
0 0 0
0 0 0
0 0 0
0 0 0
0 0 0
0 0 0
0 0 0
0 0 0
0 0 0
0 0 0
0 0 0
0 0 0
0 0 0
0 0 0
0 0 0
0 0 0
0 0 0
0 0 0
0 0 0
0 0 0
0 0 0
0 0 0
0 0 0
0 0 0
0 0 0
0 0 0
0 0 0
0 0 0
0 0 0
0 0 0
0 0 0
0 0 0
0 0 0
0 0 0
0 0 0
0 0 0
0 0 0
0 0 0
0 0 0
0 0 0
0 0 0
0 0 0
0 0 0
0 0 0
0 0 0
0 0 0
0 0 0
0 0 0
0 0 0
0 0 0
0 0 0
0 0 0
0 0 0
0 0 0
0 0 0
0 0 0
0 0 0
0 0 0
0 0 0
0 0 0
0 0 0
0 0 0
0 0 0
0 0 0
0 0 0
0 0 0
0 0 0
0 0 0
0 0 0
0 0 0
0 0 0
0 0 0
0 0 0
0 0 0
0 0 0
0 0 0
0 0 0
0 0 0
0 0 0
0 0 0
0 0 0
0 0 0
0 0 0
0 0 0
0 0 0
0 0 0
0 0 0
0 0 0
0 0 0
0 0 0
0 0 0
0 0 0
0 0 0
0 0 0
0 0 0
0 0 0
0 0 0
0 0 0
0 0 0
0 0 0
0 0 0
0 0 0
0 0 0
0 0 0
0 0 0
0 0 0
0 0 0
0 0 0
0 0 0
0 0 0
0 0 0
0 0 0
0 0 0
0 0 0
0 0 0
0 0 0
0 0 0
0 0 0
0 0 0
0 0 0
0 0 0
0 0 0
0 0 0
0 0 0
0 0 0
0 0 0
0 0 0
0 0 0
0 0 0
0 0 0
0 0 0
0 0 0
0 0 0
0 0 0
0 0 0
0 0 0
0 0 0
0 0 0
0 0 0
0 0 0
0 0 0
0 0 0
0 0 0
0 0 0
0 0 0
0 0 0
0 0 0
0 0 0
0 0 0
0 0 0
0 0 0
0 0 0
0 0 0
0 0 0
0 0 0
0 0 0
0 0 0
0 0 0
0 0 0
0 0 0
0 0 0
0 0 0
0 0 0
0 0 0
0 0 0
0 0 0
0 0 0
0 0 0
0 0 0
0 0 0
0 0 0
0 0 0
0 0 0
0 0 0
0 0 0
0 0 0
0 0 0
0 0 0
0 0 0
0 0 0
0 0 0
0 0 0
0 0 0
0 0 0
0 0 0
0 0 0
0 0 0
0 0 0
0 0 0
0 0 0
0 0 0
0 0 0
0 0 0
0 0 0
0 0 0
0 0 0
0 0 0
0 0 0
0 0 0
0 0 0
0 0 0
0 0 0
0 0 0
0 0 0
0 0 0
0 0 0
0 0 0
0 0 0
0 0 0
0 0 0
0 0 0
0 0 0
0 0 0
0 0 0
0 0 0
0 0 0
0 0 0
0 0 0
0 0 0
0 0 0
0 0 0
0 0 0
0 0 0
0 0 0
0 0 0
0 3458777716600373248 16384
0 2256197910528000 32800
0 3461025118317215744 49184
0 6917537841014702336 32768
0 4529988007100416 64
0 6922050236634431744 32832
0 13835075682029404928 0
0 9042383828156672 128
0 13844118065454907904 128
0 9223407290349258240 1
0 18084767656313344 256
0 9241492057200264192 257
0 70506988964864 3
0 36169535312626688 512
0 36240040690976768 515
0 141013977929728 6
0 72339070625253376 1024
0 72480081381953536 1030
0 282027955859456 12
0 144678141250506752 2048
0 144960162763907072 2060
0 564055911718912 24
0 289356282501013504 4096
0 289920325527814144 4120
0 1128111823437824 48
0 578712565002027008 8192
0 579840651055628288 8240
0 2256223646875648 96
0 1157425130004054016 16384
0 1159681302111256576 16480
0 4512447293751296 192
0 2314850260008108032 32768
0 2319362604222513152 32960
0 9007302401458432 384
0 4629718112202260480 0
0 4638725208445026560 384
0 18014604802916864 768
0 9259436224404520960 0
0 9277450416890053120 768
0 36029209605833728 1536
0 72128375099490304 1
0 108156760070554624 1537
0 72058419211667456 3072
0 144256750198980608 2
0 216313520141109248 3074
0 144116838423334912 6144
0 288513500397961216 4
0 432627040282218496 6148
0 288233676846669824 12288
0 577027000795922432 8
0 865254080564436992 12296
0 576467353693339648 24576
0 1154054001591844864 16
0 1730508161128873984 24592
0 1152934707386679296 49152
0 2308108003183689728 32
0 3461016322257747968 49184
0 2305869414773358848 32768
0 4616198414181335296 64
0 6922050236701540352 32832
0 4611738829546717952 0
0 9232379236176626432 128
0 13844118065589125120 128
0 9223477659093435904 0
0 18014398643701248 257
0 9241492057468698624 257
0 211244477320192 1
0 36028797287402496 514
0 36240041227845632 515
0 422488954640384 2
0 72057594574804992 1028
0 72480082455691264 1030
0 844977909280768 4
0 144115189149609984 2056
0 144960164911382528 2060
0 1689955818561536 8
0 288230378299219968 4112
0 289920329822765056 4120
0 3379911637123072 16
0 576460756598439936 8224
0 579840659645530112 8240
0 6759823274246144 32
0 1152921513196879872 16448
0 1159681319291060224 16480
0 13519646548492288 64
0 2305843026393759744 32896
0 2319362638582120448 32960
0 27021700910940416 128
0 4611703644973563904 256
0 4638725277164241152 384
0 54043401821880832 256
0 9223407289947127808 512
0 9277450554328482304 768
0 108086803643761664 512
0 70506184704000 1025
0 108157034947412992 1537
0 216173607287523328 1024
0 141012369408000 2050
0 216314069894825984 3074
0 432347214575046656 2048
0 282024738816000 4100
0 432628139789651968 6148
0 864694429150093312 4096
0 564049477632000 8200
0 865256279579303936 12296
0 1729388858300186624 8192
0 1128098955264000 16400
0 1730512559158607872 24592
