216 576
8 1 72 144 216 288 360 432 504
9 0 1 73 145 217 289 361 433 505
8 3 74 146 218 290 362 434 506
9 2 3 75 147 219 291 363 435 507
8 5 76 148 220 292 364 436 508
9 4 5 77 149 221 293 365 437 509
8 7 78 150 222 294 366 438 510
9 6 7 79 151 223 295 367 439 511
8 9 80 152 224 296 368 440 512
9 8 9 81 153 225 297 369 441 513
8 11 82 154 226 298 370 442 514
9 10 11 83 155 227 299 371 443 515
8 13 84 156 228 300 372 444 516
9 12 13 85 157 229 301 373 445 517
8 15 86 158 230 302 374 446 518
9 14 15 87 159 231 303 375 447 519
8 17 88 160 232 304 376 448 520
9 16 17 89 161 233 305 377 449 521
8 19 90 162 234 306 378 450 522
9 18 19 91 163 235 307 379 451 523
8 21 92 164 236 308 380 452 524
9 20 21 93 165 237 309 381 453 525
8 23 94 166 238 310 382 454 526
9 22 23 95 167 239 311 383 455 527
8 25 96 168 240 312 384 456 528
9 24 25 97 169 241 313 385 457 529
8 27 98 170 242 314 386 458 530
9 26 27 99 171 243 315 387 459 531
8 29 100 172 244 316 388 460 532
9 28 29 101 173 245 317 389 461 533
8 31 102 174 246 318 390 462 534
9 30 31 103 175 247 319 391 463 535
8 33 104 176 248 320 392 464 536
9 32 33 105 177 249 321 393 465 537
8 35 106 178 250 322 394 466 538
9 34 35 107 179 251 323 395 467 539
8 37 108 180 252 324 396 468 540
9 36 37 109 181 253 325 397 469 541
8 39 110 182 254 326 398 470 542
9 38 39 111 183 255 327 399 471 543
8 41 112 184 256 328 400 472 544
9 40 41 113 185 257 329 401 473 545
8 43 114 186 258 330 402 474 546
9 42 43 115 187 259 331 403 475 547
8 45 116 188 260 332 404 476 548
9 44 45 117 189 261 333 405 477 549
8 47 118 190 262 334 406 478 550
9 46 47 119 191 263 335 407 479 551
8 49 120 192 264 336 408 480 552
9 48 49 121 193 265 337 409 481 553
8 51 122 194 266 338 410 482 554
9 50 51 123 195 267 339 411 483 555
8 53 124 196 268 340 412 484 556
9 52 53 125 197 269 341 413 485 557
8 55 126 198 270 342 414 486 558
9 54 55 127 199 271 343 415 487 559
8 57 128 200 272 344 416 488 560
9 56 57 129 201 273 345 417 489 561
8 59 130 202 274 346 418 490 562
9 58 59 131 203 275 347 419 491 563
8 61 132 204 276 348 420 492 564
9 60 61 133 205 277 349 421 493 565
8 63 134 206 278 350 422 494 566
9 62 63 135 207 279 351 423 495 567
8 65 136 208 280 352 424 496 568
9 64 65 137 209 281 353 425 497 569
8 67 138 210 282 354 426 498 570
9 66 67 139 211 283 355 427 499 571
8 69 140 212 284 356 428 500 572
9 68 69 141 213 285 357 429 501 573
8 71 142 214 286 358 430 502 574
9 70 71 143 215 287 359 431 503 575
8 0 143 162 270 350 394 444 506
9 1 142 143 163 271 351 395 445 507
8 2 73 164 272 352 396 446 508
9 3 72 73 165 273 353 397 447 509
8 4 75 166 274 354 398 448 510
9 5 74 75 167 275 355 399 449 511
8 6 77 168 276 356 400 450 512
9 7 76 77 169 277 357 401 451 513
8 8 79 170 278 358 402 452 514
9 9 78 79 171 279 359 403 453 515
8 10 81 172 280 288 404 454 516
9 11 80 81 173 281 289 405 455 517
8 12 83 174 282 290 406 456 518
9 13 82 83 175 283 291 407 457 519
8 14 85 176 284 292 408 458 520
9 15 84 85 177 285 293 409 459 521
8 16 87 178 286 294 410 460 522
9 17 86 87 179 287 295 411 461 523
8 18 89 180 216 296 412 462 524
9 19 88 89 181 217 297 413 463 525
8 20 91 182 218 298 414 464 526
9 21 90 91 183 219 299 415 465 527
8 22 93 184 220 300 416 466 528
9 23 92 93 185 221 301 417 467 529
8 24 95 186 222 302 418 468 530
9 25 94 95 187 223 303 419 469 531
8 26 97 188 224 304 420 470 532
9 27 96 97 189 225 305 421 471 533
8 28 99 190 226 306 422 472 534
9 29 98 99 191 227 307 423 473 535
8 30 101 192 228 308 424 474 536
9 31 100 101 193 229 309 425 475 537
8 32 103 194 230 310 426 476 538
9 33 102 103 195 231 311 427 477 539
8 34 105 196 232 312 428 478 540
9 35 104 105 197 233 313 429 479 541
8 36 107 198 234 314 430 480 542
9 37 106 107 199 235 315 431 481 543
8 38 109 200 236 316 360 482 544
9 39 108 109 201 237 317 361 483 545
8 40 111 202 238 318 362 484 546
9 41 110 111 203 239 319 363 485 547
8 42 113 204 240 320 364 486 548
9 43 112 113 205 241 321 365 487 549
8 44 115 206 242 322 366 488 550
9 45 114 115 207 243 323 367 489 551
8 46 117 208 244 324 368 490 552
9 47 116 117 209 245 325 369 491 553
8 48 119 210 246 326 370 492 554
9 49 118 119 211 247 327 371 493 555
8 50 121 212 248 328 372 494 556
9 51 120 121 213 249 329 373 495 557
8 52 123 214 250 330 374 496 558
9 53 122 123 215 251 331 375 497 559
8 54 125 144 252 332 376 498 560
9 55 124 125 145 253 333 377 499 561
8 56 127 146 254 334 378 500 562
9 57 126 127 147 255 335 379 501 563
8 58 129 148 256 336 380 502 564
9 59 128 129 149 257 337 381 503 565
8 60 131 150 258 338 382 432 566
9 61 130 131 151 259 339 383 433 567
8 62 133 152 260 340 384 434 568
9 63 132 133 153 261 341 385 435 569
8 64 135 154 262 342 386 436 570
9 65 134 135 155 263 343 387 437 571
8 66 137 156 264 344 388 438 572
9 67 136 137 157 265 345 389 439 573
8 68 139 158 266 346 390 440 574
9 69 138 139 159 267 347 391 441 575
8 70 141 160 268 348 392 442 504
9 71 140 141 161 269 349 393 443 505
8 0 88 199 242 334 402 496 560
9 1 89 198 199 243 335 403 497 561
8 2 90 201 244 336 404 498 562
9 3 91 200 201 245 337 405 499 563
8 4 92 203 246 338 406 500 564
9 5 93 202 203 247 339 407 501 565
8 6 94 205 248 340 408 502 566
9 7 95 204 205 249 341 409 503 567
8 8 96 207 250 342 410 432 568
9 9 97 206 207 251 343 411 433 569
8 10 98 209 252 344 412 434 570
9 11 99 208 209 253 345 413 435 571
8 12 100 211 254 346 414 436 572
9 13 101 210 211 255 347 415 437 573
8 14 102 213 256 348 416 438 574
9 15 103 212 213 257 349 417 439 575
8 16 104 215 258 350 418 440 504
9 17 105 214 215 259 351 419 441 505
8 18 106 145 260 352 420 442 506
9 19 107 144 145 261 353 421 443 507
8 20 108 147 262 354 422 444 508
9 21 109 146 147 263 355 423 445 509
8 22 110 149 264 356 424 446 510
9 23 111 148 149 265 357 425 447 511
8 24 112 151 266 358 426 448 512
9 25 113 150 151 267 359 427 449 513
8 26 114 153 268 288 428 450 514
9 27 115 152 153 269 289 429 451 515
8 28 116 155 270 290 430 452 516
9 29 117 154 155 271 291 431 453 517
8 30 118 157 272 292 360 454 518
9 31 119 156 157 273 293 361 455 519
8 32 120 159 274 294 362 456 520
9 33 121 158 159 275 295 363 457 521
8 34 122 161 276 296 364 458 522
9 35 123 160 161 277 297 365 459 523
8 36 124 163 278 298 366 460 524
9 37 125 162 163 279 299 367 461 525
8 38 126 165 280 300 368 462 526
9 39 127 164 165 281 301 369 463 527
8 40 128 167 282 302 370 464 528
9 41 129 166 167 283 303 371 465 529
8 42 130 169 284 304 372 466 530
9 43 131 168 169 285 305 373 467 531
8 44 132 171 286 306 374 468 532
9 45 133 170 171 287 307 375 469 533
8 46 134 173 216 308 376 470 534
9 47 135 172 173 217 309 377 471 535
8 48 136 175 218 310 378 472 536
9 49 137 174 175 219 311 379 473 537
8 50 138 177 220 312 380 474 538
9 51 139 176 177 221 313 381 475 539
8 52 140 179 222 314 382 476 540
9 53 141 178 179 223 315 383 477 541
8 54 142 181 224 316 384 478 542
9 55 143 180 181 225 317 385 479 543
8 56 72 183 226 318 386 480 544
9 57 73 182 183 227 319 387 481 545
8 58 74 185 228 320 388 482 546
9 59 75 184 185 229 321 389 483 547
8 60 76 187 230 322 390 484 548
9 61 77 186 187 231 323 391 485 549
8 62 78 189 232 324 392 486 550
9 63 79 188 189 233 325 393 487 551
8 64 80 191 234 326 394 488 552
9 65 81 190 191 235 327 395 489 553
8 66 82 193 236 328 396 490 554
9 67 83 192 193 237 329 397 491 555
8 68 84 195 238 330 398 492 556
9 69 85 194 195 239 331 399 493 557
8 70 86 197 240 332 400 494 558
9 71 87 196 197 241 333 401 495 559
