216 576
8 0 80 152 250 289 394 496 568
9 1 81 153 251 288 289 395 497 569
8 2 82 154 252 291 396 498 570
9 3 83 155 253 290 291 397 499 571
8 4 84 156 254 293 398 500 572
9 5 85 157 255 292 293 399 501 573
8 6 86 158 256 295 400 502 574
9 7 87 159 257 294 295 401 503 575
8 8 88 160 258 297 402 432 504
9 9 89 161 259 296 297 403 433 505
8 10 90 162 260 299 404 434 506
9 11 91 163 261 298 299 405 435 507
8 12 92 164 262 301 406 436 508
9 13 93 165 263 300 301 407 437 509
8 14 94 166 264 303 408 438 510
9 15 95 167 265 302 303 409 439 511
8 16 96 168 266 305 410 440 512
9 17 97 169 267 304 305 411 441 513
8 18 98 170 268 307 412 442 514
9 19 99 171 269 306 307 413 443 515
8 20 100 172 270 309 414 444 516
9 21 101 173 271 308 309 415 445 517
8 22 102 174 272 311 416 446 518
9 23 103 175 273 310 311 417 447 519
8 24 104 176 274 313 418 448 520
9 25 105 177 275 312 313 419 449 521
8 26 106 178 276 315 420 450 522
9 27 107 179 277 314 315 421 451 523
8 28 108 180 278 317 422 452 524
9 29 109 181 279 316 317 423 453 525
8 30 110 182 280 319 424 454 526
9 31 111 183 281 318 319 425 455 527
8 32 112 184 282 321 426 456 528
9 33 113 185 283 320 321 427 457 529
8 34 114 186 284 323 428 458 530
9 35 115 187 285 322 323 429 459 531
8 36 116 188 286 325 430 460 532
9 37 117 189 287 324 325 431 461 533
8 38 118 190 216 327 360 462 534
9 39 119 191 217 326 327 361 463 535
8 40 120 192 218 329 362 464 536
9 41 121 193 219 328 329 363 465 537
8 42 122 194 220 331 364 466 538
9 43 123 195 221 330 331 365 467 539
8 44 124 196 222 333 366 468 540
9 45 125 197 223 332 333 367 469 541
8 46 126 198 224 335 368 470 542
9 47 127 199 225 334 335 369 471 543
8 48 128 200 226 337 370 472 544
9 49 129 201 227 336 337 371 473 545
8 50 130 202 228 339 372 474 546
9 51 131 203 229 338 339 373 475 547
8 52 132 204 230 341 374 476 548
9 53 133 205 231 340 341 375 477 549
8 54 134 206 232 343 376 478 550
9 55 135 207 233 342 343 377 479 551
8 56 136 208 234 345 378 480 552
9 57 137 209 235 344 345 379 481 553
8 58 138 210 236 347 380 482 554
9 59 139 211 237 346 347 381 483 555
8 60 140 212 238 349 382 484 556
9 61 141 213 239 348 349 383 485 557
8 62 142 214 240 351 384 486 558
9 63 143 215 241 350 351 385 487 559
8 64 72 144 242 353 386 488 560
9 65 73 145 243 352 353 387 489 561
8 66 74 146 244 355 388 490 562
9 67 75 147 245 354 355 389 491 563
8 68 76 148 246 357 390 492 564
9 69 77 149 247 356 357 391 493 565
8 70 78 150 248 359 392 494 566
9 71 79 151 249 358 359 393 495 567
8 0 108 156 252 344 361 444 560
9 1 109 157 253 345 360 361 445 561
8 2 110 158 254 346 363 446 562
9 3 111 159 255 347 362 363 447 563
8 4 112 160 256 348 365 448 564
9 5 113 161 257 349 364 365 449 565
8 6 114 162 258 350 367 450 566
9 7 115 163 259 351 366 367 451 567
8 8 116 164 260 352 369 452 568
9 9 117 165 261 353 368 369 453 569
8 10 118 166 262 354 371 454 570
9 11 119 167 263 355 370 371 455 571
8 12 120 168 264 356 373 456 572
9 13 121 169 265 357 372 373 457 573
8 14 122 170 266 358 375 458 574
9 15 123 171 267 359 374 375 459 575
8 16 124 172 268 288 377 460 504
9 17 125 173 269 289 376 377 461 505
8 18 126 174 270 290 379 462 506
9 19 127 175 271 291 378 379 463 507
8 20 128 176 272 292 381 464 508
9 21 129 177 273 293 380 381 465 509
8 22 130 178 274 294 383 466 510
9 23 131 179 275 295 382 383 467 511
8 24 132 180 276 296 385 468 512
9 25 133 181 277 297 384 385 469 513
8 26 134 182 278 298 387 470 514
9 27 135 183 279 299 386 387 471 515
8 28 136 184 280 300 389 472 516
9 29 137 185 281 301 388 389 473 517
8 30 138 186 282 302 391 474 518
9 31 139 187 283 303 390 391 475 519
8 32 140 188 284 304 393 476 520
9 33 141 189 285 305 392 393 477 521
8 34 142 190 286 306 395 478 522
9 35 143 191 287 307 394 395 479 523
8 36 72 192 216 308 397 480 524
9 37 73 193 217 309 396 397 481 525
8 38 74 194 218 310 399 482 526
9 39 75 195 219 311 398 399 483 527
8 40 76 196 220 312 401 484 528
9 41 77 197 221 313 400 401 485 529
8 42 78 198 222 314 403 486 530
9 43 79 199 223 315 402 403 487 531
8 44 80 200 224 316 405 488 532
9 45 81 201 225 317 404 405 489 533
8 46 82 202 226 318 407 490 534
9 47 83 203 227 319 406 407 491 535
8 48 84 204 228 320 409 492 536
9 49 85 205 229 321 408 409 493 537
8 50 86 206 230 322 411 494 538
9 51 87 207 231 323 410 411 495 539
8 52 88 208 232 324 413 496 540
9 53 89 209 233 325 412 413 497 541
8 54 90 210 234 326 415 498 542
9 55 91 211 235 327 414 415 499 543
8 56 92 212 236 328 417 500 544
9 57 93 213 237 329 416 417 501 545
8 58 94 214 238 330 419 502 546
9 59 95 215 239 331 418 419 503 547
8 60 96 144 240 332 421 432 548
9 61 97 145 241 333 420 421 433 549
8 62 98 146 242 334 423 434 550
9 63 99 147 243 335 422 423 435 551
8 64 100 148 244 336 425 436 552
9 65 101 149 245 337 424 425 437 553
8 66 102 150 246 338 427 438 554
9 67 103 151 247 339 426 427 439 555
8 68 104 152 248 340 429 440 556
9 69 105 153 249 341 428 429 441 557
8 70 106 154 250 342 431 442 558
9 71 107 155 251 343 430 431 443 559
8 0 130 206 242 350 418 433 530
9 1 131 207 243 351 419 432 433 531
8 2 132 208 244 352 420 435 532
9 3 133 209 245 353 421 434 435 533
8 4 134 210 246 354 422 437 534
9 5 135 211 247 355 423 436 437 535
8 6 136 212 248 356 424 439 536
9 7 137 213 249 357 425 438 439 537
8 8 138 214 250 358 426 441 538
9 9 139 215 251 359 427 440 441 539
8 10 140 144 252 288 428 443 540
9 11 141 145 253 289 429 442 443 541
8 12 142 146 254 290 430 445 542
9 13 143 147 255 291 431 444 445 543
8 14 72 148 256 292 360 447 544
9 15 73 149 257 293 361 446 447 545
8 16 74 150 258 294 362 449 546
9 17 75 151 259 295 363 448 449 547
8 18 76 152 260 296 364 451 548
9 19 77 153 261 297 365 450 451 549
8 20 78 154 262 298 366 453 550
9 21 79 155 263 299 367 452 453 551
8 22 80 156 264 300 368 455 552
9 23 81 157 265 301 369 454 455 553
8 24 82 158 266 302 370 457 554
9 25 83 159 267 303 371 456 457 555
8 26 84 160 268 304 372 459 556
9 27 85 161 269 305 373 458 459 557
8 28 86 162 270 306 374 461 558
9 29 87 163 271 307 375 460 461 559
8 30 88 164 272 308 376 463 560
9 31 89 165 273 309 377 462 463 561
8 32 90 166 274 310 378 465 562
9 33 91 167 275 311 379 464 465 563
8 34 92 168 276 312 380 467 564
9 35 93 169 277 313 381 466 467 565
8 36 94 170 278 314 382 469 566
9 37 95 171 279 315 383 468 469 567
8 38 96 172 280 316 384 471 568
9 39 97 173 281 317 385 470 471 569
8 40 98 174 282 318 386 473 570
9 41 99 175 283 319 387 472 473 571
8 42 100 176 284 320 388 475 572
9 43 101 177 285 321 389 474 475 573
8 44 102 178 286 322 390 477 574
9 45 103 179 287 323 391 476 477 575
8 46 104 180 216 324 392 479 504
9 47 105 181 217 325 393 478 479 505
8 48 106 182 218 326 394 481 506
9 49 107 183 219 327 395 480 481 507
8 50 108 184 220 328 396 483 508
9 51 109 185 221 329 397 482 483 509
8 52 110 186 222 330 398 485 510
9 53 111 187 223 331 399 484 485 511
8 54 112 188 224 332 400 487 512
9 55 113 189 225 333 401 486 487 513
8 56 114 190 226 334 402 489 514
9 57 115 191 227 335 403 488 489 515
8 58 116 192 228 336 404 491 516
9 59 117 193 229 337 405 490 491 517
8 60 118 194 230 338 406 493 518
9 61 119 195 231 339 407 492 493 519
8 62 120 196 232 340 408 495 520
9 63 121 197 233 341 409 494 495 521
8 64 122 198 234 342 410 497 522
9 65 123 199 235 343 411 496 497 523
8 66 124 200 236 344 412 499 524
9 67 125 201 237 345 413 498 499 525
8 68 126 202 238 346 414 501 526
9 69 127 203 239 347 415 500 501 527
8 70 128 204 240 348 416 503 528
9 71 129 205 241 349 417 502 503 529
