256 96 2 32
0 1 32 1 64 1 4295098370 144115192371020809 8590131203 216172790703785998 12884967425 72057606922963975
1 1 33 1 65 1 17180393480 576460769484083236 34360524812 864691162815143992 51539869700 288230427691855900
2 1 34 1 66 1 68721573920 2305843077936332944 137442099248 3458764651260575968 206159478800 1152921710767423600
3 1 35 1 67 1 274886295680 9223372311745331776 549768396992 13835058605042303872 824637915200 4611686843069694400
4 1 36 1 68 1 1099545182720 1099562223874 2199073587968 2199040560643 3298551660800 3298569225985
5 1 37 1 69 1 4398180730880 4398248895496 8796294351872 8796162242572 13194206643200 13194276903940
6 1 38 1 70 1 17592722923520 17592995581984 35185177407488 35184648970288 52776826572800 52777107615760
7 1 39 1 71 1 70370891694080 70371982327936 140740709629952 140738595881152 211107306291200 211108430463040
8 1 40 1 72 1 281483566776320 281487929311744 562962838519808 562954383524608 844429225164800 844433721852160
9 1 41 1 73 1 1125934267105280 1125951717246976 2251851354079232 2251817534098432 3377716900659200 3377734887408640
10 1 42 1 74 1 4503737068421120 4503806868987904 9007405416316928 9007270136393728 13510867602636800 13510939549634560
11 1 43 1 75 1 18014948273684480 18015227475951616 36029621665267712 36029080545574912 54043470410547200 54043758198538240
12 1 44 1 76 1 72059793094737920 72060909903806464 144118486661070848 144116322182299648 216173881642188800 216175032794152960
13 1 45 1 77 1 288239172378951680 288243639615225856 576473946644283392 576465288729198592 864695526568755200 864700131176611840
14 1 46 1 78 1 1152956689515806720 1152974558460903424 2305895786577133568 2305861154916794368 3458782106275020800 3458800524706447360
15 1 47 1 79 1 4611826758063226880 4611898233843613696 9223583146308534272 9223444619667177472 13835128425100083200 13835202098825789440
16 1 48 1 80 1 562958543355905 848861664903169 844437815033858 290331249606658 281479271677955 576174174502915
17 1 49 1 81 1 2251834173423620 3395446659612676 3377751260135432 1161324998426632 1125917086711820 2304696698011660
18 1 50 1 82 1 9007336693694480 13581786638450704 13511005040541728 4645299993706528 4503668346847280 9218786792046640
19 1 51 1 83 1 36029346774777920 54327146553802816 54044020162166912 18581199974826112 18014673387389120 36875147168186560
20 1 52 1 84 1 144117387099111680 217308586215211264 216176080648667648 74324799899304448 72058693549556480 147500588672746240
21 1 53 1 85 1 576469548396446720 869234344860845056 864704322594670592 297299199597217792 288234774198225920 590002354690984960
22 1 54 1 86 1 2305878193585786880 3476937379443380224 3458817290378682368 1189196798388871168 1152939096792903680 2360009418763939840
23 1 55 1 87 1 9223512774343147520 13907749517773520896 13835269161514729472 4756787193555484672 4611756387171614720 9440037675055759360
24 1 56 1 88 1 562949953486850 290765849965428739 844424930263043 580404700512387073 281474976907265 866662552803934210
25 1 57 1 89 1 2251799813947400 1163063399861714956 3377699721052172 2321618802049548292 1125899907629060 3466650211215736840
26 1 58 1 90 1 9007199255789600 4652253599446859824 13510798884208688 9286475208198193168 4503599630516240 13866600844862947360
27 1 59 1 91 1 36028797023158400 162270324077887681 54043195536834752 252412685373669442 18014398522064960 126171158323134595
28 1 60 1 92 1 144115188092633600 649081296311550724 216172782147339008 1009650741494677768 72057594088259840 504684633292538380
29 1 61 1 93 1 576460752370534400 2596325185246202896 864691128589356032 4038602965978711072 288230376353039360 2018738533170153520
30 1 62 1 94 1 2305843009482137600 10385300740984811584 3458764514357424128 16154411863914844288 1152921505412157440 8074954132680614080
31 1 63 1 95 1 9223372037928550400 4647714816520143106 13835058057429696512 9277415234530722307 4611686021648629760 13853072457012904705
18 1 53 1 73 1 844433570595073 217580156997404674 281487878455810 74872343805168643 562954282074883 148337312726713345
19 1 54 1 74 1 3377734282380292 870320627989618696 1125951513823240 299489375220674572 2251817128299532 593349250906853380
20 1 55 1 75 1 13510937129521168 3481282511958474784 4503806055292960 1197957500882698288 9007268513198128 2373397003627413520
21 1 56 1 76 1 54043748518084672 13925130047833899136 18015224221171840 4791830003530793152 36029074052792512 9493588014509654080
22 1 57 1 77 1 216174994072338688 360287970206941699 72060896884687360 720575940413620993 144116296211170048 1080863910619513090
23 1 58 1 78 1 864699976289354752 1441151880827766796 288243587538749440 2882303761654483972 576465184844680192 4323455642478052360
24 1 59 1 79 1 3458799905157419008 5764607523311067184 1152974350154997760 11529215046617935888 2305860739378720768 17293822569912209440
25 1 60 1 80 1 13835199620629676032 4611686019534717121 4611897400619991040 9223372039052640322 9223442957514883072 13835058058520182915
26 1 61 1 81 1 566261390049283 4429316869 845528770412545 8791458058 283682640429058 12952076815
27 1 62 1 82 1 2265045560197132 17717267476 3382115081650180 35165832232 1134730561716232 51808307260
28 1 63 1 83 1 9060182240788528 70869069904 13528460326600720 140663328928 4538922246864928 207233229040
29 1 32 1 84 1 36240728963154112 283476279616 54113841306402880 562653315712 18155688987459712 828932916160
30 1 33 1 85 1 144962915852616448 1133905118464 216455365225611520 2250613262848 72622755949838848 3315731664640
31 1 34 1 86 1 579851663410465792 4535620473856 865821460902446080 9002453051392 290491023799355392 13262926658560
0 1 35 1 87 1 2319406653641863168 18142481895424 3463285843609784320 36009812205568 1161964095197421568 53051706634240
1 1 36 1 88 1 9277626614567452672 72569927581696 13853143374439137280 144039248822272 4647856380789686272 212206826536960
2 1 37 1 89 1 217018310850707458 290279710326784 72341276627894275 576156995289088 144681449449193473 848827306147840
3 1 38 1 90 1 868073243402829832 1161118841307136 289365106511577100 2304627981156352 578725797796773892 3395309224591360
4 1 39 1 91 1 3472292973611319328 4644475365228544 1157460426046308400 9218511924625408 2314903191187095568 13581236898365440
5 1 40 1 92 1 13889171894445277312 18577901460914176 4629841704185233600 36874047698501632 9259612764748382272 54324947593461760
6 1 41 1 93 1 216455356652454403 74311605843656704 72622743031382785 147496190794006528 144962911574425858 217299790373847040
7 1 42 1 94 1 865821426609817612 297246423374626816 290490972125531140 589984763176026112 579851646297703432 869199161495388160
8 1 43 1 95 1 3463285706439270448 1188985693498507264 1161963888502124560 2359939052704104448 2319406585190813728 3476796645981552640
9 1 44 1 64 1 13853142825757081792 4755942773994029056 4647855554008498240 9439756210816417792 9277626340763254912 13907186583926210560
10 1 45 1 65 1 72339081899672323 577027022266564609 144678142324441345 865536695846567938 217017215633916418 288514114576187395
11 1 46 1 66 1 289356327598689292 2308108089066258436 578712569297765380 3462146783386271752 868068862535665672 1154056458304749580
12 1 47 1 67 1 1157425310394757168 9232432356265033744 2314850277191061520 13848587133545087008 3472275450142662688 4616225833218998320
13 1 48 1 68 1 4629701241579028672 36241277641031746 9259401108764246080 54116313051693187 13889101800570650752 18159259166441665
14 1 49 1 69 1 72060892606563073 144965110564126984 144116287637881090 216465252206772748 216174981153948163 72637036665766660
15 1 50 1 70 1 288243570426252292 579860442256507936 576465150551524360 865861008827090992 864699924615792652 290548146663066640
16 1 51 1 71 1 1152974281705009168 2319441769026031744 2305860602206097440 3463444035308363968 3458799698463170608 1162192586652266560
17 1 52 1 72 1 4611897126820036672 9277767076104126976 9223442408824389760 13853776141233455872 13835198793852682432 4648770346609066240
18 1 35 1 90 1 847723515346946 1408482985116172 282574505115651 2816961675264772 565149010231297 4225427480510728
19 1 36 1 91 1 3390894061387784 5633931940464688 1130298020462604 11267846701059088 2260596040925188 16901709922042912
20 1 37 1 92 1 13563576245551136 22535727761858752 4521192081850416 45071386804236352 9042384163700752 67606839688171648
21 1 38 1 93 1 54254304982204544 90142911047435008 18084768327401664 180285547216945408 36169536654803008 270427358752686592
22 1 39 1 94 1 217017219928818176 360571644189740032 72339073309606656 721142188867781632 144678146619212032 1081709435010746368
23 1 40 1 95 1 868068879715272704 1442286576758960128 289356293238426624 2884568755471126528 578712586476848128 4326837740042985472
24 1 41 1 64 1 3472275518861090816 5769146307035840512 1157425172953706496 11538275021884506112 2314850345907392512 17307350960171941888
25 1 42 1 65 1 13889102075444363264 4629841154433810433 4629700691814825984 9259611940118921218 9259401383629570048 13889171619559112707
26 1 43 1 66 1 216176080648798211 72620544025690117 72058693549752321 144959613056581642 144117387099176962 216454257107795983
27 1 44 1 67 1 864704322595192844 290482176102760468 288234774199009284 579838452226326568 576469548396707848 865817028431183932
28 1 45 1 68 1 3458817290380771376 1161928704411041872 1152939096796037136 2319353808905306272 2305878193586831392 3463268113724735728
29 1 46 1 69 1 13835269161523085504 4647714817644167488 4611756387184148544 9277415235621225088 9223512774347325568 13853072454898942912
30 1 47 1 70 1 844424963687171 144115196867118337 281475027042561 216172795065797122 562949970199042 72057598467116803
31 1 48 1 71 1 3377699854748684 576460787468473348 1125900108170244 864691180263188488 2251799880796168 288230393868467212
0 1 49 1 72 1 13510799418994736 2305843149873893392 4503600432680976 3458764721052753952 9007199523184672 1152921575473868848
1 1 50 1 73 1 54043197675978944 9223372599495573568 18014401730723904 13835058884211015808 36028798092738688 4611686301895475392
2 1 51 1 74 1 216172790703915776 2250563191042 72057606922895616 3315715408387 144115192370954752 1133872349953
3 1 52 1 75 1 864691162815663104 9002252764168 288230427691582464 13262861633548 576460769483819008 4535489399812
4 1 53 1 76 1 3458764651262652416 36009011056672 1152921710766329856 53051446534192 2305843077935276032 18141957599248
5 1 54 1 77 1 13835058605050609664 144036044226688 4611686843065319424 212205786136768 9223372311741104128 72567830396992
6 1 55 1 78 1 2199073783811 576144176906752 3298551726081 848823144547072 1099545313282 290271321587968
7 1 56 1 79 1 8796295135244 2304576707627008 13194206904324 3395292578188288 4398181253128 1161085286351872
8 1 57 1 80 1 35185180540976 9218306830508032 52776827617296 13581170312753152 17592725012512 4644341145407488
9 1 58 1 81 1 140740722163904 36873227322032128 211107310469184 54324681251012608 70370900050048 18577364581629952
10 1 59 1 82 1 562962888655616 147492909288128512 844429241876736 217298725004050432 281483600200192 74309458326519808
11 1 60 1 83 1 2251851554622464 589971637152514048 3377716967506944 869194900016201728 1125934400800768 297237833306079232
12 1 61 1 84 1 9007406218489856 2359886548610056192 13510867870027776 3476779600064806912 4503737603203072 1188951333224316928
13 1 62 1 85 1 36029624873959424 9439546194440224768 54043471480111104 13907118400259227648 18014950412812288 4755805332897267712
14 1 63 1 86 1 144118499495837696 864696630341795842 216173885920444416 288241379908255747 72059801651249152 576477257879519233
15 1 32 1 87 1 576473997983350784 3458786521367183368 864695543681777664 1152965519633022988 288239206604996608 2305909031518076932
16 1 33 1 88 1 2305895991933403136 13835146085468733472 3458782174727110656 4611862078532091952 1152956826419986432 9223636126072307728
17 1 34 1 89 1 9223583967733612544 352120746279043 13835128698908442624 704240418816193 4611827305679945728 1056356870127682
3 1 47 1 68 1 3298534883584 0 1099511628288 0 2199023256320 0
4 1 48 1 69 1 13194139534336 0 4398046513152 0 8796093025280 0
5 1 49 1 70 1 52776558137344 0 17592186052608 0 35184372101120 0
6 1 50 1 71 1 211106232549376 0 70368744210432 0 140737488404480 0
7 1 51 1 72 1 844424930197504 0 281474976841728 0 562949953617920 0
8 1 52 1 73 1 3377699720790016 0 1125899907366912 0 2251799814471680 0
9 1 53 1 74 1 13510798883160064 0 4503599629467648 0 9007199257886720 0
10 1 54 1 75 1 54043195532640256 0 18014398517870592 0 36028797031546880 0
11 1 55 1 76 1 216172782130561024 0 72057594071482368 0 144115188126187520 0
12 1 56 1 77 1 864691128522244096 0 288230376285929472 0 576460752504750080 0
13 1 57 1 78 1 3458764514088976384 0 1152921505143717888 0 2305843010019000320 0
14 1 58 1 79 1 13835058056355905536 0 4611686020574871552 0 9223372040076001280 0
15 1 59 1 80 1 4294967299 0 8589934593 0 12884901890 0
16 1 60 1 81 1 17179869196 0 34359738372 0 51539607560 0
17 1 61 1 82 1 68719476784 0 137438953488 0 206158430240 0
18 1 62 1 83 1 274877907136 0 549755813952 0 824633720960 0
19 1 63 1 84 1 1099511628544 0 2199023255808 0 3298534883840 0
20 1 32 1 85 1 4398046514176 0 8796093023232 0 13194139535360 0
21 1 33 1 86 1 17592186056704 0 35184372092928 0 52776558141440 0
22 1 34 1 87 1 70368744226816 0 140737488371712 0 211106232565760 0
23 1 35 1 88 1 281474976907264 0 562949953486848 0 844424930263040 0
24 1 36 1 89 1 1125899907629056 0 2251799813947392 0 3377699721052160 0
25 1 37 1 90 1 4503599630516224 0 9007199255789568 0 13510798884208640 0
26 1 38 1 91 1 18014398522064896 0 36028797023158272 0 54043195536834560 0
27 1 39 1 92 1 72057594088259584 0 144115188092633088 0 216172782147338240 0
28 1 40 1 93 1 288230376353038336 0 576460752370532352 0 864691128589352960 0
29 1 41 1 94 1 1152921505412153344 0 2305843009482129408 0 3458764514357411840 0
30 1 42 1 95 1 4611686021648613376 0 9223372037928517632 0 13835058057429647360 0
31 1 43 1 64 1 12884901889 0 4294967298 0 8589934595 0
0 1 44 1 65 1 51539607556 0 17179869192 0 34359738380 0
1 1 45 1 66 1 206158430224 0 68719476768 0 137438953520 0
2 1 46 1 67 1 824633720896 0 274877907072 0 549755814080 0
0 2 53 1 90 1 0 0 0 0 0 0
1 2 54 1 91 1 0 0 0 0 0 0
2 2 55 1 92 1 0 0 0 0 0 0
3 2 56 1 93 1 0 0 0 0 0 0
4 2 57 1 94 1 0 0 0 0 0 0
5 2 58 1 95 1 0 0 0 0 0 0
6 2 59 1 64 1 0 0 0 0 0 0
7 2 60 1 65 1 0 0 0 0 0 0
8 2 61 1 66 1 0 0 0 0 0 0
9 2 62 1 67 1 0 0 0 0 0 0
10 2 63 1 68 1 0 0 0 0 0 0
11 2 32 1 69 1 0 0 0 0 0 0
12 2 33 1 70 1 0 0 0 0 0 0
13 2 34 1 71 1 0 0 0 0 0 0
14 2 35 1 72 1 0 0 0 0 0 0
15 2 36 1 73 1 0 0 0 0 0 0
16 2 37 1 74 1 0 0 0 0 0 0
17 2 38 1 75 1 0 0 0 0 0 0
18 2 39 1 76 1 0 0 0 0 0 0
19 2 40 1 77 1 0 0 0 0 0 0
20 2 41 1 78 1 0 0 0 0 0 0
21 2 42 1 79 1 0 0 0 0 0 0
22 2 43 1 80 1 0 0 0 0 0 0
23 2 44 1 81 1 0 0 0 0 0 0
24 2 45 1 82 1 0 0 0 0 0 0
25 2 46 1 83 1 0 0 0 0 0 0
26 2 47 1 84 1 0 0 0 0 0 0
27 2 48 1 85 1 0 0 0 0 0 0
28 2 49 1 86 1 0 0 0 0 0 0
29 2 50 1 87 1 0 0 0 0 0 0
30 2 51 1 88 1 0 0 0 0 0 0
31 2 52 1 89 1 0 0 0 0 0 0
3 1 32 2 73 1 0 0 0 0 0 0
4 1 33 2 74 1 0 0 0 0 0 0
5 1 34 2 75 1 0 0 0 0 0 0
6 1 35 2 76 1 0 0 0 0 0 0
7 1 36 2 77 1 0 0 0 0 0 0
8 1 37 2 78 1 0 0 0 0 0 0
9 1 38 2 79 1 0 0 0 0 0 0
10 1 39 2 80 1 0 0 0 0 0 0
11 1 40 2 81 1 0 0 0 0 0 0
12 1 41 2 82 1 0 0 0 0 0 0
13 1 42 2 83 1 0 0 0 0 0 0
14 1 43 2 84 1 0 0 0 0 0 0
15 1 44 2 85 1 0 0 0 0 0 0
16 1 45 2 86 1 0 0 0 0 0 0
17 1 46 2 87 1 0 0 0 0 0 0
18 1 47 2 88 1 0 0 0 0 0 0
19 1 48 2 89 1 0 0 0 0 0 0
20 1 49 2 90 1 0 0 0 0 0 0
21 1 50 2 91 1 0 0 0 0 0 0
22 1 51 2 92 1 0 0 0 0 0 0
23 1 52 2 93 1 0 0 0 0 0 0
24 1 53 2 94 1 0 0 0 0 0 0
25 1 54 2 95 1 0 0 0 0 0 0
26 1 55 2 64 1 0 0 0 0 0 0
27 1 56 2 65 1 0 0 0 0 0 0
28 1 57 2 66 1 0 0 0 0 0 0
29 1 58 2 67 1 0 0 0 0 0 0
30 1 59 2 68 1 0 0 0 0 0 0
31 1 60 2 69 1 0 0 0 0 0 0
0 1 61 2 70 1 0 0 0 0 0 0
1 1 62 2 71 1 0 0 0 0 0 0
2 1 63 2 72 1 0 0 0 0 0 0
2 1 47 1 64 2 0 0 0 0 0 0
3 1 48 1 65 2 0 0 0 0 0 0
4 1 49 1 66 2 0 0 0 0 0 0
5 1 50 1 67 2 0 0 0 0 0 0
6 1 51 1 68 2 0 0 0 0 0 0
7 1 52 1 69 2 0 0 0 0 0 0
8 1 53 1 70 2 0 0 0 0 0 0
9 1 54 1 71 2 0 0 0 0 0 0
10 1 55 1 72 2 0 0 0 0 0 0
11 1 56 1 73 2 0 0 0 0 0 0
12 1 57 1 74 2 0 0 0 0 0 0
13 1 58 1 75 2 0 0 0 0 0 0
14 1 59 1 76 2 0 0 0 0 0 0
15 1 60 1 77 2 0 0 0 0 0 0
16 1 61 1 78 2 0 0 0 0 0 0
17 1 62 1 79 2 0 0 0 0 0 0
18 1 63 1 80 2 0 0 0 0 0 0
19 1 32 1 81 2 0 0 0 0 0 0
20 1 33 1 82 2 0 0 0 0 0 0
21 1 34 1 83 2 0 0 0 0 0 0
22 1 35 1 84 2 0 0 0 0 0 0
23 1 36 1 85 2 0 0 0 0 0 0
24 1 37 1 86 2 0 0 0 0 0 0
25 1 38 1 87 2 0 0 0 0 0 0
26 1 39 1 88 2 0 0 0 0 0 0
27 1 40 1 89 2 0 0 0 0 0 0
28 1 41 1 90 2 0 0 0 0 0 0
29 1 42 1 91 2 0 0 0 0 0 0
30 1 43 1 92 2 0 0 0 0 0 0
31 1 44 1 93 2 0 0 0 0 0 0
0 1 45 1 94 2 0 0 0 0 0 0
1 1 46 1 95 2 0 0 0 0 0 0
2 1 35 1 68 1 0 1099511628288 0 2199023256320 0 3298534883584
3 1 36 1 69 1 0 4398046513152 0 8796093025280 0 13194139534336
4 1 37 1 70 1 0 17592186052608 0 35184372101120 0 52776558137344
5 1 38 1 71 1 0 70368744210432 0 140737488404480 0 211106232549376
6 1 39 1 72 1 0 281474976841728 0 562949953617920 0 844424930197504
7 1 40 1 73 1 0 1125899907366912 0 2251799814471680 0 3377699720790016
8 1 41 1 74 1 0 4503599629467648 0 9007199257886720 0 13510798883160064
9 1 42 1 75 1 0 18014398517870592 0 36028797031546880 0 54043195532640256
10 1 43 1 76 1 0 72057594071482368 0 144115188126187520 0 216172782130561024
11 1 44 1 77 1 0 288230376285929472 0 576460752504750080 0 864691128522244096
12 1 45 1 78 1 0 1152921505143717888 0 2305843010019000320 0 3458764514088976384
13 1 46 1 79 1 0 4611686020574871552 0 9223372040076001280 0 13835058056355905536
14 1 47 1 80 1 0 8589934593 0 12884901890 0 4294967299
15 1 48 1 81 1 0 34359738372 0 51539607560 0 17179869196
16 1 49 1 82 1 0 137438953488 0 206158430240 0 68719476784
17 1 50 1 83 1 0 549755813952 0 824633720960 0 274877907136
18 1 51 1 84 1 0 2199023255808 0 3298534883840 0 1099511628544
19 1 52 1 85 1 0 8796093023232 0 13194139535360 0 4398046514176
20 1 53 1 86 1 0 35184372092928 0 52776558141440 0 17592186056704
21 1 54 1 87 1 0 140737488371712 0 211106232565760 0 70368744226816
22 1 55 1 88 1 0 562949953486848 0 844424930263040 0 281474976907264
23 1 56 1 89 1 0 2251799813947392 0 3377699721052160 0 1125899907629056
24 1 57 1 90 1 0 9007199255789568 0 13510798884208640 0 4503599630516224
25 1 58 1 91 1 0 36028797023158272 0 54043195536834560 0 18014398522064896
26 1 59 1 92 1 0 144115188092633088 0 216172782147338240 0 72057594088259584
27 1 60 1 93 1 0 576460752370532352 0 864691128589352960 0 288230376353038336
28 1 61 1 94 1 0 2305843009482129408 0 3458764514357411840 0 1152921505412153344
29 1 62 1 95 1 0 9223372037928517632 0 13835058057429647360 0 4611686021648613376
30 1 63 1 64 1 0 4294967298 0 8589934595 0 12884901889
31 1 32 1 65 1 0 17179869192 0 34359738380 0 51539607556
0 1 33 1 66 1 0 68719476768 0 137438953520 0 206158430224
1 1 34 1 67 1 0 274877907072 0 549755814080 0 824633720896
