256 96 2 32
0 2 32 1 64 1 0 0 0 0 0 0
1 2 33 1 65 1 0 0 0 0 0 0
2 2 34 1 66 1 0 0 0 0 0 0
3 2 35 1 67 1 0 0 0 0 0 0
4 2 36 1 68 1 0 0 0 0 0 0
5 2 37 1 69 1 0 0 0 0 0 0
6 2 38 1 70 1 0 0 0 0 0 0
7 2 39 1 71 1 0 0 0 0 0 0
8 2 40 1 72 1 0 0 0 0 0 0
9 2 41 1 73 1 0 0 0 0 0 0
10 2 42 1 74 1 0 0 0 0 0 0
11 2 43 1 75 1 0 0 0 0 0 0
12 2 44 1 76 1 0 0 0 0 0 0
13 2 45 1 77 1 0 0 0 0 0 0
14 2 46 1 78 1 0 0 0 0 0 0
15 2 47 1 79 1 0 0 0 0 0 0
16 2 48 1 80 1 0 0 0 0 0 0
17 2 49 1 81 1 0 0 0 0 0 0
18 2 50 1 82 1 0 0 0 0 0 0
19 2 51 1 83 1 0 0 0 0 0 0
20 2 52 1 84 1 0 0 0 0 0 0
21 2 53 1 85 1 0 0 0 0 0 0
22 2 54 1 86 1 0 0 0 0 0 0
23 2 55 1 87 1 0 0 0 0 0 0
24 2 56 1 88 1 0 0 0 0 0 0
25 2 57 1 89 1 0 0 0 0 0 0
26 2 58 1 90 1 0 0 0 0 0 0
27 2 59 1 91 1 0 0 0 0 0 0
28 2 60 1 92 1 0 0 0 0 0 0
29 2 61 1 93 1 0 0 0 0 0 0
30 2 62 1 94 1 0 0 0 0 0 0
31 2 63 1 95 1 0 0 0 0 0 0
0 1 56 2 72 1 0 0 0 0 0 0
1 1 57 2 73 1 0 0 0 0 0 0
2 1 58 2 74 1 0 0 0 0 0 0
3 1 59 2 75 1 0 0 0 0 0 0
4 1 60 2 76 1 0 0 0 0 0 0
5 1 61 2 77 1 0 0 0 0 0 0
6 1 62 2 78 1 0 0 0 0 0 0
7 1 63 2 79 1 0 0 0 0 0 0
8 1 32 2 80 1 0 0 0 0 0 0
9 1 33 2 81 1 0 0 0 0 0 0
10 1 34 2 82 1 0 0 0 0 0 0
11 1 35 2 83 1 0 0 0 0 0 0
12 1 36 2 84 1 0 0 0 0 0 0
13 1 37 2 85 1 0 0 0 0 0 0
14 1 38 2 86 1 0 0 0 0 0 0
15 1 39 2 87 1 0 0 0 0 0 0
16 1 40 2 88 1 0 0 0 0 0 0
17 1 41 2 89 1 0 0 0 0 0 0
18 1 42 2 90 1 0 0 0 0 0 0
19 1 43 2 91 1 0 0 0 0 0 0
20 1 44 2 92 1 0 0 0 0 0 0
21 1 45 2 93 1 0 0 0 0 0 0
22 1 46 2 94 1 0 0 0 0 0 0
23 1 47 2 95 1 0 0 0 0 0 0
24 1 48 2 64 1 0 0 0 0 0 0
25 1 49 2 65 1 0 0 0 0 0 0
26 1 50 2 66 1 0 0 0 0 0 0
27 1 51 2 67 1 0 0 0 0 0 0
28 1 52 2 68 1 0 0 0 0 0 0
29 1 53 2 69 1 0 0 0 0 0 0
30 1 54 2 70 1 0 0 0 0 0 0
31 1 55 2 71 1 0 0 0 0 0 0
0 1 52 1 92 2 0 0 0 0 0 0
1 1 53 1 93 2 0 0 0 0 0 0
2 1 54 1 94 2 0 0 0 0 0 0
3 1 55 1 95 2 0 0 0 0 0 0
4 1 56 1 64 2 0 0 0 0 0 0
5 1 57 1 65 2 0 0 0 0 0 0
6 1 58 1 66 2 0 0 0 0 0 0
7 1 59 1 67 2 0 0 0 0 0 0
8 1 60 1 68 2 0 0 0 0 0 0
9 1 61 1 69 2 0 0 0 0 0 0
10 1 62 1 70 2 0 0 0 0 0 0
11 1 63 1 71 2 0 0 0 0 0 0
12 1 32 1 72 2 0 0 0 0 0 0
13 1 33 1 73 2 0 0 0 0 0 0
14 1 34 1 74 2 0 0 0 0 0 0
15 1 35 1 75 2 0 0 0 0 0 0
16 1 36 1 76 2 0 0 0 0 0 0
17 1 37 1 77 2 0 0 0 0 0 0
18 1 38 1 78 2 0 0 0 0 0 0
19 1 39 1 79 2 0 0 0 0 0 0
20 1 40 1 80 2 0 0 0 0 0 0
21 1 41 1 81 2 0 0 0 0 0 0
22 1 42 1 82 2 0 0 0 0 0 0
23 1 43 1 83 2 0 0 0 0 0 0
24 1 44 1 84 2 0 0 0 0 0 0
25 1 45 1 85 2 0 0 0 0 0 0
26 1 46 1 86 2 0 0 0 0 0 0
27 1 47 1 87 2 0 0 0 0 0 0
28 1 48 1 88 2 0 0 0 0 0 0
29 1 49 1 89 2 0 0 0 0 0 0
30 1 50 1 90 2 0 0 0 0 0 0
31 1 51 1 91 2 0 0 0 0 0 0
0 1 48 1 68 1 1099511628288 0 2199023256320 0 3298534883584 0
1 1 49 1 69 1 4398046513152 0 8796093025280 0 13194139534336 0
2 1 50 1 70 1 17592186052608 0 35184372101120 0 52776558137344 0
3 1 51 1 71 1 70368744210432 0 140737488404480 0 211106232549376 0
4 1 52 1 72 1 281474976841728 0 562949953617920 0 844424930197504 0
5 1 53 1 73 1 1125899907366912 0 2251799814471680 0 3377699720790016 0
6 1 54 1 74 1 4503599629467648 0 9007199257886720 0 13510798883160064 0
7 1 55 1 75 1 18014398517870592 0 36028797031546880 0 54043195532640256 0
8 1 56 1 76 1 72057594071482368 0 144115188126187520 0 216172782130561024 0
9 1 57 1 77 1 288230376285929472 0 576460752504750080 0 864691128522244096 0
10 1 58 1 78 1 1152921505143717888 0 2305843010019000320 0 3458764514088976384 0
11 1 59 1 79 1 4611686020574871552 0 9223372040076001280 0 13835058056355905536 0
12 1 60 1 80 1 8589934593 0 12884901890 0 4294967299 0
13 1 61 1 81 1 34359738372 0 51539607560 0 17179869196 0
14 1 62 1 82 1 137438953488 0 206158430240 0 68719476784 0
15 1 63 1 83 1 549755813952 0 824633720960 0 274877907136 0
16 1 32 1 84 1 2199023255808 0 3298534883840 0 1099511628544 0
17 1 33 1 85 1 8796093023232 0 13194139535360 0 4398046514176 0
18 1 34 1 86 1 35184372092928 0 52776558141440 0 17592186056704 0
19 1 35 1 87 1 140737488371712 0 211106232565760 0 70368744226816 0
20 1 36 1 88 1 562949953486848 0 844424930263040 0 281474976907264 0
21 1 37 1 89 1 2251799813947392 0 3377699721052160 0 1125899907629056 0
22 1 38 1 90 1 9007199255789568 0 13510798884208640 0 4503599630516224 0
23 1 39 1 91 1 36028797023158272 0 54043195536834560 0 18014398522064896 0
24 1 40 1 92 1 144115188092633088 0 216172782147338240 0 72057594088259584 0
25 1 41 1 93 1 576460752370532352 0 864691128589352960 0 288230376353038336 0
26 1 42 1 94 1 2305843009482129408 0 3458764514357411840 0 1152921505412153344 0
27 1 43 1 95 1 9223372037928517632 0 13835058057429647360 0 4611686021648613376 0
28 1 44 1 64 1 4294967298 0 8589934595 0 12884901889 0
29 1 45 1 65 1 17179869192 0 34359738380 0 51539607556 0
30 1 46 1 66 1 68719476768 0 137438953520 0 206158430224 0
31 1 47 1 67 1 274877907072 0 549755814080 0 824633720896 0
0 1 38 1 74 1 873698328247800832 2305843215375282176 301741175841236992 3458764582541070336 580964352202390528 1152921642047905792
1 1 39 1 75 1 3494793312991203328 9223372861501128704 1206964703364947968 13835058330164281344 2323857408809562112 4611686568191623168
2 1 40 1 76 1 13979173251964813312 3298585411586 4827858813459791872 1099528470531 9295429635238248448 2199056941057
3 1 41 1 77 1 576460786730598403 13194341646344 864691180129615873 4398113882124 288230393533890562 8796227764228
4 1 42 1 78 1 2305843146922393612 52777366585376 3458764720518463492 17592455528496 1152921574135562248 35184911056912
5 1 43 1 79 1 9223372587689574448 211109466341504 13835058882073853968 70369822113984 4611686296542248992 140739644227648
6 1 44 1 80 1 2203339194562 844437865366016 3307166761027 281479288455936 1112459444353 562958576910592
7 1 45 1 81 1 8813356778248 3377751461464064 13228667044108 1125917153823744 4449837777412 2251834307642368
8 1 46 1 82 1 35253427112992 13511005845856256 52914668176432 4503668615294976 17799351109648 9007337230569472
9 1 47 1 83 1 141013708451968 54044023383425024 211658672705728 18014674461179904 71197404438592 36029348922277888
10 1 48 1 84 1 564054833807872 216176093533700096 846634690822912 72058697844719616 284789617754368 144117395689111552
11 1 49 1 85 1 2256219335231488 864704374134800384 3386538763291648 288234791378878464 1139158471017472 576469582756446208
12 1 50 1 86 1 9024877340925952 3458817496539201536 13546155053166592 1152939165515513856 4556633884069888 2305878331025784832
13 1 51 1 87 1 36099509363703808 13835269986156806144 54184620212666368 4611756662062055424 18226535536279552 9223513324103139328
14 1 52 1 88 1 144398037454815232 847723498569731 216738480850665472 282574538670081 72906142145118208 565148993454082
15 1 53 1 89 1 577592149819260928 3390893994278924 866953923402661888 1130298154680324 291624568580472832 2260595973816328
16 1 54 1 90 1 2310368599277043712 13563575977115696 3467815693610647552 4521192618721296 1166498274321891328 9042383895265312
17 1 55 1 91 1 9241474397108174848 54254303908462784 13871262774442590208 18084770474885184 4665993097287565312 36169535581061248
18 1 56 1 92 1 72409441013596162 217017215633851136 144818876641705987 72339081899540736 217228315440709633 144678142324244992
19 1 57 1 93 1 289637764054384648 868068862535404544 579275506566823948 289356327598162944 868913261762838532 578712569296979968
20 1 58 1 94 1 1158551056217538592 3472275450141618176 2317102026267295792 1157425310392651776 3475653047051354128 2314850277187919872
21 1 59 1 95 1 4634204224870154368 13889101800566472704 9268408105069183168 4629701241570607104 13902612188205416512 9259401108751679488
22 1 60 1 64 1 90072825771065857 216174981137235971 180144272857629442 72060892572876801 270216531693011203 144116287587614722
23 1 61 1 65 1 360291303084263428 864699924548943884 720577091430517768 288243570291507204 1080866126772044812 576465150350458888
24 1 62 1 66 1 1441165212337053712 3458799698195775536 2882308365722071072 1152974281166028816 4323464507088179248 2305860601401835552
25 1 63 1 67 1 5764660849348214848 13835198792783102144 11529233462888284288 4611897124664115264 17293858028352716992 9223442405607342208
26 1 32 1 68 1 4611899323683307777 562950003753731 9223445704134033922 844424946909441 13835199892282213123 281475010265602
27 1 33 1 69 1 853221023679493 2251800015014924 294669117032458 3377699787637764 567348000197647 1125900041062408
28 1 34 1 70 1 3412884094717972 9007200060059696 1178676468129832 13510799150551056 2269392000790588 4503600164249632
29 1 35 1 71 1 13651536378871888 36028800240238784 4714705872519328 54043196602204224 9077568003162352 18014400656998528
30 1 36 1 72 1 54606145515487552 144115200960955136 18858823490077312 216172786408816896 36310272012649408 72057602627994112
31 1 37 1 73 1 218424582061950208 576460803843820544 75435293960309248 864691145635267584 145241088050597632 288230410511976448
0 1 35 1 89 1 5549232096256 576473946510330892 11012497672192 864695526636389380 16527101332480 288239172446849032
1 1 36 1 90 1 22196928385024 2305895786041323568 44049990688768 3458782106545557520 66108405329920 1152956689787396128
2 1 37 1 91 1 88787713540096 9223583144165294272 176199962755072 13835128426182230080 264433621319680 4611826759149584512
3 1 38 1 92 1 355150854160384 844429242073858 704799851020288 281483600265475 1057734485278720 562962888786433
4 1 39 1 93 1 1420603416641536 3377716968295432 2819199404081152 1125934401061900 4230937941114880 2251851555145732
5 1 40 1 94 1 5682413666566144 13510867873181728 11276797616324608 4503737604247600 16923751764459520 9007406220582928
6 1 41 1 95 1 22729654666264576 54043471492726912 45107190465298432 18014950416990400 67695007057838080 36029624882331712
7 1 42 1 64 1 90918618665058304 216173885970907648 180428761861193728 72059801667961600 270780028231352320 144118499529326848
8 1 43 1 65 1 363674474660233216 864695543883630592 721715047444774912 288239206671846400 1083120112925409280 576473998117307392
9 1 44 1 66 1 1454697898640932864 3458782175534522368 2886860189779099648 1152956826687385600 4332480451701637120 2305895992469229568
10 1 45 1 67 1 5818791594563731456 13835128702138089472 11547440759116398592 4611827306749542400 17329921806806548480 9223583969876918272
11 1 46 1 68 1 4828422304545374209 282587423703043 9296274889046491138 565153288617985 13979455006097539075 847732088569858
12 1 47 1 69 1 866945144471945221 1130349694812172 291611408766861322 2260613154471940 577587803261501455 3390928354279432
13 1 48 1 70 1 3467780577887780884 4521398779248688 1166445635067445288 9042452617887760 2310351213046005820 13563713417117728
14 1 49 1 71 1 13871122311551123536 18085595116994752 4665782540269781152 36169810471551040 9241404852184023280 54254853668470912
15 1 50 1 72 1 144257025075839299 72342380467979008 216386087369572993 144679241886204160 72131261316989890 217019414673883648
16 1 51 1 73 1 577028100303357196 289369521871916032 865544349478291972 578716967544816640 288525045267959560 868077658695534592
17 1 52 1 74 1 2308112401213428784 1157478087487664128 3462177397913167888 2314867870179266560 1154100181071838240 3472310634782138368
18 1 53 1 75 1 9232449604853715136 4629912349950656512 13848709591652671552 9259471480717066240 4616400724287352960 13889242539128553472
19 1 54 1 76 1 36310271995757314 72905326093074433 54606145482031363 144397775449161730 18858823439860225 216737935385559043
20 1 55 1 77 1 145241087983029256 291621304372297732 218424581928125452 577591101796646920 75435293759440900 866951741542236172
21 1 56 1 78 1 580964351932117024 1166485217489190928 873698327712501808 2310364407186587680 301741175037763600 3467806966168944688
22 1 57 1 79 1 2323857407728468096 4665940869956763712 3494793310850007232 9241457628746350720 1206964700151054400 13871227864675778752
23 1 58 1 80 1 9295429630913872384 217019406117503233 13979173243400028928 72342367566299650 4827858800604217600 144679237574460163
24 1 59 1 81 1 288230376236386306 868077624470012932 576460752471460867 289369470265198600 864691128707318785 578716950297840652
25 1 60 1 82 1 1152921504945545224 3472310497880051728 2305843009885843468 1157477881060794400 3458764514829275140 2314867801191362608
26 1 61 1 83 1 4611686019782180896 13889241991520206912 9223372039543373872 4629911524243177600 13835058059317100560 9259471204765450432
27 1 62 1 84 1 5419171969 216735744952172803 10754392258 72902023263158785 16139747395 144396671642698498
28 1 63 1 85 1 21676687876 866942979808691212 43017569032 291608093052635140 64558989580 577586686570793992
29 1 32 1 86 1 86706751504 3467771919234764848 172070276128 1166432372210540560 258235958320 2310346746283175968
30 1 33 1 87 1 346827006016 13871087676939059392 688281104512 4665729488842162240 1032943833280 9241386985132703872
31 1 34 1 88 1 1387308024064 144118486627582723 2753124418048 216173881659097345 4131775333120 72059793111712258
0 1 47 1 66 1 4827859900052930944 144116287587484160 9295431829916156608 216174981137040128 13979176541892969280 72060892572811520
1 1 48 1 67 1 864695526502172161 576465150349936640 288239172245523202 864699924548160512 576473946443222275 288243570291246080
2 1 49 1 68 1 3458782106008688644 2305860601399746560 1152956688982092808 3458799698192642048 2305895785772889100 1152974281164984320
3 1 50 1 69 1 13835128424034754576 9223442405598986240 4611826755928371232 13835198792770568192 9223583143091556400 4611897124659937280
4 1 51 1 70 1 281475010363459 281474976841730 562950003933313 562949953617923 844424947122370 844424930197505
5 1 52 1 71 1 1125900041453836 1125899907366920 2251800015733252 2251799814471692 3377699788489480 3377699720790020
6 1 53 1 72 1 4503600165815344 4503599629467680 9007200062933008 9007199257886768 13510799153957920 13510798883160080
7 1 54 1 73 1 18014400663261376 18014398517870720 36028800251732032 36028797031547072 54043196615831680 54043195532640320
8 1 55 1 74 1 72057602653045504 72057594071482880 144115201006928128 144115188126188288 216172786463326720 216172782130561280
9 1 56 1 75 1 288230410612182016 288230376285931520 576460804027712512 576460752504753152 864691145853306880 864691128522245120
10 1 57 1 76 1 1152921642448728064 1152921505143726080 2305843216110850048 2305843010019012608 3458764583413227520 3458764514088980480
11 1 58 1 77 1 4611686569794912256 4611686020574904320 9223372864443400192 9223372040076050432 13835058333652910080 13835058056355921920
12 1 59 1 78 1 2205470097409 8590065665 3310354497538 12885098498 1113482985475 4295032835
13 1 60 1 79 1 8821880389636 34360262660 13241417990152 51540393992 4453931941900 17180131340
14 1 61 1 80 1 35287521558544 137441050640 52965671960608 206161575968 17815727767600 68720525360
15 1 62 1 81 1 141150086234176 549764202560 211862687842432 824646303872 71262911070400 274882101440
16 1 63 1 82 1 564600344936704 2199056810240 847450751369728 3298585215488 285051644281600 1099528405760
17 1 32 1 83 1 2258401379746816 8796227240960 3389803005478912 13194340861952 1140206577126400 4398113623040
18 1 33 1 84 1 9033605518987264 35184908963840 13559212021915648 52777363447808 4560826308505600 17592454492160
19 1 34 1 85 1 36134422075949056 140739635855360 54236848087662592 211109453791232 18243305234022400 70369817968640
20 1 35 1 86 1 144537688303796224 562958543421440 216947392350650368 844437815164928 72973220936089600 281479271874560
21 1 36 1 87 1 578150753215184896 2251834173685760 867789569402601472 3377751260659712 291892883744358400 1125917087498240
22 1 37 1 88 1 2312603012860739584 9007336694743040 3471158277610405888 13511005042638848 1167571534977433600 4503668349992960
23 1 38 1 89 1 9250412051442958336 36029346778972160 13884633110441623552 54044020170555392 4670286139909734400 18014673399971840
24 1 39 1 90 1 108160058352730114 144117387115888640 198300220637839363 216176080682221568 234400485929385985 72058693599887360
25 1 40 1 91 1 432640233410920456 576469548463554560 793200882551357452 864704322728886272 937601943717543940 288234774399549440
26 1 41 1 92 1 1730560933643681824 2305878193854218240 3172803530205429808 3458817290915545088 3750407774870175760 1152939097598197760
27 1 42 1 93 1 6922243734574727296 9223512775416872960 12691214120821719232 13835269163662180352 15001631099480703040 4611756390392791040
28 1 43 1 94 1 9242230864589357569 562954248388610 13871368335867773698 844433520066563 4666292176794157315 281487861612545
29 1 44 1 95 1 75435310938327046 2251816993554440 145241122342439947 3377734080266252 218424633467077645 1125951446450180
30 1 45 1 64 1 301741243753308184 9007267974217760 580964489369759788 13510936321065008 873698533868310580 4503805785800720
31 1 46 1 65 1 1206964975013232736 36029071896871040 2323857957479039152 54043745284260032 3494794135473242320 18015223143202880
0 1 36 1 67 1 0 3298534883584 0 1099511628288 0 2199023256320
1 1 37 1 68 1 0 13194139534336 0 4398046513152 0 8796093025280
2 1 38 1 69 1 0 52776558137344 0 17592186052608 0 35184372101120
3 1 39 1 70 1 0 211106232549376 0 70368744210432 0 140737488404480
4 1 40 1 71 1 0 844424930197504 0 281474976841728 0 562949953617920
5 1 41 1 72 1 0 3377699720790016 0 1125899907366912 0 2251799814471680
6 1 42 1 73 1 0 13510798883160064 0 4503599629467648 0 9007199257886720
7 1 43 1 74 1 0 54043195532640256 0 18014398517870592 0 36028797031546880
8 1 44 1 75 1 0 216172782130561024 0 72057594071482368 0 144115188126187520
9 1 45 1 76 1 0 864691128522244096 0 288230376285929472 0 576460752504750080
10 1 46 1 77 1 0 3458764514088976384 0 1152921505143717888 0 2305843010019000320
11 1 47 1 78 1 0 13835058056355905536 0 4611686020574871552 0 9223372040076001280
12 1 48 1 79 1 0 4294967299 0 8589934593 0 12884901890
13 1 49 1 80 1 0 17179869196 0 34359738372 0 51539607560
14 1 50 1 81 1 0 68719476784 0 137438953488 0 206158430240
15 1 51 1 82 1 0 274877907136 0 549755813952 0 824633720960
16 1 52 1 83 1 0 1099511628544 0 2199023255808 0 3298534883840
17 1 53 1 84 1 0 4398046514176 0 8796093023232 0 13194139535360
18 1 54 1 85 1 0 17592186056704 0 35184372092928 0 52776558141440
19 1 55 1 86 1 0 70368744226816 0 140737488371712 0 211106232565760
20 1 56 1 87 1 0 281474976907264 0 562949953486848 0 844424930263040
21 1 57 1 88 1 0 1125899907629056 0 2251799813947392 0 3377699721052160
22 1 58 1 89 1 0 4503599630516224 0 9007199255789568 0 13510798884208640
23 1 59 1 90 1 0 18014398522064896 0 36028797023158272 0 54043195536834560
24 1 60 1 91 1 0 72057594088259584 0 144115188092633088 0 216172782147338240
25 1 61 1 92 1 0 288230376353038336 0 576460752370532352 0 864691128589352960
26 1 62 1 93 1 0 1152921505412153344 0 2305843009482129408 0 3458764514357411840
27 1 63 1 94 1 0 4611686021648613376 0 9223372037928517632 0 13835058057429647360
28 1 32 1 95 1 0 12884901889 0 4294967298 0 8589934595
29 1 33 1 64 1 0 51539607556 0 17179869192 0 34359738380
30 1 34 1 65 1 0 206158430224 0 68719476768 0 137438953520
31 1 35 1 66 1 0 824633720896 0 274877907072 0 549755814080
