512 192 256 64
0 1 64 1 128 1
1 1 65 1 129 1
2 1 66 1 130 1
3 1 67 1 131 1
4 1 68 1 132 1
5 1 69 1 133 1
6 1 70 1 134 1
7 1 71 1 135 1
8 1 72 1 136 1
9 1 73 1 137 1
10 1 74 1 138 1
11 1 75 1 139 1
12 1 76 1 140 1
13 1 77 1 141 1
14 1 78 1 142 1
15 1 79 1 143 1
16 1 80 1 144 1
17 1 81 1 145 1
18 1 82 1 146 1
19 1 83 1 147 1
20 1 84 1 148 1
21 1 85 1 149 1
22 1 86 1 150 1
23 1 87 1 151 1
24 1 88 1 152 1
25 1 89 1 153 1
26 1 90 1 154 1
27 1 91 1 155 1
28 1 92 1 156 1
29 1 93 1 157 1
30 1 94 1 158 1
31 1 95 1 159 1
32 1 96 1 160 1
33 1 97 1 161 1
34 1 98 1 162 1
35 1 99 1 163 1
36 1 100 1 164 1
37 1 101 1 165 1
38 1 102 1 166 1
39 1 103 1 167 1
40 1 104 1 168 1
41 1 105 1 169 1
42 1 106 1 170 1
43 1 107 1 171 1
44 1 108 1 172 1
45 1 109 1 173 1
46 1 110 1 174 1
47 1 111 1 175 1
48 1 112 1 176 1
49 1 113 1 177 1
50 1 114 1 178 1
51 1 115 1 179 1
52 1 116 1 180 1
53 1 117 1 181 1
54 1 118 1 182 1
55 1 119 1 183 1
56 1 120 1 184 1
57 1 121 1 185 1
58 1 122 1 186 1
59 1 123 1 187 1
60 1 124 1 188 1
61 1 125 1 189 1
62 1 126 1 190 1
63 1 127 1 191 1
30 1 75 1 167 1
31 1 76 1 168 1
32 1 77 1 169 1
33 1 78 1 170 1
34 1 79 1 171 1
35 1 80 1 172 1
36 1 81 1 173 1
37 1 82 1 174 1
38 1 83 1 175 1
39 1 84 1 176 1
40 1 85 1 177 1
41 1 86 1 178 1
42 1 87 1 179 1
43 1 88 1 180 1
44 1 89 1 181 1
45 1 90 1 182 1
46 1 91 1 183 1
47 1 92 1 184 1
48 1 93 1 185 1
49 1 94 1 186 1
50 1 95 1 187 1
51 1 96 1 188 1
52 1 97 1 189 1
53 1 98 1 190 1
54 1 99 1 191 1
55 1 100 1 128 1
56 1 101 1 129 1
57 1 102 1 130 1
58 1 103 1 131 1
59 1 104 1 132 1
60 1 105 1 133 1
61 1 106 1 134 1
62 1 107 1 135 1
63 1 108 1 136 1
0 1 109 1 137 1
1 1 110 1 138 1
2 1 111 1 139 1
3 1 112 1 140 1
4 1 113 1 141 1
5 1 114 1 142 1
6 1 115 1 143 1
7 1 116 1 144 1
8 1 117 1 145 1
9 1 118 1 146 1
10 1 119 1 147 1
11 1 120 1 148 1
12 1 121 1 149 1
13 1 122 1 150 1
14 1 123 1 151 1
15 1 124 1 152 1
16 1 125 1 153 1
17 1 126 1 154 1
18 1 127 1 155 1
19 1 64 1 156 1
20 1 65 1 157 1
21 1 66 1 158 1
22 1 67 1 159 1
23 1 68 1 160 1
24 1 69 1 161 1
25 1 70 1 162 1
26 1 71 1 163 1
27 1 72 1 164 1
28 1 73 1 165 1
29 1 74 1 166 1
21 1 121 1 179 1
22 1 122 1 180 1
23 1 123 1 181 1
24 1 124 1 182 1
25 1 125 1 183 1
26 1 126 1 184 1
27 1 127 1 185 1
28 1 64 1 186 1
29 1 65 1 187 1
30 1 66 1 188 1
31 1 67 1 189 1
32 1 68 1 190 1
33 1 69 1 191 1
34 1 70 1 128 1
35 1 71 1 129 1
36 1 72 1 130 1
37 1 73 1 131 1
38 1 74 1 132 1
39 1 75 1 133 1
40 1 76 1 134 1
41 1 77 1 135 1
42 1 78 1 136 1
43 1 79 1 137 1
44 1 80 1 138 1
45 1 81 1 139 1
46 1 82 1 140 1
47 1 83 1 141 1
48 1 84 1 142 1
49 1 85 1 143 1
50 1 86 1 144 1
51 1 87 1 145 1
52 1 88 1 146 1
53 1 89 1 147 1
54 1 90 1 148 1
55 1 91 1 149 1
56 1 92 1 150 1
57 1 93 1 151 1
58 1 94 1 152 1
59 1 95 1 153 1
60 1 96 1 154 1
61 1 97 1 155 1
62 1 98 1 156 1
63 1 99 1 157 1
0 1 100 1 158 1
1 1 101 1 159 1
2 1 102 1 160 1
3 1 103 1 161 1
4 1 104 1 162 1
5 1 105 1 163 1
6 1 106 1 164 1
7 1 107 1 165 1
8 1 108 1 166 1
9 1 109 1 167 1
10 1 110 1 168 1
11 1 111 1 169 1
12 1 112 1 170 1
13 1 113 1 171 1
14 1 114 1 172 1
15 1 115 1 173 1
16 1 116 1 174 1
17 1 117 1 175 1
18 1 118 1 176 1
19 1 119 1 177 1
20 1 120 1 178 1
30 1 89 1 179 1
31 1 90 1 180 1
32 1 91 1 181 1
33 1 92 1 182 1
34 1 93 1 183 1
35 1 94 1 184 1
36 1 95 1 185 1
37 1 96 1 186 1
38 1 97 1 187 1
39 1 98 1 188 1
40 1 99 1 189 1
41 1 100 1 190 1
42 1 101 1 191 1
43 1 102 1 128 1
44 1 103 1 129 1
45 1 104 1 130 1
46 1 105 1 131 1
47 1 106 1 132 1
48 1 107 1 133 1
49 1 108 1 134 1
50 1 109 1 135 1
51 1 110 1 136 1
52 1 111 1 137 1
53 1 112 1 138 1
54 1 113 1 139 1
55 1 114 1 140 1
56 1 115 1 141 1
57 1 116 1 142 1
58 1 117 1 143 1
59 1 118 1 144 1
60 1 119 1 145 1
61 1 120 1 146 1
62 1 121 1 147 1
63 1 122 1 148 1
0 1 123 1 149 1
1 1 124 1 150 1
2 1 125 1 151 1
3 1 126 1 152 1
4 1 127 1 153 1
5 1 64 1 154 1
6 1 65 1 155 1
7 1 66 1 156 1
8 1 67 1 157 1
9 1 68 1 158 1
10 1 69 1 159 1
11 1 70 1 160 1
12 1 71 1 161 1
13 1 72 1 162 1
14 1 73 1 163 1
15 1 74 1 164 1
16 1 75 1 165 1
17 1 76 1 166 1
18 1 77 1 167 1
19 1 78 1 168 1
20 1 79 1 169 1
21 1 80 1 170 1
22 1 81 1 171 1
23 1 82 1 172 1
24 1 83 1 173 1
25 1 84 1 174 1
26 1 85 1 175 1
27 1 86 1 176 1
28 1 87 1 177 1
29 1 88 1 178 1
0 2 75 1 130 1
1 2 76 1 131 1
2 2 77 1 132 1
3 2 78 1 133 1
4 2 79 1 134 1
5 2 80 1 135 1
6 2 81 1 136 1
7 2 82 1 137 1
8 2 83 1 138 1
9 2 84 1 139 1
10 2 85 1 140 1
11 2 86 1 141 1
12 2 87 1 142 1
13 2 88 1 143 1
14 2 89 1 144 1
15 2 90 1 145 1
16 2 91 1 146 1
17 2 92 1 147 1
18 2 93 1 148 1
19 2 94 1 149 1
20 2 95 1 150 1
21 2 96 1 151 1
22 2 97 1 152 1
23 2 98 1 153 1
24 2 99 1 154 1
25 2 100 1 155 1
26 2 101 1 156 1
27 2 102 1 157 1
28 2 103 1 158 1
29 2 104 1 159 1
30 2 105 1 160 1
31 2 106 1 161 1
32 2 107 1 162 1
33 2 108 1 163 1
34 2 109 1 164 1
35 2 110 1 165 1
36 2 111 1 166 1
37 2 112 1 167 1
38 2 113 1 168 1
39 2 114 1 169 1
40 2 115 1 170 1
41 2 116 1 171 1
42 2 117 1 172 1
43 2 118 1 173 1
44 2 119 1 174 1
45 2 120 1 175 1
46 2 121 1 176 1
47 2 122 1 177 1
48 2 123 1 178 1
49 2 124 1 179 1
50 2 125 1 180 1
51 2 126 1 181 1
52 2 127 1 182 1
53 2 64 1 183 1
54 2 65 1 184 1
55 2 66 1 185 1
56 2 67 1 186 1
57 2 68 1 187 1
58 2 69 1 188 1
59 2 70 1 189 1
60 2 71 1 190 1
61 2 72 1 191 1
62 2 73 1 128 1
63 2 74 1 129 1
21 1 64 2 167 1
22 1 65 2 168 1
23 1 66 2 169 1
24 1 67 2 170 1
25 1 68 2 171 1
26 1 69 2 172 1
27 1 70 2 173 1
28 1 71 2 174 1
29 1 72 2 175 1
30 1 73 2 176 1
31 1 74 2 177 1
32 1 75 2 178 1
33 1 76 2 179 1
34 1 77 2 180 1
35 1 78 2 181 1
36 1 79 2 182 1
37 1 80 2 183 1
38 1 81 2 184 1
39 1 82 2 185 1
40 1 83 2 186 1
41 1 84 2 187 1
42 1 85 2 188 1
43 1 86 2 189 1
44 1 87 2 190 1
45 1 88 2 191 1
46 1 89 2 128 1
47 1 90 2 129 1
48 1 91 2 130 1
49 1 92 2 131 1
50 1 93 2 132 1
51 1 94 2 133 1
52 1 95 2 134 1
53 1 96 2 135 1
54 1 97 2 136 1
55 1 98 2 137 1
56 1 99 2 138 1
57 1 100 2 139 1
58 1 101 2 140 1
59 1 102 2 141 1
60 1 103 2 142 1
61 1 104 2 143 1
62 1 105 2 144 1
63 1 106 2 145 1
0 1 107 2 146 1
1 1 108 2 147 1
2 1 109 2 148 1
3 1 110 2 149 1
4 1 111 2 150 1
5 1 112 2 151 1
6 1 113 2 152 1
7 1 114 2 153 1
8 1 115 2 154 1
9 1 116 2 155 1
10 1 117 2 156 1
11 1 118 2 157 1
12 1 119 2 158 1
13 1 120 2 159 1
14 1 121 2 160 1
15 1 122 2 161 1
16 1 123 2 162 1
17 1 124 2 163 1
18 1 125 2 164 1
19 1 126 2 165 1
20 1 127 2 166 1
13 1 121 1 128 2
14 1 122 1 129 2
15 1 123 1 130 2
16 1 124 1 131 2
17 1 125 1 132 2
18 1 126 1 133 2
19 1 127 1 134 2
20 1 64 1 135 2
21 1 65 1 136 2
22 1 66 1 137 2
23 1 67 1 138 2
24 1 68 1 139 2
25 1 69 1 140 2
26 1 70 1 141 2
27 1 71 1 142 2
28 1 72 1 143 2
29 1 73 1 144 2
30 1 74 1 145 2
31 1 75 1 146 2
32 1 76 1 147 2
33 1 77 1 148 2
34 1 78 1 149 2
35 1 79 1 150 2
36 1 80 1 151 2
37 1 81 1 152 2
38 1 82 1 153 2
39 1 83 1 154 2
40 1 84 1 155 2
41 1 85 1 156 2
42 1 86 1 157 2
43 1 87 1 158 2
44 1 88 1 159 2
45 1 89 1 160 2
46 1 90 1 161 2
47 1 91 1 162 2
48 1 92 1 163 2
49 1 93 1 164 2
50 1 94 1 165 2
51 1 95 1 166 2
52 1 96 1 167 2
53 1 97 1 168 2
54 1 98 1 169 2
55 1 99 1 170 2
56 1 100 1 171 2
57 1 101 1 172 2
58 1 102 1 173 2
59 1 103 1 174 2
60 1 104 1 175 2
61 1 105 1 176 2
62 1 106 1 177 2
63 1 107 1 178 2
0 1 108 1 179 2
1 1 109 1 180 2
2 1 110 1 181 2
3 1 111 1 182 2
4 1 112 1 183 2
5 1 113 1 184 2
6 1 114 1 185 2
7 1 115 1 186 2
8 1 116 1 187 2
9 1 117 1 188 2
10 1 118 1 189 2
11 1 119 1 190 2
12 1 120 1 191 2
13 1 89 1 130 1
14 1 90 1 131 1
15 1 91 1 132 1
16 1 92 1 133 1
17 1 93 1 134 1
18 1 94 1 135 1
19 1 95 1 136 1
20 1 96 1 137 1
21 1 97 1 138 1
22 1 98 1 139 1
23 1 99 1 140 1
24 1 100 1 141 1
25 1 101 1 142 1
26 1 102 1 143 1
27 1 103 1 144 1
28 1 104 1 145 1
29 1 105 1 146 1
30 1 106 1 147 1
31 1 107 1 148 1
32 1 108 1 149 1
33 1 109 1 150 1
34 1 110 1 151 1
35 1 111 1 152 1
36 1 112 1 153 1
37 1 113 1 154 1
38 1 114 1 155 1
39 1 115 1 156 1
40 1 116 1 157 1
41 1 117 1 158 1
42 1 118 1 159 1
43 1 119 1 160 1
44 1 120 1 161 1
45 1 121 1 162 1
46 1 122 1 163 1
47 1 123 1 164 1
48 1 124 1 165 1
49 1 125 1 166 1
50 1 126 1 167 1
51 1 127 1 168 1
52 1 64 1 169 1
53 1 65 1 170 1
54 1 66 1 171 1
55 1 67 1 172 1
56 1 68 1 173 1
57 1 69 1 174 1
58 1 70 1 175 1
59 1 71 1 176 1
60 1 72 1 177 1
61 1 73 1 178 1
62 1 74 1 179 1
63 1 75 1 180 1
0 1 76 1 181 1
1 1 77 1 182 1
2 1 78 1 183 1
3 1 79 1 184 1
4 1 80 1 185 1
5 1 81 1 186 1
6 1 82 1 187 1
7 1 83 1 188 1
8 1 84 1 189 1
9 1 85 1 190 1
10 1 86 1 191 1
11 1 87 1 128 1
12 1 88 1 129 1
288230376151720960 288247968337765888 2598576984992907264 35184372097024
288247968337765888 17592186044928 35184372097024 2598612169365004288
17592186044928 288230376151720960 2598612169365004288 2598576984992907264
576460752303441920 576495936675531776 5197153969985814528 70368744194048
576495936675531776 35184372089856 70368744194048 5197224338730008576
35184372089856 576460752303441920 5197224338730008576 5197153969985814528
1152921504606883840 1152991873351063552 10394307939971629056 140737488388096
1152991873351063552 70368744179712 140737488388096 10394448677460017152
70368744179712 1152921504606883840 10394448677460017152 10394307939971629056
2305843009213767680 2305983746702127104 2341871806233706497 281474976776192
2305983746702127104 140737488359424 281474976776192 2342153281210482689
140737488359424 2305843009213767680 2342153281210482689 2341871806233706497
4611686018427535360 4611967493404254208 4683743612467412994 562949953552384
4611967493404254208 281474976718848 562949953552384 4684306562420965378
281474976718848 4611686018427535360 4684306562420965378 4683743612467412994
9223372036855070720 9223934986808508416 9367487224934825988 1125899907104768
9223934986808508416 562949953437696 1125899907104768 9368613124841930756
562949953437696 9223372036855070720 9368613124841930756 9367487224934825988
589825 1125899907465217 288230376160100361 2251799814209536
1125899907465217 1125899906875392 2251799814209536 290482175974309897
1125899906875392 589825 290482175974309897 288230376160100361
1179650 2251799814930434 576460752320200722 4503599628419072
2251799814930434 2251799813750784 4503599628419072 580964351948619794
2251799813750784 1179650 580964351948619794 576460752320200722
2359300 4503599629860868 1152921504640401444 9007199256838144
4503599629860868 4503599627501568 9007199256838144 1161928703897239588
4503599627501568 2359300 1161928703897239588 1152921504640401444
4718600 9007199259721736 2305843009280802888 18014398513676288
9007199259721736 9007199255003136 18014398513676288 2323857407794479176
9007199255003136 4718600 2323857407794479176 2305843009280802888
9437200 18014398519443472 4611686018561605776 36028797027352576
18014398519443472 18014398510006272 36028797027352576 4647714815588958352
18014398510006272 9437200 4647714815588958352 4611686018561605776
18874400 36028797038886944 9223372037123211552 72057594054705152
36028797038886944 36028797020012544 72057594054705152 9295429631177916704
36028797020012544 18874400 9295429631177916704 9223372037123211552
37748800 72057594077773888 536871489 144115188109410304
72057594077773888 72057594040025088 144115188109410304 144115188646281793
72057594040025088 37748800 144115188646281793 536871489
75497600 144115188155547776 1073742978 288230376218820608
144115188155547776 144115188080050176 288230376218820608 288230377292563586
144115188080050176 75497600 288230377292563586 1073742978
150995200 288230376311095552 2147485956 576460752437641216
288230376311095552 288230376160100352 576460752437641216 576460754585127172
288230376160100352 150995200 576460754585127172 2147485956
301990400 576460752622191104 4294971912 1152921504875282432
576460752622191104 576460752320200704 1152921504875282432 1152921509170254344
576460752320200704 301990400 1152921509170254344 4294971912
603980800 1152921505244382208 8589943824 2305843009750564864
1152921505244382208 1152921504640401408 2305843009750564864 2305843018340508688
1152921504640401408 603980800 2305843018340508688 8589943824
1207961600 2305843010488764416 17179887648 4611686019501129728
2305843010488764416 2305843009280802816 4611686019501129728 4611686036681017376
2305843009280802816 1207961600 4611686036681017376 17179887648
2415923200 4611686020977528832 34359775296 9223372039002259456
4611686020977528832 4611686018561605632 9223372039002259456 9223372073362034752
4611686018561605632 2415923200 9223372073362034752 34359775296
4831846400 9223372041955057664 68719550592 4294967297
9223372041955057664 9223372037123211264 4294967297 73014517889
9223372037123211264 4831846400 73014517889 68719550592
9663692800 10200563713 137439101184 8589934594
10200563713 536870913 8589934594 146029035778
536870913 9663692800 146029035778 137439101184
19327385600 20401127426 274878202368 17179869188
20401127426 1073741826 17179869188 292058071556
1073741826 19327385600 292058071556 274878202368
38654771200 40802254852 549756404736 34359738376
40802254852 2147483652 34359738376 584116143112
2147483652 38654771200 584116143112 549756404736
77309542400 81604509704 1099512809472 68719476752
81604509704 4294967304 68719476752 1168232286224
4294967304 77309542400 1168232286224 1099512809472
154619084800 163209019408 2199025618944 137438953504
163209019408 8589934608 137438953504 2336464572448
8589934608 154619084800 2336464572448 2199025618944
309238169600 326418038816 4398051237888 274877907008
326418038816 17179869216 274877907008 4672929144896
17179869216 309238169600 4672929144896 4398051237888
618476339200 652836077632 8796102475776 549755814016
652836077632 34359738432 549755814016 9345858289792
34359738432 618476339200 9345858289792 8796102475776
1236952678400 1305672155264 17592204951552 1099511628032
1305672155264 68719476864 1099511628032 18691716579584
68719476864 1236952678400 18691716579584 17592204951552
2473905356800 2611344310528 35184409903104 2199023256064
2611344310528 137438953728 2199023256064 37383433159168
137438953728 2473905356800 37383433159168 35184409903104
4947810713600 5222688621056 70368819806208 4398046512128
5222688621056 274877907456 4398046512128 74766866318336
274877907456 4947810713600 74766866318336 70368819806208
9895621427200 10445377242112 140737639612416 8796093024256
10445377242112 549755814912 8796093024256 149533732636672
549755814912 9895621427200 149533732636672 140737639612416
19791242854400 20890754484224 281475279224832 17592186048512
20890754484224 1099511629824 17592186048512 299067465273344
1099511629824 19791242854400 299067465273344 281475279224832
39582485708800 41781508968448 562950558449664 35184372097024
41781508968448 2199023259648 35184372097024 598134930546688
2199023259648 39582485708800 598134930546688 562950558449664
79164971417600 83563017936896 1125901116899328 70368744194048
83563017936896 4398046519296 70368744194048 1196269861093376
4398046519296 79164971417600 1196269861093376 1125901116899328
158329942835200 167126035873792 2251802233798656 140737488388096
167126035873792 8796093038592 140737488388096 2392539722186752
8796093038592 158329942835200 2392539722186752 2251802233798656
316659885670400 334252071747584 4503604467597312 281474976776192
334252071747584 17592186077184 281474976776192 4785079444373504
17592186077184 316659885670400 4785079444373504 4503604467597312
633319771340800 668504143495168 9007208935194624 562949953552384
668504143495168 35184372154368 562949953552384 9570158888747008
35184372154368 633319771340800 9570158888747008 9007208935194624
1266639542681600 1337008286990336 18014417870389248 1125899907104768
1337008286990336 70368744308736 1125899907104768 19140317777494016
70368744308736 1266639542681600 19140317777494016 18014417870389248
2533279085363200 2674016573980672 36028835740778496 2251799814209536
2674016573980672 140737488617472 2251799814209536 38280635554988032
140737488617472 2533279085363200 38280635554988032 36028835740778496
5066558170726400 5348033147961344 72057671481556992 4503599628419072
5348033147961344 281474977234944 4503599628419072 76561271109976064
281474977234944 5066558170726400 76561271109976064 72057671481556992
10133116341452800 10696066295922688 144115342963113984 9007199256838144
10696066295922688 562949954469888 9007199256838144 153122542219952128
562949954469888 10133116341452800 153122542219952128 144115342963113984
20266232682905600 21392132591845376 288230685926227968 18014398513676288
21392132591845376 1125899908939776 18014398513676288 306245084439904256
1125899908939776 20266232682905600 306245084439904256 288230685926227968
40532465365811200 42784265183690752 576461371852455936 36028797027352576
42784265183690752 2251799817879552 36028797027352576 612490168879808512
2251799817879552 40532465365811200 612490168879808512 576461371852455936
81064930731622400 85568530367381504 1152922743704911872 72057594054705152
85568530367381504 4503599635759104 72057594054705152 1224980337759617024
4503599635759104 81064930731622400 1224980337759617024 1152922743704911872
162129861463244800 171137060734763008 2305845487409823744 144115188109410304
171137060734763008 9007199271518208 144115188109410304 2449960675519234048
9007199271518208 162129861463244800 2449960675519234048 2305845487409823744
324259722926489600 342274121469526016 4611690974819647488 288230376218820608
342274121469526016 18014398543036416 288230376218820608 4899921351038468096
18014398543036416 324259722926489600 4899921351038468096 4611690974819647488
648519445852979200 684548242939052032 9223381949639294976 576460752437641216
684548242939052032 36028797086072832 576460752437641216 9799842702076936192
36028797086072832 648519445852979200 9799842702076936192 9223381949639294976
1297038891705958400 1369096485878104064 19825569038337 1152921504875282432
1369096485878104064 72057594172145664 1152921504875282432 1152941330444320769
72057594172145664 1297038891705958400 1152941330444320769 19825569038337
2594077783411916800 2738192971756208128 39651138076674 2305843009750564864
2738192971756208128 144115188344291328 2305843009750564864 2305882660888641538
144115188344291328 2594077783411916800 2305882660888641538 39651138076674
5188155566823833600 5476385943512416256 79302276153348 4611686019501129728
5476385943512416256 288230376688582656 4611686019501129728 4611765321777283076
288230376688582656 5188155566823833600 4611765321777283076 79302276153348
10376311133647667200 10952771887024832512 158604552306696 9223372039002259456
10952771887024832512 576460753377165312 9223372039002259456 9223530643554566152
576460753377165312 10376311133647667200 9223530643554566152 158604552306696
2305878193585782785 3458799700340113409 317209104613392 4294967297
3458799700340113409 1152921506754330624 4294967297 317213399580689
1152921506754330624 2305878193585782785 317213399580689 317209104613392
4611756387171565570 6917599400680226818 634418209226784 8589934594
6917599400680226818 2305843013508661248 8589934594 634426799161378
2305843013508661248 4611756387171565570 634426799161378 634418209226784
9223512774343131140 13835198801360453636 1268836418453568 17179869188
13835198801360453636 4611686027017322496 17179869188 1268853598322756
4611686027017322496 9223512774343131140 1268853598322756 1268836418453568
281474976710665 9223653529011355657 2537672836907136 34359738376
9223653529011355657 9223372054034644992 34359738376 2537707196645512
9223372054034644992 281474976710665 2537707196645512 2537672836907136
562949953421330 562984313159699 5075345673814272 68719476752
562984313159699 34359738369 68719476752 5075414393291024
34359738369 562949953421330 5075414393291024 5075345673814272
1125899906842660 1125968626319398 10150691347628544 137438953504
1125968626319398 68719476738 137438953504 10150828786582048
68719476738 1125899906842660 10150828786582048 10150691347628544
2251799813685320 2251937252638796 20301382695257088 274877907008
2251937252638796 137438953476 274877907008 20301657573164096
137438953476 2251799813685320 20301657573164096 20301382695257088
4503599627370640 4503874505277592 40602765390514176 549755814016
4503874505277592 274877906952 549755814016 40603315146328192
274877906952 4503599627370640 40603315146328192 40602765390514176
9007199254741280 9007749010555184 81205530781028352 1099511628032
9007749010555184 549755813904 1099511628032 81206630292656384
549755813904 9007199254741280 81206630292656384 81205530781028352
18014398509482560 18015498021110368 162411061562056704 2199023256064
18015498021110368 1099511627808 2199023256064 162413260585312768
1099511627808 18014398509482560 162413260585312768 162411061562056704
36028797018965120 36030996042220736 324822123124113408 4398046512128
36030996042220736 2199023255616 4398046512128 324826521170625536
2199023255616 36028797018965120 324826521170625536 324822123124113408
72057594037930240 72061992084441472 649644246248226816 8796093024256
72061992084441472 4398046511232 8796093024256 649653042341251072
4398046511232 72057594037930240 649653042341251072 649644246248226816
144115188075860480 144123984168882944 1299288492496453632 17592186048512
144123984168882944 8796093022464 17592186048512 1299306084682502144
8796093022464 144115188075860480 1299306084682502144 1299288492496453632
17592253154304 144172362747609088 39582418608130 2310346608841064448
144172362747609088 144154770494456832 2310346608841064448 2310386191259672578
144154770494456832 17592253154304 2310386191259672578 39582418608130
35184506308608 288344725495218176 79164837216260 4620693217682128896
288344725495218176 288309540988913664 4620693217682128896 4620772382519345156
288309540988913664 35184506308608 4620772382519345156 79164837216260
70369012617216 576689450990436352 158329674432520 9241386435364257792
576689450990436352 576619081977827328 9241386435364257792 9241544765038690312
576619081977827328 70369012617216 9241544765038690312 158329674432520
140738025234432 1153378901980872704 316659348865040 36028797018963969
1153378901980872704 1153238163955654656 36028797018963969 36345456367829009
1153238163955654656 140738025234432 36345456367829009 316659348865040
281476050468864 2306757803961745408 633318697730080 72057594037927938
2306757803961745408 2306476327911309312 72057594037927938 72690912735658018
2306476327911309312 281476050468864 72690912735658018 633318697730080
562952100937728 4613515607923490816 1266637395460160 144115188075855876
4613515607923490816 4612952655822618624 144115188075855876 145381825471316036
4612952655822618624 562952100937728 145381825471316036 1266637395460160
1125904201875456 9227031215846981632 2533274790920320 288230376151711752
9227031215846981632 9225905311645237248 288230376151711752 290763650942632072
9225905311645237248 1125904201875456 290763650942632072 2533274790920320
2251808403750912 7318357984411649 5066549581840640 576460752303423504
7318357984411649 5066549580922881 576460752303423504 581527301885264144
5066549580922881 2251808403750912 581527301885264144 5066549581840640
4503616807501824 14636715968823298 10133099163681280 1152921504606847008
14636715968823298 10133099161845762 1152921504606847008 1163054603770528288
10133099161845762 4503616807501824 1163054603770528288 10133099163681280
9007233615003648 29273431937646596 20266198327362560 2305843009213694016
29273431937646596 20266198323691524 2305843009213694016 2326109207541056576
20266198323691524 9007233615003648 2326109207541056576 20266198327362560
18014467230007296 58546863875293192 40532396654725120 4611686018427388032
58546863875293192 40532396647383048 4611686018427388032 4652218415082113152
40532396647383048 18014467230007296 4652218415082113152 40532396654725120
36028934460014592 117093727750586384 81064793309450240 9223372036854776064
117093727750586384 81064793294766096 9223372036854776064 9304436830164226304
81064793294766096 36028934460014592 9304436830164226304 81064793309450240
72057868920029184 234187455501172768 162129586618900480 513
234187455501172768 162129586589532192 513 162129586618900993
162129586589532192 72057868920029184 162129586618900993 162129586618900480
144115737840058368 468374911002345536 324259173237800960 1026
468374911002345536 324259173179064384 1026 324259173237801986
324259173179064384 144115737840058368 324259173237801986 324259173237800960
288231475680116736 936749822004691072 648518346475601920 2052
936749822004691072 648518346358128768 2052 648518346475603972
648518346358128768 288231475680116736 648518346475603972 648518346475601920
576462951360233472 1873499644009382144 1297036692951203840 4104
1873499644009382144 1297036692716257536 4104 1297036692951207944
1297036692716257536 576462951360233472 1297036692951207944 1297036692951203840
1152925902720466944 3746999288018764288 2594073385902407680 8208
3746999288018764288 2594073385432515072 8208 2594073385902415888
2594073385432515072 1152925902720466944 2594073385902415888 2594073385902407680
2305851805440933888 7493998576037528576 5188146771804815360 16416
7493998576037528576 5188146770865030144 16416 5188146771804831776
5188146770865030144 2305851805440933888 5188146771804831776 5188146771804815360
4611703610881867776 14987997152075057152 10376293543609630720 32832
14987997152075057152 10376293541730060288 32832 10376293543609663552
10376293541730060288 4611703610881867776 10376293543609663552 10376293543609630720
9223407221763735552 11529250230440562689 2305843013509709825 65664
11529250230440562689 2305843009750568961 65664 2305843013509775489
2305843009750568961 9223407221763735552 2305843013509775489 2305843013509709825
70369817919489 4611756387171573763 4611686027019419650 131328
4611756387171573763 4611686019501137922 131328 4611686027019550978
4611686019501137922 70369817919489 4611686027019550978 4611686027019419650
140739635838978 9223512774343147526 9223372054038839300 262656
9223512774343147526 9223372039002275844 262656 9223372054039101956
9223372039002275844 140739635838978 9223372054039101956 9223372054038839300
281479271677956 281474976743437 34368126985 525312
281474976743437 4295000073 525312 34368652297
4295000073 281479271677956 34368652297 34368126985
562958543355912 562949953486874 68736253970 1050624
562949953486874 8590000146 1050624 68737304594
8590000146 562958543355912 68737304594 68736253970
1125917086711824 1125899906973748 137472507940 2101248
1125899906973748 17180000292 2101248 137474609188
17180000292 1125917086711824 137474609188 137472507940
2251834173423648 2251799813947496 274945015880 4202496
2251799813947496 34360000584 4202496 274949218376
34360000584 2251834173423648 274949218376 274945015880
4503668346847296 4503599627894992 549890031760 8404992
4503599627894992 68720001168 8404992 549898436752
68720001168 4503668346847296 549898436752 549890031760
9007336693694592 9007199255789984 1099780063520 16809984
9007199255789984 137440002336 16809984 1099796873504
137440002336 9007336693694592 1099796873504 1099780063520
18014673387389184 18014398511579968 2199560127040 33619968
18014398511579968 274880004672 33619968 2199593747008
274880004672 18014673387389184 2199593747008 2199560127040
36029346774778368 36028797023159936 4399120254080 67239936
36028797023159936 549760009344 67239936 4399187494016
549760009344 36029346774778368 4399187494016 4399120254080
72058693549556736 72057594046319872 8798240508160 134479872
72057594046319872 1099520018688 134479872 8798374988032
1099520018688 72058693549556736 8798374988032 8798240508160
144117387099113472 144115188092639744 17596481016320 268959744
144115188092639744 2199040037376 268959744 17596749976064
2199040037376 144117387099113472 17596749976064 17596481016320
288234774198226944 288230376185279488 35192962032640 537919488
288230376185279488 4398080074752 537919488 35193499952128
4398080074752 288234774198226944 35193499952128 35192962032640
576469548396453888 576460752370558976 70385924065280 1075838976
576460752370558976 8796160149504 1075838976 70386999904256
8796160149504 576469548396453888 70386999904256 70385924065280
1152939096792907776 1152921504741117952 140771848130560 2151677952
1152921504741117952 17592320299008 2151677952 140773999808512
17592320299008 1152939096792907776 140773999808512 140771848130560
2305878193585815552 2305843009482235904 281543696261120 4303355904
2305843009482235904 35184640598016 4303355904 281547999617024
35184640598016 2305878193585815552 281547999617024 281543696261120
4611756387171631104 4611686018964471808 563087392522240 8606711808
4611686018964471808 70369281196032 8606711808 563095999234048
70369281196032 4611756387171631104 563095999234048 563087392522240
9223512774343262208 9223372037928943616 1126174785044480 17213423616
9223372037928943616 140738562392064 17213423616 1126191998468096
140738562392064 9223512774343262208 1126191998468096 1126174785044480
281474976972801 2148335617 2252349570088960 34426847232
2148335617 281477124784128 34426847232 2252383996936192
281477124784128 281474976972801 2252383996936192 2252349570088960
562949953945602 4296671234 4504699140177920 68853694464
4296671234 562954249568256 68853694464 4504767993872384
562954249568256 562949953945602 4504767993872384 4504699140177920
1125899907891204 8593342468 9009398280355840 137707388928
8593342468 1125908499136512 137707388928 9009535987744768
1125908499136512 1125899907891204 9009535987744768 9009398280355840
2251799815782408 17186684936 18018796560711680 275414777856
17186684936 2251816998273024 275414777856 18019071975489536
2251816998273024 2251799815782408 18019071975489536 18018796560711680
4503599631564816 34373369872 36037593121423360 550829555712
34373369872 4503633996546048 550829555712 36038143950979072
4503633996546048 4503599631564816 36038143950979072 36037593121423360
9007199263129632 68746739744 72075186242846720 1101659111424
68746739744 9007267993092096 1101659111424 72076287901958144
9007267993092096 9007199263129632 72076287901958144 72075186242846720
18014398526259264 137493479488 144150372485693440 2203318222848
137493479488 18014535986184192 2203318222848 144152575803916288
18014535986184192 18014398526259264 144152575803916288 144150372485693440
36028797052518528 274986958976 288300744971386880 4406636445696
274986958976 36029071972368384 4406636445696 288305151607832576
36029071972368384 36028797052518528 288305151607832576 288300744971386880
72057594105037056 549973917952 576601489942773760 8813272891392
549973917952 72058143944736768 8813272891392 576610303215665152
72058143944736768 72057594105037056 576610303215665152 576601489942773760
144115188210074112 1099947835904 1153202979885547520 17626545782784
1099947835904 144116287889473536 17626545782784 1153220606431330304
144116287889473536 144115188210074112 1153220606431330304 1153202979885547520
288230376420148224 2199895671808 2306405959771095040 35253091565568
2199895671808 288232575778947072 35253091565568 2306441212862660608
288232575778947072 288230376420148224 2306441212862660608 2306405959771095040
576460752840296448 4399791343616 4612811919542190080 70506183131136
4399791343616 576465151557894144 70506183131136 4612882425725321216
576465151557894144 576460752840296448 4612882425725321216 4612811919542190080
1152921505680592896 8799582687232 9225623839084380160 141012366262272
8799582687232 1152930303115788288 141012366262272 9225764851450642432
1152930303115788288 1152921505680592896 9225764851450642432 9225623839084380160
2305843011361185792 17599165374464 4503604459208705 282024732524544
17599165374464 2305860606231576576 282024732524544 4785629191733249
2305860606231576576 2305843011361185792 4785629191733249 4503604459208705
4611686022722371584 35198330748928 9007208918417410 564049465049088
35198330748928 4611721212463153152 564049465049088 9571258383466498
4611721212463153152 4611686022722371584 9571258383466498 9007208918417410
9223372045444743168 70396661497856 18014417836834820 1128098930098176
70396661497856 9223442424926306304 1128098930098176 19142516766932996
9223442424926306304 9223372045444743168 19142516766932996 18014417836834820
17179934721 140793322995712 36028835673669640 2256197860196352
140793322995712 140776143060993 2256197860196352 38285033533865992
140776143060993 17179934721 38285033533865992 36028835673669640
34359869442 281586645991424 72057671347339280 4512395720392704
281586645991424 281552286121986 4512395720392704 76570067067731984
281552286121986 34359869442 76570067067731984 72057671347339280
68719738884 563173291982848 144115342694678560 9024791440785408
563173291982848 563104572243972 9024791440785408 153140134135463968
563104572243972 68719738884 153140134135463968 144115342694678560
137439477768 1126346583965696 288230685389357120 18049582881570816
1126346583965696 1126209144487944 18049582881570816 306280268270927936
1126209144487944 137439477768 306280268270927936 288230685389357120
274878955536 2252693167931392 576461370778714240 36099165763141632
2252693167931392 2252418288975888 36099165763141632 612560536541855872
2252418288975888 274878955536 612560536541855872 576461370778714240
549757911072 4505386335862784 1152922741557428480 72198331526283264
4505386335862784 4504836577951776 72198331526283264 1225121073083711744
4504836577951776 549757911072 1225121073083711744 1152922741557428480
1099515822144 9010772671725568 2305845483114856960 144396663052566528
9010772671725568 9009673155903552 144396663052566528 2450242146167423488
9009673155903552 1099515822144 2450242146167423488 2305845483114856960
2199031644288 18021545343451136 4611690966229713920 288793326105133056
18021545343451136 18019346311807104 288793326105133056 4900484292334846976
18019346311807104 2199031644288 4900484292334846976 4611690966229713920
4398063288576 36043090686902272 9223381932459427840 577586652210266112
36043090686902272 36038692623614208 577586652210266112 9800968584669693952
36038692623614208 4398063288576 9800968584669693952 9223381932459427840
8796126577152 72086181373804544 19791209304065 1155173304420532224
72086181373804544 72077385247228416 1155173304420532224 1155193095629836289
72077385247228416 8796126577152 1155193095629836289 19791209304065
288230376218828800 288269958637421568 0 0
288269958637421568 39582418609152 0 0
39582418609152 288230376218828800 0 0
576460752437657600 576539917274843136 0 0
576539917274843136 79164837218304 0 0
79164837218304 576460752437657600 0 0
1152921504875315200 1153079834549686272 0 0
1153079834549686272 158329674436608 0 0
158329674436608 1152921504875315200 0 0
2305843009750630400 2306159669099372544 0 0
2306159669099372544 316659348873216 0 0
316659348873216 2305843009750630400 0 0
4611686019501260800 4612319338198745088 0 0
4612319338198745088 633318697746432 0 0
633318697746432 4611686019501260800 0 0
9223372039002521600 9224638676397490176 0 0
9224638676397490176 1266637395492864 0 0
1266637395492864 9223372039002521600 0 0
4295491585 2533279085428737 0 0
2533279085428737 2533274790985728 0 0
2533274790985728 4295491585 0 0
8590983170 5066558170857474 0 0
5066558170857474 5066549581971456 0 0
5066549581971456 8590983170 0 0
17181966340 10133116341714948 0 0
10133116341714948 10133099163942912 0 0
10133099163942912 17181966340 0 0
34363932680 20266232683429896 0 0
20266232683429896 20266198327885824 0 0
20266198327885824 34363932680 0 0
68727865360 40532465366859792 0 0
40532465366859792 40532396655771648 0 0
40532396655771648 68727865360 0 0
137455730720 81064930733719584 0 0
81064930733719584 81064793311543296 0 0
81064793311543296 137455730720 0 0
274911461440 162129861467439168 0 0
162129861467439168 162129586623086592 0 0
162129586623086592 274911461440 0 0
549822922880 324259722934878336 0 0
324259722934878336 324259173246173184 0 0
324259173246173184 549822922880 0 0
1099645845760 648519445869756672 0 0
648519445869756672 648518346492346368 0 0
648518346492346368 1099645845760 0 0
2199291691520 1297038891739513344 0 0
1297038891739513344 1297036692984692736 0 0
1297036692984692736 2199291691520 0 0
4398583383040 2594077783479026688 0 0
2594077783479026688 2594073385969385472 0 0
2594073385969385472 4398583383040 0 0
8797166766080 5188155566958053376 0 0
5188155566958053376 5188146771938770944 0 0
5188146771938770944 8797166766080 0 0
17594333532160 10376311133916106752 0 0
10376311133916106752 10376293543877541888 0 0
10376293543877541888 17594333532160 0 0
35188667064320 2305878194122661889 0 0
2305878194122661889 2305843014045532161 0 0
2305843014045532161 35188667064320 0 0
70377334128640 4611756388245323778 0 0
4611756388245323778 4611686028091064322 0 0
4611686028091064322 70377334128640 0 0
140754668257280 9223512776490647556 0 0
9223512776490647556 9223372056182128644 0 0
9223372056182128644 140754668257280 0 0
281509336514560 281479271743497 0 0
281479271743497 38654705673 0 0
38654705673 281509336514560 0 0
563018673029120 562958543486994 0 0
562958543486994 77309411346 0 0
77309411346 563018673029120 0 0
1126037346058240 1125917086973988 0 0
1125917086973988 154618822692 0 0
154618822692 1126037346058240 0 0
2252074692116480 2251834173947976 0 0
2251834173947976 309237645384 0 0
309237645384 2252074692116480 0 0
4504149384232960 4503668347895952 0 0
4503668347895952 618475290768 0 0
618475290768 4504149384232960 0 0
9008298768465920 9007336695791904 0 0
9007336695791904 1236950581536 0 0
1236950581536 9008298768465920 0 0
18016597536931840 18014673391583808 0 0
18014673391583808 2473901163072 0 0
2473901163072 18016597536931840 0 0
36033195073863680 36029346783167616 0 0
36029346783167616 4947802326144 0 0
4947802326144 36033195073863680 0 0
72066390147727360 72058693566335232 0 0
72058693566335232 9895604652288 0 0
9895604652288 72066390147727360 0 0
144132780295454720 144117387132670464 0 0
144117387132670464 19791209304576 0 0
19791209304576 144132780295454720 0 0
288265560590909440 288234774265340928 0 0
288234774265340928 39582418609152 0 0
39582418609152 288265560590909440 0 0
576531121181818880 576469548530681856 0 0
576469548530681856 79164837218304 0 0
79164837218304 576531121181818880 0 0
1153062242363637760 1152939097061363712 0 0
1152939097061363712 158329674436608 0 0
158329674436608 1153062242363637760 0 0
2306124484727275520 2305878194122727424 0 0
2305878194122727424 316659348873216 0 0
316659348873216 2306124484727275520 0 0
4612248969454551040 4611756388245454848 0 0
4611756388245454848 633318697746432 0 0
633318697746432 4612248969454551040 0 0
9224497938909102080 9223512776490909696 0 0
9223512776490909696 1266637395492864 0 0
1266637395492864 9224497938909102080 0 0
2251804108652545 281479272267777 0 0
281479272267777 2533274790985728 0 0
2533274790985728 2251804108652545 0 0
4503608217305090 562958544535554 0 0
562958544535554 5066549581971456 0 0
5066549581971456 4503608217305090 0 0
9007216434610180 1125917089071108 0 0
1125917089071108 10133099163942912 0 0
10133099163942912 9007216434610180 0 0
18014432869220360 2251834178142216 0 0
2251834178142216 20266198327885824 0 0
20266198327885824 18014432869220360 0 0
36028865738440720 4503668356284432 0 0
4503668356284432 40532396655771648 0 0
40532396655771648 36028865738440720 0 0
72057731476881440 9007336712568864 0 0
9007336712568864 81064793311543296 0 0
81064793311543296 72057731476881440 0 0
144115462953762880 18014673425137728 0 0
18014673425137728 162129586623086592 0 0
162129586623086592 144115462953762880 0 0
288230925907525760 36029346850275456 0 0
36029346850275456 324259173246173184 0 0
324259173246173184 288230925907525760 0 0
576461851815051520 72058693700550912 0 0
72058693700550912 648518346492346368 0 0
648518346492346368 576461851815051520 0 0
1152923703630103040 144117387401101824 0 0
144117387401101824 1297036692984692736 0 0
1297036692984692736 1152923703630103040 0 0
2305847407260206080 288234774802203648 0 0
288234774802203648 2594073385969385472 0 0
2594073385969385472 2305847407260206080 0 0
4611694814520412160 576469549604407296 0 0
576469549604407296 5188146771938770944 0 0
5188146771938770944 4611694814520412160 0 0
9223389629040824320 1152939099208814592 0 0
1152939099208814592 10376293543877541888 0 0
10376293543877541888 9223389629040824320 0 0
35184372097025 2305878198417629184 0 0
2305878198417629184 2305843014045532161 0 0
2305843014045532161 35184372097025 0 0
70368744194050 4611756396835258368 0 0
4611756396835258368 4611686028091064322 0 0
4611686028091064322 70368744194050 0 0
140737488388100 9223512793670516736 0 0
9223512793670516736 9223372056182128644 0 0
9223372056182128644 140737488388100 0 0
281474976776200 281513631481857 0 0
281513631481857 38654705673 0 0
38654705673 281474976776200 0 0
562949953552400 563027262963714 0 0
563027262963714 77309411346 0 0
77309411346 562949953552400 0 0
1125899907104800 1126054525927428 0 0
1126054525927428 154618822692 0 0
154618822692 1125899907104800 0 0
2251799814209600 2252109051854856 0 0
2252109051854856 309237645384 0 0
309237645384 2251799814209600 0 0
4503599628419200 4504218103709712 0 0
4504218103709712 618475290768 0 0
618475290768 4503599628419200 0 0
9007199256838400 9008436207419424 0 0
9008436207419424 1236950581536 0 0
1236950581536 9007199256838400 0 0
18014398513676800 18016872414838848 0 0
18016872414838848 2473901163072 0 0
2473901163072 18014398513676800 0 0
36028797027353600 36033744829677696 0 0
36033744829677696 4947802326144 0 0
4947802326144 36028797027353600 0 0
72057594054707200 72067489659355392 0 0
72067489659355392 9895604652288 0 0
9895604652288 72057594054707200 0 0
144115188109414400 144134979318710784 0 0
144134979318710784 19791209304576 0 0
19791209304576 144115188109414400 0 0
0 0 0 0
0 0 0 0
0 0 0 0
0 0 0 0
0 0 0 0
0 0 0 0
0 0 0 0
0 0 0 0
0 0 0 0
0 0 0 0
0 0 0 0
0 0 0 0
0 0 0 0
0 0 0 0
0 0 0 0
0 0 0 0
0 0 0 0
0 0 0 0
0 0 0 0
0 0 0 0
0 0 0 0
0 0 0 0
0 0 0 0
0 0 0 0
0 0 0 0
0 0 0 0
0 0 0 0
0 0 0 0
0 0 0 0
0 0 0 0
0 0 0 0
0 0 0 0
0 0 0 0
0 0 0 0
0 0 0 0
0 0 0 0
0 0 0 0
0 0 0 0
0 0 0 0
0 0 0 0
0 0 0 0
0 0 0 0
0 0 0 0
0 0 0 0
0 0 0 0
0 0 0 0
0 0 0 0
0 0 0 0
0 0 0 0
0 0 0 0
0 0 0 0
0 0 0 0
0 0 0 0
0 0 0 0
0 0 0 0
0 0 0 0
0 0 0 0
0 0 0 0
0 0 0 0
0 0 0 0
0 0 0 0
0 0 0 0
0 0 0 0
0 0 0 0
0 0 0 0
0 0 0 0
0 0 0 0
0 0 0 0
0 0 0 0
0 0 0 0
0 0 0 0
0 0 0 0
0 0 0 0
0 0 0 0
0 0 0 0
0 0 0 0
0 0 0 0
0 0 0 0
0 0 0 0
0 0 0 0
0 0 0 0
0 0 0 0
0 0 0 0
0 0 0 0
0 0 0 0
0 0 0 0
0 0 0 0
0 0 0 0
0 0 0 0
0 0 0 0
0 0 0 0
0 0 0 0
0 0 0 0
0 0 0 0
0 0 0 0
0 0 0 0
0 0 0 0
0 0 0 0
0 0 0 0
0 0 0 0
0 0 0 0
0 0 0 0
0 0 0 0
0 0 0 0
0 0 0 0
0 0 0 0
0 0 0 0
0 0 0 0
0 0 0 0
0 0 0 0
0 0 0 0
0 0 0 0
0 0 0 0
0 0 0 0
0 0 0 0
0 0 0 0
0 0 0 0
0 0 0 0
0 0 0 0
0 0 0 0
0 0 0 0
0 0 0 0
0 0 0 0
0 0 0 0
0 0 0 0
0 0 0 0
0 0 0 0
0 0 0 0
0 0 0 0
0 0 0 0
0 0 0 0
0 0 0 0
0 0 0 0
0 0 0 0
0 0 0 0
0 0 0 0
0 0 0 0
0 0 0 0
0 0 0 0
0 0 0 0
0 0 0 0
0 0 0 0
0 0 0 0
0 0 0 0
0 0 0 0
0 0 0 0
0 0 0 0
0 0 0 0
0 0 0 0
0 0 0 0
0 0 0 0
0 0 0 0
0 0 0 0
0 0 0 0
0 0 0 0
0 0 0 0
0 0 0 0
0 0 0 0
0 0 0 0
0 0 0 0
0 0 0 0
0 0 0 0
0 0 0 0
0 0 0 0
0 0 0 0
0 0 0 0
0 0 0 0
0 0 0 0
0 0 0 0
0 0 0 0
0 0 0 0
0 0 0 0
0 0 0 0
0 0 0 0
0 0 0 0
0 0 0 0
0 0 0 0
0 0 0 0
0 0 0 0
0 0 0 0
0 0 0 0
0 0 0 0
0 0 0 0
0 0 0 0
0 0 0 0
0 0 0 0
0 0 0 0
0 0 0 0
0 0 0 0
0 0 0 0
0 0 0 0
0 0 0 0
0 0 0 0
0 0 0 0
0 0 0 0
0 0 0 0
0 0 0 0
0 0 0 0
0 0 0 0
0 0 0 0
0 0 0 0
0 0 0 0
0 0 0 0
0 0 0 0
0 0 0 0
0 0 0 0
0 0 0 0
0 0 0 0
0 0 0 0
0 0 0 0
0 0 0 0
0 0 0 0
0 0 0 0
0 0 0 0
0 0 0 0
0 0 0 0
0 0 0 0
0 0 0 0
0 0 0 0
0 0 0 0
0 0 0 0
0 0 0 0
0 0 0 0
0 0 0 0
0 0 0 0
0 0 0 0
0 0 0 0
0 0 0 0
0 0 0 0
0 0 0 0
0 0 0 0
0 0 0 0
0 0 0 0
0 0 0 0
0 0 0 0
0 0 0 0
0 0 0 0
0 0 0 0
0 0 0 0
0 0 0 0
0 0 0 0
0 0 0 0
0 0 0 0
0 0 0 0
0 0 0 0
0 0 0 0
0 0 0 0
0 0 0 0
0 0 0 0
0 0 0 0
0 0 0 0
0 0 0 0
0 0 0 0
0 0 0 0
0 0 0 0
0 0 0 0
0 0 0 0
0 0 0 0
0 0 0 0
0 0 0 0
0 0 0 0
0 0 0 0
0 0 0 0
0 0 0 0
0 0 0 0
0 0 0 0
0 0 0 0
0 0 0 0
0 0 0 0
0 0 0 0
0 0 0 0
0 0 0 0
0 0 0 0
0 0 0 0
0 0 0 0
0 0 0 0
0 0 0 0
0 0 0 0
0 0 0 0
0 0 0 0
0 0 0 0
0 0 0 0
0 0 0 0
0 0 0 0
0 0 0 0
0 0 0 0
0 0 0 0
0 0 0 0
0 0 0 0
0 0 0 0
0 0 0 0
0 0 0 0
0 0 0 0
0 0 0 0
0 0 0 0
0 0 0 0
0 0 0 0
0 0 0 0
0 0 0 0
0 0 0 0
0 0 0 0
0 0 0 0
0 0 0 0
0 0 0 0
0 0 0 0
0 0 0 0
0 0 0 0
0 0 0 0
0 0 0 0
0 0 0 0
0 0 0 0
0 0 0 0
0 0 0 0
0 0 0 0
0 0 0 0
0 0 0 0
0 0 0 0
0 0 0 0
0 0 0 0
0 0 0 0
0 0 0 0
0 0 0 0
0 0 0 0
0 0 0 0
0 0 0 0
0 0 0 0
0 0 0 0
0 0 0 0
0 0 0 0
0 0 0 0
0 0 0 0
0 0 0 0
0 0 0 0
0 0 0 0
0 0 0 0
0 0 0 0
0 0 0 0
0 0 0 0
0 0 0 0
0 0 0 0
0 0 0 0
0 0 0 0
0 0 0 0
0 0 0 0
0 0 0 0
0 0 0 0
0 0 0 0
0 0 0 0
0 0 0 0
0 0 0 0
0 0 0 0
0 0 0 0
0 0 0 0
0 0 0 0
0 0 0 0
0 0 0 0
0 0 0 0
0 0 0 0
0 0 0 0
0 0 0 0
0 0 0 0
0 0 0 0
0 0 0 0
0 0 0 0
0 0 0 0
0 0 0 0
0 0 0 0
0 0 0 0
0 0 0 0
0 0 0 0
0 0 0 0
0 0 0 0
0 0 0 0
0 0 0 0
0 0 0 0
0 0 0 0
0 0 0 0
0 0 0 0
0 0 0 0
0 0 0 0
0 0 0 0
0 0 0 0
0 0 0 0
0 0 0 0
0 0 0 0
0 0 0 0
0 0 0 0
0 0 0 0
0 0 0 0
0 0 0 0
0 0 0 0
0 0 0 0
0 0 0 0
0 0 0 0
0 0 0 0
0 0 0 0
0 0 0 0
0 0 0 0
0 0 0 0
0 0 0 0
0 0 0 0
0 0 0 0
0 0 0 0
0 0 0 0
0 0 0 0
0 0 0 0
0 0 0 0
0 0 0 0
0 0 0 0
0 0 0 0
0 0 0 0
0 0 0 0
0 0 0 0
0 0 0 0
0 0 0 0
0 0 0 0
0 0 0 0
0 0 0 0
0 0 0 0
0 0 0 0
0 0 0 0
0 0 0 0
0 0 0 0
0 0 0 0
0 0 0 0
0 0 0 0
0 0 0 0
0 0 0 0
0 0 0 0
0 0 0 0
0 0 0 0
0 0 0 0
0 0 0 0
0 0 0 0
0 0 0 0
0 0 0 0
0 0 0 0
0 0 0 0
0 0 0 0
0 0 0 0
0 0 0 0
0 0 0 0
0 0 0 0
0 0 0 0
0 0 0 0
0 0 0 0
0 0 0 0
0 0 0 0
0 0 0 0
0 0 0 0
0 0 0 0
0 0 0 0
0 0 0 0
0 0 0 0
0 0 0 0
0 0 0 0
0 0 0 0
0 0 0 0
0 0 0 0
0 0 0 0
0 0 0 0
0 0 0 0
0 0 0 0
0 0 0 0
0 0 0 0
0 0 0 0
0 0 0 0
0 0 0 0
0 0 0 0
0 0 0 0
0 0 0 0
0 0 0 0
0 0 0 0
0 0 0 0
0 0 0 0
0 0 0 0
0 0 0 0
0 0 0 0
0 0 0 0
0 0 0 0
0 0 0 0
0 0 0 0
0 0 0 0
0 0 0 0
0 0 0 0
0 0 0 0
0 0 0 0
0 0 0 0
0 0 0 0
0 0 0 0
0 0 0 0
0 0 0 0
0 0 0 0
0 0 0 0
0 0 0 0
0 0 0 0
0 0 0 0
0 0 0 0
0 0 0 0
0 0 0 0
0 0 0 0
0 0 0 0
0 0 0 0
0 0 0 0
0 0 0 0
0 0 0 0
0 0 0 0
0 0 0 0
0 0 0 0
0 0 0 0
0 0 0 0
0 0 0 0
0 0 0 0
0 0 0 0
0 0 0 0
0 0 0 0
0 0 0 0
0 0 0 0
0 0 0 0
0 0 0 0
0 0 0 0
0 0 0 0
0 0 0 0
0 0 0 0
0 0 0 0
0 0 0 0
0 0 0 0
0 0 0 0
0 0 0 0
0 0 0 0
0 0 0 0
0 0 0 0
0 0 0 0
0 0 0 0
0 0 0 0
0 0 0 0
0 0 0 0
0 0 0 0
0 0 0 0
0 0 0 0
0 0 0 0
0 0 0 0
0 0 0 0
0 0 0 0
0 0 0 0
0 0 0 0
0 0 0 0
0 0 0 0
0 0 0 0
0 0 0 0
0 0 0 0
0 0 0 0
0 0 0 0
0 0 0 0
0 0 0 0
0 0 0 0
0 0 0 0
0 0 0 0
0 0 0 0
0 0 0 0
0 0 0 0
0 0 0 0
0 0 0 0
0 0 0 0
0 0 0 0
0 0 0 0
0 0 0 0
0 0 0 0
0 0 0 0
0 0 0 0
0 0 0 0
0 0 0 0
0 0 0 0
0 0 0 0
0 0 0 0
0 0 0 0
0 0 39582418609152 288230376218828800
0 0 288230376218828800 288269958637421568
0 0 288269958637421568 39582418609152
0 0 79164837218304 576460752437657600
0 0 576460752437657600 576539917274843136
0 0 576539917274843136 79164837218304
0 0 158329674436608 1152921504875315200
0 0 1152921504875315200 1153079834549686272
0 0 1153079834549686272 158329674436608
0 0 316659348873216 2305843009750630400
0 0 2305843009750630400 2306159669099372544
0 0 2306159669099372544 316659348873216
0 0 633318697746432 4611686019501260800
0 0 4611686019501260800 4612319338198745088
0 0 4612319338198745088 633318697746432
0 0 1266637395492864 9223372039002521600
0 0 9223372039002521600 9224638676397490176
0 0 9224638676397490176 1266637395492864
0 0 2533274790985728 4295491585
0 0 4295491585 2533279085428737
0 0 2533279085428737 2533274790985728
0 0 5066549581971456 8590983170
0 0 8590983170 5066558170857474
0 0 5066558170857474 5066549581971456
0 0 10133099163942912 17181966340
0 0 17181966340 10133116341714948
0 0 10133116341714948 10133099163942912
0 0 20266198327885824 34363932680
0 0 34363932680 20266232683429896
0 0 20266232683429896 20266198327885824
0 0 40532396655771648 68727865360
0 0 68727865360 40532465366859792
0 0 40532465366859792 40532396655771648
0 0 81064793311543296 137455730720
0 0 137455730720 81064930733719584
0 0 81064930733719584 81064793311543296
0 0 162129586623086592 274911461440
0 0 274911461440 162129861467439168
0 0 162129861467439168 162129586623086592
0 0 324259173246173184 549822922880
0 0 549822922880 324259722934878336
0 0 324259722934878336 324259173246173184
0 0 648518346492346368 1099645845760
0 0 1099645845760 648519445869756672
0 0 648519445869756672 648518346492346368
0 0 1297036692984692736 2199291691520
0 0 2199291691520 1297038891739513344
0 0 1297038891739513344 1297036692984692736
0 0 2594073385969385472 4398583383040
0 0 4398583383040 2594077783479026688
0 0 2594077783479026688 2594073385969385472
0 0 5188146771938770944 8797166766080
0 0 8797166766080 5188155566958053376
0 0 5188155566958053376 5188146771938770944
0 0 10376293543877541888 17594333532160
0 0 17594333532160 10376311133916106752
0 0 10376311133916106752 10376293543877541888
0 0 2305843014045532161 35188667064320
0 0 35188667064320 2305878194122661889
0 0 2305878194122661889 2305843014045532161
0 0 4611686028091064322 70377334128640
0 0 70377334128640 4611756388245323778
0 0 4611756388245323778 4611686028091064322
0 0 9223372056182128644 140754668257280
0 0 140754668257280 9223512776490647556
0 0 9223512776490647556 9223372056182128644
0 0 38654705673 281509336514560
0 0 281509336514560 281479271743497
0 0 281479271743497 38654705673
0 0 77309411346 563018673029120
0 0 563018673029120 562958543486994
0 0 562958543486994 77309411346
0 0 154618822692 1126037346058240
0 0 1126037346058240 1125917086973988
0 0 1125917086973988 154618822692
0 0 309237645384 2252074692116480
0 0 2252074692116480 2251834173947976
0 0 2251834173947976 309237645384
0 0 618475290768 4504149384232960
0 0 4504149384232960 4503668347895952
0 0 4503668347895952 618475290768
0 0 1236950581536 9008298768465920
0 0 9008298768465920 9007336695791904
0 0 9007336695791904 1236950581536
0 0 2473901163072 18016597536931840
0 0 18016597536931840 18014673391583808
0 0 18014673391583808 2473901163072
0 0 4947802326144 36033195073863680
0 0 36033195073863680 36029346783167616
0 0 36029346783167616 4947802326144
0 0 9895604652288 72066390147727360
0 0 72066390147727360 72058693566335232
0 0 72058693566335232 9895604652288
0 0 19791209304576 144132780295454720
0 0 144132780295454720 144117387132670464
0 0 144117387132670464 19791209304576
0 0 39582418609152 288265560590909440
0 0 288265560590909440 288234774265340928
0 0 288234774265340928 39582418609152
0 0 79164837218304 576531121181818880
0 0 576531121181818880 576469548530681856
0 0 576469548530681856 79164837218304
0 0 158329674436608 1153062242363637760
0 0 1153062242363637760 1152939097061363712
0 0 1152939097061363712 158329674436608
0 0 316659348873216 2306124484727275520
0 0 2306124484727275520 2305878194122727424
0 0 2305878194122727424 316659348873216
0 0 633318697746432 4612248969454551040
0 0 4612248969454551040 4611756388245454848
0 0 4611756388245454848 633318697746432
0 0 1266637395492864 9224497938909102080
0 0 9224497938909102080 9223512776490909696
0 0 9223512776490909696 1266637395492864
0 0 2533274790985728 2251804108652545
0 0 2251804108652545 281479272267777
0 0 281479272267777 2533274790985728
0 0 5066549581971456 4503608217305090
0 0 4503608217305090 562958544535554
0 0 562958544535554 5066549581971456
0 0 10133099163942912 9007216434610180
0 0 9007216434610180 1125917089071108
0 0 1125917089071108 10133099163942912
0 0 20266198327885824 18014432869220360
0 0 18014432869220360 2251834178142216
0 0 2251834178142216 20266198327885824
0 0 40532396655771648 36028865738440720
0 0 36028865738440720 4503668356284432
0 0 4503668356284432 40532396655771648
0 0 81064793311543296 72057731476881440
0 0 72057731476881440 9007336712568864
0 0 9007336712568864 81064793311543296
0 0 162129586623086592 144115462953762880
0 0 144115462953762880 18014673425137728
0 0 18014673425137728 162129586623086592
0 0 324259173246173184 288230925907525760
0 0 288230925907525760 36029346850275456
0 0 36029346850275456 324259173246173184
0 0 648518346492346368 576461851815051520
0 0 576461851815051520 72058693700550912
0 0 72058693700550912 648518346492346368
0 0 1297036692984692736 1152923703630103040
0 0 1152923703630103040 144117387401101824
0 0 144117387401101824 1297036692984692736
0 0 2594073385969385472 2305847407260206080
0 0 2305847407260206080 288234774802203648
0 0 288234774802203648 2594073385969385472
0 0 5188146771938770944 4611694814520412160
0 0 4611694814520412160 576469549604407296
0 0 576469549604407296 5188146771938770944
0 0 10376293543877541888 9223389629040824320
0 0 9223389629040824320 1152939099208814592
0 0 1152939099208814592 10376293543877541888
0 0 2305843014045532161 35184372097025
0 0 35184372097025 2305878198417629184
0 0 2305878198417629184 2305843014045532161
0 0 4611686028091064322 70368744194050
0 0 70368744194050 4611756396835258368
0 0 4611756396835258368 4611686028091064322
0 0 9223372056182128644 140737488388100
0 0 140737488388100 9223512793670516736
0 0 9223512793670516736 9223372056182128644
0 0 38654705673 281474976776200
0 0 281474976776200 281513631481857
0 0 281513631481857 38654705673
0 0 77309411346 562949953552400
0 0 562949953552400 563027262963714
0 0 563027262963714 77309411346
0 0 154618822692 1125899907104800
0 0 1125899907104800 1126054525927428
0 0 1126054525927428 154618822692
0 0 309237645384 2251799814209600
0 0 2251799814209600 2252109051854856
0 0 2252109051854856 309237645384
0 0 618475290768 4503599628419200
0 0 4503599628419200 4504218103709712
0 0 4504218103709712 618475290768
0 0 1236950581536 9007199256838400
0 0 9007199256838400 9008436207419424
0 0 9008436207419424 1236950581536
0 0 2473901163072 18014398513676800
0 0 18014398513676800 18016872414838848
0 0 18016872414838848 2473901163072
0 0 4947802326144 36028797027353600
0 0 36028797027353600 36033744829677696
0 0 36033744829677696 4947802326144
0 0 9895604652288 72057594054707200
0 0 72057594054707200 72067489659355392
0 0 72067489659355392 9895604652288
0 0 19791209304576 144115188109414400
0 0 144115188109414400 144134979318710784
0 0 144134979318710784 19791209304576
512 432345564227569152 35184372098050 35184439328768
432345564227569152 432345564227568640 35184439328768 67249154
432345564227568640 512 67249154 35184372098050
1024 864691128455138304 70368744196100 70368878657536
864691128455138304 864691128455137280 70368878657536 134498308
864691128455137280 1024 134498308 70368744196100
2048 1729382256910276608 140737488392200 140737757315072
1729382256910276608 1729382256910274560 140737757315072 268996616
1729382256910274560 2048 268996616 140737488392200
4096 3458764513820553216 281474976784400 281475514630144
3458764513820553216 3458764513820549120 281475514630144 537993232
3458764513820549120 4096 537993232 281474976784400
8192 6917529027641106432 562949953568800 562951029260288
6917529027641106432 6917529027641098240 562951029260288 1075986464
6917529027641098240 8192 1075986464 562949953568800
16384 13835058055282212864 1125899907137600 1125902058520576
13835058055282212864 13835058055282196480 1125902058520576 2151972928
13835058055282196480 16384 2151972928 1125899907137600
32768 9223372036854874113 2251799814275200 2251804117041152
9223372036854874113 9223372036854841345 2251804117041152 4303945856
9223372036854841345 32768 4303945856 2251799814275200
65536 196611 4503599628550400 4503608234082304
196611 131075 4503608234082304 8607891712
131075 65536 8607891712 4503599628550400
131072 393222 9007199257100800 9007216468164608
393222 262150 9007216468164608 17215783424
262150 131072 17215783424 9007199257100800
262144 786444 18014398514201600 18014432936329216
786444 524300 18014432936329216 34431566848
524300 262144 34431566848 18014398514201600
524288 1572888 36028797028403200 36028865872658432
1572888 1048600 36028865872658432 68863133696
1048600 524288 68863133696 36028797028403200
1048576 3145776 72057594056806400 72057731745316864
3145776 2097200 72057731745316864 137726267392
2097200 1048576 137726267392 72057594056806400
2097152 6291552 144115188113612800 144115463490633728
6291552 4194400 144115463490633728 275452534784
4194400 2097152 275452534784 144115188113612800
4194304 12583104 288230376227225600 288230926981267456
12583104 8388800 288230926981267456 550905069568
8388800 4194304 550905069568 288230376227225600
8388608 25166208 576460752454451200 576461853962534912
25166208 16777600 576461853962534912 1101810139136
16777600 8388608 1101810139136 576460752454451200
16777216 50332416 1152921504908902400 1152923707925069824
50332416 33555200 1152923707925069824 2203620278272
33555200 16777216 2203620278272 1152921504908902400
33554432 100664832 2305843009817804800 2305847415850139648
100664832 67110400 2305847415850139648 4407240556544
67110400 33554432 4407240556544 2305843009817804800
67108864 201329664 4611686019635609600 4611694831700279296
201329664 134220800 4611694831700279296 8814481113088
134220800 67108864 8814481113088 4611686019635609600
134217728 402659328 9223372039271219200 9223389663400558592
402659328 268441600 9223389663400558592 17628962226176
268441600 134217728 17628962226176 9223372039271219200
268435456 805318656 4832886785 35253091565569
805318656 536883200 35253091565569 35257924452352
536883200 268435456 35257924452352 4832886785
536870912 1610637312 9665773570 70506183131138
1610637312 1073766400 70506183131138 70515848904704
1073766400 536870912 70515848904704 9665773570
1073741824 3221274624 19331547140 141012366262276
3221274624 2147532800 141012366262276 141031697809408
2147532800 1073741824 141031697809408 19331547140
2147483648 6442549248 38663094280 282024732524552
6442549248 4295065600 282024732524552 282063395618816
4295065600 2147483648 282063395618816 38663094280
4294967296 12885098496 77326188560 564049465049104
12885098496 8590131200 564049465049104 564126791237632
8590131200 4294967296 564126791237632 77326188560
8589934592 25770196992 154652377120 1128098930098208
25770196992 17180262400 1128098930098208 1128253582475264
17180262400 8589934592 1128253582475264 154652377120
17179869184 51540393984 309304754240 2256197860196416
51540393984 34360524800 2256197860196416 2256507164950528
34360524800 17179869184 2256507164950528 309304754240
34359738368 103080787968 618609508480 4512395720392832
103080787968 68721049600 4512395720392832 4513014329901056
68721049600 34359738368 4513014329901056 618609508480
68719476736 206161575936 1237219016960 9024791440785664
206161575936 137442099200 9024791440785664 9026028659802112
137442099200 68719476736 9026028659802112 1237219016960
137438953472 412323151872 2474438033920 18049582881571328
412323151872 274884198400 18049582881571328 18052057319604224
274884198400 137438953472 18052057319604224 2474438033920
274877906944 824646303744 4948876067840 36099165763142656
824646303744 549768396800 36099165763142656 36104114639208448
549768396800 274877906944 36104114639208448 4948876067840
549755813888 1649292607488 9897752135680 72198331526285312
1649292607488 1099536793600 72198331526285312 72208229278416896
1099536793600 549755813888 72208229278416896 9897752135680
1099511627776 3298585214976 19795504271360 144396663052570624
3298585214976 2199073587200 144396663052570624 144416458556833792
2199073587200 1099511627776 144416458556833792 19795504271360
2199023255552 6597170429952 39591008542720 288793326105141248
6597170429952 4398147174400 288793326105141248 288832917113667584
4398147174400 2199023255552 288832917113667584 39591008542720
4398046511104 13194340859904 79182017085440 577586652210282496
13194340859904 8796294348800 577586652210282496 577665834227335168
8796294348800 4398046511104 577665834227335168 79182017085440
8796093022208 26388681719808 158364034170880 1155173304420564992
26388681719808 17592588697600 1155173304420564992 1155331668454670336
17592588697600 8796093022208 1155331668454670336 158364034170880
17592186044416 52777363439616 316728068341760 2310346608841129984
52777363439616 35185177395200 2310346608841129984 2310663336909340672
35185177395200 17592186044416 2310663336909340672 316728068341760
35184372088832 105554726879232 633456136683520 4620693217682259968
105554726879232 70370354790400 4620693217682259968 4621326673818681344
70370354790400 35184372088832 4621326673818681344 633456136683520
70368744177664 211109453758464 1266912273367040 9241386435364519936
211109453758464 140740709580800 9241386435364519936 9242653347637362688
140740709580800 70368744177664 9242653347637362688 1266912273367040
140737488355328 422218907516928 2533824546734080 36028797019488257
422218907516928 281481419161600 36028797019488257 38562621565173761
281481419161600 140737488355328 38562621565173761 2533824546734080
281474976710656 844437815033856 5067649093468160 72057594038976514
844437815033856 562962838323200 72057594038976514 77125243130347522
562962838323200 281474976710656 77125243130347522 5067649093468160
562949953421312 1688875630067712 10135298186936320 144115188077953028
1688875630067712 1125925676646400 144115188077953028 154250486260695044
1125925676646400 562949953421312 154250486260695044 10135298186936320
1125899906842624 3377751260135424 20270596373872640 288230376155906056
3377751260135424 2251851353292800 288230376155906056 308500972521390088
2251851353292800 1125899906842624 308500972521390088 20270596373872640
2251799813685248 6755502520270848 40541192747745280 576460752311812112
6755502520270848 4503702706585600 576460752311812112 617001945042780176
4503702706585600 2251799813685248 617001945042780176 40541192747745280
4503599627370496 13511005040541696 81082385495490560 1152921504623624224
13511005040541696 9007405413171200 1152921504623624224 1234003890085560352
9007405413171200 4503599627370496 1234003890085560352 81082385495490560
9007199254740992 27022010081083392 162164770990981120 2305843009247248448
27022010081083392 18014810826342400 2305843009247248448 2468007780171120704
18014810826342400 9007199254740992 2468007780171120704 162164770990981120
18014398509481984 54044020162166784 324329541981962240 4611686018494496896
54044020162166784 36029621652684800 4611686018494496896 4936015560342241408
36029621652684800 18014398509481984 4936015560342241408 324329541981962240
36028797018963968 108088040324333568 648659083963924480 9223372036988993792
108088040324333568 72059243305369600 9223372036988993792 9872031120684482816
72059243305369600 36028797018963968 9872031120684482816 648659083963924480
72057594037927936 216176080648667136 1297318167927848960 268435969
216176080648667136 144118486610739200 268435969 1297318167659414017
144118486610739200 72057594037927936 1297318167659414017 1297318167927848960
144115188075855872 432352161297334272 2594636335855697920 536871938
432352161297334272 288236973221478400 536871938 2594636335318828034
288236973221478400 144115188075855872 2594636335318828034 2594636335855697920
288230376151711744 864704322594668544 5189272671711395840 1073743876
864704322594668544 576473946442956800 1073743876 5189272670637656068
576473946442956800 288230376151711744 5189272670637656068 5189272671711395840
576460752303423488 1729408645189337088 10378545343422791680 2147487752
1729408645189337088 1152947892885913600 2147487752 10378545341275312136
1152947892885913600 576460752303423488 10378545341275312136 10378545343422791680
1152921504606846976 3458817290378674176 2310346613136031745 4294975504
3458817290378674176 2305895785771827200 4294975504 2310346608841072657
2305895785771827200 1152921504606846976 2310346608841072657 2310346613136031745
2305843009213693952 6917634580757348352 4620693226272063490 8589951008
6917634580757348352 4611791571543654400 8589951008 4620693217682145314
4611791571543654400 2305843009213693952 4620693217682145314 4620693226272063490
4611686018427387904 13835269161514696704 9241386452544126980 17179902016
13835269161514696704 9223583143087308800 17179902016 9241386435364290628
9223583143087308800 4611686018427387904 9241386435364290628 9241386452544126980
9223372036854775808 9223794249319841793 36028831378702345 34359804032
9223794249319841793 422212465065985 34359804032 36028797019029641
422212465065985 9223372036854775808 36028797019029641 36028831378702345
1 844424930131971 72057662757404690 68719608064
844424930131971 844424930131970 68719608064 72057594038059282
844424930131970 1 72057594038059282 72057662757404690
2 1688849860263942 144115325514809380 137439216128
1688849860263942 1688849860263940 137439216128 144115188076118564
1688849860263940 2 144115188076118564 144115325514809380
4 3377699720527884 288230651029618760 274878432256
3377699720527884 3377699720527880 274878432256 288230376152237128
3377699720527880 4 288230376152237128 288230651029618760
8 6755399441055768 576461302059237520 549756864512
6755399441055768 6755399441055760 549756864512 576460752304474256
6755399441055760 8 576460752304474256 576461302059237520
16 13510798882111536 1152922604118475040 1099513729024
13510798882111536 13510798882111520 1099513729024 1152921504608948512
13510798882111520 16 1152921504608948512 1152922604118475040
32 27021597764223072 2305845208236950080 2199027458048
27021597764223072 27021597764223040 2199027458048 2305843009217897024
27021597764223040 32 2305843009217897024 2305845208236950080
64 54043195528446144 4611690416473900160 4398054916096
54043195528446144 54043195528446080 4398054916096 4611686018435794048
54043195528446080 64 4611686018435794048 4611690416473900160
128 108086391056892288 9223380832947800320 8796109832192
108086391056892288 108086391056892160 8796109832192 9223372036871588096
108086391056892160 128 9223372036871588096 9223380832947800320
256 216172782113784576 17592186049025 17592219664384
216172782113784576 216172782113784320 17592219664384 33624577
216172782113784320 256 33624577 17592186049025
