384 1024
8 1 128 256 384 512 640 768 896
9 0 1 129 257 385 513 641 769 897
8 3 130 258 386 514 642 770 898
9 2 3 131 259 387 515 643 771 899
8 5 132 260 388 516 644 772 900
9 4 5 133 261 389 517 645 773 901
8 7 134 262 390 518 646 774 902
9 6 7 135 263 391 519 647 775 903
8 9 136 264 392 520 648 776 904
9 8 9 137 265 393 521 649 777 905
8 11 138 266 394 522 650 778 906
9 10 11 139 267 395 523 651 779 907
8 13 140 268 396 524 652 780 908
9 12 13 141 269 397 525 653 781 909
8 15 142 270 398 526 654 782 910
9 14 15 143 271 399 527 655 783 911
8 17 144 272 400 528 656 784 912
9 16 17 145 273 401 529 657 785 913
8 19 146 274 402 530 658 786 914
9 18 19 147 275 403 531 659 787 915
8 21 148 276 404 532 660 788 916
9 20 21 149 277 405 533 661 789 917
8 23 150 278 406 534 662 790 918
9 22 23 151 279 407 535 663 791 919
8 25 152 280 408 536 664 792 920
9 24 25 153 281 409 537 665 793 921
8 27 154 282 410 538 666 794 922
9 26 27 155 283 411 539 667 795 923
8 29 156 284 412 540 668 796 924
9 28 29 157 285 413 541 669 797 925
8 31 158 286 414 542 670 798 926
9 30 31 159 287 415 543 671 799 927
8 33 160 288 416 544 672 800 928
9 32 33 161 289 417 545 673 801 929
8 35 162 290 418 546 674 802 930
9 34 35 163 291 419 547 675 803 931
8 37 164 292 420 548 676 804 932
9 36 37 165 293 421 549 677 805 933
8 39 166 294 422 550 678 806 934
9 38 39 167 295 423 551 679 807 935
8 41 168 296 424 552 680 808 936
9 40 41 169 297 425 553 681 809 937
8 43 170 298 426 554 682 810 938
9 42 43 171 299 427 555 683 811 939
8 45 172 300 428 556 684 812 940
9 44 45 173 301 429 557 685 813 941
8 47 174 302 430 558 686 814 942
9 46 47 175 303 431 559 687 815 943
8 49 176 304 432 560 688 816 944
9 48 49 177 305 433 561 689 817 945
8 51 178 306 434 562 690 818 946
9 50 51 179 307 435 563 691 819 947
8 53 180 308 436 564 692 820 948
9 52 53 181 309 437 565 693 821 949
8 55 182 310 438 566 694 822 950
9 54 55 183 311 439 567 695 823 951
8 57 184 312 440 568 696 824 952
9 56 57 185 313 441 569 697 825 953
8 59 186 314 442 570 698 826 954
9 58 59 187 315 443 571 699 827 955
8 61 188 316 444 572 700 828 956
9 60 61 189 317 445 573 701 829 957
8 63 190 318 446 574 702 830 958
9 62 63 191 319 447 575 703 831 959
8 65 192 320 448 576 704 832 960
9 64 65 193 321 449 577 705 833 961
8 67 194 322 450 578 706 834 962
9 66 67 195 323 451 579 707 835 963
8 69 196 324 452 580 708 836 964
9 68 69 197 325 453 581 709 837 965
8 71 198 326 454 582 710 838 966
9 70 71 199 327 455 583 711 839 967
8 73 200 328 456 584 712 840 968
9 72 73 201 329 457 585 713 841 969
8 75 202 330 458 586 714 842 970
9 74 75 203 331 459 587 715 843 971
8 77 204 332 460 588 716 844 972
9 76 77 205 333 461 589 717 845 973
8 79 206 334 462 590 718 846 974
9 78 79 207 335 463 591 719 847 975
8 81 208 336 464 592 720 848 976
9 80 81 209 337 465 593 721 849 977
8 83 210 338 466 594 722 850 978
9 82 83 211 339 467 595 723 851 979
8 85 212 340 468 596 724 852 980
9 84 85 213 341 469 597 725 853 981
8 87 214 342 470 598 726 854 982
9 86 87 215 343 471 599 727 855 983
8 89 216 344 472 600 728 856 984
9 88 89 217 345 473 601 729 857 985
8 91 218 346 474 602 730 858 986
9 90 91 219 347 475 603 731 859 987
8 93 220 348 476 604 732 860 988
9 92 93 221 349 477 605 733 861 989
8 95 222 350 478 606 734 862 990
9 94 95 223 351 479 607 735 863 991
8 97 224 352 480 608 736 864 992
9 96 97 225 353 481 609 737 865 993
8 99 226 354 482 610 738 866 994
9 98 99 227 355 483 611 739 867 995
8 101 228 356 484 612 740 868 996
9 100 101 229 357 485 613 741 869 997
8 103 230 358 486 614 742 870 998
9 102 103 231 359 487 615 743 871 999
8 105 232 360 488 616 744 872 1000
9 104 105 233 361 489 617 745 873 1001
8 107 234 362 490 618 746 874 1002
9 106 107 235 363 491 619 747 875 1003
8 109 236 364 492 620 748 876 1004
9 108 109 237 365 493 621 749 877 1005
8 111 238 366 494 622 750 878 1006
9 110 111 239 367 495 623 751 879 1007
8 113 240 368 496 624 752 880 1008
9 112 113 241 369 497 625 753 881 1009
8 115 242 370 498 626 754 882 1010
9 114 115 243 371 499 627 755 883 1011
8 117 244 372 500 628 756 884 1012
9 116 117 245 373 501 629 757 885 1013
8 119 246 374 502 630 758 886 1014
9 118 119 247 375 503 631 759 887 1015
8 121 248 376 504 632 760 888 1016
9 120 121 249 377 505 633 761 889 1017
8 123 250 378 506 634 762 890 1018
9 122 123 251 379 507 635 763 891 1019
8 125 252 380 508 636 764 892 1020
9 124 125 253 381 509 637 765 893 1021
8 127 254 382 510 638 766 894 1022
9 126 127 255 383 511 639 767 895 1023
8 0 193 382 446 636 726 782 992
9 1 192 193 383 447 637 727 783 993
8 2 195 256 448 638 728 784 994
9 3 194 195 257 449 639 729 785 995
8 4 197 258 450 512 730 786 996
9 5 196 197 259 451 513 731 787 997
8 6 199 260 452 514 732 788 998
9 7 198 199 261 453 515 733 789 999
8 8 201 262 454 516 734 790 1000
9 9 200 201 263 455 517 735 791 1001
8 10 203 264 456 518 736 792 1002
9 11 202 203 265 457 519 737 793 1003
8 12 205 266 458 520 738 794 1004
9 13 204 205 267 459 521 739 795 1005
8 14 207 268 460 522 740 796 1006
9 15 206 207 269 461 523 741 797 1007
8 16 209 270 462 524 742 798 1008
9 17 208 209 271 463 525 743 799 1009
8 18 211 272 464 526 744 800 1010
9 19 210 211 273 465 527 745 801 1011
8 20 213 274 466 528 746 802 1012
9 21 212 213 275 467 529 747 803 1013
8 22 215 276 468 530 748 804 1014
9 23 214 215 277 469 531 749 805 1015
8 24 217 278 470 532 750 806 1016
9 25 216 217 279 471 533 751 807 1017
8 26 219 280 472 534 752 808 1018
9 27 218 219 281 473 535 753 809 1019
8 28 221 282 474 536 754 810 1020
9 29 220 221 283 475 537 755 811 1021
8 30 223 284 476 538 756 812 1022
9 31 222 223 285 477 539 757 813 1023
8 32 225 286 478 540 758 814 896
9 33 224 225 287 479 541 759 815 897
8 34 227 288 480 542 760 816 898
9 35 226 227 289 481 543 761 817 899
8 36 229 290 482 544 762 818 900
9 37 228 229 291 483 545 763 819 901
8 38 231 292 484 546 764 820 902
9 39 230 231 293 485 547 765 821 903
8 40 233 294 486 548 766 822 904
9 41 232 233 295 487 549 767 823 905
8 42 235 296 488 550 640 824 906
9 43 234 235 297 489 551 641 825 907
8 44 237 298 490 552 642 826 908
9 45 236 237 299 491 553 643 827 909
8 46 239 300 492 554 644 828 910
9 47 238 239 301 493 555 645 829 911
8 48 241 302 494 556 646 830 912
9 49 240 241 303 495 557 647 831 913
8 50 243 304 496 558 648 832 914
9 51 242 243 305 497 559 649 833 915
8 52 245 306 498 560 650 834 916
9 53 244 245 307 499 561 651 835 917
8 54 247 308 500 562 652 836 918
9 55 246 247 309 501 563 653 837 919
8 56 249 310 502 564 654 838 920
9 57 248 249 311 503 565 655 839 921
8 58 251 312 504 566 656 840 922
9 59 250 251 313 505 567 657 841 923
8 60 253 314 506 568 658 842 924
9 61 252 253 315 507 569 659 843 925
8 62 255 316 508 570 660 844 926
9 63 254 255 317 509 571 661 845 927
8 64 129 318 510 572 662 846 928
9 65 128 129 319 511 573 663 847 929
8 66 131 320 384 574 664 848 930
9 67 130 131 321 385 575 665 849 931
8 68 133 322 386 576 666 850 932
9 69 132 133 323 387 577 667 851 933
8 70 135 324 388 578 668 852 934
9 71 134 135 325 389 579 669 853 935
8 72 137 326 390 580 670 854 936
9 73 136 137 327 391 581 671 855 937
8 74 139 328 392 582 672 856 938
9 75 138 139 329 393 583 673 857 939
8 76 141 330 394 584 674 858 940
9 77 140 141 331 395 585 675 859 941
8 78 143 332 396 586 676 860 942
9 79 142 143 333 397 587 677 861 943
8 80 145 334 398 588 678 862 944
9 81 144 145 335 399 589 679 863 945
8 82 147 336 400 590 680 864 946
9 83 146 147 337 401 591 681 865 947
8 84 149 338 402 592 682 866 948
9 85 148 149 339 403 593 683 867 949
8 86 151 340 404 594 684 868 950
9 87 150 151 341 405 595 685 869 951
8 88 153 342 406 596 686 870 952
9 89 152 153 343 407 597 687 871 953
8 90 155 344 408 598 688 872 954
9 91 154 155 345 409 599 689 873 955
8 92 157 346 410 600 690 874 956
9 93 156 157 347 411 601 691 875 957
8 94 159 348 412 602 692 876 958
9 95 158 159 349 413 603 693 877 959
8 96 161 350 414 604 694 878 960
9 97 160 161 351 415 605 695 879 961
8 98 163 352 416 606 696 880 962
9 99 162 163 353 417 607 697 881 963
8 100 165 354 418 608 698 882 964
9 101 164 165 355 419 609 699 883 965
8 102 167 356 420 610 700 884 966
9 103 166 167 357 421 611 701 885 967
8 104 169 358 422 612 702 886 968
9 105 168 169 359 423 613 703 887 969
8 106 171 360 424 614 704 888 970
9 107 170 171 361 425 615 705 889 971
8 108 173 362 426 616 706 890 972
9 109 172 173 363 427 617 707 891 973
8 110 175 364 428 618 708 892 974
9 111 174 175 365 429 619 709 893 975
8 112 177 366 430 620 710 894 976
9 113 176 177 367 431 621 711 895 977
8 114 179 368 432 622 712 768 978
9 115 178 179 369 433 623 713 769 979
8 116 181 370 434 624 714 770 980
9 117 180 181 371 435 625 715 771 981
8 118 183 372 436 626 716 772 982
9 119 182 183 373 437 627 717 773 983
8 120 185 374 438 628 718 774 984
9 121 184 185 375 439 629 719 775 985
8 122 187 376 440 630 720 776 986
9 123 186 187 377 441 631 721 777 987
8 124 189 378 442 632 722 778 988
9 125 188 189 379 443 633 723 779 989
8 126 191 380 444 634 724 780 990
9 127 190 191 381 445 635 725 781 991
8 0 160 321 388 618 690 806 998
9 1 161 320 321 389 619 691 807 999
8 2 162 323 390 620 692 808 1000
9 3 163 322 323 391 621 693 809 1001
8 4 164 325 392 622 694 810 1002
9 5 165 324 325 393 623 695 811 1003
8 6 166 327 394 624 696 812 1004
9 7 167 326 327 395 625 697 813 1005
8 8 168 329 396 626 698 814 1006
9 9 169 328 329 397 627 699 815 1007
8 10 170 331 398 628 700 816 1008
9 11 171 330 331 399 629 701 817 1009
8 12 172 333 400 630 702 818 1010
9 13 173 332 333 401 631 703 819 1011
8 14 174 335 402 632 704 820 1012
9 15 175 334 335 403 633 705 821 1013
8 16 176 337 404 634 706 822 1014
9 17 177 336 337 405 635 707 823 1015
8 18 178 339 406 636 708 824 1016
9 19 179 338 339 407 637 709 825 1017
8 20 180 341 408 638 710 826 1018
9 21 181 340 341 409 639 711 827 1019
8 22 182 343 410 512 712 828 1020
9 23 183 342 343 411 513 713 829 1021
8 24 184 345 412 514 714 830 1022
9 25 185 344 345 413 515 715 831 1023
8 26 186 347 414 516 716 832 896
9 27 187 346 347 415 517 717 833 897
8 28 188 349 416 518 718 834 898
9 29 189 348 349 417 519 719 835 899
8 30 190 351 418 520 720 836 900
9 31 191 350 351 419 521 721 837 901
8 32 192 353 420 522 722 838 902
9 33 193 352 353 421 523 723 839 903
8 34 194 355 422 524 724 840 904
9 35 195 354 355 423 525 725 841 905
8 36 196 357 424 526 726 842 906
9 37 197 356 357 425 527 727 843 907
8 38 198 359 426 528 728 844 908
9 39 199 358 359 427 529 729 845 909
8 40 200 361 428 530 730 846 910
9 41 201 360 361 429 531 731 847 911
8 42 202 363 430 532 732 848 912
9 43 203 362 363 431 533 733 849 913
8 44 204 365 432 534 734 850 914
9 45 205 364 365 433 535 735 851 915
8 46 206 367 434 536 736 852 916
9 47 207 366 367 435 537 737 853 917
8 48 208 369 436 538 738 854 918
9 49 209 368 369 437 539 739 855 919
8 50 210 371 438 540 740 856 920
9 51 211 370 371 439 541 741 857 921
8 52 212 373 440 542 742 858 922
9 53 213 372 373 441 543 743 859 923
8 54 214 375 442 544 744 860 924
9 55 215 374 375 443 545 745 861 925
8 56 216 377 444 546 746 862 926
9 57 217 376 377 445 547 747 863 927
8 58 218 379 446 548 748 864 928
9 59 219 378 379 447 549 749 865 929
8 60 220 381 448 550 750 866 930
9 61 221 380 381 449 551 751 867 931
8 62 222 383 450 552 752 868 932
9 63 223 382 383 451 553 753 869 933
8 64 224 257 452 554 754 870 934
9 65 225 256 257 453 555 755 871 935
8 66 226 259 454 556 756 872 936
9 67 227 258 259 455 557 757 873 937
8 68 228 261 456 558 758 874 938
9 69 229 260 261 457 559 759 875 939
8 70 230 263 458 560 760 876 940
9 71 231 262 263 459 561 761 877 941
8 72 232 265 460 562 762 878 942
9 73 233 264 265 461 563 763 879 943
8 74 234 267 462 564 764 880 944
9 75 235 266 267 463 565 765 881 945
8 76 236 269 464 566 766 882 946
9 77 237 268 269 465 567 767 883 947
8 78 238 271 466 568 640 884 948
9 79 239 270 271 467 569 641 885 949
8 80 240 273 468 570 642 886 950
9 81 241 272 273 469 571 643 887 951
8 82 242 275 470 572 644 888 952
9 83 243 274 275 471 573 645 889 953
8 84 244 277 472 574 646 890 954
9 85 245 276 277 473 575 647 891 955
8 86 246 279 474 576 648 892 956
9 87 247 278 279 475 577 649 893 957
8 88 248 281 476 578 650 894 958
9 89 249 280 281 477 579 651 895 959
8 90 250 283 478 580 652 768 960
9 91 251 282 283 479 581 653 769 961
8 92 252 285 480 582 654 770 962
9 93 253 284 285 481 583 655 771 963
8 94 254 287 482 584 656 772 964
9 95 255 286 287 483 585 657 773 965
8 96 128 289 484 586 658 774 966
9 97 129 288 289 485 587 659 775 967
8 98 130 291 486 588 660 776 968
9 99 131 290 291 487 589 661 777 969
8 100 132 293 488 590 662 778 970
9 101 133 292 293 489 591 663 779 971
8 102 134 295 490 592 664 780 972
9 103 135 294 295 491 593 665 781 973
8 104 136 297 492 594 666 782 974
9 105 137 296 297 493 595 667 783 975
8 106 138 299 494 596 668 784 976
9 107 139 298 299 495 597 669 785 977
8 108 140 301 496 598 670 786 978
9 109 141 300 301 497 599 671 787 979
8 110 142 303 498 600 672 788 980
9 111 143 302 303 499 601 673 789 981
8 112 144 305 500 602 674 790 982
9 113 145 304 305 501 603 675 791 983
8 114 146 307 502 604 676 792 984
9 115 147 306 307 503 605 677 793 985
8 116 148 309 504 606 678 794 986
9 117 149 308 309 505 607 679 795 987
8 118 150 311 506 608 680 796 988
9 119 151 310 311 507 609 681 797 989
8 120 152 313 508 610 682 798 990
9 121 153 312 313 509 611 683 799 991
8 122 154 315 510 612 684 800 992
9 123 155 314 315 511 613 685 801 993
8 124 156 317 384 614 686 802 994
9 125 157 316 317 385 615 687 803 995
8 126 158 319 386 616 688 804 996
9 127 159 318 319 387 617 689 805 997
