512 192 256 64
0 2 64 1 128 1
1 2 65 1 129 1
2 2 66 1 130 1
3 2 67 1 131 1
4 2 68 1 132 1
5 2 69 1 133 1
6 2 70 1 134 1
7 2 71 1 135 1
8 2 72 1 136 1
9 2 73 1 137 1
10 2 74 1 138 1
11 2 75 1 139 1
12 2 76 1 140 1
13 2 77 1 141 1
14 2 78 1 142 1
15 2 79 1 143 1
16 2 80 1 144 1
17 2 81 1 145 1
18 2 82 1 146 1
19 2 83 1 147 1
20 2 84 1 148 1
21 2 85 1 149 1
22 2 86 1 150 1
23 2 87 1 151 1
24 2 88 1 152 1
25 2 89 1 153 1
26 2 90 1 154 1
27 2 91 1 155 1
28 2 92 1 156 1
29 2 93 1 157 1
30 2 94 1 158 1
31 2 95 1 159 1
32 2 96 1 160 1
33 2 97 1 161 1
34 2 98 1 162 1
35 2 99 1 163 1
36 2 100 1 164 1
37 2 101 1 165 1
38 2 102 1 166 1
39 2 103 1 167 1
40 2 104 1 168 1
41 2 105 1 169 1
42 2 106 1 170 1
43 2 107 1 171 1
44 2 108 1 172 1
45 2 109 1 173 1
46 2 110 1 174 1
47 2 111 1 175 1
48 2 112 1 176 1
49 2 113 1 177 1
50 2 114 1 178 1
51 2 115 1 179 1
52 2 116 1 180 1
53 2 117 1 181 1
54 2 118 1 182 1
55 2 119 1 183 1
56 2 120 1 184 1
57 2 121 1 185 1
58 2 122 1 186 1
59 2 123 1 187 1
60 2 124 1 188 1
61 2 125 1 189 1
62 2 126 1 190 1
63 2 127 1 191 1
0 1 96 2 176 1
1 1 97 2 177 1
2 1 98 2 178 1
3 1 99 2 179 1
4 1 100 2 180 1
5 1 101 2 181 1
6 1 102 2 182 1
7 1 103 2 183 1
8 1 104 2 184 1
9 1 105 2 185 1
10 1 106 2 186 1
11 1 107 2 187 1
12 1 108 2 188 1
13 1 109 2 189 1
14 1 110 2 190 1
15 1 111 2 191 1
16 1 112 2 128 1
17 1 113 2 129 1
18 1 114 2 130 1
19 1 115 2 131 1
20 1 116 2 132 1
21 1 117 2 133 1
22 1 118 2 134 1
23 1 119 2 135 1
24 1 120 2 136 1
25 1 121 2 137 1
26 1 122 2 138 1
27 1 123 2 139 1
28 1 124 2 140 1
29 1 125 2 141 1
30 1 126 2 142 1
31 1 127 2 143 1
32 1 64 2 144 1
33 1 65 2 145 1
34 1 66 2 146 1
35 1 67 2 147 1
36 1 68 2 148 1
37 1 69 2 149 1
38 1 70 2 150 1
39 1 71 2 151 1
40 1 72 2 152 1
41 1 73 2 153 1
42 1 74 2 154 1
43 1 75 2 155 1
44 1 76 2 156 1
45 1 77 2 157 1
46 1 78 2 158 1
47 1 79 2 159 1
48 1 80 2 160 1
49 1 81 2 161 1
50 1 82 2 162 1
51 1 83 2 163 1
52 1 84 2 164 1
53 1 85 2 165 1
54 1 86 2 166 1
55 1 87 2 167 1
56 1 88 2 168 1
57 1 89 2 169 1
58 1 90 2 170 1
59 1 91 2 171 1
60 1 92 2 172 1
61 1 93 2 173 1
62 1 94 2 174 1
63 1 95 2 175 1
0 1 65 1 160 2
1 1 66 1 161 2
2 1 67 1 162 2
3 1 68 1 163 2
4 1 69 1 164 2
5 1 70 1 165 2
6 1 71 1 166 2
7 1 72 1 167 2
8 1 73 1 168 2
9 1 74 1 169 2
10 1 75 1 170 2
11 1 76 1 171 2
12 1 77 1 172 2
13 1 78 1 173 2
14 1 79 1 174 2
15 1 80 1 175 2
16 1 81 1 176 2
17 1 82 1 177 2
18 1 83 1 178 2
19 1 84 1 179 2
20 1 85 1 180 2
21 1 86 1 181 2
22 1 87 1 182 2
23 1 88 1 183 2
24 1 89 1 184 2
25 1 90 1 185 2
26 1 91 1 186 2
27 1 92 1 187 2
28 1 93 1 188 2
29 1 94 1 189 2
30 1 95 1 190 2
31 1 96 1 191 2
32 1 97 1 128 2
33 1 98 1 129 2
34 1 99 1 130 2
35 1 100 1 131 2
36 1 101 1 132 2
37 1 102 1 133 2
38 1 103 1 134 2
39 1 104 1 135 2
40 1 105 1 136 2
41 1 106 1 137 2
42 1 107 1 138 2
43 1 108 1 139 2
44 1 109 1 140 2
45 1 110 1 141 2
46 1 111 1 142 2
47 1 112 1 143 2
48 1 113 1 144 2
49 1 114 1 145 2
50 1 115 1 146 2
51 1 116 1 147 2
52 1 117 1 148 2
53 1 118 1 149 2
54 1 119 1 150 2
55 1 120 1 151 2
56 1 121 1 152 2
57 1 122 1 153 2
58 1 123 1 154 2
59 1 124 1 155 2
60 1 125 1 156 2
61 1 126 1 157 2
62 1 127 1 158 2
63 1 64 1 159 2
0 1 97 1 190 1
1 1 98 1 191 1
2 1 99 1 128 1
3 1 100 1 129 1
4 1 101 1 130 1
5 1 102 1 131 1
6 1 103 1 132 1
7 1 104 1 133 1
8 1 105 1 134 1
9 1 106 1 135 1
10 1 107 1 136 1
11 1 108 1 137 1
12 1 109 1 138 1
13 1 110 1 139 1
14 1 111 1 140 1
15 1 112 1 141 1
16 1 113 1 142 1
17 1 114 1 143 1
18 1 115 1 144 1
19 1 116 1 145 1
20 1 117 1 146 1
21 1 118 1 147 1
22 1 119 1 148 1
23 1 120 1 149 1
24 1 121 1 150 1
25 1 122 1 151 1
26 1 123 1 152 1
27 1 124 1 153 1
28 1 125 1 154 1
29 1 126 1 155 1
30 1 127 1 156 1
31 1 64 1 157 1
32 1 65 1 158 1
33 1 66 1 159 1
34 1 67 1 160 1
35 1 68 1 161 1
36 1 69 1 162 1
37 1 70 1 163 1
38 1 71 1 164 1
39 1 72 1 165 1
40 1 73 1 166 1
41 1 74 1 167 1
42 1 75 1 168 1
43 1 76 1 169 1
44 1 77 1 170 1
45 1 78 1 171 1
46 1 79 1 172 1
47 1 80 1 173 1
48 1 81 1 174 1
49 1 82 1 175 1
50 1 83 1 176 1
51 1 84 1 177 1
52 1 85 1 178 1
53 1 86 1 179 1
54 1 87 1 180 1
55 1 88 1 181 1
56 1 89 1 182 1
57 1 90 1 183 1
58 1 91 1 184 1
59 1 92 1 185 1
60 1 93 1 186 1
61 1 94 1 187 1
62 1 95 1 188 1
63 1 96 1 189 1
0 1 66 1 139 1
1 1 67 1 140 1
2 1 68 1 141 1
3 1 69 1 142 1
4 1 70 1 143 1
5 1 71 1 144 1
6 1 72 1 145 1
7 1 73 1 146 1
8 1 74 1 147 1
9 1 75 1 148 1
10 1 76 1 149 1
11 1 77 1 150 1
12 1 78 1 151 1
13 1 79 1 152 1
14 1 80 1 153 1
15 1 81 1 154 1
16 1 82 1 155 1
17 1 83 1 156 1
18 1 84 1 157 1
19 1 85 1 158 1
20 1 86 1 159 1
21 1 87 1 160 1
22 1 88 1 161 1
23 1 89 1 162 1
24 1 90 1 163 1
25 1 91 1 164 1
26 1 92 1 165 1
27 1 93 1 166 1
28 1 94 1 167 1
29 1 95 1 168 1
30 1 96 1 169 1
31 1 97 1 170 1
32 1 98 1 171 1
33 1 99 1 172 1
34 1 100 1 173 1
35 1 101 1 174 1
36 1 102 1 175 1
37 1 103 1 176 1
38 1 104 1 177 1
39 1 105 1 178 1
40 1 106 1 179 1
41 1 107 1 180 1
42 1 108 1 181 1
43 1 109 1 182 1
44 1 110 1 183 1
45 1 111 1 184 1
46 1 112 1 185 1
47 1 113 1 186 1
48 1 114 1 187 1
49 1 115 1 188 1
50 1 116 1 189 1
51 1 117 1 190 1
52 1 118 1 191 1
53 1 119 1 128 1
54 1 120 1 129 1
55 1 121 1 130 1
56 1 122 1 131 1
57 1 123 1 132 1
58 1 124 1 133 1
59 1 125 1 134 1
60 1 126 1 135 1
61 1 127 1 136 1
62 1 64 1 137 1
63 1 65 1 138 1
0 1 85 1 167 1
1 1 86 1 168 1
2 1 87 1 169 1
3 1 88 1 170 1
4 1 89 1 171 1
5 1 90 1 172 1
6 1 91 1 173 1
7 1 92 1 174 1
8 1 93 1 175 1
9 1 94 1 176 1
10 1 95 1 177 1
11 1 96 1 178 1
12 1 97 1 179 1
13 1 98 1 180 1
14 1 99 1 181 1
15 1 100 1 182 1
16 1 101 1 183 1
17 1 102 1 184 1
18 1 103 1 185 1
19 1 104 1 186 1
20 1 105 1 187 1
21 1 106 1 188 1
22 1 107 1 189 1
23 1 108 1 190 1
24 1 109 1 191 1
25 1 110 1 128 1
26 1 111 1 129 1
27 1 112 1 130 1
28 1 113 1 131 1
29 1 114 1 132 1
30 1 115 1 133 1
31 1 116 1 134 1
32 1 117 1 135 1
33 1 118 1 136 1
34 1 119 1 137 1
35 1 120 1 138 1
36 1 121 1 139 1
37 1 122 1 140 1
38 1 123 1 141 1
39 1 124 1 142 1
40 1 125 1 143 1
41 1 126 1 144 1
42 1 127 1 145 1
43 1 64 1 146 1
44 1 65 1 147 1
45 1 66 1 148 1
46 1 67 1 149 1
47 1 68 1 150 1
48 1 69 1 151 1
49 1 70 1 152 1
50 1 71 1 153 1
51 1 72 1 154 1
52 1 73 1 155 1
53 1 74 1 156 1
54 1 75 1 157 1
55 1 76 1 158 1
56 1 77 1 159 1
57 1 78 1 160 1
58 1 79 1 161 1
59 1 80 1 162 1
60 1 81 1 163 1
61 1 82 1 164 1
62 1 83 1 165 1
63 1 84 1 166 1
0 1 121 1 173 1
1 1 122 1 174 1
2 1 123 1 175 1
3 1 124 1 176 1
4 1 125 1 177 1
5 1 126 1 178 1
6 1 127 1 179 1
7 1 64 1 180 1
8 1 65 1 181 1
9 1 66 1 182 1
10 1 67 1 183 1
11 1 68 1 184 1
12 1 69 1 185 1
13 1 70 1 186 1
14 1 71 1 187 1
15 1 72 1 188 1
16 1 73 1 189 1
17 1 74 1 190 1
18 1 75 1 191 1
19 1 76 1 128 1
20 1 77 1 129 1
21 1 78 1 130 1
22 1 79 1 131 1
23 1 80 1 132 1
24 1 81 1 133 1
25 1 82 1 134 1
26 1 83 1 135 1
27 1 84 1 136 1
28 1 85 1 137 1
29 1 86 1 138 1
30 1 87 1 139 1
31 1 88 1 140 1
32 1 89 1 141 1
33 1 90 1 142 1
34 1 91 1 143 1
35 1 92 1 144 1
36 1 93 1 145 1
37 1 94 1 146 1
38 1 95 1 147 1
39 1 96 1 148 1
40 1 97 1 149 1
41 1 98 1 150 1
42 1 99 1 151 1
43 1 100 1 152 1
44 1 101 1 153 1
45 1 102 1 154 1
46 1 103 1 155 1
47 1 104 1 156 1
48 1 105 1 157 1
49 1 106 1 158 1
50 1 107 1 159 1
51 1 108 1 160 1
52 1 109 1 161 1
53 1 110 1 162 1
54 1 111 1 163 1
55 1 112 1 164 1
56 1 113 1 165 1
57 1 114 1 166 1
58 1 115 1 167 1
59 1 116 1 168 1
60 1 117 1 169 1
61 1 118 1 170 1
62 1 119 1 171 1
63 1 120 1 172 1
0 1 80 1 141 1
1 1 81 1 142 1
2 1 82 1 143 1
3 1 83 1 144 1
4 1 84 1 145 1
5 1 85 1 146 1
6 1 86 1 147 1
7 1 87 1 148 1
8 1 88 1 149 1
9 1 89 1 150 1
10 1 90 1 151 1
11 1 91 1 152 1
12 1 92 1 153 1
13 1 93 1 154 1
14 1 94 1 155 1
15 1 95 1 156 1
16 1 96 1 157 1
17 1 97 1 158 1
18 1 98 1 159 1
19 1 99 1 160 1
20 1 100 1 161 1
21 1 101 1 162 1
22 1 102 1 163 1
23 1 103 1 164 1
24 1 104 1 165 1
25 1 105 1 166 1
26 1 106 1 167 1
27 1 107 1 168 1
28 1 108 1 169 1
29 1 109 1 170 1
30 1 110 1 171 1
31 1 111 1 172 1
32 1 112 1 173 1
33 1 113 1 174 1
34 1 114 1 175 1
35 1 115 1 176 1
36 1 116 1 177 1
37 1 117 1 178 1
38 1 118 1 179 1
39 1 119 1 180 1
40 1 120 1 181 1
41 1 121 1 182 1
42 1 122 1 183 1
43 1 123 1 184 1
44 1 124 1 185 1
45 1 125 1 186 1
46 1 126 1 187 1
47 1 127 1 188 1
48 1 64 1 189 1
49 1 65 1 190 1
50 1 66 1 191 1
51 1 67 1 128 1
52 1 68 1 129 1
53 1 69 1 130 1
54 1 70 1 131 1
55 1 71 1 132 1
56 1 72 1 133 1
57 1 73 1 134 1
58 1 74 1 135 1
59 1 75 1 136 1
60 1 76 1 137 1
61 1 77 1 138 1
62 1 78 1 139 1
63 1 79 1 140 1
0 0 0 0
0 0 0 0
0 0 0 0
0 0 0 0
0 0 0 0
0 0 0 0
0 0 0 0
0 0 0 0
0 0 0 0
0 0 0 0
0 0 0 0
0 0 0 0
0 0 0 0
0 0 0 0
0 0 0 0
0 0 0 0
0 0 0 0
0 0 0 0
0 0 0 0
0 0 0 0
0 0 0 0
0 0 0 0
0 0 0 0
0 0 0 0
0 0 0 0
0 0 0 0
0 0 0 0
0 0 0 0
0 0 0 0
0 0 0 0
0 0 0 0
0 0 0 0
0 0 0 0
0 0 0 0
0 0 0 0
0 0 0 0
0 0 0 0
0 0 0 0
0 0 0 0
0 0 0 0
0 0 0 0
0 0 0 0
0 0 0 0
0 0 0 0
0 0 0 0
0 0 0 0
0 0 0 0
0 0 0 0
0 0 0 0
0 0 0 0
0 0 0 0
0 0 0 0
0 0 0 0
0 0 0 0
0 0 0 0
0 0 0 0
0 0 0 0
0 0 0 0
0 0 0 0
0 0 0 0
0 0 0 0
0 0 0 0
0 0 0 0
0 0 0 0
0 0 0 0
0 0 0 0
0 0 0 0
0 0 0 0
0 0 0 0
0 0 0 0
0 0 0 0
0 0 0 0
0 0 0 0
0 0 0 0
0 0 0 0
0 0 0 0
0 0 0 0
0 0 0 0
0 0 0 0
0 0 0 0
0 0 0 0
0 0 0 0
0 0 0 0
0 0 0 0
0 0 0 0
0 0 0 0
0 0 0 0
0 0 0 0
0 0 0 0
0 0 0 0
0 0 0 0
0 0 0 0
0 0 0 0
0 0 0 0
0 0 0 0
0 0 0 0
0 0 0 0
0 0 0 0
0 0 0 0
0 0 0 0
0 0 0 0
0 0 0 0
0 0 0 0
0 0 0 0
0 0 0 0
0 0 0 0
0 0 0 0
0 0 0 0
0 0 0 0
0 0 0 0
0 0 0 0
0 0 0 0
0 0 0 0
0 0 0 0
0 0 0 0
0 0 0 0
0 0 0 0
0 0 0 0
0 0 0 0
0 0 0 0
0 0 0 0
0 0 0 0
0 0 0 0
0 0 0 0
0 0 0 0
0 0 0 0
0 0 0 0
0 0 0 0
0 0 0 0
0 0 0 0
0 0 0 0
0 0 0 0
0 0 0 0
0 0 0 0
0 0 0 0
0 0 0 0
0 0 0 0
0 0 0 0
0 0 0 0
0 0 0 0
0 0 0 0
0 0 0 0
0 0 0 0
0 0 0 0
0 0 0 0
0 0 0 0
0 0 0 0
0 0 0 0
0 0 0 0
0 0 0 0
0 0 0 0
0 0 0 0
0 0 0 0
0 0 0 0
0 0 0 0
0 0 0 0
0 0 0 0
0 0 0 0
0 0 0 0
0 0 0 0
0 0 0 0
0 0 0 0
0 0 0 0
0 0 0 0
0 0 0 0
0 0 0 0
0 0 0 0
0 0 0 0
0 0 0 0
0 0 0 0
0 0 0 0
0 0 0 0
0 0 0 0
0 0 0 0
0 0 0 0
0 0 0 0
0 0 0 0
0 0 0 0
0 0 0 0
0 0 0 0
0 0 0 0
0 0 0 0
0 0 0 0
0 0 0 0
0 0 0 0
0 0 0 0
0 0 0 0
0 0 0 0
0 0 0 0
0 0 0 0
0 0 0 0
0 0 0 0
0 0 0 0
0 0 0 0
0 0 0 0
0 0 0 0
0 0 0 0
0 0 0 0
0 0 0 0
0 0 0 0
0 0 0 0
0 0 0 0
0 0 0 0
0 0 0 0
0 0 0 0
0 0 0 0
0 0 0 0
0 0 0 0
0 0 0 0
0 0 0 0
0 0 0 0
0 0 0 0
0 0 0 0
0 0 0 0
0 0 0 0
0 0 0 0
0 0 0 0
0 0 0 0
0 0 0 0
0 0 0 0
0 0 0 0
0 0 0 0
0 0 0 0
0 0 0 0
0 0 0 0
0 0 0 0
0 0 0 0
0 0 0 0
0 0 0 0
0 0 0 0
0 0 0 0
0 0 0 0
0 0 0 0
0 0 0 0
0 0 0 0
0 0 0 0
0 0 0 0
0 0 0 0
0 0 0 0
0 0 0 0
0 0 0 0
0 0 0 0
0 0 0 0
0 0 0 0
0 0 0 0
0 0 0 0
0 0 0 0
0 0 0 0
0 0 0 0
0 0 0 0
0 0 0 0
0 0 0 0
0 0 0 0
0 0 0 0
0 0 0 0
0 0 0 0
0 0 0 0
0 0 0 0
0 0 0 0
0 0 0 0
0 0 0 0
0 0 0 0
0 0 0 0
0 0 0 0
0 0 0 0
0 0 0 0
0 0 0 0
0 0 0 0
0 0 0 0
0 0 0 0
0 0 0 0
0 0 0 0
0 0 0 0
0 0 0 0
0 0 0 0
0 0 0 0
0 0 0 0
0 0 0 0
0 0 0 0
0 0 0 0
0 0 0 0
0 0 0 0
0 0 0 0
0 0 0 0
0 0 0 0
0 0 0 0
0 0 0 0
0 0 0 0
0 0 0 0
0 0 0 0
0 0 0 0
0 0 0 0
0 0 0 0
0 0 0 0
0 0 0 0
0 0 0 0
0 0 0 0
0 0 0 0
0 0 0 0
0 0 0 0
0 0 0 0
0 0 0 0
0 0 0 0
0 0 0 0
0 0 0 0
0 0 0 0
0 0 0 0
0 0 0 0
0 0 0 0
0 0 0 0
0 0 0 0
0 0 0 0
0 0 0 0
0 0 0 0
0 0 0 0
0 0 0 0
0 0 0 0
0 0 0 0
0 0 0 0
0 0 0 0
0 0 0 0
0 0 0 0
0 0 0 0
0 0 0 0
0 0 0 0
0 0 0 0
0 0 0 0
0 0 0 0
0 0 0 0
0 0 0 0
0 0 0 0
0 0 0 0
0 0 0 0
0 0 0 0
0 0 0 0
0 0 0 0
0 0 0 0
0 0 0 0
0 0 0 0
0 0 0 0
0 0 0 0
0 0 0 0
0 0 0 0
0 0 0 0
0 0 0 0
0 0 0 0
0 0 0 0
0 0 0 0
0 0 0 0
0 0 0 0
0 0 0 0
0 0 0 0
0 0 0 0
0 0 0 0
0 0 0 0
0 0 0 0
0 0 0 0
0 0 0 0
0 0 0 0
0 0 0 0
0 0 0 0
0 0 0 0
0 0 0 0
0 0 0 0
0 0 0 0
0 0 0 0
0 0 0 0
0 0 0 0
0 0 0 0
0 0 0 0
0 0 0 0
0 0 0 0
0 0 0 0
0 0 0 0
0 0 0 0
0 0 0 0
0 0 0 0
0 0 0 0
0 0 0 0
0 0 0 0
0 0 0 0
0 0 0 0
0 0 0 0
0 0 0 0
316659348873216 4294975489 0 0
4294975489 316663643832321 0 0
316663643832321 316659348873216 0 0
633318697746432 8589950978 0 0
8589950978 633327287664642 0 0
633327287664642 633318697746432 0 0
1266637395492864 17179901956 0 0
17179901956 1266654575329284 0 0
1266654575329284 1266637395492864 0 0
2533274790985728 34359803912 0 0
34359803912 2533309150658568 0 0
2533309150658568 2533274790985728 0 0
5066549581971456 68719607824 0 0
68719607824 5066618301317136 0 0
5066618301317136 5066549581971456 0 0
10133099163942912 137439215648 0 0
137439215648 10133236602634272 0 0
10133236602634272 10133099163942912 0 0
20266198327885824 274878431296 0 0
274878431296 20266473205268544 0 0
20266473205268544 20266198327885824 0 0
40532396655771648 549756862592 0 0
549756862592 40532946410537088 0 0
40532946410537088 40532396655771648 0 0
81064793311543296 1099513725184 0 0
1099513725184 81065892821074176 0 0
81065892821074176 81064793311543296 0 0
162129586623086592 2199027450368 0 0
2199027450368 162131785642148352 0 0
162131785642148352 162129586623086592 0 0
324259173246173184 4398054900736 0 0
4398054900736 324263571284296704 0 0
324263571284296704 324259173246173184 0 0
648518346492346368 8796109801472 0 0
8796109801472 648527142568593408 0 0
648527142568593408 648518346492346368 0 0
1297036692984692736 17592219602944 0 0
17592219602944 1297054285137186816 0 0
1297054285137186816 1297036692984692736 0 0
2594073385969385472 35184439205888 0 0
35184439205888 2594108570274373632 0 0
2594108570274373632 2594073385969385472 0 0
5188146771938770944 70368878411776 0 0
70368878411776 5188217140548747264 0 0
5188217140548747264 5188146771938770944 0 0
10376293543877541888 140737756823552 0 0
140737756823552 10376434281097494528 0 0
10376434281097494528 10376293543877541888 0 0
2305843014045532161 281475513647104 0 0
281475513647104 2306124488485437441 0 0
2306124488485437441 2305843014045532161 0 0
4611686028091064322 562951027294208 0 0
562951027294208 4612248976970874882 0 0
4612248976970874882 4611686028091064322 0 0
9223372056182128644 1125902054588416 0 0
1125902054588416 9224497953941749764 0 0
9224497953941749764 9223372056182128644 0 0
38654705673 2251804109176832 0 0
2251804109176832 2251834173947913 0 0
2251834173947913 38654705673 0 0
77309411346 4503608218353664 0 0
4503608218353664 4503668347895826 0 0
4503668347895826 77309411346 0 0
154618822692 9007216436707328 0 0
9007216436707328 9007336695791652 0 0
9007336695791652 154618822692 0 0
309237645384 18014432873414656 0 0
18014432873414656 18014673391583304 0 0
18014673391583304 309237645384 0 0
618475290768 36028865746829312 0 0
36028865746829312 36029346783166608 0 0
36029346783166608 618475290768 0 0
1236950581536 72057731493658624 0 0
72057731493658624 72058693566333216 0 0
72058693566333216 1236950581536 0 0
2473901163072 144115462987317248 0 0
144115462987317248 144117387132666432 0 0
144117387132666432 2473901163072 0 0
4947802326144 288230925974634496 0 0
288230925974634496 288234774265332864 0 0
288234774265332864 4947802326144 0 0
9895604652288 576461851949268992 0 0
576461851949268992 576469548530665728 0 0
576469548530665728 9895604652288 0 0
19791209304576 1152923703898537984 0 0
1152923703898537984 1152939097061331456 0 0
1152939097061331456 19791209304576 0 0
39582418609152 2305847407797075968 0 0
2305847407797075968 2305878194122662912 0 0
2305878194122662912 39582418609152 0 0
79164837218304 4611694815594151936 0 0
4611694815594151936 4611756388245325824 0 0
4611756388245325824 79164837218304 0 0
158329674436608 9223389631188303872 0 0
9223389631188303872 9223512776490651648 0 0
9223512776490651648 158329674436608 0 0
316659348873216 35188667056129 0 0
35188667056129 281479271751681 0 0
281479271751681 316659348873216 0 0
633318697746432 70377334112258 0 0
70377334112258 562958543503362 0 0
562958543503362 633318697746432 0 0
1266637395492864 140754668224516 0 0
140754668224516 1125917087006724 0 0
1125917087006724 1266637395492864 0 0
2533274790985728 281509336449032 0 0
281509336449032 2251834174013448 0 0
2251834174013448 2533274790985728 0 0
5066549581971456 563018672898064 0 0
563018672898064 4503668348026896 0 0
4503668348026896 5066549581971456 0 0
10133099163942912 1126037345796128 0 0
1126037345796128 9007336696053792 0 0
9007336696053792 10133099163942912 0 0
20266198327885824 2252074691592256 0 0
2252074691592256 18014673392107584 0 0
18014673392107584 20266198327885824 0 0
40532396655771648 4504149383184512 0 0
4504149383184512 36029346784215168 0 0
36029346784215168 40532396655771648 0 0
81064793311543296 9008298766369024 0 0
9008298766369024 72058693568430336 0 0
72058693568430336 81064793311543296 0 0
162129586623086592 18016597532738048 0 0
18016597532738048 144117387136860672 0 0
144117387136860672 162129586623086592 0 0
324259173246173184 36033195065476096 0 0
36033195065476096 288234774273721344 0 0
288234774273721344 324259173246173184 0 0
648518346492346368 72066390130952192 0 0
72066390130952192 576469548547442688 0 0
576469548547442688 648518346492346368 0 0
1297036692984692736 144132780261904384 0 0
144132780261904384 1152939097094885376 0 0
1152939097094885376 1297036692984692736 0 0
2594073385969385472 288265560523808768 0 0
288265560523808768 2305878194189770752 0 0
2305878194189770752 2594073385969385472 0 0
5188146771938770944 576531121047617536 0 0
576531121047617536 4611756388379541504 0 0
4611756388379541504 5188146771938770944 0 0
10376293543877541888 1153062242095235072 0 0
1153062242095235072 9223512776759083008 0 0
9223512776759083008 10376293543877541888 0 0
2305843014045532161 2306124484190470144 0 0
2306124484190470144 281479808614401 0 0
281479808614401 2305843014045532161 0 0
4611686028091064322 4612248968380940288 0 0
4612248968380940288 562959617228802 0 0
562959617228802 4611686028091064322 0 0
9223372056182128644 9224497936761880576 0 0
9224497936761880576 1125919234457604 0 0
1125919234457604 9223372056182128644 0 0
38654705673 2251799814209537 0 0
2251799814209537 2251838468915208 0 0
2251838468915208 38654705673 0 0
77309411346 4503599628419074 0 0
4503599628419074 4503676937830416 0 0
4503676937830416 77309411346 0 0
154618822692 9007199256838148 0 0
9007199256838148 9007353875660832 0 0
9007353875660832 154618822692 0 0
309237645384 18014398513676296 0 0
18014398513676296 18014707751321664 0 0
18014707751321664 309237645384 0 0
618475290768 36028797027352592 0 0
36028797027352592 36029415502643328 0 0
36029415502643328 618475290768 0 0
1236950581536 72057594054705184 0 0
72057594054705184 72058831005286656 0 0
72058831005286656 1236950581536 0 0
2473901163072 144115188109410368 0 0
144115188109410368 144117662010573312 0 0
144117662010573312 2473901163072 0 0
4947802326144 288230376218820736 0 0
288230376218820736 288235324021146624 0 0
288235324021146624 4947802326144 0 0
9895604652288 576460752437641472 0 0
576460752437641472 576470648042293248 0 0
576470648042293248 9895604652288 0 0
19791209304576 1152921504875282944 0 0
1152921504875282944 1152941296084586496 0 0
1152941296084586496 19791209304576 0 0
39582418609152 2305843009750565888 0 0
2305843009750565888 2305882592169172992 0 0
2305882592169172992 39582418609152 0 0
79164837218304 4611686019501131776 0 0
4611686019501131776 4611765184338345984 0 0
4611765184338345984 79164837218304 0 0
158329674436608 9223372039002263552 0 0
9223372039002263552 9223530368676691968 0 0
9223530368676691968 158329674436608 0 0
144431847424663552 2203318231040 562949953421312 844424930131971
2203318231040 144434050742878208 844424930131971 281474976710659
144434050742878208 144431847424663552 281474976710659 562949953421312
288863694849327104 4406636462080 1125899906842624 1688849860263942
4406636462080 288868101485756416 1688849860263942 562949953421318
288868101485756416 288863694849327104 562949953421318 1125899906842624
577727389698654208 8813272924160 2251799813685248 3377699720527884
8813272924160 577736202971512832 3377699720527884 1125899906842636
577736202971512832 577727389698654208 1125899906842636 2251799813685248
1155454779397308416 17626545848320 4503599627370496 6755399441055768
17626545848320 1155472405943025664 6755399441055768 2251799813685272
1155472405943025664 1155454779397308416 2251799813685272 4503599627370496
2310909558794616832 35253091696640 9007199254740992 13510798882111536
35253091696640 2310944811886051328 13510798882111536 4503599627370544
2310944811886051328 2310909558794616832 4503599627370544 9007199254740992
4621819117589233664 70506183393280 18014398509481984 27021597764223072
70506183393280 4621889623772102656 27021597764223072 9007199254741088
4621889623772102656 4621819117589233664 9007199254741088 18014398509481984
9243638235178467328 141012366786560 36028797018963968 54043195528446144
141012366786560 9243779247544205312 54043195528446144 18014398509482176
9243779247544205312 9243638235178467328 18014398509482176 36028797018963968
40532396647383041 282024733573120 72057594037927936 108086391056892288
282024733573120 40814421378859009 108086391056892288 36028797018964352
40814421378859009 40532396647383041 36028797018964352 72057594037927936
81064793294766082 564049467146240 144115188075855872 216172782113784576
564049467146240 81628842757718018 216172782113784576 72057594037928704
81628842757718018 81064793294766082 72057594037928704 144115188075855872
162129586589532164 1128098934292480 288230376151711744 432345564227569152
1128098934292480 163257685515436036 432345564227569152 144115188075857408
163257685515436036 162129586589532164 144115188075857408 288230376151711744
324259173179064328 2256197868584960 576460752303423488 864691128455138304
2256197868584960 326515371030872072 864691128455138304 288230376151714816
326515371030872072 324259173179064328 288230376151714816 576460752303423488
648518346358128656 4512395737169920 1152921504606846976 1729382256910276608
4512395737169920 653030742061744144 1729382256910276608 576460752303429632
653030742061744144 648518346358128656 576460752303429632 1152921504606846976
1297036692716257312 9024791474339840 2305843009213693952 3458764513820553216
9024791474339840 1306061484123488288 3458764513820553216 1152921504606859264
1306061484123488288 1297036692716257312 1152921504606859264 2305843009213693952
2594073385432514624 18049582948679680 4611686018427387904 6917529027641106432
18049582948679680 2612122968246976576 6917529027641106432 2305843009213718528
2612122968246976576 2594073385432514624 2305843009213718528 4611686018427387904
5188146770865029248 36099165897359360 9223372036854775808 13835058055282212864
36099165897359360 5224245936493953152 13835058055282212864 4611686018427437056
5224245936493953152 5188146770865029248 4611686018427437056 9223372036854775808
10376293541730058496 72198331794718720 1 9223372036854874113
72198331794718720 10448491872987906304 9223372036854874113 9223372036854874112
10448491872987906304 10376293541730058496 9223372036854874112 1
2305843009750565377 144396663589437440 2 196611
144396663589437440 2450239672266260993 196611 196609
2450239672266260993 2305843009750565377 196609 2
4611686019501130754 288793327178874880 4 393222
288793327178874880 4900479344532521986 393222 393218
4900479344532521986 4611686019501130754 393218 4
9223372039002261508 577586654357749760 8 786444
577586654357749760 9800958689065043972 786444 786436
9800958689065043972 9223372039002261508 786436 8
4294971401 1155173308715499520 16 1572888
1155173308715499520 1155173304420536329 1572888 1572872
1155173304420536329 4294971401 1572872 16
8589942802 2310346617430999040 32 3145776
2310346617430999040 2310346608841072658 3145776 3145744
2310346608841072658 8589942802 3145744 32
17179885604 4620693234861998080 64 6291552
4620693234861998080 4620693217682145316 6291552 6291488
4620693217682145316 17179885604 6291488 64
34359771208 9241386469723996160 128 12583104
9241386469723996160 9241386435364290632 12583104 12582976
9241386435364290632 34359771208 12582976 128
68719542416 36028865738440705 256 25166208
36028865738440705 36028797019029649 25166208 25165952
36028797019029649 68719542416 25165952 256
137439084832 72057731476881410 512 50332416
72057731476881410 72057594038059298 50332416 50331904
72057594038059298 137439084832 50331904 512
274878169664 144115462953762820 1024 100664832
144115462953762820 144115188076118596 100664832 100663808
144115188076118596 274878169664 100663808 1024
549756339328 288230925907525640 2048 201329664
288230925907525640 288230376152237192 201329664 201327616
288230376152237192 549756339328 201327616 2048
1099512678656 576461851815051280 4096 402659328
576461851815051280 576460752304474384 402659328 402655232
576460752304474384 1099512678656 402655232 4096
2199025357312 1152923703630102560 8192 805318656
1152923703630102560 1152921504608948768 805318656 805310464
1152921504608948768 2199025357312 805310464 8192
4398050714624 2305847407260205120 16384 1610637312
2305847407260205120 2305843009217897536 1610637312 1610620928
2305843009217897536 4398050714624 1610620928 16384
8796101429248 4611694814520410240 32768 3221274624
4611694814520410240 4611686018435795072 3221274624 3221241856
4611686018435795072 8796101429248 3221241856 32768
17592202858496 9223389629040820480 65536 6442549248
9223389629040820480 9223372036871590144 6442549248 6442483712
9223372036871590144 17592202858496 6442483712 65536
35184405716992 35184372089345 131072 12885098496
35184372089345 33628673 12885098496 12884967424
33628673 35184405716992 12884967424 131072
70368811433984 70368744178690 262144 25770196992
70368744178690 67257346 25770196992 25769934848
67257346 70368811433984 25769934848 262144
140737622867968 140737488357380 524288 51540393984
140737488357380 134514692 51540393984 51539869696
134514692 140737622867968 51539869696 524288
281475245735936 281474976714760 1048576 103080787968
281474976714760 269029384 103080787968 103079739392
269029384 281475245735936 103079739392 1048576
562950491471872 562949953429520 2097152 206161575936
562949953429520 538058768 206161575936 206159478784
538058768 562950491471872 206159478784 2097152
1125900982943744 1125899906859040 4194304 412323151872
1125899906859040 1076117536 412323151872 412318957568
1076117536 1125900982943744 412318957568 4194304
2251801965887488 2251799813718080 8388608 824646303744
2251799813718080 2152235072 824646303744 824637915136
2152235072 2251801965887488 824637915136 8388608
4503603931774976 4503599627436160 16777216 1649292607488
4503599627436160 4304470144 1649292607488 1649275830272
4304470144 4503603931774976 1649275830272 16777216
9007207863549952 9007199254872320 33554432 3298585214976
9007199254872320 8608940288 3298585214976 3298551660544
8608940288 9007207863549952 3298551660544 33554432
18014415727099904 18014398509744640 67108864 6597170429952
18014398509744640 17217880576 6597170429952 6597103321088
17217880576 18014415727099904 6597103321088 67108864
36028831454199808 36028797019489280 134217728 13194340859904
36028797019489280 34435761152 13194340859904 13194206642176
34435761152 36028831454199808 13194206642176 134217728
72057662908399616 72057594038978560 268435456 26388681719808
72057594038978560 68871522304 26388681719808 26388413284352
68871522304 72057662908399616 26388413284352 268435456
144115325816799232 144115188077957120 536870912 52777363439616
144115188077957120 137743044608 52777363439616 52776826568704
137743044608 144115325816799232 52776826568704 536870912
288230651633598464 288230376155914240 1073741824 105554726879232
288230376155914240 275486089216 105554726879232 105553653137408
275486089216 288230651633598464 105553653137408 1073741824
576461303267196928 576460752311828480 2147483648 211109453758464
576460752311828480 550972178432 211109453758464 211107306274816
550972178432 576461303267196928 211107306274816 2147483648
1152922606534393856 1152921504623656960 4294967296 422218907516928
1152921504623656960 1101944356864 422218907516928 422214612549632
1101944356864 1152922606534393856 422214612549632 4294967296
2305845213068787712 2305843009247313920 8589934592 844437815033856
2305843009247313920 2203888713728 844437815033856 844429225099264
2203888713728 2305845213068787712 844429225099264 8589934592
4611690426137575424 4611686018494627840 17179869184 1688875630067712
4611686018494627840 4407777427456 1688875630067712 1688858450198528
4407777427456 4611690426137575424 1688858450198528 17179869184
9223380852275150848 9223372036989255680 34359738368 3377751260135424
9223372036989255680 8815554854912 3377751260135424 3377716900397056
8815554854912 9223380852275150848 3377716900397056 34359738368
17630840750081 268959745 68719476736 6755502520270848
268959745 17631109709824 6755502520270848 6755433800794112
17631109709824 17630840750081 6755433800794112 68719476736
35261681500162 537919490 137438953472 13511005040541696
537919490 35262219419648 13511005040541696 13510867601588224
35262219419648 35261681500162 13510867601588224 137438953472
70523363000324 1075838980 274877906944 27022010081083392
1075838980 70524438839296 27022010081083392 27021735203176448
70524438839296 70523363000324 27021735203176448 274877906944
141046726000648 2151677960 549755813888 54044020162166784
2151677960 141048877678592 54044020162166784 54043470406352896
141048877678592 141046726000648 54043470406352896 549755813888
282093452001296 4303355920 1099511627776 108088040324333568
4303355920 282097755357184 108088040324333568 108086940812705792
282097755357184 282093452001296 108086940812705792 1099511627776
564186904002592 8606711840 2199023255552 216176080648667136
8606711840 564195510714368 216176080648667136 216173881625411584
564195510714368 564186904002592 216173881625411584 2199023255552
1128373808005184 17213423680 4398046511104 432352161297334272
17213423680 1128391021428736 432352161297334272 432347763250823168
1128391021428736 1128373808005184 432347763250823168 4398046511104
2256747616010368 34426847360 8796093022208 864704322594668544
34426847360 2256782042857472 864704322594668544 864695526501646336
2256782042857472 2256747616010368 864695526501646336 8796093022208
4513495232020736 68853694720 17592186044416 1729408645189337088
68853694720 4513564085714944 1729408645189337088 1729391053003292672
4513564085714944 4513495232020736 1729391053003292672 17592186044416
9026990464041472 137707389440 35184372088832 3458817290378674176
137707389440 9027128171429888 3458817290378674176 3458782106006585344
9027128171429888 9026990464041472 3458782106006585344 35184372088832
18053980928082944 275414778880 70368744177664 6917634580757348352
275414778880 18054256342859776 6917634580757348352 6917564212013170688
18054256342859776 18053980928082944 6917564212013170688 70368744177664
36107961856165888 550829557760 140737488355328 13835269161514696704
550829557760 36108512685719552 13835269161514696704 13835128424026341376
36108512685719552 36107961856165888 13835128424026341376 140737488355328
72215923712331776 1101659115520 281474976710656 9223794249319841793
1101659115520 72217025371439104 9223794249319841793 9223512774343131137
72217025371439104 72215923712331776 9223512774343131137 281474976710656
9223380835095281668 72198331526283264 17180131329 9225623836668723205
72198331526283264 9295579166621564932 9225623836668723205 9225623853848330244
9295579166621564932 9223380835095281668 9225623853848330244 17180131329
17596481011721 144396663052566528 34360262658 4503599627894795
144396663052566528 144414259533578249 4503599627894795 4503633987108873
144414259533578249 17596481011721 4503633987108873 34360262658
35192962023442 288793326105133056 68720525316 9007199255789590
288793326105133056 288828519067156498 9007199255789590 9007267974217746
288828519067156498 35192962023442 9007267974217746 68720525316
70385924046884 577586652210266112 137441050632 18014398511579180
577586652210266112 577657038134312996 18014398511579180 18014535948435492
577657038134312996 70385924046884 18014535948435492 137441050632
140771848093768 1155173304420532224 274882101264 36028797023158360
1155173304420532224 1155314076268625992 36028797023158360 36029071896870984
1155314076268625992 140771848093768 36029071896870984 274882101264
281543696187536 2310346608841064448 549764202528 72057594046316720
2310346608841064448 2310628152537251984 72057594046316720 72058143793741968
2310628152537251984 281543696187536 72058143793741968 549764202528
563087392375072 4620693217682128896 1099528405056 144115188092633440
4620693217682128896 4621256305074503968 144115188092633440 144116287587483936
4621256305074503968 563087392375072 144116287587483936 1099528405056
1126174784750144 9241386435364257792 2199056810112 288230376185266880
9241386435364257792 9242512610149007936 288230376185266880 288232575174967872
9242512610149007936 1126174784750144 288232575174967872 2199056810112
2252349569500288 36028797018963969 4398113620224 576460752370533760
36028797018963969 38281146588464257 576460752370533760 576465150349935744
38281146588464257 2252349569500288 576465150349935744 4398113620224
4504699139000576 72057594037927938 8796227240448 1152921504741067520
72057594037927938 76562293176928514 1152921504741067520 1152930300699871488
76562293176928514 4504699139000576 1152930300699871488 8796227240448
9009398278001152 144115188075855876 17592454480896 2305843009482135040
144115188075855876 153124586353857028 2305843009482135040 2305860601399742976
153124586353857028 9009398278001152 2305860601399742976 17592454480896
18018796556002304 288230376151711752 35184908961792 4611686018964270080
288230376151711752 306249172707714056 4611686018964270080 4611721202799485952
306249172707714056 18018796556002304 4611721202799485952 35184908961792
36037593112004608 576460752303423504 70369817923584 9223372037928540160
576460752303423504 612498345415428112 9223372037928540160 9223442405598971904
612498345415428112 36037593112004608 9223442405598971904 70369817923584
72075186224009216 1152921504606847008 140739635847168 2147528705
1152921504606847008 1224996690830856224 2147528705 140737488392193
1224996690830856224 72075186224009216 140737488392193 140739635847168
144150372448018432 2305843009213694016 281479271694336 4295057410
2305843009213694016 2449993381661712448 4295057410 281474976784386
2449993381661712448 144150372448018432 281474976784386 281479271694336
288300744896036864 4611686018427388032 562958543388672 8590114820
4611686018427388032 4899986763323424896 8590114820 562949953568772
4899986763323424896 288300744896036864 562949953568772 562958543388672
576601489792073728 9223372036854776064 1125917086777344 17180229640
9223372036854776064 9799973526646849792 17180229640 1125899907137544
9799973526646849792 576601489792073728 1125899907137544 1125917086777344
1153202979584147456 513 2251834173554688 34360459280
513 1153202979584147969 34360459280 2251799814275088
1153202979584147969 1153202979584147456 2251799814275088 2251834173554688
2306405959168294912 1026 4503668347109376 68720918560
1026 2306405959168295938 68720918560 4503599628550176
2306405959168295938 2306405959168294912 4503599628550176 4503668347109376
4612811918336589824 2052 9007336694218752 137441837120
2052 4612811918336591876 137441837120 9007199257100352
4612811918336591876 4612811918336589824 9007199257100352 9007336694218752
9225623836673179648 4104 18014673388437504 274883674240
4104 9225623836673183752 274883674240 18014398514200704
9225623836673183752 9225623836673179648 18014398514200704 18014673388437504
4503599636807681 8208 36029346776875008 549767348480
8208 4503599636815889 549767348480 36028797028401408
4503599636815889 4503599636807681 36028797028401408 36029346776875008
9007199273615362 16416 72058693553750016 1099534696960
16416 9007199273631778 1099534696960 72057594056802816
9007199273631778 9007199273615362 72057594056802816 72058693553750016
18014398547230724 32832 144117387107500032 2199069393920
32832 18014398547263556 2199069393920 144115188113605632
18014398547263556 18014398547230724 144115188113605632 144117387107500032
36028797094461448 65664 288234774215000064 4398138787840
65664 36028797094527112 4398138787840 288230376227211264
36028797094527112 36028797094461448 288230376227211264 288234774215000064
72057594188922896 131328 576469548430000128 8796277575680
131328 72057594189054224 8796277575680 576460752454422528
72057594189054224 72057594188922896 576460752454422528 576469548430000128
144115188377845792 262656 1152939096860000256 17592555151360
262656 144115188378108448 17592555151360 1152921504908845056
144115188378108448 144115188377845792 1152921504908845056 1152939096860000256
288230376755691584 525312 2305878193720000512 35185110302720
525312 288230376756216896 35185110302720 2305843009817690112
288230376756216896 288230376755691584 2305843009817690112 2305878193720000512
576460753511383168 1050624 4611756387440001024 70370220605440
1050624 576460753512433792 70370220605440 4611686019635380224
576460753512433792 576460753511383168 4611686019635380224 4611756387440001024
1152921507022766336 2101248 9223512774880002048 140740441210880
2101248 1152921507024867584 140740441210880 9223372039270760448
1152921507024867584 1152921507022766336 9223372039270760448 9223512774880002048
2305843014045532672 4202496 281476050452481 281480882421760
4202496 2305843014049735168 281480882421760 4831969281
2305843014049735168 2305843014045532672 4831969281 281476050452481
4611686028091065344 8404992 562952100904962 562961764843520
8404992 4611686028099470336 562961764843520 9663938562
4611686028099470336 4611686028091065344 9663938562 562952100904962
9223372056182130688 16809984 1125904201809924 1125923529687040
16809984 9223372056198940672 1125923529687040 19327877124
9223372056198940672 9223372056182130688 19327877124 1125904201809924
38654709761 33619968 2251808403619848 2251847059374080
33619968 38688329729 2251847059374080 38655754248
38688329729 38654709761 38655754248 2251808403619848
77309419522 67239936 4503616807239696 4503694118748160
67239936 77376659458 4503694118748160 77311508496
77376659458 77309419522 77311508496 4503616807239696
154618839044 134479872 9007233614479392 9007388237496320
134479872 154753318916 9007388237496320 154623016992
154753318916 154618839044 154623016992 9007233614479392
309237678088 268959744 18014467228958784 18014776474992640
268959744 309506637832 18014776474992640 309246033984
309506637832 309237678088 309246033984 18014467228958784
618475356176 537919488 36028934457917568 36029552949985280
537919488 619013275664 36029552949985280 618492067968
619013275664 618475356176 618492067968 36028934457917568
1236950712352 1075838976 72057868915835136 72059105899970560
1075838976 1238026551328 72059105899970560 1236984135936
1238026551328 1236950712352 1236984135936 72057868915835136
2473901424704 2151677952 144115737831670272 144118211799941120
2151677952 2476053102656 144118211799941120 2473968271872
2476053102656 2473901424704 2473968271872 144115737831670272
4947802849408 4303355904 288231475663340544 288236423599882240
4303355904 4952106205312 288236423599882240 4947936543744
4952106205312 4947802849408 4947936543744 288231475663340544
9895605698816 8606711808 576462951326681088 576472847199764480
8606711808 9904212410624 576472847199764480 9895873087488
9904212410624 9895605698816 9895873087488 576462951326681088
19791211397632 17213423616 1152925902653362176 1152945694399528960
17213423616 19808424821248 1152945694399528960 19791746174976
19808424821248 19791211397632 19791746174976 1152925902653362176
39582422795264 34426847232 2305851805306724352 2305891388799057920
34426847232 39616849642496 2305891388799057920 39583492349952
39616849642496 39582422795264 39583492349952 2305851805306724352
79164845590528 68853694464 4611703610613448704 4611782777598115840
68853694464 79233699284992 4611782777598115840 79166984699904
79233699284992 79164845590528 79166984699904 4611703610613448704
158329691181056 137707388928 9223407221226897408 9223565555196231680
137707388928 158467398569984 9223565555196231680 158333969399808
158467398569984 158329691181056 158333969399808 9223407221226897408
316659382362112 275414777856 70368744243201 387036682911745
275414777856 316934797139968 387036682911745 316667938799616
316934797139968 316659382362112 316667938799616 70368744243201
633318764724224 550829555712 140737488486402 774073365823490
550829555712 633869594279936 774073365823490 633335877599232
633869594279936 633318764724224 633335877599232 140737488486402
1266637529448448 1101659111424 281474976972804 1548146731646980
1101659111424 1267739188559872 1548146731646980 1266671755198464
1267739188559872 1266637529448448 1266671755198464 281474976972804
2533275058896896 2203318222848 562949953945608 3096293463293960
2203318222848 2535478377119744 3096293463293960 2533343510396928
2535478377119744 2533275058896896 2533343510396928 562949953945608
5066550117793792 4406636445696 1125899907891216 6192586926587920
4406636445696 5070956754239488 6192586926587920 5066687020793856
5070956754239488 5066550117793792 5066687020793856 1125899907891216
10133100235587584 8813272891392 2251799815782432 12385173853175840
8813272891392 10141913508478976 12385173853175840 10133374041587712
10141913508478976 10133100235587584 10133374041587712 2251799815782432
20266200471175168 17626545782784 4503599631564864 24770347706351680
17626545782784 20283827016957952 24770347706351680 20266748083175424
20283827016957952 20266200471175168 20266748083175424 4503599631564864
40532400942350336 35253091565568 9007199263129728 49540695412703360
35253091565568 40567654033915904 49540695412703360 40533496166350848
40567654033915904 40532400942350336 40533496166350848 9007199263129728
81064801884700672 70506183131136 18014398526259456 99081390825406720
70506183131136 81135308067831808 99081390825406720 81066992332701696
81135308067831808 81064801884700672 81066992332701696 18014398526259456
162129603769401344 141012366262272 36028797052518912 198162781650813440
141012366262272 162270616135663616 198162781650813440 162133984665403392
162270616135663616 162129603769401344 162133984665403392 36028797052518912
324259207538802688 282024732524544 72057594105037824 396325563301626880
282024732524544 324541232271327232 396325563301626880 324267969330806784
324541232271327232 324259207538802688 324267969330806784 72057594105037824
648518415077605376 564049465049088 144115188210075648 792651126603253760
564049465049088 649082464542654464 792651126603253760 648535938661613568
649082464542654464 648518415077605376 648535938661613568 144115188210075648
1297036830155210752 1128098930098176 288230376420151296 1585302253206507520
1128098930098176 1298164929085308928 1585302253206507520 1297071877323227136
1298164929085308928 1297036830155210752 1297071877323227136 288230376420151296
2594073660310421504 2256197860196352 576460752840302592 3170604506413015040
2256197860196352 2596329858170617856 3170604506413015040 2594143754646454272
2596329858170617856 2594073660310421504 2594143754646454272 576460752840302592
5188147320620843008 4512395720392704 1152921505680605184 6341209012826030080
4512395720392704 5192659716341235712 6341209012826030080 5188287509292908544
5192659716341235712 5188147320620843008 5188287509292908544 1152921505680605184
10376294641241686016 9024791440785408 2305843011361210368 12682418025652060160
9024791440785408 10385319432682471424 12682418025652060160 10376575018585817088
10385319432682471424 10376294641241686016 10376575018585817088 2305843011361210368
2305845208773820417 18049582881570816 4611686022722420736 6918091977594568705
18049582881570816 2323894791655391233 6918091977594568705 2306405963462082561
2323894791655391233 2305845208773820417 2306405963462082561 4611686022722420736
4611690417547640834 36099165763141632 9223372045444841472 13836183955189137410
36099165763141632 4647789583310782466 13836183955189137410 4612811926924165122
4647789583310782466 4611690417547640834 4612811926924165122 9223372045444841472
35802847444992 4503599628419072 549765251072 9007749036769280
4503599628419072 4539402475864064 9007749036769280 9007199271518208
4539402475864064 35802847444992 9007199271518208 549765251072
71605694889984 9007199256838144 1099530502144 18015498073538560
9007199256838144 9078804951728128 18015498073538560 18014398543036416
9078804951728128 71605694889984 18014398543036416 1099530502144
143211389779968 18014398513676288 2199061004288 36030996147077120
18014398513676288 18157609903456256 36030996147077120 36028797086072832
18157609903456256 143211389779968 36028797086072832 2199061004288
286422779559936 36028797027352576 4398122008576 72061992294154240
36028797027352576 36315219806912512 72061992294154240 72057594172145664
36315219806912512 286422779559936 72057594172145664 4398122008576
572845559119872 72057594054705152 8796244017152 144123984588308480
72057594054705152 72630439613825024 144123984588308480 144115188344291328
72630439613825024 572845559119872 144115188344291328 8796244017152
1145691118239744 144115188109410304 17592488034304 288247969176616960
144115188109410304 145260879227650048 288247969176616960 288230376688582656
145260879227650048 1145691118239744 288230376688582656 17592488034304
2291382236479488 288230376218820608 35184976068608 576495938353233920
288230376218820608 290521758455300096 576495938353233920 576460753377165312
290521758455300096 2291382236479488 576460753377165312 35184976068608
4582764472958976 576460752437641216 70369952137216 1152991876706467840
576460752437641216 581043516910600192 1152991876706467840 1152921506754330624
581043516910600192 4582764472958976 1152921506754330624 70369952137216
9165528945917952 1152921504875282432 140739904274432 2305983753412935680
1152921504875282432 1162087033821200384 2305983753412935680 2305843013508661248
1162087033821200384 9165528945917952 2305843013508661248 140739904274432
18331057891835904 2305843009750564864 281479808548864 4611967506825871360
2305843009750564864 2324174067642400768 4611967506825871360 4611686027017322496
2324174067642400768 18331057891835904 4611686027017322496 281479808548864
36662115783671808 4611686019501129728 562959617097728 9223935013651742720
4611686019501129728 4648348135284801536 9223935013651742720 9223372054034644992
4648348135284801536 36662115783671808 9223372054034644992 562959617097728
73324231567343616 9223372039002259456 1125919234195456 1125953593933825
9223372039002259456 9296696270569603072 1125953593933825 34359738369
9296696270569603072 73324231567343616 34359738369 1125919234195456
146648463134687232 4294967297 2251838468390912 2251907187867650
4294967297 146648467429654529 2251907187867650 68719476738
146648467429654529 146648463134687232 68719476738 2251838468390912
293296926269374464 8589934594 4503676936781824 4503814375735300
8589934594 293296934859309058 4503814375735300 137438953476
293296934859309058 293296926269374464 137438953476 4503676936781824
586593852538748928 17179869188 9007353873563648 9007628751470600
17179869188 586593869718618116 9007628751470600 274877906952
586593869718618116 586593852538748928 274877906952 9007353873563648
1173187705077497856 34359738376 18014707747127296 18015257502941200
34359738376 1173187739437236232 18015257502941200 549755813904
1173187739437236232 1173187705077497856 549755813904 18014707747127296
2346375410154995712 68719476752 36029415494254592 36030515005882400
68719476752 2346375478874472464 36030515005882400 1099511627808
2346375478874472464 2346375410154995712 1099511627808 36029415494254592
4692750820309991424 137438953504 72058830988509184 72061030011764800
137438953504 4692750957748944928 72061030011764800 2199023255616
4692750957748944928 4692750820309991424 2199023255616 72058830988509184
9385501640619982848 274877907008 144117661977018368 144122060023529600
274877907008 9385501915497889856 144122060023529600 4398046511232
9385501915497889856 9385501640619982848 4398046511232 144117661977018368
324259207530414081 549755814016 288235323954036736 288244120047059200
549755814016 324259757286228097 288244120047059200 8796093022464
324259757286228097 324259207530414081 8796093022464 288235323954036736
648518415060828162 1099511628032 576470647908073472 576488240094118400
1099511628032 648519514572456194 576488240094118400 17592186044928
648519514572456194 648518415060828162 17592186044928 576470647908073472
1297036830121656324 2199023256064 1152941295816146944 1152976480188236800
2199023256064 1297039029144912388 1152976480188236800 35184372089856
1297039029144912388 1297036830121656324 35184372089856 1152941295816146944
2594073660243312648 4398046512128 2305882591632293888 2305952960376473600
4398046512128 2594078058289824776 2305952960376473600 70368744179712
2594078058289824776 2594073660243312648 70368744179712 2305882591632293888
5188147320486625296 8796093024256 4611765183264587776 4611905920752947200
8796093024256 5188156116579649552 4611905920752947200 140737488359424
5188156116579649552 5188147320486625296 140737488359424 4611765183264587776
10376294640973250592 17592186048512 9223530366529175552 9223811841505894400
17592186048512 10376312233159299104 9223811841505894400 281474976718848
10376312233159299104 10376294640973250592 281474976718848 9223530366529175552
2305845208236949569 35184372097024 316659348799489 879609302237185
35184372097024 2305880392609046593 879609302237185 562949953437696
2305880392609046593 2305845208236949569 562949953437696 316659348799489
4611690416473899138 70368744194048 633318697598978 1759218604474370
70368744194048 4611760785218093186 1759218604474370 1125899906875392
4611760785218093186 4611690416473899138 1125899906875392 633318697598978
9223380832947798276 140737488388096 1266637395197956 3518437208948740
140737488388096 9223521570436186372 3518437208948740 2251799813750784
9223521570436186372 9223380832947798276 2251799813750784 1266637395197956
17592186044937 281474976776192 2533274790395912 7036874417897480
281474976776192 299067162821129 7036874417897480 4503599627501568
299067162821129 17592186044937 4503599627501568 2533274790395912
35184372089874 562949953552384 5066549580791824 14073748835794960
562949953552384 598134325642258 14073748835794960 9007199255003136
598134325642258 35184372089874 9007199255003136 5066549580791824
70368744179748 1125899907104768 10133099161583648 28147497671589920
1125899907104768 1196268651284516 28147497671589920 18014398510006272
1196268651284516 70368744179748 18014398510006272 10133099161583648
140737488359496 2251799814209536 20266198323167296 56294995343179840
2251799814209536 2392537302569032 56294995343179840 36028797020012544
2392537302569032 140737488359496 36028797020012544 20266198323167296
281474976718992 4503599628419072 40532396646334592 112589990686359680
4503599628419072 4785074605138064 112589990686359680 72057594040025088
4785074605138064 281474976718992 72057594040025088 40532396646334592
562949953437984 9007199256838144 81064793292669184 225179981372719360
9007199256838144 9570149210276128 225179981372719360 144115188080050176
9570149210276128 562949953437984 144115188080050176 81064793292669184
1125899906875968 18014398513676288 162129586585338368 450359962745438720
18014398513676288 19140298420552256 450359962745438720 288230376160100352
19140298420552256 1125899906875968 288230376160100352 162129586585338368
2251799813751936 36028797027352576 324259173170676736 900719925490877440
36028797027352576 38280596841104512 900719925490877440 576460752320200704
38280596841104512 2251799813751936 576460752320200704 324259173170676736
4503599627503872 72057594054705152 648518346341353472 1801439850981754880
72057594054705152 76561193682209024 1801439850981754880 1152921504640401408
76561193682209024 4503599627503872 1152921504640401408 648518346341353472
9007199255007744 144115188109410304 1297036692682706944 3602879701963509760
144115188109410304 153122387364418048 3602879701963509760 2305843009280802816
153122387364418048 9007199255007744 2305843009280802816 1297036692682706944
18014398510015488 288230376218820608 2594073385365413888 7205759403927019520
288230376218820608 306244774728836096 7205759403927019520 4611686018561605632
306244774728836096 18014398510015488 4611686018561605632 2594073385365413888
36028797020030976 576460752437641216 5188146770730827776 14411518807854039040
576460752437641216 612489549457672192 14411518807854039040 9223372037123211264
612489549457672192 36028797020030976 9223372037123211264 5188146770730827776
72057594040061952 1152921504875282432 10376293541461655552 10376293541998526465
1152921504875282432 1224979098915344384 10376293541998526465 536870913
1224979098915344384 72057594040061952 536870913 10376293541461655552
144115188080123904 2305843009750564864 2305843009213759489 2305843010287501315
2305843009750564864 2449958197830688768 2305843010287501315 1073741826
2449958197830688768 144115188080123904 1073741826 2305843009213759489
288230376160247808 4611686019501129728 4611686018427518978 4611686020575002630
4611686019501129728 4899916395661377536 4611686020575002630 2147483652
4899916395661377536 288230376160247808 2147483652 4611686018427518978
576460752320495616 9223372039002259456 9223372036855037956 9223372041150005260
9223372039002259456 9799832791322755072 9223372041150005260 4294967304
9799832791322755072 576460752320495616 4294967304 9223372036855037956
1152921504640991232 4294967297 524297 8590458905
4294967297 1152921508935958529 8590458905 8589934608
1152921508935958529 1152921504640991232 8589934608 524297
2305843009281982464 8589934594 1048594 17180917810
8589934594 2305843017871917058 17180917810 17179869216
2305843017871917058 2305843009281982464 17179869216 1048594
4611686018563964928 17179869188 2097188 34361835620
17179869188 4611686035743834116 34361835620 34359738432
4611686035743834116 4611686018563964928 34359738432 2097188
9223372037127929856 34359738376 4194376 68723671240
34359738376 9223372071487668232 68723671240 68719476864
9223372071487668232 9223372037127929856 68719476864 4194376
546308097 68719476752 8388752 137447342480
68719476752 69265784849 137447342480 137438953728
69265784849 546308097 137438953728 8388752
1092616194 137438953504 16777504 274894684960
137438953504 138531569698 274894684960 274877907456
138531569698 1092616194 274877907456 16777504
2185232388 274877907008 33555008 549789369920
274877907008 277063139396 549789369920 549755814912
277063139396 2185232388 549755814912 33555008
4370464776 549755814016 67110016 1099578739840
549755814016 554126278792 1099578739840 1099511629824
554126278792 4370464776 1099511629824 67110016
8740929552 1099511628032 134220032 2199157479680
1099511628032 1108252557584 2199157479680 2199023259648
1108252557584 8740929552 2199023259648 134220032
17481859104 2199023256064 268440064 4398314959360
2199023256064 2216505115168 4398314959360 4398046519296
2216505115168 17481859104 4398046519296 268440064
34963718208 4398046512128 536880128 8796629918720
4398046512128 4433010230336 8796629918720 8796093038592
4433010230336 34963718208 8796093038592 536880128
69927436416 8796093024256 1073760256 17593259837440
8796093024256 8866020460672 17593259837440 17592186077184
8866020460672 69927436416 17592186077184 1073760256
139854872832 17592186048512 2147520512 35186519674880
17592186048512 17732040921344 35186519674880 35184372154368
17732040921344 139854872832 35184372154368 2147520512
279709745664 35184372097024 4295041024 70373039349760
35184372097024 35464081842688 70373039349760 70368744308736
35464081842688 279709745664 70368744308736 4295041024
559419491328 70368744194048 8590082048 140746078699520
70368744194048 70928163685376 140746078699520 140737488617472
70928163685376 559419491328 140737488617472 8590082048
1118838982656 140737488388096 17180164096 281492157399040
140737488388096 141856327370752 281492157399040 281474977234944
141856327370752 1118838982656 281474977234944 17180164096
2237677965312 281474976776192 34360328192 562984314798080
281474976776192 283712654741504 562984314798080 562949954469888
283712654741504 2237677965312 562949954469888 34360328192
4475355930624 562949953552384 68720656384 1125968629596160
562949953552384 567425309483008 1125968629596160 1125899908939776
567425309483008 4475355930624 1125899908939776 68720656384
8950711861248 1125899907104768 137441312768 2251937259192320
1125899907104768 1134850618966016 2251937259192320 2251799817879552
1134850618966016 8950711861248 2251799817879552 137441312768
17901423722496 2251799814209536 274882625536 4503874518384640
2251799814209536 2269701237932032 4503874518384640 4503599635759104
2269701237932032 17901423722496 4503599635759104 274882625536
0 0 4294975489 316663643832321
0 0 316663643832321 316659348873216
0 0 316659348873216 4294975489
0 0 8589950978 633327287664642
0 0 633327287664642 633318697746432
0 0 633318697746432 8589950978
0 0 17179901956 1266654575329284
0 0 1266654575329284 1266637395492864
0 0 1266637395492864 17179901956
0 0 34359803912 2533309150658568
0 0 2533309150658568 2533274790985728
0 0 2533274790985728 34359803912
0 0 68719607824 5066618301317136
0 0 5066618301317136 5066549581971456
0 0 5066549581971456 68719607824
0 0 137439215648 10133236602634272
0 0 10133236602634272 10133099163942912
0 0 10133099163942912 137439215648
0 0 274878431296 20266473205268544
0 0 20266473205268544 20266198327885824
0 0 20266198327885824 274878431296
0 0 549756862592 40532946410537088
0 0 40532946410537088 40532396655771648
0 0 40532396655771648 549756862592
0 0 1099513725184 81065892821074176
0 0 81065892821074176 81064793311543296
0 0 81064793311543296 1099513725184
0 0 2199027450368 162131785642148352
0 0 162131785642148352 162129586623086592
0 0 162129586623086592 2199027450368
0 0 4398054900736 324263571284296704
0 0 324263571284296704 324259173246173184
0 0 324259173246173184 4398054900736
0 0 8796109801472 648527142568593408
0 0 648527142568593408 648518346492346368
0 0 648518346492346368 8796109801472
0 0 17592219602944 1297054285137186816
0 0 1297054285137186816 1297036692984692736
0 0 1297036692984692736 17592219602944
0 0 35184439205888 2594108570274373632
0 0 2594108570274373632 2594073385969385472
0 0 2594073385969385472 35184439205888
0 0 70368878411776 5188217140548747264
0 0 5188217140548747264 5188146771938770944
0 0 5188146771938770944 70368878411776
0 0 140737756823552 10376434281097494528
0 0 10376434281097494528 10376293543877541888
0 0 10376293543877541888 140737756823552
0 0 281475513647104 2306124488485437441
0 0 2306124488485437441 2305843014045532161
0 0 2305843014045532161 281475513647104
0 0 562951027294208 4612248976970874882
0 0 4612248976970874882 4611686028091064322
0 0 4611686028091064322 562951027294208
0 0 1125902054588416 9224497953941749764
0 0 9224497953941749764 9223372056182128644
0 0 9223372056182128644 1125902054588416
0 0 2251804109176832 2251834173947913
0 0 2251834173947913 38654705673
0 0 38654705673 2251804109176832
0 0 4503608218353664 4503668347895826
0 0 4503668347895826 77309411346
0 0 77309411346 4503608218353664
0 0 9007216436707328 9007336695791652
0 0 9007336695791652 154618822692
0 0 154618822692 9007216436707328
0 0 18014432873414656 18014673391583304
0 0 18014673391583304 309237645384
0 0 309237645384 18014432873414656
0 0 36028865746829312 36029346783166608
0 0 36029346783166608 618475290768
0 0 618475290768 36028865746829312
0 0 72057731493658624 72058693566333216
0 0 72058693566333216 1236950581536
0 0 1236950581536 72057731493658624
0 0 144115462987317248 144117387132666432
0 0 144117387132666432 2473901163072
0 0 2473901163072 144115462987317248
0 0 288230925974634496 288234774265332864
0 0 288234774265332864 4947802326144
0 0 4947802326144 288230925974634496
0 0 576461851949268992 576469548530665728
0 0 576469548530665728 9895604652288
0 0 9895604652288 576461851949268992
0 0 1152923703898537984 1152939097061331456
0 0 1152939097061331456 19791209304576
0 0 19791209304576 1152923703898537984
0 0 2305847407797075968 2305878194122662912
0 0 2305878194122662912 39582418609152
0 0 39582418609152 2305847407797075968
0 0 4611694815594151936 4611756388245325824
0 0 4611756388245325824 79164837218304
0 0 79164837218304 4611694815594151936
0 0 9223389631188303872 9223512776490651648
0 0 9223512776490651648 158329674436608
0 0 158329674436608 9223389631188303872
0 0 35188667056129 281479271751681
0 0 281479271751681 316659348873216
0 0 316659348873216 35188667056129
0 0 70377334112258 562958543503362
0 0 562958543503362 633318697746432
0 0 633318697746432 70377334112258
0 0 140754668224516 1125917087006724
0 0 1125917087006724 1266637395492864
0 0 1266637395492864 140754668224516
0 0 281509336449032 2251834174013448
0 0 2251834174013448 2533274790985728
0 0 2533274790985728 281509336449032
0 0 563018672898064 4503668348026896
0 0 4503668348026896 5066549581971456
0 0 5066549581971456 563018672898064
0 0 1126037345796128 9007336696053792
0 0 9007336696053792 10133099163942912
0 0 10133099163942912 1126037345796128
0 0 2252074691592256 18014673392107584
0 0 18014673392107584 20266198327885824
0 0 20266198327885824 2252074691592256
0 0 4504149383184512 36029346784215168
0 0 36029346784215168 40532396655771648
0 0 40532396655771648 4504149383184512
0 0 9008298766369024 72058693568430336
0 0 72058693568430336 81064793311543296
0 0 81064793311543296 9008298766369024
0 0 18016597532738048 144117387136860672
0 0 144117387136860672 162129586623086592
0 0 162129586623086592 18016597532738048
0 0 36033195065476096 288234774273721344
0 0 288234774273721344 324259173246173184
0 0 324259173246173184 36033195065476096
0 0 72066390130952192 576469548547442688
0 0 576469548547442688 648518346492346368
0 0 648518346492346368 72066390130952192
0 0 144132780261904384 1152939097094885376
0 0 1152939097094885376 1297036692984692736
0 0 1297036692984692736 144132780261904384
0 0 288265560523808768 2305878194189770752
0 0 2305878194189770752 2594073385969385472
0 0 2594073385969385472 288265560523808768
0 0 576531121047617536 4611756388379541504
0 0 4611756388379541504 5188146771938770944
0 0 5188146771938770944 576531121047617536
0 0 1153062242095235072 9223512776759083008
0 0 9223512776759083008 10376293543877541888
0 0 10376293543877541888 1153062242095235072
0 0 2306124484190470144 281479808614401
0 0 281479808614401 2305843014045532161
0 0 2305843014045532161 2306124484190470144
0 0 4612248968380940288 562959617228802
0 0 562959617228802 4611686028091064322
0 0 4611686028091064322 4612248968380940288
0 0 9224497936761880576 1125919234457604
0 0 1125919234457604 9223372056182128644
0 0 9223372056182128644 9224497936761880576
0 0 2251799814209537 2251838468915208
0 0 2251838468915208 38654705673
0 0 38654705673 2251799814209537
0 0 4503599628419074 4503676937830416
0 0 4503676937830416 77309411346
0 0 77309411346 4503599628419074
0 0 9007199256838148 9007353875660832
0 0 9007353875660832 154618822692
0 0 154618822692 9007199256838148
0 0 18014398513676296 18014707751321664
0 0 18014707751321664 309237645384
0 0 309237645384 18014398513676296
0 0 36028797027352592 36029415502643328
0 0 36029415502643328 618475290768
0 0 618475290768 36028797027352592
0 0 72057594054705184 72058831005286656
0 0 72058831005286656 1236950581536
0 0 1236950581536 72057594054705184
0 0 144115188109410368 144117662010573312
0 0 144117662010573312 2473901163072
0 0 2473901163072 144115188109410368
0 0 288230376218820736 288235324021146624
0 0 288235324021146624 4947802326144
0 0 4947802326144 288230376218820736
0 0 576460752437641472 576470648042293248
0 0 576470648042293248 9895604652288
0 0 9895604652288 576460752437641472
0 0 1152921504875282944 1152941296084586496
0 0 1152941296084586496 19791209304576
0 0 19791209304576 1152921504875282944
0 0 2305843009750565888 2305882592169172992
0 0 2305882592169172992 39582418609152
0 0 39582418609152 2305843009750565888
0 0 4611686019501131776 4611765184338345984
0 0 4611765184338345984 79164837218304
0 0 79164837218304 4611686019501131776
0 0 9223372039002263552 9223530368676691968
0 0 9223530368676691968 158329674436608
0 0 158329674436608 9223372039002263552
0 0 0 0
0 0 0 0
0 0 0 0
0 0 0 0
0 0 0 0
0 0 0 0
0 0 0 0
0 0 0 0
0 0 0 0
0 0 0 0
0 0 0 0
0 0 0 0
0 0 0 0
0 0 0 0
0 0 0 0
0 0 0 0
0 0 0 0
0 0 0 0
0 0 0 0
0 0 0 0
0 0 0 0
0 0 0 0
0 0 0 0
0 0 0 0
0 0 0 0
0 0 0 0
0 0 0 0
0 0 0 0
0 0 0 0
0 0 0 0
0 0 0 0
0 0 0 0
0 0 0 0
0 0 0 0
0 0 0 0
0 0 0 0
0 0 0 0
0 0 0 0
0 0 0 0
0 0 0 0
0 0 0 0
0 0 0 0
0 0 0 0
0 0 0 0
0 0 0 0
0 0 0 0
0 0 0 0
0 0 0 0
0 0 0 0
0 0 0 0
0 0 0 0
0 0 0 0
0 0 0 0
0 0 0 0
0 0 0 0
0 0 0 0
0 0 0 0
0 0 0 0
0 0 0 0
0 0 0 0
0 0 0 0
0 0 0 0
0 0 0 0
0 0 0 0
0 0 0 0
0 0 0 0
0 0 0 0
0 0 0 0
0 0 0 0
0 0 0 0
0 0 0 0
0 0 0 0
0 0 0 0
0 0 0 0
0 0 0 0
0 0 0 0
0 0 0 0
0 0 0 0
0 0 0 0
0 0 0 0
0 0 0 0
0 0 0 0
0 0 0 0
0 0 0 0
0 0 0 0
0 0 0 0
0 0 0 0
0 0 0 0
0 0 0 0
0 0 0 0
0 0 0 0
0 0 0 0
0 0 0 0
0 0 0 0
0 0 0 0
0 0 0 0
0 0 0 0
0 0 0 0
0 0 0 0
0 0 0 0
0 0 0 0
0 0 0 0
0 0 0 0
0 0 0 0
0 0 0 0
0 0 0 0
0 0 0 0
0 0 0 0
0 0 0 0
0 0 0 0
0 0 0 0
0 0 0 0
0 0 0 0
0 0 0 0
0 0 0 0
0 0 0 0
0 0 0 0
0 0 0 0
0 0 0 0
0 0 0 0
0 0 0 0
0 0 0 0
0 0 0 0
0 0 0 0
0 0 0 0
0 0 0 0
0 0 0 0
0 0 0 0
0 0 0 0
0 0 0 0
0 0 0 0
0 0 0 0
0 0 0 0
0 0 0 0
0 0 0 0
0 0 0 0
0 0 0 0
0 0 0 0
0 0 0 0
0 0 0 0
0 0 0 0
0 0 0 0
0 0 0 0
0 0 0 0
0 0 0 0
0 0 0 0
0 0 0 0
0 0 0 0
0 0 0 0
0 0 0 0
0 0 0 0
0 0 0 0
0 0 0 0
0 0 0 0
0 0 0 0
0 0 0 0
0 0 0 0
0 0 0 0
0 0 0 0
0 0 0 0
0 0 0 0
0 0 0 0
0 0 0 0
0 0 0 0
0 0 0 0
0 0 0 0
0 0 0 0
0 0 0 0
0 0 0 0
0 0 0 0
0 0 0 0
0 0 0 0
0 0 0 0
0 0 0 0
0 0 0 0
0 0 0 0
0 0 0 0
0 0 0 0
0 0 0 0
0 0 0 0
0 0 0 0
0 0 0 0
0 0 0 0
0 0 0 0
0 0 0 0
0 0 0 0
0 0 0 0
0 0 0 0
0 0 0 0
0 0 0 0
0 0 0 0
0 0 0 0
