310 93 4 31
11 1 44 1 78 1 30786359689280 10160193327119466512 1153220846665072640 4508143702769667 39582469767296 14267547655541358624 2306441693328834560 9016214391095297 61572668211392 5404531758601338928 3459662539993382912 13524066036088834
12 1 45 1 79 1 13835181200720920832 288520647238221888 4612883386660290562 18032574811078668 4611844348306457088 577036896429932672 9225766773315338243 36064857564381188 9223618327527621376 865539951482110144 13838650159973531649 54096264144355336
13 1 46 1 80 1 4612178600182416384 1161084346040579 293019849083322376 72705206386737 9224005356371052544 2304576506036737 586039698145673228 144242181668882 13836043217973545984 3395292107899650 879059547220606980 212274463637539
14 1 47 1 81 1 1970327020113920 4644337384162317 1172079396333289504 290820825546948 2533278065106944 9218306024146950 2344158792582692912 576968726675528 3940650765529088 13581168431598603 3516238188882427920 849097854550156
15 1 48 1 82 1 7881308080455680 18577349536649268 4688317585333158016 1163283302187792 10133112260427776 36873224096587800 9376635170330771648 2307874906702112 15762603062116352 54324673726394412 14064952755529711680 3396391418200624
16 1 49 1 83 1 31525232321822720 1227230902753444048 18295891471368704 4653133208751169 40532449041711104 2453335905600045152 36591781600559872 9231499626808450 63050412248465408 3676063208726118576 54887672535056640 13585565672802499
17 1 50 1 84 1 126100929287290880 4908923611013776192 73183565885474816 18612532835004676 162129796166844416 9813343622400180608 146367126402239488 36925998507233800 252201648993861632 14704252834904474304 219550690140226560 54342262691209996
18 1 51 1 85 1 5116089735576551424 1188950370345553152 292734263541899265 2392537302090768 9871891221522153472 2359886342181619200 585468505608957954 3588805953079328 14843864651257610240 3476779118489242368 878202760560906243 1196268651056176
19 1 52 1 86 1 2017614868596654080 4755801481382212609 1170937054167597060 9570149208363072 2594076738669510656 9439545368726476802 2341874022435831816 14355223812317312 4035226383901786112 13907116473956969475 3512811042243624972 4785074604224704
20 1 53 1 87 1 3458773455959228417 576461851819298820 4683748216670388241 38280596833452288 1152934917823266818 864693327486803976 9367496089743327266 57420895249269248 2305847480324980739 288233674699223052 14051244168974499891 19140298416898816
21 1 54 1 88 1 9223407805409525767 1152925902670348304 576479169123713092 9007199257953281 13835111708147843081 2305851805340368928 864726587705917576 13510798883293186 4611703902872535054 3458777708010586160 288283702465921228 4503599629667331
22 1 55 1 89 1 143074218999836 4611703610681393218 2305916676494852368 36028797031813124 214611462717476 9223407221361475715 3458906350823670304 54043195533172744 71537780588600 13835110832042344641 1153134809863684912 18014398518669324
23 1 56 1 90 1 572296875999344 70369016021256 9800127458282832961 51396624 858445850869904 140738026799628 14700316531749816450 18907168 286151122354400 211107040723716 4900769615606451395 36749360
24 1 57 1 91 1 2289187503997376 281476064085024 2307021685712228612 205586498 3433783403479616 562952107198512 3461033905870610952 75628675 1144604489417600 844428162894864 1156334388716253964 146997441
25 1 58 1 92 1 9156750015989504 1125904256340096 9228086742848914448 822345992 13735133613918464 2251808428794048 13844135623482443808 302514700 4578417957670400 3377712651579456 4625337554865015856 587989764
26 1 59 1 62 1 36627000063958016 4503617025360384 18858823976554560 3289383970 54940534455673856 9007233715176192 36310272801120384 1210058803 18313671830681600 13510850606317824 54606145750511808 2351959057
27 1 60 1 63 1 146508000255832064 18014468101441536 75435295906218240 13157535880 219762137822695424 36028934860704768 145241091204481536 4840235212 73254687322726400 54043402425271296 218424583002047232 9407836228
28 1 61 1 64 1 586032001023328256 1224979377012613120 13510807473161216 52630143520 879048551290781696 2449958748656513024 4503612514502656 19360940848 293018749290905600 3674938123521626112 9007203553053696 37631344912
29 1 31 1 65 1 2344128004093313024 4899917508050452480 54043229892644864 210520574080 3516194205163126784 9799834994626052096 18014450058010624 77443763392 1172074997163622400 14699752494086504448 36028814212214784 150525379648
30 1 32 1 66 1 4764825997945864194 4453885411328 216172919570579457 842082296320 9453090802225119235 8821871411200 72057800232042498 309775053568 13911672025509265409 13241396822016 144115256848859139 602101518592
0 1 33 1 67 1 612559918073905160 3458782329362186241 549827182596 3368329185280 918875061481373708 1152956792092491778 824776458248 1239100214272 306455880908406788 2305895974800982019 275092013068 2408406074368
1 1 34 1 68 1 2450239672295620640 13835129317448744964 2199308730384 13473316741120 3675500245925494832 4611827168369967112 3299105832992 4956400857088 1225823523633627152 9223583899203928076 1100368052272 9633624297472
2 1 35 1 69 1 577586652327706754 285048666325008 8797234921539 53893266964480 866942928419815619 564599770316832 13196423331969 19825603428352 291608076107120705 847449396609072 4401472209090 38534497189888
3 1 36 1 70 1 2310346609310827016 1140194665300032 35188939686156 215573067857920 3467771713679262476 2258399081267328 52785693327876 79302413713408 1166432304428482820 3389797586436288 17605888836360 154137988759552
4 1 37 1 71 1 18014400388532258 4560778661200128 140755758744624 862292271431680 36028799434886195 9033596325069312 211142773311504 317209654853632 54043199286543377 13559190345745152 70423555345440 616551955038208
5 1 38 1 72 1 72057601554129032 18243114644800512 563023034978496 3449169085726720 144115197739544780 36134385300277248 844571093246016 1268838619414528 216172797146173508 54236761382980608 281694221381760 2466207820152832
6 1 39 1 73 1 288230406216516128 72972458579202048 2252092139913984 13796676342906880 576460790958179120 144537541201108992 3378284372984064 5075354477658112 864691188584694032 216947045531922432 1126776885527040 9864831280611328
7 1 40 1 74 1 1152921624866064512 291889834316808192 9008368559655936 55186705371627520 2305843163832716480 578150164804435968 13513137491936256 20301417910632448 3458764754338776128 867788182127689728 4507107542108160 39459325122445312
8 1 41 1 75 1 4611686499464258049 14637832660385792 900724602693758976 4574039372726272 9223372655330865922 6757650004049920 342282926119456768 9148077604601856 13835059017355104515 12388214690217984 594489182471856128 13722112413925376
9 1 42 1 76 1 1924147480580 58551330641543169 3602898410775035904 18296157490905088 2473904360456 27030600016199682 1369131704477827072 36592310418407424 3848291763212 49552858760871939 2377956729887424512 54888449655701504
10 1 43 1 77 1 7696589922320 2540048331779866628 14123363266948431872 1127035925692416 9895617441824 3566886913885339656 5188296441759596544 2254053597773824 15393167052848 1351132939650334732 10088287671853121536 3381016509022208
0 3 38 1 85 1 4899916402633211908 1171147129608208384 292734250858320064 70371999007744 9799832799629279240 2341942329596182528 585468501381095488 140738612447232 14699749199041265676 3512948687356297216 878202752105197696 211108396829696
1 3 39 1 86 1 1152921536823296016 4684588518432833537 1170937003433280256 281487996030976 2305843051098013728 9367769318384730114 2341874005524381952 562954449788928 3458764575036407856 14051794749425188867 3512811008420790784 844433587318784
2 3 40 1 87 1 128865796161 291610000021782532 4683748013733121025 1125951984123904 167537279106 577589126119817224 9367496022097527810 2251817799155712 244863467715 866946776572100620 14051244033683163139 3377734349275136
3 3 41 1 88 1 4611686533890572548 1166440000087130128 17605071220740 4503807936495617 9223372707003892232 2310356504479268896 35188667584520 9007271196622850 13835059034736034572 3467787106288402480 52785148862476 13510937397100547
4 3 42 1 89 1 2061852738576 4665760000348520513 70420284882960 18015231745982468 2680596465696 9241426017917075586 140754670338080 36029084786491400 3917815483440 13871148425153609923 211140595449904 54043749588402188
5 3 43 1 90 1 8247410954304 216295927684530436 288512057291243585 3332946001936 10722385862784 72215924249199112 577023770984775810 1151070109728 15671261933760 144361479485784844 865535690836934851 2216239824944
6 3 44 1 91 1 32989643817216 865183710738121744 1154048229164974340 13331784007744 42889543451136 288863696996796448 2308095083939103240 4604280438912 62685047735040 577445917943139376 3462142763347739404 8864959299776
7 3 45 1 92 1 13835190013857432576 1970329131946048 4616192916659897360 53327136030976 4611857576601192448 2533283380338816 9232380335756412960 18417121755648 9223622777045715968 3940662558863552 13848571053390957616 35459837199104
8 3 46 1 62 1 527834301075456 7881316527784195 18027592930037824 213308544123905 686232695218176 10133133521355265 36033195606548608 73668487022594 1002960763760640 15762650235454210 54051992435175616 141839348796419
9 3 47 1 63 1 2111337204301824 31525266111136780 72110371720151296 853234176495620 2744930780872704 40532534085421060 144132782426194432 294673948090376 4011843055042560 63050600941816840 216207969740702464 567357395185676
10 3 48 1 64 1 8445348817207296 1279022569051394096 211110728893440 3412936705982480 10979723123490816 2467973145555378192 70377401354240 1178695792361504 16047372220170240 3710966917587808288 140750507674624 2269429580742704
11 3 49 1 65 1 33781395268829184 5116090276205576384 844442915573760 13651746823929920 43918892493963264 9871892582221512768 281509605416960 4714783169446016 64189488880680960 14843867670351233152 563002030698496 9077718322970816
12 3 50 1 66 1 4746811599502704640 864695526505906944 3377771662295041 54606987295719680 9399047606830628864 288239172253253888 1126038421667842 18859132677784064 14091816010804887552 576473946455736832 2252008122793987 36310873291883264
13 3 51 1 67 1 14375560379583430656 17592203086849 878202215104315396 2255167069094912 5314388298330800128 35184406168578 292734529838383112 3378936673208320 10250403858945671168 52776609253379 585468784794599436 1128305091677184
14 3 52 1 68 1 2162009297205067776 70368812347399 3512808860417261584 9020668276379648 2810809119613648896 140737624674313 1170938119353532448 13515746692833280 4108127288363581440 211106437013518 2341875139178397744 4513220366708736
15 3 53 1 69 1 4036351170392883201 281475249389596 14051235441669046336 36082673105518592 2019864441599819778 562950498697252 4683752477414129792 54062986771333120 2597451098172162051 844425748054072 9367500556713590976 18052881466834944
16 3 54 1 70 1 2310346626289369095 3459890414818099312 576479169395818752 215504346218499 3467771747971891209 1155173306601635984 864726588250391040 79164971548673 1166432355833872398 2309220712205910240 288283703283548928 153931829411842
17 3 55 1 71 1 18014468302700574 13839561659272397248 2305916677583275008 862017384873996 36028936605401127 4620693226406543936 3458906353001564160 316659886194692 54043404908101689 9236882848823640960 1153134813134195712 615727317647368
18 3 56 1 72 1 72057873210802296 18014415960934144 9223666710333100035 3448069539495984 144115746421604508 36028831916624128 13835625412006256641 1266639544778768 216173619632406756 54043247875460608 4612539252536782850 2462909270589472
19 3 57 1 73 1 288231492843209184 72057663843736576 1178693913296908 13792278157983938 576462985686418032 144115327666496512 2269426896371716 5066558179115075 864694478529627024 216172991501842432 3412936437579784 9851637082357889
20 3 58 1 74 1 1152925971372836736 288230655374946304 4714775653187632 55169112631935752 2305851942745672128 576461310665986048 9077707585486864 20266232716460300 3458777914118508096 864691966007369728 13651745750319136 39406548329431556
21 3 59 1 75 1 4611703885491346945 1116892938240 883550231067885760 4503668413959200 9223407770982688514 2233450250240 324541206493659200 9007336827913264 13835111656474032387 3350208937984 631067735304700032 13511005241870352
22 3 60 1 76 1 71468255836164 4467571752961 3534200924271543040 18014673655836800 142936511650824 8933801000962 1298164825974636800 36029347311653056 214404767474700 13400835751939 2524270941218800128 54044020967481408
23 3 61 1 77 1 285873023344656 1152939374893858820 14136803697086172160 1100585419264 571746046603296 2305878744417697800 5192659303898547200 2201170756352 857619069898800 3458818117163548684 10097083764875200512 3301756141824
24 3 31 1 78 1 1143492093378624 4611757499575435280 1206982567216033792 4402341677059 2286984186413184 9223514977670791200 2323893141884637184 8804683025409 3430476279595200 13835272468654194736 3494846912081698816 13207024567298
25 3 32 1 79 1 4573968373514496 285924592189504 4827930268864135169 17609366708236 9147936745652736 571763264061568 9295572567538548738 35218732101636 13721905118380800 857653488124096 13979387648326795267 52828098269192
26 3 33 1 80 1 18295873494057984 3459908212189298944 285873291853828 70437466832945 36591746982610944 1155208557663093248 571746583379976 140874928406546 54887620473523200 2309273623166190336 857619875102732 211312393076771
27 3 34 1 81 1 73183493976231936 13839632848757195776 1143493167415312 281749867331780 146366987930443776 4620834230652372992 2286986333519904 563499713626184 219550481894092800 9237094492664761344 3430479500410928 845249572307084
28 3 35 1 82 1 292733975904927744 18299173900128256 4573972669661251 1126999469327120 585467951721775104 36592848899940352 9147945334079617 2253998854504736 878201927576371200 54889823239942144 13721918001643714 3380998289228336
29 3 36 1 83 1 1170935903619710976 73196695600513024 18295890678645004 4507997877308480 2341871806887100416 146371395599761408 36591781336318468 9015995418018944 3512807710305484800 219559292959768576 54887672006574856 13523993156913344
30 3 37 1 84 1 72057596051456001 292786782402052096 73183562714580016 18031991509233920 144115190693625858 585485582399045632 146367125345273872 36063981672075776 216172785939775491 878237171839074304 219550688026299424 54095972627653376
3 1 42 1 74 3 70368744177664 0 0 0 140737488355328 0 0 0 211106232532992 0 0 0
4 1 43 1 75 3 281474976710656 0 0 0 562949953421312 0 0 0 844424930131968 0 0 0
5 1 44 1 76 3 1125899906842624 0 0 0 2251799813685248 0 0 0 3377699720527872 0 0 0
6 1 45 1 77 3 4503599627370496 0 0 0 9007199254740992 0 0 0 13510798882111488 0 0 0
7 1 46 1 78 3 18014398509481984 0 0 0 36028797018963968 0 0 0 54043195528445952 0 0 0
8 1 47 1 79 3 72057594037927936 0 0 0 144115188075855872 0 0 0 216172782113783808 0 0 0
9 1 48 1 80 3 288230376151711744 0 0 0 576460752303423488 0 0 0 864691128455135232 0 0 0
10 1 49 1 81 3 1152921504606846976 0 0 0 2305843009213693952 0 0 0 3458764513820540928 0 0 0
11 1 50 1 82 3 1 0 0 0 2 0 0 0 3 0 0 0
12 1 51 1 83 3 4 0 0 0 8 0 0 0 12 0 0 0
13 1 52 1 84 3 16 0 0 0 32 0 0 0 48 0 0 0
14 1 53 1 85 3 64 0 0 0 128 0 0 0 192 0 0 0
15 1 54 1 86 3 256 0 0 0 512 0 0 0 768 0 0 0
16 1 55 1 87 3 1024 0 0 0 2048 0 0 0 3072 0 0 0
17 1 56 1 88 3 4096 0 0 0 8192 0 0 0 12288 0 0 0
18 1 57 1 89 3 16384 0 0 0 32768 0 0 0 49152 0 0 0
19 1 58 1 90 3 65536 0 0 0 131072 0 0 0 196608 0 0 0
20 1 59 1 91 3 262144 0 0 0 524288 0 0 0 786432 0 0 0
21 1 60 1 92 3 1048576 0 0 0 2097152 0 0 0 3145728 0 0 0
22 1 61 1 62 3 4194304 0 0 0 8388608 0 0 0 12582912 0 0 0
23 1 31 1 63 3 16777216 0 0 0 33554432 0 0 0 50331648 0 0 0
24 1 32 1 64 3 67108864 0 0 0 134217728 0 0 0 201326592 0 0 0
25 1 33 1 65 3 268435456 0 0 0 536870912 0 0 0 805306368 0 0 0
26 1 34 1 66 3 1073741824 0 0 0 2147483648 0 0 0 3221225472 0 0 0
27 1 35 1 67 3 4294967296 0 0 0 8589934592 0 0 0 12884901888 0 0 0
28 1 36 1 68 3 17179869184 0 0 0 34359738368 0 0 0 51539607552 0 0 0
29 1 37 1 69 3 68719476736 0 0 0 137438953472 0 0 0 206158430208 0 0 0
30 1 38 1 70 3 274877906944 0 0 0 549755813888 0 0 0 824633720832 0 0 0
0 1 39 1 71 3 1099511627776 0 0 0 2199023255552 0 0 0 3298534883328 0 0 0
1 1 40 1 72 3 4398046511104 0 0 0 8796093022208 0 0 0 13194139533312 0 0 0
2 1 41 1 73 3 17592186044416 0 0 0 35184372088832 0 0 0 52776558133248 0 0 0
7 1 50 2 79 1 4769399966315708672 281475002007616 4611757624190337024 18416820290060 9444224340456571392 562949999755392 9223515179661180928 35459250782980 13916386731365565184 844424984723648 13835272528973545472 53326314209544
8 1 51 2 80 1 630855791553283072 1125900008030465 286423051796480 73667281160241 883409214407182336 2251799999021570 572571225620480 141837003131922 325314704333605888 3377699938894595 857894765527040 213305256838179
9 1 52 2 81 1 2523423166213132288 4503600032121860 1145692207185920 294669124640964 3533636857628729344 9007199996086280 2290284902481920 567348012527688 1301258817334423552 13510799755578380 3431579062108160 853221027352716
10 1 53 2 82 1 870320627997753346 18014400128487440 4582768828743680 1178676498563856 299489375232753667 36028799984345120 9161139609927680 2269392050110752 593349250910306305 54043199022313520 13726316248432640 3412884109410864
11 1 54 2 83 1 3481282511991013384 72057600513949760 18331075314974720 4714705994255424 1197957500931014668 144115199937380480 36644558439710720 9077568200443008 2373397003641225220 216172796089254080 54905264993730560 13651536437643456
12 1 55 2 84 1 90071992681889827 288230402055799040 73324301259898880 18858823977021696 180143985296670769 576460799749521920 146578233758842880 36310272801772032 270215977710125074 864691184357016320 219621059974922240 54606145750573824
13 1 56 2 85 1 4971973989154947212 1152921608223196160 293297205039595520 3377701870158848 9943947978041458884 2305843198998087680 586312935035371520 1125903131232256 14915921966122664008 3458764737428065280 878484239899688960 2251800888511488
14 1 57 2 86 1 1441151882910237232 4611686432892784641 1173188820158382080 13510807480635392 2882303764746732304 9223372795992350722 2345251740141486080 4503612524929024 4323455643362001184 13835058949712261123 3513936959598755840 9007203554045952
15 1 58 2 87 1 1152921513213561025 1657861586948 4692755280633528321 54043229922541568 2305843022132153410 3036550299656 9381006960565944322 18014450099716096 3458764518165841027 3577720389644 14055747838395023363 36028814216183808
16 1 59 2 88 1 34426856197 1152928136053194768 900737801127985156 137576382465 51673837834 2305855155414892576 342309318692962312 206360936450 17381200399 3458778824702099504 594528756299726860 68788879363
17 1 60 2 89 1 137707424788 4611712544212779072 3602951204511940624 550305529860 206695351336 9223420621659570304 1369237274771849248 825443745800 69524801596 13835115298808398016 2378115025198907440 275155517452
18 1 61 2 90 1 550829699152 2305949112355258624 13835344065744339009 2201222119440 826781405344 3458958853039718912 4612257970632261762 3301774983200 278099206384 1153150478711784192 9224229724643918019 1100622069808
19 1 31 2 91 1 2203318796608 9223796449421034496 1144041848701188 8804888477763 3307125621376 13835835412158875648 2287808819495432 13207099932801 1112396825536 4612601914847136768 3430751156568844 4402488279234
20 1 32 2 92 1 8813275186432 1697650265034752 4576167394804754 35219553911052 13228502485504 3109427506847744 9151235277981731 52828399731204 4449587302144 3663585678995456 13723004626275377 17609953116936
21 1 33 2 62 1 35253100745728 6790601060139008 18304669579219016 140878215644208 52914009942016 12437710027390976 36604941111926924 211313598924816 17798349208576 14654342715981824 54892018505101508 70439812467744
22 1 34 2 63 1 141012402982912 27162404240556032 73218678316876064 563512862576832 211656039768064 49750840109563904 146419764447707696 845254395699264 71193396834304 58617370863927296 219568074020406032 281759249870976
23 1 35 2 64 1 564049611931648 1261571121569071104 4644337115792512 2254051450307328 846624159072256 2504846369651949568 9218305487407296 3381017582797056 284773587337216 3693233997276250112 13581167626488896 1127036999483904
24 1 36 2 65 1 2256198447726592 5046284486276284416 18577348463170048 9016205801229312 3386496636289024 10019385478607798272 36873221949629184 13524070331188224 1139094349348864 14772935989105000448 54324670505955584 4508147997935616
25 1 37 2 66 1 4620710812218294272 585472366788739072 74309393852680193 36064823204917248 9236918023399931904 878210757798395904 147492887798516738 54096281324752896 13839614432679559168 292747221470806016 217298682023822339 18032591991742464
26 1 38 2 67 1 9259471212018401280 1188967962548109313 585467951562432516 144104743813120 13889242001462788096 2359921526586736642 878201927345778696 212343185227776 4629911528016969728 3476831895096918019 292733975791865868 72773929041920
27 1 39 2 68 1 144396700654501888 4755871850192437254 2341871806249730064 576418975252480 216735784722497536 9439686106346946571 3512807709383114784 849372740911104 72902038358327296 13907327580387672077 1170935903167463472 291095716167680
28 1 40 2 69 1 577586802618007552 576743327060197400 9367487224998920257 2305675901009920 866943138889990144 865256277968683052 14051230837532459138 3397490963644416 291608153433309184 289078100422033460 4683743612669853891 1164382864670720
29 1 41 2 70 1 11533719247326806016 2306973308240789600 273154308 9222703604039682 17302830610842124288 3461025111874732208 546046472 13589963854577667 5778118632160624640 1156312401688133840 818152204 4657531458682881
30 1 42 2 71 1 18016805033345026 9227893232963158402 1092617232 36890814416158728 36032166957678595 13844100447498928835 2184185888 54359855418310668 54044436505559041 4625249606752535361 3272608816 18630125834731524
0 1 43 2 72 1 72067220133380104 18084784433530376 576460756673892418 3448069588779040 144128667830714380 36169568867060492 864691137191878787 1266639559458864 216177746022236164 54254353300589828 288230389242147009 2462909300998160
1 1 44 2 73 1 288268880533520416 72339137734121504 2305843026695569672 13792278355116160 576514671322857520 144678275468241968 3458764548767515148 5066558237835456 864710984088944656 217017413202359312 1152921556968588036 9851637203992640
2 1 45 2 74 1 1153075522134081664 289356550936486016 9223372106782278688 55169113420464640 2306058685291430080 578713101872967872 13835058195070060592 20266232951341824 3458843936355778624 868069652809437248 4611686227874352144 39406548815970560
3 1 46 2 75 1 4612302088536326657 4504699139097088 864691408165146752 4503671568074754 9224234741165720322 9009398278177536 288230935303299264 9007337767439363 13835375745423114499 13514097417208064 576461590091280448 13511007188026369
4 1 47 2 76 1 2464280435755012 18018796556388353 3458765632660587008 18014686272299016 3450817243778056 36037593112710146 1152923741213197056 36029351069757452 1270760563803148 54056389668832259 2305846360365121792 54044028752105476
5 1 48 2 77 1 9857121743020048 72075186225553412 14123292906794059776 1151051268128 13803268975112224 144150372450840584 5188155717156211712 2216203173936 5083042255212592 216225558675329036 10088076569915622400 3332894638096
6 1 49 2 78 1 39428486972080192 288300744902213648 1152939406047584256 4604205072515 55213075900448896 576601489803362336 2305878794915295232 8864812695745 20332169020850368 864902234701316144 3458818132243386368 13331578552386
23 1 54 1 71 2 0 0 0 0 0 0 0 0 0 0 0 0
24 1 55 1 72 2 0 0 0 0 0 0 0 0 0 0 0 0
25 1 56 1 73 2 0 0 0 0 0 0 0 0 0 0 0 0
26 1 57 1 74 2 0 0 0 0 0 0 0 0 0 0 0 0
27 1 58 1 75 2 0 0 0 0 0 0 0 0 0 0 0 0
28 1 59 1 76 2 0 0 0 0 0 0 0 0 0 0 0 0
29 1 60 1 77 2 0 0 0 0 0 0 0 0 0 0 0 0
30 1 61 1 78 2 0 0 0 0 0 0 0 0 0 0 0 0
0 1 31 1 79 2 0 0 0 0 0 0 0 0 0 0 0 0
1 1 32 1 80 2 0 0 0 0 0 0 0 0 0 0 0 0
2 1 33 1 81 2 0 0 0 0 0 0 0 0 0 0 0 0
3 1 34 1 82 2 0 0 0 0 0 0 0 0 0 0 0 0
4 1 35 1 83 2 0 0 0 0 0 0 0 0 0 0 0 0
5 1 36 1 84 2 0 0 0 0 0 0 0 0 0 0 0 0
6 1 37 1 85 2 0 0 0 0 0 0 0 0 0 0 0 0
7 1 38 1 86 2 0 0 0 0 0 0 0 0 0 0 0 0
8 1 39 1 87 2 0 0 0 0 0 0 0 0 0 0 0 0
9 1 40 1 88 2 0 0 0 0 0 0 0 0 0 0 0 0
10 1 41 1 89 2 0 0 0 0 0 0 0 0 0 0 0 0
11 1 42 1 90 2 0 0 0 0 0 0 0 0 0 0 0 0
12 1 43 1 91 2 0 0 0 0 0 0 0 0 0 0 0 0
13 1 44 1 92 2 0 0 0 0 0 0 0 0 0 0 0 0
14 1 45 1 62 2 0 0 0 0 0 0 0 0 0 0 0 0
15 1 46 1 63 2 0 0 0 0 0 0 0 0 0 0 0 0
16 1 47 1 64 2 0 0 0 0 0 0 0 0 0 0 0 0
17 1 48 1 65 2 0 0 0 0 0 0 0 0 0 0 0 0
18 1 49 1 66 2 0 0 0 0 0 0 0 0 0 0 0 0
19 1 50 1 67 2 0 0 0 0 0 0 0 0 0 0 0 0
20 1 51 1 68 2 0 0 0 0 0 0 0 0 0 0 0 0
21 1 52 1 69 2 0 0 0 0 0 0 0 0 0 0 0 0
22 1 53 1 70 2 0 0 0 0 0 0 0 0 0 0 0 0
8 1 32 1 72 1 0 17592186044416 0 0 0 35184372088832 0 0 0 52776558133248 0 0
9 1 33 1 73 1 0 70368744177664 0 0 0 140737488355328 0 0 0 211106232532992 0 0
10 1 34 1 74 1 0 281474976710656 0 0 0 562949953421312 0 0 0 844424930131968 0 0
11 1 35 1 75 1 0 1125899906842624 0 0 0 2251799813685248 0 0 0 3377699720527872 0 0
12 1 36 1 76 1 0 4503599627370496 0 0 0 9007199254740992 0 0 0 13510798882111488 0 0
13 1 37 1 77 1 0 18014398509481984 0 0 0 36028797018963968 0 0 0 54043195528445952 0 0
14 1 38 1 78 1 0 72057594037927936 0 0 0 144115188075855872 0 0 0 216172782113783808 0 0
15 1 39 1 79 1 0 288230376151711744 0 0 0 576460752303423488 0 0 0 864691128455135232 0 0
16 1 40 1 80 1 4611686018427387904 0 0 0 9223372036854775808 0 0 0 13835058055282163712 0 0 0
17 1 41 1 81 1 0 1 0 0 0 2 0 0 0 3 0 0
18 1 42 1 82 1 0 4 0 0 0 8 0 0 0 12 0 0
19 1 43 1 83 1 0 16 0 0 0 32 0 0 0 48 0 0
20 1 44 1 84 1 0 64 0 0 0 128 0 0 0 192 0 0
21 1 45 1 85 1 0 256 0 0 0 512 0 0 0 768 0 0
22 1 46 1 86 1 0 1024 0 0 0 2048 0 0 0 3072 0 0
23 1 47 1 87 1 0 4096 0 0 0 8192 0 0 0 12288 0 0
24 1 48 1 88 1 0 16384 0 0 0 32768 0 0 0 49152 0 0
25 1 49 1 89 1 0 65536 0 0 0 131072 0 0 0 196608 0 0
26 1 50 1 90 1 0 262144 0 0 0 524288 0 0 0 786432 0 0
27 1 51 1 91 1 0 1048576 0 0 0 2097152 0 0 0 3145728 0 0
28 1 52 1 92 1 0 4194304 0 0 0 8388608 0 0 0 12582912 0 0
29 1 53 1 62 1 0 16777216 0 0 0 33554432 0 0 0 50331648 0 0
30 1 54 1 63 1 0 67108864 0 0 0 134217728 0 0 0 201326592 0 0
0 1 55 1 64 1 0 268435456 0 0 0 536870912 0 0 0 805306368 0 0
1 1 56 1 65 1 0 1073741824 0 0 0 2147483648 0 0 0 3221225472 0 0
2 1 57 1 66 1 0 4294967296 0 0 0 8589934592 0 0 0 12884901888 0 0
3 1 58 1 67 1 0 17179869184 0 0 0 34359738368 0 0 0 51539607552 0 0
4 1 59 1 68 1 0 68719476736 0 0 0 137438953472 0 0 0 206158430208 0 0
5 1 60 1 69 1 0 274877906944 0 0 0 549755813888 0 0 0 824633720832 0 0
6 1 61 1 70 1 0 1099511627776 0 0 0 2199023255552 0 0 0 3298534883328 0 0
7 1 31 1 71 1 0 4398046511104 0 0 0 8796093022208 0 0 0 13194139533312 0 0
17 2 35 1 78 2 0 0 0 0 0 0 0 0 0 0 0 0
18 2 36 1 79 2 0 0 0 0 0 0 0 0 0 0 0 0
19 2 37 1 80 2 0 0 0 0 0 0 0 0 0 0 0 0
20 2 38 1 81 2 0 0 0 0 0 0 0 0 0 0 0 0
21 2 39 1 82 2 0 0 0 0 0 0 0 0 0 0 0 0
22 2 40 1 83 2 0 0 0 0 0 0 0 0 0 0 0 0
23 2 41 1 84 2 0 0 0 0 0 0 0 0 0 0 0 0
24 2 42 1 85 2 0 0 0 0 0 0 0 0 0 0 0 0
25 2 43 1 86 2 0 0 0 0 0 0 0 0 0 0 0 0
26 2 44 1 87 2 0 0 0 0 0 0 0 0 0 0 0 0
27 2 45 1 88 2 0 0 0 0 0 0 0 0 0 0 0 0
28 2 46 1 89 2 0 0 0 0 0 0 0 0 0 0 0 0
29 2 47 1 90 2 0 0 0 0 0 0 0 0 0 0 0 0
30 2 48 1 91 2 0 0 0 0 0 0 0 0 0 0 0 0
0 2 49 1 92 2 0 0 0 0 0 0 0 0 0 0 0 0
1 2 50 1 62 2 0 0 0 0 0 0 0 0 0 0 0 0
2 2 51 1 63 2 0 0 0 0 0 0 0 0 0 0 0 0
3 2 52 1 64 2 0 0 0 0 0 0 0 0 0 0 0 0
4 2 53 1 65 2 0 0 0 0 0 0 0 0 0 0 0 0
5 2 54 1 66 2 0 0 0 0 0 0 0 0 0 0 0 0
6 2 55 1 67 2 0 0 0 0 0 0 0 0 0 0 0 0
7 2 56 1 68 2 0 0 0 0 0 0 0 0 0 0 0 0
8 2 57 1 69 2 0 0 0 0 0 0 0 0 0 0 0 0
9 2 58 1 70 2 0 0 0 0 0 0 0 0 0 0 0 0
10 2 59 1 71 2 0 0 0 0 0 0 0 0 0 0 0 0
11 2 60 1 72 2 0 0 0 0 0 0 0 0 0 0 0 0
12 2 61 1 73 2 0 0 0 0 0 0 0 0 0 0 0 0
13 2 31 1 74 2 0 0 0 0 0 0 0 0 0 0 0 0
14 2 32 1 75 2 0 0 0 0 0 0 0 0 0 0 0 0
15 2 33 1 76 2 0 0 0 0 0 0 0 0 0 0 0 0
16 2 34 1 77 2 0 0 0 0 0 0 0 0 0 0 0 0
16 3 60 3 90 3 0 0 0 0 0 0 0 0 0 0 0 0
17 3 61 3 91 3 0 0 0 0 0 0 0 0 0 0 0 0
18 3 31 3 92 3 0 0 0 0 0 0 0 0 0 0 0 0
19 3 32 3 62 3 0 0 0 0 0 0 0 0 0 0 0 0
20 3 33 3 63 3 0 0 0 0 0 0 0 0 0 0 0 0
21 3 34 3 64 3 0 0 0 0 0 0 0 0 0 0 0 0
22 3 35 3 65 3 0 0 0 0 0 0 0 0 0 0 0 0
23 3 36 3 66 3 0 0 0 0 0 0 0 0 0 0 0 0
24 3 37 3 67 3 0 0 0 0 0 0 0 0 0 0 0 0
25 3 38 3 68 3 0 0 0 0 0 0 0 0 0 0 0 0
26 3 39 3 69 3 0 0 0 0 0 0 0 0 0 0 0 0
27 3 40 3 70 3 0 0 0 0 0 0 0 0 0 0 0 0
28 3 41 3 71 3 0 0 0 0 0 0 0 0 0 0 0 0
29 3 42 3 72 3 0 0 0 0 0 0 0 0 0 0 0 0
30 3 43 3 73 3 0 0 0 0 0 0 0 0 0 0 0 0
0 3 44 3 74 3 0 0 0 0 0 0 0 0 0 0 0 0
1 3 45 3 75 3 0 0 0 0 0 0 0 0 0 0 0 0
2 3 46 3 76 3 0 0 0 0 0 0 0 0 0 0 0 0
3 3 47 3 77 3 0 0 0 0 0 0 0 0 0 0 0 0
4 3 48 3 78 3 0 0 0 0 0 0 0 0 0 0 0 0
5 3 49 3 79 3 0 0 0 0 0 0 0 0 0 0 0 0
6 3 50 3 80 3 0 0 0 0 0 0 0 0 0 0 0 0
7 3 51 3 81 3 0 0 0 0 0 0 0 0 0 0 0 0
8 3 52 3 82 3 0 0 0 0 0 0 0 0 0 0 0 0
9 3 53 3 83 3 0 0 0 0 0 0 0 0 0 0 0 0
10 3 54 3 84 3 0 0 0 0 0 0 0 0 0 0 0 0
11 3 55 3 85 3 0 0 0 0 0 0 0 0 0 0 0 0
12 3 56 3 86 3 0 0 0 0 0 0 0 0 0 0 0 0
13 3 57 3 87 3 0 0 0 0 0 0 0 0 0 0 0 0
14 3 58 3 88 3 0 0 0 0 0 0 0 0 0 0 0 0
15 3 59 3 89 3 0 0 0 0 0 0 0 0 0 0 0 0
11 1 52 1 91 1 0 0 4398046511104 0 0 0 8796093022208 0 0 0 13194139533312 0
12 1 53 1 92 1 0 0 17592186044416 0 0 0 35184372088832 0 0 0 52776558133248 0
13 1 54 1 62 1 0 0 70368744177664 0 0 0 140737488355328 0 0 0 211106232532992 0
14 1 55 1 63 1 0 0 281474976710656 0 0 0 562949953421312 0 0 0 844424930131968 0
15 1 56 1 64 1 0 0 1125899906842624 0 0 0 2251799813685248 0 0 0 3377699720527872 0
16 1 57 1 65 1 0 0 4503599627370496 0 0 0 9007199254740992 0 0 0 13510798882111488 0
17 1 58 1 66 1 0 0 18014398509481984 0 0 0 36028797018963968 0 0 0 54043195528445952 0
18 1 59 1 67 1 0 0 72057594037927936 0 0 0 144115188075855872 0 0 0 216172782113783808 0
19 1 60 1 68 1 0 1152921504606846976 0 0 0 2305843009213693952 0 0 0 3458764513820540928 0 0
20 1 61 1 69 1 0 4611686018427387904 0 0 0 9223372036854775808 0 0 0 13835058055282163712 0 0
21 1 31 1 70 1 0 0 1 0 0 0 2 0 0 0 3 0
22 1 32 1 71 1 0 0 4 0 0 0 8 0 0 0 12 0
23 1 33 1 72 1 0 0 16 0 0 0 32 0 0 0 48 0
24 1 34 1 73 1 0 0 64 0 0 0 128 0 0 0 192 0
25 1 35 1 74 1 0 0 256 0 0 0 512 0 0 0 768 0
26 1 36 1 75 1 0 0 1024 0 0 0 2048 0 0 0 3072 0
27 1 37 1 76 1 0 0 4096 0 0 0 8192 0 0 0 12288 0
28 1 38 1 77 1 0 0 16384 0 0 0 32768 0 0 0 49152 0
29 1 39 1 78 1 0 0 65536 0 0 0 131072 0 0 0 196608 0
30 1 40 1 79 1 0 0 262144 0 0 0 524288 0 0 0 786432 0
0 1 41 1 80 1 0 0 1048576 0 0 0 2097152 0 0 0 3145728 0
1 1 42 1 81 1 0 0 4194304 0 0 0 8388608 0 0 0 12582912 0
2 1 43 1 82 1 0 0 16777216 0 0 0 33554432 0 0 0 50331648 0
3 1 44 1 83 1 0 0 67108864 0 0 0 134217728 0 0 0 201326592 0
4 1 45 1 84 1 0 0 268435456 0 0 0 536870912 0 0 0 805306368 0
5 1 46 1 85 1 0 0 1073741824 0 0 0 2147483648 0 0 0 3221225472 0
6 1 47 1 86 1 0 0 4294967296 0 0 0 8589934592 0 0 0 12884901888 0
7 1 48 1 87 1 0 0 17179869184 0 0 0 34359738368 0 0 0 51539607552 0
8 1 49 1 88 1 0 0 68719476736 0 0 0 137438953472 0 0 0 206158430208 0
9 1 50 1 89 1 0 0 274877906944 0 0 0 549755813888 0 0 0 824633720832 0
10 1 51 1 90 1 0 0 1099511627776 0 0 0 2199023255552 0 0 0 3298534883328 0
17 2 32 1 74 1 0 0 0 1099511627776 0 0 0 2199023255552 0 0 0 3298534883328
18 2 33 1 75 1 0 0 0 4398046511104 0 0 0 8796093022208 0 0 0 13194139533312
19 2 34 1 76 1 0 0 0 17592186044416 0 0 0 35184372088832 0 0 0 52776558133248
20 2 35 1 77 1 0 0 0 70368744177664 0 0 0 140737488355328 0 0 0 211106232532992
21 2 36 1 78 1 0 0 0 281474976710656 0 0 0 562949953421312 0 0 0 844424930131968
22 2 37 1 79 1 0 0 0 1125899906842624 0 0 0 2251799813685248 0 0 0 3377699720527872
23 2 38 1 80 1 0 0 0 4503599627370496 0 0 0 9007199254740992 0 0 0 13510798882111488
24 2 39 1 81 1 0 0 0 18014398509481984 0 0 0 36028797018963968 0 0 0 54043195528445952
25 2 40 1 82 1 0 0 288230376151711744 0 0 0 576460752303423488 0 0 0 864691128455135232 0
26 2 41 1 83 1 0 0 1152921504606846976 0 0 0 2305843009213693952 0 0 0 3458764513820540928 0
27 2 42 1 84 1 0 0 4611686018427387904 0 0 0 9223372036854775808 0 0 0 13835058055282163712 0
28 2 43 1 85 1 0 0 0 1 0 0 0 2 0 0 0 3
29 2 44 1 86 1 0 0 0 4 0 0 0 8 0 0 0 12
30 2 45 1 87 1 0 0 0 16 0 0 0 32 0 0 0 48
0 2 46 1 88 1 0 0 0 64 0 0 0 128 0 0 0 192
1 2 47 1 89 1 0 0 0 256 0 0 0 512 0 0 0 768
2 2 48 1 90 1 0 0 0 1024 0 0 0 2048 0 0 0 3072
3 2 49 1 91 1 0 0 0 4096 0 0 0 8192 0 0 0 12288
4 2 50 1 92 1 0 0 0 16384 0 0 0 32768 0 0 0 49152
5 2 51 1 62 1 0 0 0 65536 0 0 0 131072 0 0 0 196608
6 2 52 1 63 1 0 0 0 262144 0 0 0 524288 0 0 0 786432
7 2 53 1 64 1 0 0 0 1048576 0 0 0 2097152 0 0 0 3145728
8 2 54 1 65 1 0 0 0 4194304 0 0 0 8388608 0 0 0 12582912
9 2 55 1 66 1 0 0 0 16777216 0 0 0 33554432 0 0 0 50331648
10 2 56 1 67 1 0 0 0 67108864 0 0 0 134217728 0 0 0 201326592
11 2 57 1 68 1 0 0 0 268435456 0 0 0 536870912 0 0 0 805306368
12 2 58 1 69 1 0 0 0 1073741824 0 0 0 2147483648 0 0 0 3221225472
13 2 59 1 70 1 0 0 0 4294967296 0 0 0 8589934592 0 0 0 12884901888
14 2 60 1 71 1 0 0 0 17179869184 0 0 0 34359738368 0 0 0 51539607552
15 2 61 1 72 1 0 0 0 68719476736 0 0 0 137438953472 0 0 0 206158430208
16 2 31 1 73 1 0 0 0 274877906944 0 0 0 549755813888 0 0 0 824633720832
