310 93 4 31
3 1 42 1 84 1 0 0 0 0 0 0 0 0 0 0 0 0
4 1 43 1 85 1 0 0 0 0 0 0 0 0 0 0 0 0
5 1 44 1 86 1 0 0 0 0 0 0 0 0 0 0 0 0
6 1 45 1 87 1 0 0 0 0 0 0 0 0 0 0 0 0
7 1 46 1 88 1 0 0 0 0 0 0 0 0 0 0 0 0
8 1 47 1 89 1 0 0 0 0 0 0 0 0 0 0 0 0
9 1 48 1 90 1 0 0 0 0 0 0 0 0 0 0 0 0
10 1 49 1 91 1 0 0 0 0 0 0 0 0 0 0 0 0
11 1 50 1 92 1 0 0 0 0 0 0 0 0 0 0 0 0
12 1 51 1 62 1 0 0 0 0 0 0 0 0 0 0 0 0
13 1 52 1 63 1 0 0 0 0 0 0 0 0 0 0 0 0
14 1 53 1 64 1 0 0 0 0 0 0 0 0 0 0 0 0
15 1 54 1 65 1 0 0 0 0 0 0 0 0 0 0 0 0
16 1 55 1 66 1 0 0 0 0 0 0 0 0 0 0 0 0
17 1 56 1 67 1 0 0 0 0 0 0 0 0 0 0 0 0
18 1 57 1 68 1 0 0 0 0 0 0 0 0 0 0 0 0
19 1 58 1 69 1 0 0 0 0 0 0 0 0 0 0 0 0
20 1 59 1 70 1 0 0 0 0 0 0 0 0 0 0 0 0
21 1 60 1 71 1 0 0 0 0 0 0 0 0 0 0 0 0
22 1 61 1 72 1 0 0 0 0 0 0 0 0 0 0 0 0
23 1 31 1 73 1 0 0 0 0 0 0 0 0 0 0 0 0
24 1 32 1 74 1 0 0 0 0 0 0 0 0 0 0 0 0
25 1 33 1 75 1 0 0 0 0 0 0 0 0 0 0 0 0
26 1 34 1 76 1 0 0 0 0 0 0 0 0 0 0 0 0
27 1 35 1 77 1 0 0 0 0 0 0 0 0 0 0 0 0
28 1 36 1 78 1 0 0 0 0 0 0 0 0 0 0 0 0
29 1 37 1 79 1 0 0 0 0 0 0 0 0 0 0 0 0
30 1 38 1 80 1 0 0 0 0 0 0 0 0 0 0 0 0
0 1 39 1 81 1 0 0 0 0 0 0 0 0 0 0 0 0
1 1 40 1 82 1 0 0 0 0 0 0 0 0 0 0 0 0
2 1 41 1 83 1 0 0 0 0 0 0 0 0 0 0 0 0
10 1 36 1 73 2 0 0 0 0 0 0 0 0 0 0 0 0
11 1 37 1 74 2 0 0 0 0 0 0 0 0 0 0 0 0
12 1 38 1 75 2 0 0 0 0 0 0 0 0 0 0 0 0
13 1 39 1 76 2 0 0 0 0 0 0 0 0 0 0 0 0
14 1 40 1 77 2 0 0 0 0 0 0 0 0 0 0 0 0
15 1 41 1 78 2 0 0 0 0 0 0 0 0 0 0 0 0
16 1 42 1 79 2 0 0 0 0 0 0 0 0 0 0 0 0
17 1 43 1 80 2 0 0 0 0 0 0 0 0 0 0 0 0
18 1 44 1 81 2 0 0 0 0 0 0 0 0 0 0 0 0
19 1 45 1 82 2 0 0 0 0 0 0 0 0 0 0 0 0
20 1 46 1 83 2 0 0 0 0 0 0 0 0 0 0 0 0
21 1 47 1 84 2 0 0 0 0 0 0 0 0 0 0 0 0
22 1 48 1 85 2 0 0 0 0 0 0 0 0 0 0 0 0
23 1 49 1 86 2 0 0 0 0 0 0 0 0 0 0 0 0
24 1 50 1 87 2 0 0 0 0 0 0 0 0 0 0 0 0
25 1 51 1 88 2 0 0 0 0 0 0 0 0 0 0 0 0
26 1 52 1 89 2 0 0 0 0 0 0 0 0 0 0 0 0
27 1 53 1 90 2 0 0 0 0 0 0 0 0 0 0 0 0
28 1 54 1 91 2 0 0 0 0 0 0 0 0 0 0 0 0
29 1 55 1 92 2 0 0 0 0 0 0 0 0 0 0 0 0
30 1 56 1 62 2 0 0 0 0 0 0 0 0 0 0 0 0
0 1 57 1 63 2 0 0 0 0 0 0 0 0 0 0 0 0
1 1 58 1 64 2 0 0 0 0 0 0 0 0 0 0 0 0
2 1 59 1 65 2 0 0 0 0 0 0 0 0 0 0 0 0
3 1 60 1 66 2 0 0 0 0 0 0 0 0 0 0 0 0
4 1 61 1 67 2 0 0 0 0 0 0 0 0 0 0 0 0
5 1 31 1 68 2 0 0 0 0 0 0 0 0 0 0 0 0
6 1 32 1 69 2 0 0 0 0 0 0 0 0 0 0 0 0
7 1 33 1 70 2 0 0 0 0 0 0 0 0 0 0 0 0
8 1 34 1 71 2 0 0 0 0 0 0 0 0 0 0 0 0
9 1 35 1 72 2 0 0 0 0 0 0 0 0 0 0 0 0
12 1 53 2 81 1 70368744177664 0 0 0 140737488355328 0 0 0 211106232532992 0 0 0
13 1 54 2 82 1 281474976710656 0 0 0 562949953421312 0 0 0 844424930131968 0 0 0
14 1 55 2 83 1 1125899906842624 0 0 0 2251799813685248 0 0 0 3377699720527872 0 0 0
15 1 56 2 84 1 4503599627370496 0 0 0 9007199254740992 0 0 0 13510798882111488 0 0 0
16 1 57 2 85 1 18014398509481984 0 0 0 36028797018963968 0 0 0 54043195528445952 0 0 0
17 1 58 2 86 1 72057594037927936 0 0 0 144115188075855872 0 0 0 216172782113783808 0 0 0
18 1 59 2 87 1 288230376151711744 0 0 0 576460752303423488 0 0 0 864691128455135232 0 0 0
19 1 60 2 88 1 1152921504606846976 0 0 0 2305843009213693952 0 0 0 3458764513820540928 0 0 0
20 1 61 2 89 1 1 0 0 0 2 0 0 0 3 0 0 0
21 1 31 2 90 1 4 0 0 0 8 0 0 0 12 0 0 0
22 1 32 2 91 1 16 0 0 0 32 0 0 0 48 0 0 0
23 1 33 2 92 1 64 0 0 0 128 0 0 0 192 0 0 0
24 1 34 2 62 1 256 0 0 0 512 0 0 0 768 0 0 0
25 1 35 2 63 1 1024 0 0 0 2048 0 0 0 3072 0 0 0
26 1 36 2 64 1 4096 0 0 0 8192 0 0 0 12288 0 0 0
27 1 37 2 65 1 16384 0 0 0 32768 0 0 0 49152 0 0 0
28 1 38 2 66 1 65536 0 0 0 131072 0 0 0 196608 0 0 0
29 1 39 2 67 1 262144 0 0 0 524288 0 0 0 786432 0 0 0
30 1 40 2 68 1 1048576 0 0 0 2097152 0 0 0 3145728 0 0 0
0 1 41 2 69 1 4194304 0 0 0 8388608 0 0 0 12582912 0 0 0
1 1 42 2 70 1 16777216 0 0 0 33554432 0 0 0 50331648 0 0 0
2 1 43 2 71 1 67108864 0 0 0 134217728 0 0 0 201326592 0 0 0
3 1 44 2 72 1 268435456 0 0 0 536870912 0 0 0 805306368 0 0 0
4 1 45 2 73 1 1073741824 0 0 0 2147483648 0 0 0 3221225472 0 0 0
5 1 46 2 74 1 4294967296 0 0 0 8589934592 0 0 0 12884901888 0 0 0
6 1 47 2 75 1 17179869184 0 0 0 34359738368 0 0 0 51539607552 0 0 0
7 1 48 2 76 1 68719476736 0 0 0 137438953472 0 0 0 206158430208 0 0 0
8 1 49 2 77 1 274877906944 0 0 0 549755813888 0 0 0 824633720832 0 0 0
9 1 50 2 78 1 1099511627776 0 0 0 2199023255552 0 0 0 3298534883328 0 0 0
10 1 51 2 79 1 4398046511104 0 0 0 8796093022208 0 0 0 13194139533312 0 0 0
11 1 52 2 80 1 17592186044416 0 0 0 35184372088832 0 0 0 52776558133248 0 0 0
17 3 61 1 85 1 0 0 0 0 0 0 0 0 0 0 0 0
18 3 31 1 86 1 0 0 0 0 0 0 0 0 0 0 0 0
19 3 32 1 87 1 0 0 0 0 0 0 0 0 0 0 0 0
20 3 33 1 88 1 0 0 0 0 0 0 0 0 0 0 0 0
21 3 34 1 89 1 0 0 0 0 0 0 0 0 0 0 0 0
22 3 35 1 90 1 0 0 0 0 0 0 0 0 0 0 0 0
23 3 36 1 91 1 0 0 0 0 0 0 0 0 0 0 0 0
24 3 37 1 92 1 0 0 0 0 0 0 0 0 0 0 0 0
25 3 38 1 62 1 0 0 0 0 0 0 0 0 0 0 0 0
26 3 39 1 63 1 0 0 0 0 0 0 0 0 0 0 0 0
27 3 40 1 64 1 0 0 0 0 0 0 0 0 0 0 0 0
28 3 41 1 65 1 0 0 0 0 0 0 0 0 0 0 0 0
29 3 42 1 66 1 0 0 0 0 0 0 0 0 0 0 0 0
30 3 43 1 67 1 0 0 0 0 0 0 0 0 0 0 0 0
0 3 44 1 68 1 0 0 0 0 0 0 0 0 0 0 0 0
1 3 45 1 69 1 0 0 0 0 0 0 0 0 0 0 0 0
2 3 46 1 70 1 0 0 0 0 0 0 0 0 0 0 0 0
3 3 47 1 71 1 0 0 0 0 0 0 0 0 0 0 0 0
4 3 48 1 72 1 0 0 0 0 0 0 0 0 0 0 0 0
5 3 49 1 73 1 0 0 0 0 0 0 0 0 0 0 0 0
6 3 50 1 74 1 0 0 0 0 0 0 0 0 0 0 0 0
7 3 51 1 75 1 0 0 0 0 0 0 0 0 0 0 0 0
8 3 52 1 76 1 0 0 0 0 0 0 0 0 0 0 0 0
9 3 53 1 77 1 0 0 0 0 0 0 0 0 0 0 0 0
10 3 54 1 78 1 0 0 0 0 0 0 0 0 0 0 0 0
11 3 55 1 79 1 0 0 0 0 0 0 0 0 0 0 0 0
12 3 56 1 80 1 0 0 0 0 0 0 0 0 0 0 0 0
13 3 57 1 81 1 0 0 0 0 0 0 0 0 0 0 0 0
14 3 58 1 82 1 0 0 0 0 0 0 0 0 0 0 0 0
15 3 59 1 83 1 0 0 0 0 0 0 0 0 0 0 0 0
16 3 60 1 84 1 0 0 0 0 0 0 0 0 0 0 0 0
26 1 59 3 90 1 21394348793135360 292747238650676224 73183495018565644 17785459572801 37158012641083904 585472487047825408 146366990037049348 35416300322946 56296129214284544 878210929597090816 219550485055582216 52892522250435
27 1 60 3 91 1 4697263413599929344 1170988954602704896 4503603922550832 71141838291204 9372004087419111424 2341889948191301632 9007207844773904 141665201291784 14060242572139301888 3512843718388363264 13510811767193632 211570089001740
28 1 61 3 92 1 342309580690165760 4683955818410819585 18014415690203328 284567353164816 594528202257342464 9367559792765206530 36028831379095616 566660805167136 900738067428552704 14051374873553453059 54043247068774528 846280356006960
29 1 31 3 62 1 1369238322760663040 289079199933726724 72057662760813313 1138269412659264 2378112809029369856 576751023641722888 144115325516382466 2266643220668544 3602952269714210816 865267273085157388 216172988275098115 3385121424027840
30 1 32 3 63 1 5476953291042652161 1156316799734906896 274891541508 4553077650637056 9512451236117479426 2307004094566891552 549762106376 9066572882674176 14411809078856843267 3461069092340629552 824645257228 13540485696111360
0 1 33 3 64 1 3461069090461057028 4625267198939627585 1099566166032 18212310602548224 1156316797050814472 9228016378267566210 2199048425504 36266291530696704 2307004094298718220 13844276369362518211 3298581028912 54161942784445440
1 1 34 3 65 1 9218306562064403 54324722048958724 288234774416375873 791648372264960 13581169775869985 18577365651161608 576469548497125506 949978046930944 4644340340097074 36873256321417996 864704322779250883 474989023997952
2 1 35 3 66 1 36873226248257612 217298888195834896 1152939097665503492 3166593489059840 54324679103479940 74309462604646432 2305878193988502024 3799912187723776 18577361360388296 147493025285671984 3458817291117003532 1899956095991808
3 1 36 3 67 1 147492904993030448 869195552783339584 4611756390662013968 12666373956239360 217298716413919760 297237850418585728 9223512775954008096 15199648750895104 74309445441553184 589972101142687936 13835269164468014128 7599824383967232
4 1 37 3 68 1 14425029675254285504 18017697312817408 281488938504256 50665495824957441 5480880884083066944 36029897067495936 562956396929152 60798595003580418 9520609818620988544 54045395357057792 844436743401664 30399297535868931
5 1 38 3 69 1 2359886479888487168 72070789251269635 577586708057440512 58546795223973892 3476779462622716160 144119588269983745 866942954042851840 27021597900537864 1188951127064850944 216181581428231170 291608123125318400 49539596105547788
6 1 39 3 70 1 216173882699172866 288283157005078540 3175037960684897280 18014398782111760 72059795208700931 576478353079934980 3756002192323119104 36028797564223520 144118489832015873 864726325712924680 1742893244804697088 54043196346335280
7 1 40 3 71 1 5476381549224079368 211123413467184 12988382218891300864 1090519104 9511611217689579532 70403106045968 15600469521595899904 2181038208 14411532014610227204 140789031157792 7836264107673923584 3271557312
8 1 41 3 72 1 3458782123186765856 844493653868737 15060040728146100224 4362076418 1152956723339214896 281612424183874 7061645865254944768 8724152835 2305895837312253968 563156124631171 12898312356986142720 13086229249
9 1 42 3 73 1 70437464899715 1156299479222321924 4611700315304034304 17448305675 140874929471681 2306969458910429448 9223378635006803968 34896611341 211312394240066 3461017138319065612 13835070152070332416 52344916998
10 1 43 3 74 1 281749859598860 4625197916889287696 57187506585600 69793222701 563499717886724 9227877835641717792 26392608112640 139586445366 845249576960264 13844068553276262448 48387152674816 209379667995
11 1 44 3 75 1 1126999438395440 54047593847599168 228750026342401 279172890804 2253998871546896 18023195147767936 105570432450562 558345781464 3380998307841056 36041991976394944 193548610699267 837518671980
12 1 45 3 76 1 4507997753581760 216190375390396672 915000105369604 1116691563216 9015995486187584 72092780591071744 422281729802248 2233383125856 13523993231364224 144167967905579776 774194442797068 3350074687920
13 1 46 3 77 1 18031991014327040 864761501561586688 3660000421478416 4466766252864 36063981944750336 288371122364286976 1689126919208992 8933532503424 54095972925456896 576671871622319104 3096777771188272 13400298751680
14 1 47 3 78 1 13907186019339471872 281492425805824 14640001685913664 17867065011456 4755941946206389248 562984850300928 6756507676835968 35734130013696 9439755928556603392 844477275582464 12387111084753088 53601195006720
15 1 48 3 79 1 288511856229232640 1125969703223299 58560006743654656 71468260045824 577023711116005376 2251939401203713 27026030707343872 142936520054784 865535566807310336 3377909102329858 49548444339012352 214404780026880
16 1 49 3 80 1 1154047424916930560 4503878812893196 234240026974618624 285873040183296 2308094844464021504 9007757604814852 108104122829375488 571746080219136 3462142267229241344 13511636409319432 198193777356049408 857619120107520
17 1 50 3 81 1 4503681240334337 3476780029072113712 72268979443339264 1143492160733184 9007341001310210 1188952535026106384 144186115165790208 2286984320876544 13511013634801667 2359889554850971680 216314357120774144 3430476480430080
18 1 51 3 82 1 18014724961337348 15060041620895301824 845541621645312 4573968642932736 36029364005240840 7061653149318119488 283708359737344 9147937283506176 54044054539206668 12898322733224427648 566300027961344 13721905921720320
19 1 52 3 83 1 72058899845349392 4899934262452552448 3382166486581251 18295874571730944 144117456020963360 9799868523562926336 1134833438949377 36591749134024704 216176218156826672 14699802785478607360 2265200111845378 54887623686881280
20 1 53 3 84 1 4899921617808785472 71471493811200 301759042098036749 1125904248995840 9799841860938629248 142937618908160 581000086059220998 2251808460242944 14699762927909470400 214406965233664 873751928902516747 3377712633741312
21 1 54 3 85 1 1152942397525590272 285885975244801 1207036168392146996 4503616995983360 2305879296335413760 571750475632642 2324000344236883992 9007233840971776 3458819490509226752 857627860934659 3495007715610066988 13510850534965248
22 1 55 3 86 1 83571674973185 1143543900979204 4828144673568587984 18014467983933440 145148486879234 2287001902530568 9296001376947535968 36028935363887104 219906754743299 3430511443738636 13980030862440267952 54043402139860992
23 1 56 3 87 1 334286699892740 3463338689424457744 289373868261376832 277897805825 580593947516936 1162069512216969248 578747736522752384 553379692546 879627018973196 2319565054988648496 868121604784128704 826445660163
24 1 57 3 88 1 1337146799570960 13853354757697830976 1157495473045507328 1111591223300 2322375790067744 4648278048867876992 2314990946091009536 2213518770184 3518508075892784 9278260219954593984 3472486419136514816 3305782640652
25 1 58 3 89 1 5348587198283840 73186809662669056 4629981892182029315 4446364893200 9289503160270976 146368121761956352 9259963784364038145 8854075080736 14074032303571136 219552732399272704 13889945676546059266 13223130562608
0 1 36 1 72 1 0 17592186044416 0 0 0 35184372088832 0 0 0 52776558133248 0 0
1 1 37 1 73 1 0 70368744177664 0 0 0 140737488355328 0 0 0 211106232532992 0 0
2 1 38 1 74 1 0 281474976710656 0 0 0 562949953421312 0 0 0 844424930131968 0 0
3 1 39 1 75 1 0 1125899906842624 0 0 0 2251799813685248 0 0 0 3377699720527872 0 0
4 1 40 1 76 1 0 4503599627370496 0 0 0 9007199254740992 0 0 0 13510798882111488 0 0
5 1 41 1 77 1 0 18014398509481984 0 0 0 36028797018963968 0 0 0 54043195528445952 0 0
6 1 42 1 78 1 0 72057594037927936 0 0 0 144115188075855872 0 0 0 216172782113783808 0 0
7 1 43 1 79 1 0 288230376151711744 0 0 0 576460752303423488 0 0 0 864691128455135232 0 0
8 1 44 1 80 1 4611686018427387904 0 0 0 9223372036854775808 0 0 0 13835058055282163712 0 0 0
9 1 45 1 81 1 0 1 0 0 0 2 0 0 0 3 0 0
10 1 46 1 82 1 0 4 0 0 0 8 0 0 0 12 0 0
11 1 47 1 83 1 0 16 0 0 0 32 0 0 0 48 0 0
12 1 48 1 84 1 0 64 0 0 0 128 0 0 0 192 0 0
13 1 49 1 85 1 0 256 0 0 0 512 0 0 0 768 0 0
14 1 50 1 86 1 0 1024 0 0 0 2048 0 0 0 3072 0 0
15 1 51 1 87 1 0 4096 0 0 0 8192 0 0 0 12288 0 0
16 1 52 1 88 1 0 16384 0 0 0 32768 0 0 0 49152 0 0
17 1 53 1 89 1 0 65536 0 0 0 131072 0 0 0 196608 0 0
18 1 54 1 90 1 0 262144 0 0 0 524288 0 0 0 786432 0 0
19 1 55 1 91 1 0 1048576 0 0 0 2097152 0 0 0 3145728 0 0
20 1 56 1 92 1 0 4194304 0 0 0 8388608 0 0 0 12582912 0 0
21 1 57 1 62 1 0 16777216 0 0 0 33554432 0 0 0 50331648 0 0
22 1 58 1 63 1 0 67108864 0 0 0 134217728 0 0 0 201326592 0 0
23 1 59 1 64 1 0 268435456 0 0 0 536870912 0 0 0 805306368 0 0
24 1 60 1 65 1 0 1073741824 0 0 0 2147483648 0 0 0 3221225472 0 0
25 1 61 1 66 1 0 4294967296 0 0 0 8589934592 0 0 0 12884901888 0 0
26 1 31 1 67 1 0 17179869184 0 0 0 34359738368 0 0 0 51539607552 0 0
27 1 32 1 68 1 0 68719476736 0 0 0 137438953472 0 0 0 206158430208 0 0
28 1 33 1 69 1 0 274877906944 0 0 0 549755813888 0 0 0 824633720832 0 0
29 1 34 1 70 1 0 1099511627776 0 0 0 2199023255552 0 0 0 3298534883328 0 0
30 1 35 1 71 1 0 4398046511104 0 0 0 8796093022208 0 0 0 13194139533312 0 0
2 1 40 3 84 3 14699762931931807752 1340304674260016 4323456467111510279 2322181459542016 4899921625857654796 2323268069492752 1441152155703837193 3518441537404928 9799841873026613252 3520636232141856 2882304311407674126 1337014779641856
3 1 41 3 85 3 3458819506598576160 5361218697040067 17293825868446041116 9288725838168064 1152942429721067568 9293072277971009 5764608622815348772 14073766149619712 2305879344687349776 14082544928567426 11529217245630696504 5348059118567424
4 1 42 3 86 3 219971112140931 21444874788160268 13835071252655509616 37154903352672259 83700456882369 37172289111884036 4611690417551843472 56295064598478849 145341894623298 56330179714269704 9223380835103682784 21392236474269698
5 1 43 3 87 3 879884448563724 85779499152641072 576513541796807104 4504425334833167 334801827529476 148689156447536144 864708724952957504 9007476280131589 581367578493192 225320718857078816 288265569147339648 13511351859150858
6 1 44 3 88 3 3519537794254896 343117996610564288 2306054167187228416 18017701339332668 1339207310117904 594756625790144576 3458834899811830016 36029905120526356 2325470313972768 901282875428315264 1153062276589358592 54045407436603432
7 1 45 3 89 3 4625764169604407488 219550481835410176 9512447044900625408 13211319402736 9228728866095247424 73183493946884352 14411800351550743552 4432406249552 13844359936538054784 146366987892720128 5476940234812569600 8847632629920
8 1 46 3 90 3 56312604708078336 878201927341640705 1156300032183398400 52845277610946 21427316961886464 292733975787537410 2306969185074319360 17729624998211 37207525023564288 585467951570880515 3461016865540726784 35390530519681
9 1 47 3 91 3 14060308474114477056 54043195546021892 4625200128733593600 211381110443784 4697395286274933760 18014398543302664 9227876740297277440 70918499992844 9372202136949032960 36028797069828108 13844067462162907136 141562122078724
10 1 48 3 92 3 901001675329253376 216172782184087571 54056441224822784 845524441775137 342837071390183424 72057594173210657 18018813770006528 283673999971378 595320400377028608 144115188279312434 36037627522973696 566248488314899
11 1 49 3 62 3 3604006701317013504 864691128736350284 216225764899291136 3382097767100548 1371348285560733696 288230376692842628 72075255080026112 1134695999885512 2381281601508114432 576460753117249736 144150510091894784 2264993953259596
12 1 50 3 63 3 14416026805268054019 3458764514945401136 211931142029312 13528391068402192 5485393142242934785 1152921506771370512 70644168392704 4538783999542048 9525126406032457730 2305843012468998944 141288064155648 9059975813038384
13 1 51 3 64 3 2323874999943561228 13835058059781604547 847724568117248 54113564273608768 3494828495262187524 4611686027085482049 282576673570816 18155135998168192 1207017476710727688 9223372049875995778 565152256622592 36239903252153536
14 1 52 3 65 3 72127962919469106 17997763340 868082026727604227 281474980651264 144255925766586387 34632376580 289360682845995009 562949954744832 216383888415522849 52084879880 578721361329913858 844424932758272
15 1 53 3 66 3 288511851677876424 71991053360 3472328106910416908 1125899922605056 577023703066345548 138529506320 1157442731383980036 2251799818979328 865535553662091396 208339519520 2314885445319655432 3377699731033088
16 1 54 3 67 3 1154047406711505696 287964213440 13889312427641667632 4503599690420224 2308094812265382192 554118025280 4629770925535920144 9007199275917312 3462142214648365584 833358078080 9259541781278621728 13510798924132352
17 1 55 3 68 3 4503608418634881 1151856853760 217017489438015680 18014398761680899 9007212206752962 2216472101120 72339628434128960 36028797103669249 13510803311298627 3333432312320 144678977695383680 54043195696529410
18 1 56 3 69 3 18014433674539524 3458769121247955968 291609205448639232 1008795660 36028848827011848 1152930370495251456 577588889888227584 338821124 54043213245194508 2305856342942943232 866946286933246464 672333832
19 1 57 3 70 3 72057734698158096 13835076484991823872 1166436821794556928 4035182640 144115395308047392 4611721481981005824 2310355559552910336 1355284496 216172852980778032 9223425371771772928 3467785147732985856 2689335328
20 1 58 3 71 3 288230938792632384 73718838640640 4665747287178227715 16140730560 576461581232189568 141854214471680 9241422238211641345 5421137984 864691411923112128 213339667988480 13871140590931943426 10757341312
21 1 59 3 72 3 1152923755170529536 294875354562560 216245075003359244 64562922241 2305846324928758272 567416857886720 72200805427462148 21684551938 3458765647692448512 853358671953920 144330142599118856 43029365251
22 1 60 3 73 3 9002254730241 3459944015238791168 289171558301744 258251688964 13262860257282 1155191172038393856 572845558136848 86738207752 4535487630339 2309256443901509632 859818093051936 172117461004
23 1 61 3 74 3 36009018920964 13839776060955164672 1156686233206976 1033006755856 53051441029128 4620764688153575424 2291382232547392 346952831008 18141950521356 9237025775606038528 3439272372207744 688469844016
24 1 31 3 75 3 144036075683856 18872022692003840 4626744932827907 4132027023424 212205764116512 36314678904750080 9165528930189569 1387811324032 72567802085424 54614955005050880 13757089488830978 2753879376064
25 1 32 3 76 3 576144302735424 75488090768015360 18506979731311628 16528108093696 848823056466048 145258715619000320 36662115720758276 5551245296128 290271208341696 218459820020203520 55028357955323912 11015517504256
26 1 33 3 77 3 2304577210941696 301952363072061440 74027918925246512 66112432374784 3395292225864192 581034862476001280 146648462883033104 22204981184512 1161084833366784 873839280080814080 220113431821295648 44062070017024
27 1 34 3 78 3 4620904327271154688 1207809452288245760 7881299549274304 264449729499136 9236953205758232576 2324139449904005120 10133099228708928 88819924738048 13839702394615630848 3495357120323256320 15762598830047360 176248280068096
28 1 35 3 79 3 36873235375067136 4831237809152983041 31525198197097216 1057798917996544 54324675613827072 9296557799616020482 40532396914835712 355279698952192 18577357333868544 13981428481293025283 63050395320189440 704993120272384
29 1 36 3 80 3 147492941500268544 878207162902380548 126100792788388865 4231195671986176 217298702455308288 292743051044978696 162129587659342850 1421118795808768 74309429335474176 585481704043446284 252201581280757763 2819972481089536
30 1 37 3 81 3 14425029821283237888 1206985642395828240 216172795001843716 16924782687944704 5480880828248621056 2323893708786761760 72057598333947912 5684475183235072 9520609754196672512 3494848320780632112 144115196667895820 11279889924358144
0 1 38 3 82 3 2359887064004296704 8286707083403853891 51552239632 67699130751778816 3476779239284932608 10448496339753894017 17184079904 22737900732940288 1188950869367586816 16285236292336222402 34368159792 45119559697432576
1 1 39 3 83 3 216176219162411010 14700084259905863948 864691334664093761 54623740893331456 72058901857566723 4900497211596472836 288230444888031362 18894008893833216 144117459042959361 9800712948216234760 576460889776062659 36363050713874432
19 2 47 2 65 2 9223372040279427105 844425206956552 586602647591583938 898026123558912 13835058056426163250 281475526165260 880466921340796995 299342043545600 4611686020710138899 562950762922244 296116073562898561 598684084731904
20 2 48 2 66 2 13698605188 3377700827826210 2346410590366335752 3592104494235648 4575998152 1125902104661043 3521867685363187980 1197368174182400 9131003980 2251803051688977 1184464294251594244 2394736338927616
21 2 49 2 67 2 54794420752 13510803311304840 9385642361465343008 14368417976942592 18303992608 4503608418644172 14087470741452751920 4789472696729600 36524015920 9007212206755908 4737857177006376976 9578945355710464
22 2 50 2 68 2 219177683008 2359886222458913312 72620546138845312 57473671907770370 73215970432 3476778947495117616 144959616227217600 19157890786918403 146096063680 1188950353433870608 216454258164244544 38315781422841857
23 2 51 2 69 2 876710732032 10592466394442500224 866942936858804736 13721905517297672 292863881728 16212958799194164416 291608088757158656 4573969109745676 584384254720 8214565927556023360 577586656505266432 9147937615511556
24 2 52 2 70 2 3506842928128 5476377430350897664 3467771747435218946 54887622069190688 1171455526912 9511602975648002816 1166432355028634627 18295876438982704 2337537018880 14411519636514541824 2310346626021065729 36591750462046224
25 2 53 2 71 2 13835072082653876224 1133873498112 14735778118196011017 3377706162978944 4611690704249495552 2250566061056 4953959796266250254 1125911718002880 9223381387002851328 3315715818496 9817847256387686407 2251813772329024
26 2 54 2 72 2 56109486850048 4535493992451 3602880251655389220 13510824651915779 18743288430592 9002264244225 1369095111355449400 4503646872011521 37400592302080 13262863273986 2377900878131642396 9007255089316098
27 2 55 2 73 2 224437947400192 2305861151189663756 13835060254318133392 54043298607663116 74973153722368 3458800522877517828 4611689316966662368 18014587488046084 149602369208320 1152974556059942920 9223373136374857840 36029020357264392
28 2 56 2 74 2 897751789600768 9223444604758655024 864699924599013952 412316868659 299892614889472 13835202091510071312 288243570308809600 755914256401 598409476833280 4611898224239771680 576465150383751616 893353201698
29 2 57 2 75 2 3591007158403072 290271615516864 3458799698396055810 1649267474636 1199570459557888 576144911630400 1152974281235238403 3023657025604 2393637907333120 848823249535104 2305860601535006465 3573412806792
30 2 58 2 76 2 14364028633612288 1161086462067456 13835198793584223240 6597069898544 4798281838231552 2304579646521600 4611897124940953612 12094628102416 9574551629332480 3395292998140416 9223442406140025860 14293651227168
0 2 59 2 77 2 57456114534449152 4644345848269824 562953208238112 26388279594179 19193127352926208 9218318586086400 844426054262832 48378512409665 38298206517329920 13581171992561664 281477141000208 57174604908674
1 2 60 2 78 2 229824458137796608 18577383393079296 2251812832952448 105553118376716 76772509411704832 36873274344345600 3377704217051328 193514049638660 153192826069319680 54324687970246656 1125908564000832 228698419634696
2 2 61 2 79 2 919297832551186432 74309533572317184 9007251331809792 422212473506864 307090037646819328 147493097377382400 13510816868205312 774056198554640 612771304277278720 217298751880986624 4503634256003328 914793678538784
3 2 31 2 80 2 3677191330204745728 297238134289268736 36029005327239168 1688849894027456 1228360150587277312 589972389509529600 54043267472821248 3096224794218560 2451085217109114880 869195007523946496 18014537024013312 3659174714155136
4 2 32 2 81 2 5485393283964207107 36031032550227968 144116021308956672 6755399576109824 9525126620776497153 54046548824424448 216173069891284992 12384899176874240 14416026886863847426 18015516275245056 72058148096053248 14636698856620544
5 2 33 2 82 2 3494829062147276812 2449967139414605825 3332932403200 27021598304439296 1207018335686885380 3674950709118238722 1151110004736 49539596707496960 2323875326326734856 1224983569707827203 2216232501248 58546795426482176
6 2 34 2 83 2 144258193306943539 9799868557658423300 288243707881324544 36028799179829248 216387324320153617 14699802836472954888 576465356743442432 54043198754131968 72129268452163618 4899934278831308812 864699993385140224 18014399592144896
7 2 35 2 84 2 9800404810082549964 143074000896016 1729435583828721666 8643461120 14700607352562778180 214610942623776 3170552555428904963 12902744064 4900203092236042376 71537008836656 3747030349692272641 4330651648
8 2 36 2 85 2 2308131092911096624 572296003584066 6917742335314886664 34573844480 3462197189122457872 858443770495107 12682210221715619852 51610976256 1154068295234617888 286148035346625 14988121398769090564 17322606592
9 2 37 2 86 2 9152334789610690 2289184014336264 9224225267549995040 138295377921 13730701207667779 3433775081980428 13835352739443376176 206443905026 4587162511083649 1144592141386500 4612253373947707408 69290426371
10 2 38 2 87 2 36609339158442760 9156736057345056 3412922780876928 553181511686 54922804830671116 13735100327921712 1178736644849856 825775620107 18348650044334596 4578368565546000 2269422081278016 277161705485
11 2 39 2 88 2 146437356633771040 36626944229380224 13651691123507712 2212726046744 219691219322684464 54940401311686848 4714946579399424 3303102480428 73394600177338384 18313474262184000 9077688325112064 1108646821940
12 2 40 2 89 2 585749426535084160 146507776917520896 54606764494030848 8850904186976 878764877290737856 219761605246747392 18859786317597696 13212409921712 293578400709353536 73253897048736000 36310753300448256 4434587287760
13 2 41 2 90 2 2342997706140336640 586031107670083584 218427057976123392 35403616747904 3515059509162951424 879046420986989568 75439145270390784 52849639686848 1174313602837414144 293015588194944000 145243013201793024 17738349151040
14 2 42 2 91 2 9371990824561346562 3497045935287181312 9017103449358336 141614466991616 14060238036651805699 1210342674734264320 13526204929851392 211398558747392 4697254411349656577 2324983857386622976 4511300503748608 70953396604160
15 2 43 2 92 2 594475150826283016 13988183741148725250 36068413797433344 566457867966464 900719925478567948 4841370698937057283 54104819719405568 845594234989568 342273571689074692 9299935429546491905 18045202014994432 283813586416640
16 2 44 2 62 2 2377900603305132064 612502743466246152 144273655189733379 2265831471865856 3602879701914271792 918738722038677516 216419278877622273 3382376939958272 1369094286756298768 306253570766864388 72180808059977730 1135254345666560
17 2 45 2 63 2 9511602413220528258 2450010973864984608 633868455510028 9063325887463424 14411518807657087171 3674954888154710064 985987055353860 13529507759833088 5476377147025195073 1225014283067457552 492856088199176 4541017382666240
18 2 46 2 64 2 1152921505463009800 9800043895459938434 2535473822040112 36253303549853696 2305843009499693836 14699819552618840259 3943948221415440 54118031039332352 3458764514391228676 4900057132269830209 1971424352796704 18164069530664960
20 1 39 1 91 1 0 0 4398046511104 0 0 0 8796093022208 0 0 0 13194139533312 0
21 1 40 1 92 1 0 0 17592186044416 0 0 0 35184372088832 0 0 0 52776558133248 0
22 1 41 1 62 1 0 0 70368744177664 0 0 0 140737488355328 0 0 0 211106232532992 0
23 1 42 1 63 1 0 0 281474976710656 0 0 0 562949953421312 0 0 0 844424930131968 0
24 1 43 1 64 1 0 0 1125899906842624 0 0 0 2251799813685248 0 0 0 3377699720527872 0
25 1 44 1 65 1 0 0 4503599627370496 0 0 0 9007199254740992 0 0 0 13510798882111488 0
26 1 45 1 66 1 0 0 18014398509481984 0 0 0 36028797018963968 0 0 0 54043195528445952 0
27 1 46 1 67 1 0 0 72057594037927936 0 0 0 144115188075855872 0 0 0 216172782113783808 0
28 1 47 1 68 1 0 1152921504606846976 0 0 0 2305843009213693952 0 0 0 3458764513820540928 0 0
29 1 48 1 69 1 0 4611686018427387904 0 0 0 9223372036854775808 0 0 0 13835058055282163712 0 0
30 1 49 1 70 1 0 0 1 0 0 0 2 0 0 0 3 0
0 1 50 1 71 1 0 0 4 0 0 0 8 0 0 0 12 0
1 1 51 1 72 1 0 0 16 0 0 0 32 0 0 0 48 0
2 1 52 1 73 1 0 0 64 0 0 0 128 0 0 0 192 0
3 1 53 1 74 1 0 0 256 0 0 0 512 0 0 0 768 0
4 1 54 1 75 1 0 0 1024 0 0 0 2048 0 0 0 3072 0
5 1 55 1 76 1 0 0 4096 0 0 0 8192 0 0 0 12288 0
6 1 56 1 77 1 0 0 16384 0 0 0 32768 0 0 0 49152 0
7 1 57 1 78 1 0 0 65536 0 0 0 131072 0 0 0 196608 0
8 1 58 1 79 1 0 0 262144 0 0 0 524288 0 0 0 786432 0
9 1 59 1 80 1 0 0 1048576 0 0 0 2097152 0 0 0 3145728 0
10 1 60 1 81 1 0 0 4194304 0 0 0 8388608 0 0 0 12582912 0
11 1 61 1 82 1 0 0 16777216 0 0 0 33554432 0 0 0 50331648 0
12 1 31 1 83 1 0 0 67108864 0 0 0 134217728 0 0 0 201326592 0
13 1 32 1 84 1 0 0 268435456 0 0 0 536870912 0 0 0 805306368 0
14 1 33 1 85 1 0 0 1073741824 0 0 0 2147483648 0 0 0 3221225472 0
15 1 34 1 86 1 0 0 4294967296 0 0 0 8589934592 0 0 0 12884901888 0
16 1 35 1 87 1 0 0 17179869184 0 0 0 34359738368 0 0 0 51539607552 0
17 1 36 1 88 1 0 0 68719476736 0 0 0 137438953472 0 0 0 206158430208 0
18 1 37 1 89 1 0 0 274877906944 0 0 0 549755813888 0 0 0 824633720832 0
19 1 38 1 90 1 0 0 1099511627776 0 0 0 2199023255552 0 0 0 3298534883328 0
2 1 36 1 81 3 0 0 0 1099511627776 0 0 0 2199023255552 0 0 0 3298534883328
3 1 37 1 82 3 0 0 0 4398046511104 0 0 0 8796093022208 0 0 0 13194139533312
4 1 38 1 83 3 0 0 0 17592186044416 0 0 0 35184372088832 0 0 0 52776558133248
5 1 39 1 84 3 0 0 0 70368744177664 0 0 0 140737488355328 0 0 0 211106232532992
6 1 40 1 85 3 0 0 0 281474976710656 0 0 0 562949953421312 0 0 0 844424930131968
7 1 41 1 86 3 0 0 0 1125899906842624 0 0 0 2251799813685248 0 0 0 3377699720527872
8 1 42 1 87 3 0 0 0 4503599627370496 0 0 0 9007199254740992 0 0 0 13510798882111488
9 1 43 1 88 3 0 0 0 18014398509481984 0 0 0 36028797018963968 0 0 0 54043195528445952
10 1 44 1 89 3 0 0 288230376151711744 0 0 0 576460752303423488 0 0 0 864691128455135232 0
11 1 45 1 90 3 0 0 1152921504606846976 0 0 0 2305843009213693952 0 0 0 3458764513820540928 0
12 1 46 1 91 3 0 0 4611686018427387904 0 0 0 9223372036854775808 0 0 0 13835058055282163712 0
13 1 47 1 92 3 0 0 0 1 0 0 0 2 0 0 0 3
14 1 48 1 62 3 0 0 0 4 0 0 0 8 0 0 0 12
15 1 49 1 63 3 0 0 0 16 0 0 0 32 0 0 0 48
16 1 50 1 64 3 0 0 0 64 0 0 0 128 0 0 0 192
17 1 51 1 65 3 0 0 0 256 0 0 0 512 0 0 0 768
18 1 52 1 66 3 0 0 0 1024 0 0 0 2048 0 0 0 3072
19 1 53 1 67 3 0 0 0 4096 0 0 0 8192 0 0 0 12288
20 1 54 1 68 3 0 0 0 16384 0 0 0 32768 0 0 0 49152
21 1 55 1 69 3 0 0 0 65536 0 0 0 131072 0 0 0 196608
22 1 56 1 70 3 0 0 0 262144 0 0 0 524288 0 0 0 786432
23 1 57 1 71 3 0 0 0 1048576 0 0 0 2097152 0 0 0 3145728
24 1 58 1 72 3 0 0 0 4194304 0 0 0 8388608 0 0 0 12582912
25 1 59 1 73 3 0 0 0 16777216 0 0 0 33554432 0 0 0 50331648
26 1 60 1 74 3 0 0 0 67108864 0 0 0 134217728 0 0 0 201326592
27 1 61 1 75 3 0 0 0 268435456 0 0 0 536870912 0 0 0 805306368
28 1 31 1 76 3 0 0 0 1073741824 0 0 0 2147483648 0 0 0 3221225472
29 1 32 1 77 3 0 0 0 4294967296 0 0 0 8589934592 0 0 0 12884901888
30 1 33 1 78 3 0 0 0 17179869184 0 0 0 34359738368 0 0 0 51539607552
0 1 34 1 79 3 0 0 0 68719476736 0 0 0 137438953472 0 0 0 206158430208
1 1 35 1 80 3 0 0 0 274877906944 0 0 0 549755813888 0 0 0 824633720832
