160 60 2 20
0 1 20 2 40 3 3170903625136472336 16 3747733779008127520 32 1730490599053787952 48
1 1 21 2 41 3 12683614500545889344 64 14990935116032510080 128 6921962396215151808 192
2 1 22 2 42 3 13840969854764454144 258 4623508243001385472 515 9241105511151055616 769
3 1 23 2 43 3 23643899394278403 1035 47287798784362497 2061 70931698161863682 3078
4 1 24 2 44 3 94575597577113612 4140 189151195137449988 8244 283726792647454728 12312
5 1 25 2 45 3 378302390308454448 16560 756604780549799952 32976 1134907170589818912 49248
6 1 26 2 46 3 1513210660745445568 704 3026421321222455360 832 4539631980894158976 384
7 1 27 2 47 3 6052842642981782272 2816 12105685284889821440 3328 18158527923576635904 1536
8 1 28 2 48 3 5764625398705949697 11265 11529250793116926978 13314 17293876174643005443 6147
9 1 29 2 49 3 4611756421602619397 45061 9223512826025349130 53258 13835269178908483599 24591
10 1 30 2 50 3 283811724181524 49173 566455217176616 16426 845594016907324 32831
11 1 31 2 51 3 1138545431609424 84 2266920380334240 168 3384575090884848 252
12 1 32 2 52 3 4551982703182146 336 9064382986453635 672 13537200851911617 1008
13 1 33 2 53 3 18207930812728584 1344 36257531945814540 2688 54148803407646468 4032
14 1 34 2 54 3 72831723250914336 5376 145030127783258160 10752 216595213630585872 16128
15 1 35 2 55 3 291326893003657344 21504 580120511133032640 43008 866380854522343488 64512
16 1 36 2 56 3 1165307572014629377 20480 2320482044532130562 40960 3465523418089373955 61440
17 1 37 2 57 3 4661231387570145284 16384 9281930377151777800 32768 13862096970892379148 49152
18 1 38 2 58 3 198181476571029521 1 234233361188007970 2 108155662440861747 3
19 1 39 2 59 3 792725906284118084 4 936933444752031880 8 432622649763446988 12
9 3 38 1 41 1 4038040050706940416 304 2021834810008273664 528 2595480778336895232 800
10 3 39 1 42 1 16152160202827761664 1216 8087339240033094656 2112 10381923113347580928 3200
11 3 20 1 43 1 9268408590182391808 4867 13902612886422827008 8449 4634204305971220480 12802
12 3 21 1 44 1 180144014287208450 19470 270216026027769859 33799 90072050663702529 51209
13 3 22 1 45 1 720577156660461576 12344 1080866303134334988 4124 360291501189693444 8228
14 3 23 1 46 1 2882308626641846304 49376 4323465212537339952 16496 1441166004758773776 32912
15 3 24 1 47 1 11529236705590640769 896 17293859750637732034 448 5764662919523467331 576
16 3 25 1 48 1 9223456475920204294 3586 13835203482887389963 1795 4611906504872689933 2305
17 3 26 1 49 1 334457726830619 14346 580610909277229 7183 879746757952566 9221
18 3 27 1 50 1 1337830907322476 57384 2322443637108916 28732 3518987031810264 36884
19 3 28 1 51 1 5351323629289907 32928 9289774548435665 49392 14075948127241058 16464
0 3 29 1 52 1 21407493540415180 640 37162396728625988 960 56304892020592008 320
1 3 30 1 53 1 85629974161660720 2560 148649586914503952 3840 225219568082368032 1280
2 3 31 1 54 1 342519896646642880 10240 594598347658015808 15360 900878272329472128 5120
3 3 32 1 55 1 1370079586586571520 40960 2378393390632063232 61440 3603513089317888512 20480
4 3 33 1 56 1 5480320545369541632 32768 9513576861063136256 49152 14414053456783181824 16384
5 3 34 1 57 1 3474538107768614914 1 1160819296833441795 2 2315981606004072449 3
6 3 35 1 58 1 13898152431074459656 4 4643277187333767180 8 9263926424016289796 12
7 3 36 1 59 1 252377503169183776 19 126364675625517104 33 162217548646055952 50
8 3 37 1 40 1 1009510012676735104 76 505458702502068416 132 648870194584223808 200
18 2 23 1 57 1 3460877776050127618 768 1155669184579961091 256 2309855127885971969 512
19 2 24 1 58 1 13843511104200510472 3072 4622676738319844364 1024 9239420511543887876 2048
0 2 25 1 59 1 33812195673387040 12291 43962879569825840 4097 64193898756448272 8194
1 2 26 1 40 1 135248782693548160 49164 175851518279303360 16388 256775595025793088 32776
2 2 27 1 41 1 540998429309075968 48 703407172628841216 16 1027104579126427904 32
3 2 28 1 42 1 2163993717236303872 192 2813628690515364864 64 4108418316505711616 128
4 2 29 1 43 1 8655971570410332163 768 11254513662549831681 256 16433671066999590914 512
5 2 30 1 44 1 16177141108420149261 3073 8124564303756967942 1026 10394448748334825483 2051
6 2 31 1 45 1 9368332212551942196 12295 14051513141318320152 4105 4684306845920198700 8206
7 2 32 1 46 1 579838503765410002 49182 865817045609742435 16423 290482210459615409 32825
8 2 33 1 47 1 2319357313596523336 120 3463269281950597516 156 1161931040861717188 228
9 2 34 1 48 1 9277429254386093344 480 13853077127802390064 624 4647724163446868752 912
10 2 35 1 49 1 216225571590386819 1922 72075190569277633 2499 144150381054667842 3649
11 2 36 1 50 1 864902286361547276 7688 288300762277110532 9996 576601524218671368 14596
12 2 37 1 51 1 3459609145446189104 30752 1153203049108442128 39984 2306406096874685472 58384
13 2 38 1 52 1 13838437681296384192 57472 4612814395457024064 28864 9225627686033625216 36928
14 2 39 1 53 1 13518504056881923 33283 4513508118544641 49921 9022596715397634 16642
15 2 20 1 54 1 54076215250783244 2060 18057331009061892 3076 36091486373218312 1032
16 2 21 1 55 1 216304861003132976 8240 72229324036247568 12304 144365945492873248 4128
17 2 22 1 56 1 865219444012531904 32960 288917296144990272 49216 577463781971492992 16512
17 1 25 3 53 2 1048593 0 2097186 0 3145779 0
18 1 26 3 54 2 4194372 0 8388744 0 12583116 0
19 1 27 3 55 2 16777488 0 33554976 0 50332464 0
0 1 28 3 56 2 67109952 0 134219904 0 201329856 0
1 1 29 3 57 2 268439808 0 536879616 0 805319424 0
2 1 30 3 58 2 1073759232 0 2147518464 0 3221277696 0
3 1 31 3 59 2 4295036928 0 8590073856 0 12885110784 0
4 1 32 3 40 2 17180147712 0 34360295424 0 51540443136 0
5 1 33 3 41 2 68720590848 0 137441181696 0 206161772544 0
6 1 34 3 42 2 274882363392 0 549764726784 0 824647090176 0
7 1 35 3 43 2 17825793 0 35651586 0 53477379 0
8 1 36 3 44 2 71303172 0 142606344 0 213909516 0
9 1 37 3 45 2 285212688 0 570425376 0 855638064 0
10 1 38 3 46 2 1140850752 0 2281701504 0 3422552256 0
11 1 39 3 47 2 4563403008 0 9126806016 0 13690209024 0
12 1 20 3 48 2 18253612032 0 36507224064 0 54760836096 0
13 1 21 3 49 2 73014448128 0 146028896256 0 219043344384 0
14 1 22 3 50 2 292057792512 0 584115585024 0 876173377536 0
15 1 23 3 51 2 68719542273 0 137439084546 0 206158626819 0
16 1 24 3 52 2 274878169092 0 549756338184 0 824634507276 0
18 3 20 1 53 1 0 0 0 0 0 0
19 3 21 1 54 1 0 0 0 0 0 0
0 3 22 1 55 1 0 0 0 0 0 0
1 3 23 1 56 1 0 0 0 0 0 0
2 3 24 1 57 1 0 0 0 0 0 0
3 3 25 1 58 1 0 0 0 0 0 0
4 3 26 1 59 1 0 0 0 0 0 0
5 3 27 1 40 1 0 0 0 0 0 0
6 3 28 1 41 1 0 0 0 0 0 0
7 3 29 1 42 1 0 0 0 0 0 0
8 3 30 1 43 1 0 0 0 0 0 0
9 3 31 1 44 1 0 0 0 0 0 0
10 3 32 1 45 1 0 0 0 0 0 0
11 3 33 1 46 1 0 0 0 0 0 0
12 3 34 1 47 1 0 0 0 0 0 0
13 3 35 1 48 1 0 0 0 0 0 0
14 3 36 1 49 1 0 0 0 0 0 0
15 3 37 1 50 1 0 0 0 0 0 0
16 3 38 1 51 1 0 0 0 0 0 0
17 3 39 1 52 1 0 0 0 0 0 0
0 1 38 2 57 3 0 0 0 0 0 0
1 1 39 2 58 3 0 0 0 0 0 0
2 1 20 2 59 3 0 0 0 0 0 0
3 1 21 2 40 3 0 0 0 0 0 0
4 1 22 2 41 3 0 0 0 0 0 0
5 1 23 2 42 3 0 0 0 0 0 0
6 1 24 2 43 3 0 0 0 0 0 0
7 1 25 2 44 3 0 0 0 0 0 0
8 1 26 2 45 3 0 0 0 0 0 0
9 1 27 2 46 3 0 0 0 0 0 0
10 1 28 2 47 3 0 0 0 0 0 0
11 1 29 2 48 3 0 0 0 0 0 0
12 1 30 2 49 3 0 0 0 0 0 0
13 1 31 2 50 3 0 0 0 0 0 0
14 1 32 2 51 3 0 0 0 0 0 0
15 1 33 2 52 3 0 0 0 0 0 0
16 1 34 2 53 3 0 0 0 0 0 0
17 1 35 2 54 3 0 0 0 0 0 0
18 1 36 2 55 3 0 0 0 0 0 0
19 1 37 2 56 3 0 0 0 0 0 0
17 1 23 3 41 2 1152940196304519168 0 2305880392609038336 0 3458820588913557504 0
18 1 24 3 42 2 4611760785218076672 0 9223521570436153344 0 13835282355654230016 0
19 1 25 3 43 2 299067162755072 1 598134325510144 2 897201488265216 3
0 1 26 3 44 2 1196268651020288 4 2392537302040576 8 3588805953060864 12
1 1 27 3 45 2 4785074604081152 16 9570149208162304 32 14355223812243456 48
2 1 28 3 46 2 19140298416324608 64 38280596832649216 128 57420895248973824 192
3 1 29 3 47 2 76561193665298432 256 153122387330596864 512 229683580995895296 768
4 1 30 3 48 2 306244774661193728 1024 612489549322387456 2048 918734323983581184 3072
5 1 31 3 49 2 1224979098644774912 4096 2449958197289549824 8192 3674937295934324736 12288
6 1 32 3 50 2 4899916394579099648 16384 9799832789158199296 32768 14699749183737298944 49152
7 1 33 3 51 2 1152922604118474752 1 2305845208236949504 2 3458767812355424256 3
8 1 34 3 52 2 4611690416473899008 4 9223380832947798016 8 13835071249421697024 12
9 1 35 3 53 2 17592186044416 17 35184372088832 34 52776558133248 51
10 1 36 3 54 2 70368744177664 68 140737488355328 136 211106232532992 204
11 1 37 3 55 2 281474976710656 272 562949953421312 544 844424930131968 816
12 1 38 3 56 2 1125899906842624 1088 2251799813685248 2176 3377699720527872 3264
13 1 39 3 57 2 4503599627370496 4352 9007199254740992 8704 13510798882111488 13056
14 1 20 3 58 2 18014398509481984 17408 36028797018963968 34816 54043195528445952 52224
15 1 21 3 59 2 72058693549555712 4096 144117387099111424 8192 216176080648667136 12288
16 1 22 3 40 2 288234774198222848 16384 576469548396445696 32768 864704322594668544 49152
9 2 25 1 40 1 0 0 0 0 0 0
10 2 26 1 41 1 0 0 0 0 0 0
11 2 27 1 42 1 0 0 0 0 0 0
12 2 28 1 43 1 0 0 0 0 0 0
13 2 29 1 44 1 0 0 0 0 0 0
14 2 30 1 45 1 0 0 0 0 0 0
15 2 31 1 46 1 0 0 0 0 0 0
16 2 32 1 47 1 0 0 0 0 0 0
17 2 33 1 48 1 0 0 0 0 0 0
18 2 34 1 49 1 0 0 0 0 0 0
19 2 35 1 50 1 0 0 0 0 0 0
0 2 36 1 51 1 0 0 0 0 0 0
1 2 37 1 52 1 0 0 0 0 0 0
2 2 38 1 53 1 0 0 0 0 0 0
3 2 39 1 54 1 0 0 0 0 0 0
4 2 20 1 55 1 0 0 0 0 0 0
5 2 21 1 56 1 0 0 0 0 0 0
6 2 22 1 57 1 0 0 0 0 0 0
7 2 23 1 58 1 0 0 0 0 0 0
8 2 24 1 59 1 0 0 0 0 0 0
