120 320
8 1 40 80 120 160 200 240 280
9 0 1 41 81 121 161 201 241 281
8 3 42 82 122 162 202 242 282
9 2 3 43 83 123 163 203 243 283
8 5 44 84 124 164 204 244 284
9 4 5 45 85 125 165 205 245 285
8 7 46 86 126 166 206 246 286
9 6 7 47 87 127 167 207 247 287
8 9 48 88 128 168 208 248 288
9 8 9 49 89 129 169 209 249 289
8 11 50 90 130 170 210 250 290
9 10 11 51 91 131 171 211 251 291
8 13 52 92 132 172 212 252 292
9 12 13 53 93 133 173 213 253 293
8 15 54 94 134 174 214 254 294
9 14 15 55 95 135 175 215 255 295
8 17 56 96 136 176 216 256 296
9 16 17 57 97 137 177 217 257 297
8 19 58 98 138 178 218 258 298
9 18 19 59 99 139 179 219 259 299
8 21 60 100 140 180 220 260 300
9 20 21 61 101 141 181 221 261 301
8 23 62 102 142 182 222 262 302
9 22 23 63 103 143 183 223 263 303
8 25 64 104 144 184 224 264 304
9 24 25 65 105 145 185 225 265 305
8 27 66 106 146 186 226 266 306
9 26 27 67 107 147 187 227 267 307
8 29 68 108 148 188 228 268 308
9 28 29 69 109 149 189 229 269 309
8 31 70 110 150 190 230 270 310
9 30 31 71 111 151 191 231 271 311
8 33 72 112 152 192 232 272 312
9 32 33 73 113 153 193 233 273 313
8 35 74 114 154 194 234 274 314
9 34 35 75 115 155 195 235 275 315
8 37 76 116 156 196 236 276 316
9 36 37 77 117 157 197 237 277 317
8 39 78 118 158 198 238 278 318
9 38 39 79 119 159 199 239 279 319
8 0 51 84 140 198 236 256 304
9 1 50 51 85 141 199 237 257 305
8 2 53 86 142 160 238 258 306
9 3 52 53 87 143 161 239 259 307
8 4 55 88 144 162 200 260 308
9 5 54 55 89 145 163 201 261 309
8 6 57 90 146 164 202 262 310
9 7 56 57 91 147 165 203 263 311
8 8 59 92 148 166 204 264 312
9 9 58 59 93 149 167 205 265 313
8 10 61 94 150 168 206 266 314
9 11 60 61 95 151 169 207 267 315
8 12 63 96 152 170 208 268 316
9 13 62 63 97 153 171 209 269 317
8 14 65 98 154 172 210 270 318
9 15 64 65 99 155 173 211 271 319
8 16 67 100 156 174 212 272 280
9 17 66 67 101 157 175 213 273 281
8 18 69 102 158 176 214 274 282
9 19 68 69 103 159 177 215 275 283
8 20 71 104 120 178 216 276 284
9 21 70 71 105 121 179 217 277 285
8 22 73 106 122 180 218 278 286
9 23 72 73 107 123 181 219 279 287
8 24 75 108 124 182 220 240 288
9 25 74 75 109 125 183 221 241 289
8 26 77 110 126 184 222 242 290
9 27 76 77 111 127 185 223 243 291
8 28 79 112 128 186 224 244 292
9 29 78 79 113 129 187 225 245 293
8 30 41 114 130 188 226 246 294
9 31 40 41 115 131 189 227 247 295
8 32 43 116 132 190 228 248 296
9 33 42 43 117 133 191 229 249 297
8 34 45 118 134 192 230 250 298
9 35 44 45 119 135 193 231 251 299
8 36 47 80 136 194 232 252 300
9 37 46 47 81 137 195 233 253 301
8 38 49 82 138 196 234 254 302
9 39 48 49 83 139 197 235 255 303
8 0 70 115 144 182 214 272 300
9 1 71 114 115 145 183 215 273 301
8 2 72 117 146 184 216 274 302
9 3 73 116 117 147 185 217 275 303
8 4 74 119 148 186 218 276 304
9 5 75 118 119 149 187 219 277 305
8 6 76 81 150 188 220 278 306
9 7 77 80 81 151 189 221 279 307
8 8 78 83 152 190 222 240 308
9 9 79 82 83 153 191 223 241 309
8 10 40 85 154 192 224 242 310
9 11 41 84 85 155 193 225 243 311
8 12 42 87 156 194 226 244 312
9 13 43 86 87 157 195 227 245 313
8 14 44 89 158 196 228 246 314
9 15 45 88 89 159 197 229 247 315
8 16 46 91 120 198 230 248 316
9 17 47 90 91 121 199 231 249 317
8 18 48 93 122 160 232 250 318
9 19 49 92 93 123 161 233 251 319
8 20 50 95 124 162 234 252 280
9 21 51 94 95 125 163 235 253 281
8 22 52 97 126 164 236 254 282
9 23 53 96 97 127 165 237 255 283
8 24 54 99 128 166 238 256 284
9 25 55 98 99 129 167 239 257 285
8 26 56 101 130 168 200 258 286
9 27 57 100 101 131 169 201 259 287
8 28 58 103 132 170 202 260 288
9 29 59 102 103 133 171 203 261 289
8 30 60 105 134 172 204 262 290
9 31 61 104 105 135 173 205 263 291
8 32 62 107 136 174 206 264 292
9 33 63 106 107 137 175 207 265 293
8 34 64 109 138 176 208 266 294
9 35 65 108 109 139 177 209 267 295
8 36 66 111 140 178 210 268 296
9 37 67 110 111 141 179 211 269 297
8 38 68 113 142 180 212 270 298
9 39 69 112 113 143 181 213 271 299
