160 60 80 20
0 2 20 1 40 1
1 2 21 1 41 1
2 2 22 1 42 1
3 2 23 1 43 1
4 2 24 1 44 1
5 2 25 1 45 1
6 2 26 1 46 1
7 2 27 1 47 1
8 2 28 1 48 1
9 2 29 1 49 1
10 2 30 1 50 1
11 2 31 1 51 1
12 2 32 1 52 1
13 2 33 1 53 1
14 2 34 1 54 1
15 2 35 1 55 1
16 2 36 1 56 1
17 2 37 1 57 1
18 2 38 1 58 1
19 2 39 1 59 1
0 1 35 2 45 1
1 1 36 2 46 1
2 1 37 2 47 1
3 1 38 2 48 1
4 1 39 2 49 1
5 1 20 2 50 1
6 1 21 2 51 1
7 1 22 2 52 1
8 1 23 2 53 1
9 1 24 2 54 1
10 1 25 2 55 1
11 1 26 2 56 1
12 1 27 2 57 1
13 1 28 2 58 1
14 1 29 2 59 1
15 1 30 2 40 1
16 1 31 2 41 1
17 1 32 2 42 1
18 1 33 2 43 1
19 1 34 2 44 1
0 1 38 1 43 2
1 1 39 1 44 2
2 1 20 1 45 2
3 1 21 1 46 2
4 1 22 1 47 2
5 1 23 1 48 2
6 1 24 1 49 2
7 1 25 1 50 2
8 1 26 1 51 2
9 1 27 1 52 2
10 1 28 1 53 2
11 1 29 1 54 2
12 1 30 1 55 2
13 1 31 1 56 2
14 1 32 1 57 2
15 1 33 1 58 2
16 1 34 1 59 2
17 1 35 1 40 2
18 1 36 1 41 2
19 1 37 1 42 2
0 1 30 1 48 1
1 1 31 1 49 1
2 1 32 1 50 1
3 1 33 1 51 1
4 1 34 1 52 1
5 1 35 1 53 1
6 1 36 1 54 1
7 1 37 1 55 1
8 1 38 1 56 1
9 1 39 1 57 1
10 1 20 1 58 1
11 1 21 1 59 1
12 1 22 1 40 1
13 1 23 1 41 1
14 1 24 1 42 1
15 1 25 1 43 1
16 1 26 1 44 1
17 1 27 1 45 1
18 1 28 1 46 1
19 1 29 1 47 1
0 1 21 1 49 1
1 1 22 1 50 1
2 1 23 1 51 1
3 1 24 1 52 1
4 1 25 1 53 1
5 1 26 1 54 1
6 1 27 1 55 1
7 1 28 1 56 1
8 1 29 1 57 1
9 1 30 1 58 1
10 1 31 1 59 1
11 1 32 1 40 1
12 1 33 1 41 1
13 1 34 1 42 1
14 1 35 1 43 1
15 1 36 1 44 1
16 1 37 1 45 1
17 1 38 1 46 1
18 1 39 1 47 1
19 1 20 1 48 1
0 1 22 1 53 1
1 1 23 1 54 1
2 1 24 1 55 1
3 1 25 1 56 1
4 1 26 1 57 1
5 1 27 1 58 1
6 1 28 1 59 1
7 1 29 1 40 1
8 1 30 1 41 1
9 1 31 1 42 1
10 1 32 1 43 1
11 1 33 1 44 1
12 1 34 1 45 1
13 1 35 1 46 1
14 1 36 1 47 1
15 1 37 1 48 1
16 1 38 1 49 1
17 1 39 1 50 1
18 1 20 1 51 1
19 1 21 1 52 1
0 1 32 1 44 1
1 1 33 1 45 1
2 1 34 1 46 1
3 1 35 1 47 1
4 1 36 1 48 1
5 1 37 1 49 1
6 1 38 1 50 1
7 1 39 1 51 1
8 1 20 1 52 1
9 1 21 1 53 1
10 1 22 1 54 1
11 1 23 1 55 1
12 1 24 1 56 1
13 1 25 1 57 1
14 1 26 1 58 1
15 1 27 1 59 1
16 1 28 1 40 1
17 1 29 1 41 1
18 1 30 1 42 1
19 1 31 1 43 1
0 1 28 1 50 1
1 1 29 1 51 1
2 1 30 1 52 1
3 1 31 1 53 1
4 1 32 1 54 1
5 1 33 1 55 1
6 1 34 1 56 1
7 1 35 1 57 1
8 1 36 1 58 1
9 1 37 1 59 1
10 1 38 1 40 1
11 1 39 1 41 1
12 1 20 1 42 1
13 1 21 1 43 1
14 1 22 1 44 1
15 1 23 1 45 1
16 1 24 1 46 1
17 1 25 1 47 1
18 1 26 1 48 1
19 1 27 1 49 1
0 0
0 0
0 0
0 0
0 0
0 0
0 0
0 0
0 0
0 0
0 0
0 0
0 0
0 0
0 0
0 0
0 0
0 0
0 0
0 0
0 0
0 0
0 0
0 0
0 0
0 0
0 0
0 0
0 0
0 0
0 0
0 0
0 0
0 0
0 0
0 0
0 0
0 0
0 0
0 0
0 0
0 0
0 0
0 0
0 0
0 0
0 0
0 0
0 0
0 0
0 0
0 0
0 0
0 0
0 0
0 0
0 0
0 0
0 0
0 0
0 0
0 0
0 0
0 0
0 0
0 0
0 0
0 0
0 0
0 0
0 0
0 0
0 0
0 0
0 0
0 0
0 0
0 0
0 0
0 0
0 0
0 0
0 0
0 0
0 0
0 0
0 0
0 0
0 0
0 0
0 0
0 0
0 0
0 0
0 0
0 0
0 0
0 0
0 0
0 0
0 0
0 0
0 0
0 0
0 0
0 0
0 0
0 0
0 0
0 0
0 0
0 0
0 0
0 0
0 0
0 0
0 0
0 0
0 0
0 0
0 0
0 0
0 0
0 0
0 0
0 0
0 0
0 0
0 0
0 0
0 0
0 0
0 0
0 0
0 0
0 0
0 0
0 0
0 0
0 0
0 0
0 0
0 0
0 0
0 0
0 0
0 0
0 0
0 0
0 0
0 0
0 0
0 0
0 0
0 0
0 0
0 0
0 0
0 0
0 0
0 0
0 0
0 0
0 0
0 0
0 0
0 0
0 0
0 0
0 0
0 0
0 0
0 0
0 0
0 0
0 0
0 0
0 0
0 0
0 0
134348928 0
137438953600 0
137573302272 0
268697856 0
274877907200 0
275146604544 0
537395712 0
549755814400 0
550293209088 0
1073742849 0
1049600 0
1074790401 0
2147485698 0
2099200 0
2149580802 0
4294971396 0
4198400 0
4299161604 0
8589942792 0
8396800 0
8598323208 0
17179885584 0
16793600 0
17196646416 0
34359771168 0
33587200 0
34393292832 0
68719542336 0
67174400 0
68786585664 0
137439084672 0
134348800 0
137573171328 0
274878169344 0
268697600 0
275146342656 0
549756338688 0
537395200 0
550292685312 0
1049601 0
1073741825 0
1074791424 0
2099202 0
2147483650 0
2149582848 0
4198404 0
4294967300 0
4299165696 0
8396808 0
8589934600 0
8598331392 0
16793616 0
17179869200 0
17196662784 0
33587232 0
34359738400 0
34393325568 0
67174464 0
68719476800 0
68786651136 0
360298965316665674 4096
11601272915319848970 16384
11817456692560658752 20480
720597930633331348 8192
4755801756930146324 32769
5188169311411765888 40961
288275456170394921 16384
10664523918956560424 2
10376338622823531777 16386
576550912340789842 32768
2882303764203569232 5
2305933171937511938 32773
1153102924193207460 0
4611687123311919264 10
5764787848481870852 10
2306205848386414920 0
9223374246623838528 20
11529575696963741704 20
4612411696772829840 0
4419538125440 41
4612407320217931792 41
9224823393545659680 0
8839076250880 82
9224814640435863584 82
2902713381767744 1
17678152501760 164
2885207162175552 165
5805426763535488 2
35356305003520 328
5770414324351104 330
11610853527070976 4
70712610007040 656
11540828648702208 660
23221707054141952 8
141425220014080 1312
23081657297404416 1320
46443414107235329 16
281750929448960 2624
46162215083181057 2640
92886828214470658 32
563501858897920 5248
92324430166362114 5280
185773656427892741 64
1125904207216640 10496
184647760821096453 10560
371547312855785482 128
2251808414433280 20992
369295521642192906 21120
743094625711570964 256
4503616828866560 41984
738591043284385812 42240
333267746816294953 512
1161928738263531521 18432
1477182086569820200 18944
666535493632589906 1024
2323857476527063042 36864
2954364173139640400 37888
180149482658332837 2048
5800636457659924485 8192
5908728346280329376 10240
10413624195043852417 64
10377429337276187040 2058
36214648979063073 2122
2380504316378153218 129
2308114600842822464 4117
72429297958126146 4244
4761008632756306436 258
4616229201685644928 8234
144858595916252292 8488
9522017265512612872 516
9232458403371289856 16468
289717191832504584 16976
597290457315674128 1033
18172733033028096 32937
579434383665009168 33952
41659410024501281 2066
1189266970671854593 338
1158868767331066912 2368
83318820049002562 4132
2378533941343709186 676
2317737534662133824 4736
166637640098005124 8264
4757067882687418372 1352
4635475069324267648 9472
333275280196010248 16528
9514135765374836744 2704
9270950138648535296 18944
666550560392020496 33056
581527457040121872 5409
95156203587518976 37889
1333102220295668768 576
10134508985024544 10818
1343233911781884928 10242
2666204440591337536 1152
20269017970049088 21636
2686467823563769856 20484
5332407781672095872 2304
40536936428470401 43272
5372935647126491137 40968
9511894058737344769 4608
1233995377462739203 21008
10745871294254030850 16400
577044043765137922 9217
2467990754925478406 42016
3044998514798510084 32801
1166582924477444 18434
6088901914946176013 18496
6089998129107599369 66
2333165848954888 36868
12177803829892352026 36992
12179996258215198738 132
1157587836304756752 8200
5908864685586780212 8449
4760328037625626660 265
2315175672609513504 16400
11817729371173560424 16898
9520656075251253320 530
4630351345219027008 32800
5188714668637569232 33797
594568076792955024 1061
149182979041263780 8456
1301681583882899588 40
1153626978927513632 8480
298365958081478985 16912
2603362068255219976 80
2307252858343399489 16960
596731916162957970 33824
5206724136510439952 160
4614505716686798978 33920
1193463832325915941 2112
9260527867924612129 320
10381931838469865732 2304
2386927664651831882 4224
74311662139672642 641
2317119603230179848 4609
4773855329303663764 8448
148623324279345284 1282
4634239206460359696 9218
9547710658607327528 16896
297246648558690568 2564
9268478412920719392 18436
648677243505103440 33793
594493297117381136 5128
90212752131887168 36873
1297354487011255456 2050
36065089627915297 10256
1333347008869572737 8210
2594708974022510912 4100
72130179255830594 20512
2666694017739145474 16420
5189417948045021824 8200
144260358511661188 41024
5333388035478290948 32840
9225915490994824448 16400
1441442221630169352 16512
10666777170468209672 144
5086908280097280 32801
2882884443260338704 33024
2886810267226867728 289
1163094221655413761 66
5765769986031256609 512
4620699029847937056 578
2326188443310827522 132
11531539972062513218 1024
9241398059695874112 1156
4652376886620606469 264
4616334770904895620 2049
36050946170568833 2313
9304753773241212938 528
9232669541809791240 4098
72101892341137666 4626
162763472772874260 1057
18595009910030864 8197
144203784682275332 9252
325525846034120745 2114
37190019819013153 16394
288406469853971464 18504
651051692068241490 4228
74380039638026306 32788
576812939707942928 37008
140737488355328 8192
144115188075855872 8200
144255925564211200 8
281474976710656 16384
288230376151711744 16400
288511851128422400 16
562949953421312 32768
576460752303423488 32800
577023702256844800 32
1154047404513689600 0
1152922604118474752 64
1126999418470400 64
2308094809027379200 0
2305845208236949504 128
2253998836940800 128
4616189618054758400 0
4611690416473899008 256
4507997673881600 256
9232379236109516800 0
9223380832947798016 512
9015995347763200 512
18014398509481984 1
17592186044416 1025
18031990695526400 1024
36028797018963968 2
35184372088832 2050
36063981391052800 2048
72057594037927936 4
70368744177664 4100
72127962782105600 4096
144115188075855872 8
140737488355328 8200
144255925564211200 8192
288230376151711744 16
281474976710656 16400
288511851128422400 16384
576460752303423488 32
562949953421312 32800
577023702256844800 32768
1099511627776 64
1154047404513689600 64
1154048504025317376 0
2199023255552 128
2308094809027379200 128
2308097008050634752 0
4398046511104 256
4616189618054758400 256
4616194016101269504 0
8796093022208 512
9232379236109516800 512
9232388032202539008 0
17592186044416 1024
18014398509481984 1025
18031990695526400 1
35184372088832 2048
36028797018963968 2050
36063981391052800 2
70368744177664 4096
72057594037927936 4100
72127962782105600 4
