120 320
8 0 52 92 156 161 236 272 312
9 1 53 93 157 160 161 237 273 313
8 2 54 94 158 163 238 274 314
9 3 55 95 159 162 163 239 275 315
8 4 56 96 120 165 200 276 316
9 5 57 97 121 164 165 201 277 317
8 6 58 98 122 167 202 278 318
9 7 59 99 123 166 167 203 279 319
8 8 60 100 124 169 204 240 280
9 9 61 101 125 168 169 205 241 281
8 10 62 102 126 171 206 242 282
9 11 63 103 127 170 171 207 243 283
8 12 64 104 128 173 208 244 284
9 13 65 105 129 172 173 209 245 285
8 14 66 106 130 175 210 246 286
9 15 67 107 131 174 175 211 247 287
8 16 68 108 132 177 212 248 288
9 17 69 109 133 176 177 213 249 289
8 18 70 110 134 179 214 250 290
9 19 71 111 135 178 179 215 251 291
8 20 72 112 136 181 216 252 292
9 21 73 113 137 180 181 217 253 293
8 22 74 114 138 183 218 254 294
9 23 75 115 139 182 183 219 255 295
8 24 76 116 140 185 220 256 296
9 25 77 117 141 184 185 221 257 297
8 26 78 118 142 187 222 258 298
9 27 79 119 143 186 187 223 259 299
8 28 40 80 144 189 224 260 300
9 29 41 81 145 188 189 225 261 301
8 30 42 82 146 191 226 262 302
9 31 43 83 147 190 191 227 263 303
8 32 44 84 148 193 228 264 304
9 33 45 85 149 192 193 229 265 305
8 34 46 86 150 195 230 266 306
9 35 47 87 151 194 195 231 267 307
8 36 48 88 152 197 232 268 308
9 37 49 89 153 196 197 233 269 309
8 38 50 90 154 199 234 270 310
9 39 51 91 155 198 199 235 271 311
8 0 54 100 136 174 201 256 300
9 1 55 101 137 175 200 201 257 301
8 2 56 102 138 176 203 258 302
9 3 57 103 139 177 202 203 259 303
8 4 58 104 140 178 205 260 304
9 5 59 105 141 179 204 205 261 305
8 6 60 106 142 180 207 262 306
9 7 61 107 143 181 206 207 263 307
8 8 62 108 144 182 209 264 308
9 9 63 109 145 183 208 209 265 309
8 10 64 110 146 184 211 266 310
9 11 65 111 147 185 210 211 267 311
8 12 66 112 148 186 213 268 312
9 13 67 113 149 187 212 213 269 313
8 14 68 114 150 188 215 270 314
9 15 69 115 151 189 214 215 271 315
8 16 70 116 152 190 217 272 316
9 17 71 117 153 191 216 217 273 317
8 18 72 118 154 192 219 274 318
9 19 73 119 155 193 218 219 275 319
8 20 74 80 156 194 221 276 280
9 21 75 81 157 195 220 221 277 281
8 22 76 82 158 196 223 278 282
9 23 77 83 159 197 222 223 279 283
8 24 78 84 120 198 225 240 284
9 25 79 85 121 199 224 225 241 285
8 26 40 86 122 160 227 242 286
9 27 41 87 123 161 226 227 243 287
8 28 42 88 124 162 229 244 288
9 29 43 89 125 163 228 229 245 289
8 30 44 90 126 164 231 246 290
9 31 45 91 127 165 230 231 247 291
8 32 46 92 128 166 233 248 292
9 33 47 93 129 167 232 233 249 293
8 34 48 94 130 168 235 250 294
9 35 49 95 131 169 234 235 251 295
8 36 50 96 132 170 237 252 296
9 37 51 97 133 171 236 237 253 297
8 38 52 98 134 172 239 254 298
9 39 53 99 135 173 238 239 255 299
8 0 74 82 144 162 234 241 304
9 1 75 83 145 163 235 240 241 305
8 2 76 84 146 164 236 243 306
9 3 77 85 147 165 237 242 243 307
8 4 78 86 148 166 238 245 308
9 5 79 87 149 167 239 244 245 309
8 6 40 88 150 168 200 247 310
9 7 41 89 151 169 201 246 247 311
8 8 42 90 152 170 202 249 312
9 9 43 91 153 171 203 248 249 313
8 10 44 92 154 172 204 251 314
9 11 45 93 155 173 205 250 251 315
8 12 46 94 156 174 206 253 316
9 13 47 95 157 175 207 252 253 317
8 14 48 96 158 176 208 255 318
9 15 49 97 159 177 209 254 255 319
8 16 50 98 120 178 210 257 280
9 17 51 99 121 179 211 256 257 281
8 18 52 100 122 180 212 259 282
9 19 53 101 123 181 213 258 259 283
8 20 54 102 124 182 214 261 284
9 21 55 103 125 183 215 260 261 285
8 22 56 104 126 184 216 263 286
9 23 57 105 127 185 217 262 263 287
8 24 58 106 128 186 218 265 288
9 25 59 107 129 187 219 264 265 289
8 26 60 108 130 188 220 267 290
9 27 61 109 131 189 221 266 267 291
8 28 62 110 132 190 222 269 292
9 29 63 111 133 191 223 268 269 293
8 30 64 112 134 192 224 271 294
9 31 65 113 135 193 225 270 271 295
8 32 66 114 136 194 226 273 296
9 33 67 115 137 195 227 272 273 297
8 34 68 116 138 196 228 275 298
9 35 69 117 139 197 229 274 275 299
8 36 70 118 140 198 230 277 300
9 37 71 119 141 199 231 276 277 301
8 38 72 80 142 160 232 279 302
9 39 73 81 143 161 233 278 279 303
