320 120 3 40
0 2 40 1 80 1 0 0 0 0 0 0 0 0 0
1 2 41 1 81 1 0 0 0 0 0 0 0 0 0
2 2 42 1 82 1 0 0 0 0 0 0 0 0 0
3 2 43 1 83 1 0 0 0 0 0 0 0 0 0
4 2 44 1 84 1 0 0 0 0 0 0 0 0 0
5 2 45 1 85 1 0 0 0 0 0 0 0 0 0
6 2 46 1 86 1 0 0 0 0 0 0 0 0 0
7 2 47 1 87 1 0 0 0 0 0 0 0 0 0
8 2 48 1 88 1 0 0 0 0 0 0 0 0 0
9 2 49 1 89 1 0 0 0 0 0 0 0 0 0
10 2 50 1 90 1 0 0 0 0 0 0 0 0 0
11 2 51 1 91 1 0 0 0 0 0 0 0 0 0
12 2 52 1 92 1 0 0 0 0 0 0 0 0 0
13 2 53 1 93 1 0 0 0 0 0 0 0 0 0
14 2 54 1 94 1 0 0 0 0 0 0 0 0 0
15 2 55 1 95 1 0 0 0 0 0 0 0 0 0
16 2 56 1 96 1 0 0 0 0 0 0 0 0 0
17 2 57 1 97 1 0 0 0 0 0 0 0 0 0
18 2 58 1 98 1 0 0 0 0 0 0 0 0 0
19 2 59 1 99 1 0 0 0 0 0 0 0 0 0
20 2 60 1 100 1 0 0 0 0 0 0 0 0 0
21 2 61 1 101 1 0 0 0 0 0 0 0 0 0
22 2 62 1 102 1 0 0 0 0 0 0 0 0 0
23 2 63 1 103 1 0 0 0 0 0 0 0 0 0
24 2 64 1 104 1 0 0 0 0 0 0 0 0 0
25 2 65 1 105 1 0 0 0 0 0 0 0 0 0
26 2 66 1 106 1 0 0 0 0 0 0 0 0 0
27 2 67 1 107 1 0 0 0 0 0 0 0 0 0
28 2 68 1 108 1 0 0 0 0 0 0 0 0 0
29 2 69 1 109 1 0 0 0 0 0 0 0 0 0
30 2 70 1 110 1 0 0 0 0 0 0 0 0 0
31 2 71 1 111 1 0 0 0 0 0 0 0 0 0
32 2 72 1 112 1 0 0 0 0 0 0 0 0 0
33 2 73 1 113 1 0 0 0 0 0 0 0 0 0
34 2 74 1 114 1 0 0 0 0 0 0 0 0 0
35 2 75 1 115 1 0 0 0 0 0 0 0 0 0
36 2 76 1 116 1 0 0 0 0 0 0 0 0 0
37 2 77 1 117 1 0 0 0 0 0 0 0 0 0
38 2 78 1 118 1 0 0 0 0 0 0 0 0 0
39 2 79 1 119 1 0 0 0 0 0 0 0 0 0
0 1 50 2 110 1 0 0 0 0 0 0 0 0 0
1 1 51 2 111 1 0 0 0 0 0 0 0 0 0
2 1 52 2 112 1 0 0 0 0 0 0 0 0 0
3 1 53 2 113 1 0 0 0 0 0 0 0 0 0
4 1 54 2 114 1 0 0 0 0 0 0 0 0 0
5 1 55 2 115 1 0 0 0 0 0 0 0 0 0
6 1 56 2 116 1 0 0 0 0 0 0 0 0 0
7 1 57 2 117 1 0 0 0 0 0 0 0 0 0
8 1 58 2 118 1 0 0 0 0 0 0 0 0 0
9 1 59 2 119 1 0 0 0 0 0 0 0 0 0
10 1 60 2 80 1 0 0 0 0 0 0 0 0 0
11 1 61 2 81 1 0 0 0 0 0 0 0 0 0
12 1 62 2 82 1 0 0 0 0 0 0 0 0 0
13 1 63 2 83 1 0 0 0 0 0 0 0 0 0
14 1 64 2 84 1 0 0 0 0 0 0 0 0 0
15 1 65 2 85 1 0 0 0 0 0 0 0 0 0
16 1 66 2 86 1 0 0 0 0 0 0 0 0 0
17 1 67 2 87 1 0 0 0 0 0 0 0 0 0
18 1 68 2 88 1 0 0 0 0 0 0 0 0 0
19 1 69 2 89 1 0 0 0 0 0 0 0 0 0
20 1 70 2 90 1 0 0 0 0 0 0 0 0 0
21 1 71 2 91 1 0 0 0 0 0 0 0 0 0
22 1 72 2 92 1 0 0 0 0 0 0 0 0 0
23 1 73 2 93 1 0 0 0 0 0 0 0 0 0
24 1 74 2 94 1 0 0 0 0 0 0 0 0 0
25 1 75 2 95 1 0 0 0 0 0 0 0 0 0
26 1 76 2 96 1 0 0 0 0 0 0 0 0 0
27 1 77 2 97 1 0 0 0 0 0 0 0 0 0
28 1 78 2 98 1 0 0 0 0 0 0 0 0 0
29 1 79 2 99 1 0 0 0 0 0 0 0 0 0
30 1 40 2 100 1 0 0 0 0 0 0 0 0 0
31 1 41 2 101 1 0 0 0 0 0 0 0 0 0
32 1 42 2 102 1 0 0 0 0 0 0 0 0 0
33 1 43 2 103 1 0 0 0 0 0 0 0 0 0
34 1 44 2 104 1 0 0 0 0 0 0 0 0 0
35 1 45 2 105 1 0 0 0 0 0 0 0 0 0
36 1 46 2 106 1 0 0 0 0 0 0 0 0 0
37 1 47 2 107 1 0 0 0 0 0 0 0 0 0
38 1 48 2 108 1 0 0 0 0 0 0 0 0 0
39 1 49 2 109 1 0 0 0 0 0 0 0 0 0
0 1 55 1 85 2 0 0 0 0 0 0 0 0 0
1 1 56 1 86 2 0 0 0 0 0 0 0 0 0
2 1 57 1 87 2 0 0 0 0 0 0 0 0 0
3 1 58 1 88 2 0 0 0 0 0 0 0 0 0
4 1 59 1 89 2 0 0 0 0 0 0 0 0 0
5 1 60 1 90 2 0 0 0 0 0 0 0 0 0
6 1 61 1 91 2 0 0 0 0 0 0 0 0 0
7 1 62 1 92 2 0 0 0 0 0 0 0 0 0
8 1 63 1 93 2 0 0 0 0 0 0 0 0 0
9 1 64 1 94 2 0 0 0 0 0 0 0 0 0
10 1 65 1 95 2 0 0 0 0 0 0 0 0 0
11 1 66 1 96 2 0 0 0 0 0 0 0 0 0
12 1 67 1 97 2 0 0 0 0 0 0 0 0 0
13 1 68 1 98 2 0 0 0 0 0 0 0 0 0
14 1 69 1 99 2 0 0 0 0 0 0 0 0 0
15 1 70 1 100 2 0 0 0 0 0 0 0 0 0
16 1 71 1 101 2 0 0 0 0 0 0 0 0 0
17 1 72 1 102 2 0 0 0 0 0 0 0 0 0
18 1 73 1 103 2 0 0 0 0 0 0 0 0 0
19 1 74 1 104 2 0 0 0 0 0 0 0 0 0
20 1 75 1 105 2 0 0 0 0 0 0 0 0 0
21 1 76 1 106 2 0 0 0 0 0 0 0 0 0
22 1 77 1 107 2 0 0 0 0 0 0 0 0 0
23 1 78 1 108 2 0 0 0 0 0 0 0 0 0
24 1 79 1 109 2 0 0 0 0 0 0 0 0 0
25 1 40 1 110 2 0 0 0 0 0 0 0 0 0
26 1 41 1 111 2 0 0 0 0 0 0 0 0 0
27 1 42 1 112 2 0 0 0 0 0 0 0 0 0
28 1 43 1 113 2 0 0 0 0 0 0 0 0 0
29 1 44 1 114 2 0 0 0 0 0 0 0 0 0
30 1 45 1 115 2 0 0 0 0 0 0 0 0 0
31 1 46 1 116 2 0 0 0 0 0 0 0 0 0
32 1 47 1 117 2 0 0 0 0 0 0 0 0 0
33 1 48 1 118 2 0 0 0 0 0 0 0 0 0
34 1 49 1 119 2 0 0 0 0 0 0 0 0 0
35 1 50 1 80 2 0 0 0 0 0 0 0 0 0
36 1 51 1 81 2 0 0 0 0 0 0 0 0 0
37 1 52 1 82 2 0 0 0 0 0 0 0 0 0
38 1 53 1 83 2 0 0 0 0 0 0 0 0 0
39 1 54 1 84 2 0 0 0 0 0 0 0 0 0
0 3 60 3 115 3 1 0 0 2 0 0 3 0 0
1 3 61 3 116 3 4 0 0 8 0 0 12 0 0
2 3 62 3 117 3 16 0 0 32 0 0 48 0 0
3 3 63 3 118 3 64 0 0 128 0 0 192 0 0
4 3 64 3 119 3 256 0 0 512 0 0 768 0 0
5 3 65 3 80 3 1024 0 0 2048 0 0 3072 0 0
6 3 66 3 81 3 4096 0 0 8192 0 0 12288 0 0
7 3 67 3 82 3 16384 0 0 32768 0 0 49152 0 0
8 3 68 3 83 3 65536 0 0 131072 0 0 196608 0 0
9 3 69 3 84 3 262144 0 0 524288 0 0 786432 0 0
10 3 70 3 85 3 1048576 0 0 2097152 0 0 3145728 0 0
11 3 71 3 86 3 4194304 0 0 8388608 0 0 12582912 0 0
12 3 72 3 87 3 16777216 0 0 33554432 0 0 50331648 0 0
13 3 73 3 88 3 67108864 0 0 134217728 0 0 201326592 0 0
14 3 74 3 89 3 268435456 0 0 536870912 0 0 805306368 0 0
15 3 75 3 90 3 1073741824 0 0 2147483648 0 0 3221225472 0 0
16 3 76 3 91 3 4294967296 0 0 8589934592 0 0 12884901888 0 0
17 3 77 3 92 3 17179869184 0 0 34359738368 0 0 51539607552 0 0
18 3 78 3 93 3 68719476736 0 0 137438953472 0 0 206158430208 0 0
19 3 79 3 94 3 274877906944 0 0 549755813888 0 0 824633720832 0 0
20 3 40 3 95 3 1099511627776 0 0 2199023255552 0 0 3298534883328 0 0
21 3 41 3 96 3 4398046511104 0 0 8796093022208 0 0 13194139533312 0 0
22 3 42 3 97 3 17592186044416 0 0 35184372088832 0 0 52776558133248 0 0
23 3 43 3 98 3 70368744177664 0 0 140737488355328 0 0 211106232532992 0 0
24 3 44 3 99 3 281474976710656 0 0 562949953421312 0 0 844424930131968 0 0
25 3 45 3 100 3 1125899906842624 0 0 2251799813685248 0 0 3377699720527872 0 0
26 3 46 3 101 3 4503599627370496 0 0 9007199254740992 0 0 13510798882111488 0 0
27 3 47 3 102 3 18014398509481984 0 0 36028797018963968 0 0 54043195528445952 0 0
28 3 48 3 103 3 72057594037927936 0 0 144115188075855872 0 0 216172782113783808 0 0
29 3 49 3 104 3 288230376151711744 0 0 576460752303423488 0 0 864691128455135232 0 0
30 3 50 3 105 3 1152921504606846976 0 0 2305843009213693952 0 0 3458764513820540928 0 0
31 3 51 3 106 3 4611686018427387904 0 0 9223372036854775808 0 0 13835058055282163712 0 0
32 3 52 3 107 3 0 1 0 0 2 0 0 3 0
33 3 53 3 108 3 0 4 0 0 8 0 0 12 0
34 3 54 3 109 3 0 16 0 0 32 0 0 48 0
35 3 55 3 110 3 0 64 0 0 128 0 0 192 0
36 3 56 3 111 3 0 256 0 0 512 0 0 768 0
37 3 57 3 112 3 0 1024 0 0 2048 0 0 3072 0
38 3 58 3 113 3 0 4096 0 0 8192 0 0 12288 0
39 3 59 3 114 3 0 16384 0 0 32768 0 0 49152 0
0 1 72 1 107 1 54078397097213968 3461018514807064577 201523264 18067209460957216 1156302506086632450 67174528 36046440794964016 2306970009706955779 134348992
1 1 73 1 108 1 216313588388855872 13844074059228258308 806093056 72268837843828864 4625210024346529800 268698112 144185763179856064 9227880038827823116 537395968
2 1 74 1 109 1 865254353555423488 36064015784378384 3224372227 289075351375315456 54096023676567584 1074792449 576743052719424256 18032007892189232 2149583874
3 1 75 1 110 1 3461017414221693954 144256063137579072 12587020 1156301405501261827 216384094706139264 4202500 2306972210877697025 72128031568822464 8400904
4 1 76 1 111 1 13844069656886775816 577024252550316288 50348080 4625205622005047308 865536378824557056 16810000 9227888843510788100 288512126275289856 33603616
5 1 77 1 112 1 36046406418448416 2308097010201265155 201392320 54078414310637616 3462145515298228225 67240000 18067226624049168 1154048505101159426 134414464
6 1 78 1 113 1 144185625673793664 9232388040805060620 805569280 216313657242550464 13848582061192912900 268960000 72268906496196672 4616194020404637704 537657856
7 1 79 1 114 1 576742502695174656 36064015801139248 3222277122 865254628970201856 54096023642996752 1075840003 289075625984786688 18032007908999200 2150631425
8 1 40 1 115 1 2306970010780698625 144256063204688064 4206600 3461018515880807426 216384094571921472 8392716 1156302503939146755 72128031635931264 12591108
9 1 41 1 116 1 9227880043122794500 577024252818752256 16826400 13844074063523229704 865536378287685888 33570864 4625210015756587020 288512126543725056 50364432
10 1 42 1 117 1 18032025072074768 2308097011275009026 67305600 36064032964263968 3462145513150743555 134283456 54095989316796464 1154048506174900225 201457728
11 1 43 1 118 1 72128100288299072 9232388045100036104 269222400 144256131857055872 13848582052602974220 537133824 216383957267185856 4616194024699600900 805830912
12 1 44 1 119 1 288512401153196288 36064032981041184 1076889602 577024527428223488 54095989283242032 2148535299 865535829068743424 18032025088851984 3223323649
13 1 45 1 80 1 1154049604612785155 144256131924033664 12591112 2308098109712893953 216383957133033664 4206604 3462143316274973698 72128100355473472 8392708
14 1 46 1 81 1 4616198418451140620 577024527696134656 50364448 9232392438851575812 865535828532134656 16826416 13848573265099894792 288512401421893888 33570832
15 1 47 1 82 1 18049600095010864 2308098110784538625 201457792 36081607987200016 3462143314128538626 67305664 54060839270924320 1154049605687575555 134283328
16 1 48 1 83 1 72198400380043456 9232392443138154500 805831168 144326431948800064 13848573256514154504 269222656 216243357083697280 4616198422750302220 537133312
17 1 49 1 84 1 288793601520173824 36081625133514768 3223324674 577305727795200256 54060804927963168 1076890627 864973428334789120 18049617291657264 2148533249
18 1 50 1 85 1 1155174406080695298 144326500534124608 8396808 2309222911180801027 216243219711721600 12595212 3459893713339156481 72198469166694592 4198404
19 1 51 1 86 1 4620697624322781192 577306002136498432 33587232 9236891644723204108 864972878846886400 50380848 13839574853356625924 288793876666778368 16793616
20 1 52 1 87 1 36046423581573152 2309224008545993729 134348928 54078431473713200 3459891515387545602 201523392 18067192297848848 1155175506667113475 67174464
21 1 53 1 88 1 144185694326292608 9236896034183974916 537395712 216313725894852800 13839566061550182408 806093568 72268769191395392 4620702026668453900 268697856
22 1 54 1 89 1 576742777305170432 54095989316796432 2149582850 865254903579411200 18032025072074784 3224374275 289075076765581568 36064032964263984 1074791425
23 1 55 1 90 1 2306971109220681729 216383957267251264 8396808 3461019614317644802 72128100288364672 12595212 1156300307062326275 144256131856924864 4198404
24 1 56 1 91 1 9227884436882726916 865535829069005056 33587232 13844078457270579208 288512401153458688 50380848 4625201228249305100 577024527427699456 16793616
25 1 57 1 92 1 18049600111804432 3462143316276020226 134348928 36081607953661984 1154049604613834755 201523392 54060839287668784 2308098109710797825 67174464
26 1 58 1 93 1 72198400447217728 13848573265104080904 537395712 144326431814647936 4616198418455339020 806093568 216243357150675136 9232392438843191300 268697856
27 1 59 1 94 1 288793601788870912 54060839287668768 2149582851 577305727258591744 18049600111804464 3224374273 864973428602700544 36081607953661968 1074791426
28 1 60 1 95 1 1155174407155483649 216243357150740608 8396812 2309222909034366978 72198400447283392 12595204 3459893714410802179 144326431814516800 4198408
29 1 61 1 96 1 4620697628621934596 864973428602962432 33587248 9236891636137467912 288793601789133568 50380816 13839574857643208716 577305727258067200 16793632
30 1 62 1 97 1 36046440778186768 3459893714411849729 134348992 54078397130768416 1155174407156534274 201523264 18067209444180016 2309222909032268803 67174528
31 1 63 1 98 1 144185763112747072 13839574857647398916 537395968 216313588523073664 4620697628626137096 806093056 72268837776720064 9236891636129075212 268698112
32 1 64 1 99 1 576743052450988288 18067209460940816 2149583875 865254354092294656 36046440794996768 3224372225 289075351106880256 54078397097197616 1074792450
33 1 65 1 100 1 2306972209803953154 72268837843763264 8400908 3461017416369178627 144185763179987072 12587012 1156301404427521025 216313588388790464 4202504
34 1 66 1 101 1 9227888839215812616 289075351375053056 33603632 13844069665476714508 576743052719948288 50348048 4625205617710084100 865254353555161856 16810016
35 1 67 1 102 1 18067209444147232 1156301405500212226 134414528 36046440778203184 2306972210879793155 201392192 54078397130784784 3461017414220647425 67240064
36 1 68 1 103 1 72268837776588928 4625205622000848904 537658112 144185763112812736 9227888843519172620 805568768 216313588523139136 13844069656882589700 268960256
37 1 69 1 104 1 289075351106355712 54078414293844000 2150632449 576743052451250944 18067226657587248 3222275074 865254354092556544 36046406401703952 1075841027
38 1 70 1 105 1 1156301404425422849 216313657175441536 12595204 2306972209805003778 72268906630414528 4198408 3461017416370226179 144185625606684736 8396812
39 1 71 1 106 1 4625205617701691396 865254628701766144 50380816 9227888839220015112 289075626521658112 16793632 13844069665480904716 576742502426738944 33587248
0 1 53 1 105 1 2252900399057920 216243219577569280 4206596 3379900891268096 72198468965433344 8392712 1129201662953472 144326500466884608 12591116
1 1 54 1 106 1 9011601596231680 864972878310277120 16826384 13519603565072384 288793875861733376 33570848 4516806651813888 577306001867538432 50364464
2 1 55 1 107 1 36046406384926720 3459891513241108480 67305536 54078414260289536 1155175503446933504 134283392 18067226607255552 2309224007470153728 201457856
3 1 56 1 108 1 144185625539706880 13839566052964433920 269222144 216313657041158144 4620702013787734016 537133568 72268906429022208 9236896029880614912 805831424
4 1 57 1 109 1 576742502158827520 18031990729080832 1076888579 865254628164632576 36063981441384448 2148534273 289075625716088832 54095972103356416 3223325698
5 1 58 1 110 1 2306970008635310080 72127962916388864 12587020 3461018512658530304 144255925765668864 4202500 1156302502864355328 216383888413622272 8400904
6 1 59 1 111 1 9227880034541240320 288511851665555456 50348080 13844074050634121216 577023703062675456 16810000 4625210011457421312 865535553654489088 33603616
7 1 60 1 112 1 18031990745858048 1154047406662221826 201392320 36063981407830016 2308094812250701827 67240000 54095972120133632 3462142214617956353 134414464
8 1 61 1 113 1 72127962983432192 4616189626648887304 805569280 144255925631320064 9232379249002807308 268960000 216383888480534528 13848568858471825412 537657856
9 1 62 1 114 1 288511851933728768 18014432885997600 3222277121 577023702525280256 36028848592126000 1075840002 865535553922138112 54043212758646800 2150631427
10 1 63 1 115 1 1154047407734915072 72057731544187008 4206596 2308094810101121024 144115394368569536 8392712 3462142215688552448 216172851034718272 12591116
11 1 64 1 116 1 4616189630939660288 288230926176748032 16826384 9232379240404484096 576461577474278144 33570848 13848568862754209792 864691404138873088 50364464
12 1 65 1 117 1 18014450049089536 1152923704706992129 67305536 36028814198833152 2305846309897112578 134283392 54043229888184320 3458765616555492355 201457856
13 1 66 1 118 1 72057800196358144 4611694818827968516 269222144 144115256795332608 9223385239588450312 537133568 216172919552737280 13835062466221969420 805831424
14 1 67 1 119 1 288231200785432576 35201602322448 1076888577 576461027181330432 52810934698016 2148534274 864691678210949120 17643759222832 3223325699
15 1 68 1 80 1 1152924803141730306 140806409224256 12587012 2305844108725321731 211243738726528 4202504 3458766712843796481 70575037022400 8400908
16 1 69 1 81 1 4611699212566921224 563225636897024 50348048 9223376434901286924 844974954906112 16810016 13835066851375185924 282300148089600 33603632
17 1 70 1 82 1 52776558133280 2252902547588097 201392192 17592186044464 3379899819624450 67240064 35184372088848 1129200592358403 134414528
18 1 71 1 83 1 211106232533120 9011610190352388 805568768 70368744177856 13519599278497800 268960256 140737488355392 4516802369433612 537658112
19 1 72 1 84 1 844424930132480 36046440761409552 3222275072 281474976711424 54078397113991200 1075841024 562949953421568 18067209477734448 2150632448
20 1 73 1 85 1 3377699720529921 144185763045769280 4198400 1125899906845698 216313588455899264 8396800 2251799813686275 72268837910872256 12595200
21 1 74 1 86 1 13510798882119684 576743052183077120 16793600 4503599627382792 865254353823597056 33587200 9007199254745100 289075351643489024 50380800
22 1 75 1 87 1 54043195528478736 2306972208732308480 67174400 18014398509531168 3461017415294388224 134348800 36028797018980400 1156301406573956096 201523200
23 1 76 1 88 1 216172782113914944 9227888834929233920 268697600 72057594038124672 13844069661177552896 537395200 144115188075921600 4625205626295824384 806092800
24 1 77 1 89 1 864691128455659776 18067192297832448 1074790402 288230376152498688 36046423581556736 2149580803 576460752303686400 54078431473745920 3224371201
25 1 78 1 90 1 3458764513822639105 72268769191329792 4194312 1152921504609994754 144185694326226944 8388620 2305843009214745603 216313725894983680 12582916
26 1 79 1 91 1 13835058055290556420 289075076765319168 16777248 4611686018439979016 576742777304907776 33554480 9223372036858982412 865254903579934720 50331664
27 1 40 1 92 1 33570832 1156300307061276675 67108992 50364448 2306971109219631105 134217920 16826416 3461019614319738882 201326656
28 1 41 1 93 1 134283328 4625201228245106700 268435968 201457792 9227884436878524420 536871680 67305664 13844078457278955528 805306624
29 1 42 1 94 1 537133312 54060839270875184 1073743873 805831168 18049600094994448 2147486722 269222656 36081607987167264 3221226499
30 1 43 1 95 1 2148533248 216243357083566272 8196 3223324672 72198400380108864 12296 1076890624 144326431948865664 4108
31 1 44 1 96 1 8594132992 864973428334265088 32784 12893298688 288793601520435456 49184 4307562496 577305727795462656 16432
32 1 45 1 97 1 34376531968 3459893713337060352 131136 51573194752 1155174406081741824 196736 17230249984 2309222911181850624 65728
33 1 46 1 98 1 137506127872 13839574853348241408 524544 206292779008 4620697624326967296 786944 68920999936 9236891644727402496 262912
34 1 47 1 99 1 550024511488 18067192264310784 2098179 825171116032 36046423598317568 3147777 275683999744 54078431490506752 1051650
35 1 48 1 100 1 2200098045955 72268769057046528 8392716 3300684464129 144185694393204736 12591108 1102735998978 216313725961895936 4206600
36 1 49 1 101 1 8800392183820 289075076228186112 33570864 13202737856516 576742777572818944 50364432 4410943995912 865254903847583744 16826400
37 1 50 1 102 1 35201568735280 1156300304912744448 134283456 52810951426064 2306971110291275776 201457728 17643775983648 3461019615390334976 67305600
38 1 51 1 103 1 140806274941120 4625201219650977792 537133824 211243805704256 9227884441165103104 805830912 70575103934592 13844078461561339904 269222400
39 1 52 1 104 1 563225099764480 54060804894359552 2148535297 844975222817024 18049617241309184 3223323650 282300415738368 36081625116704768 1076889603
0 1 45 1 118 1 1156302505009743875 137439019200 4096 2306970011853392897 206158561344 8192 3461018513731224578 68719673472 12288
1 1 46 1 119 1 4625210020038975500 549756076800 16384 9227880047413571588 824634245376 32768 13844074054924898312 274878693888 49152
2 1 47 1 80 1 54096006446350384 2199024307201 65536 18032042235183120 3298536981506 131072 36063998570938400 1099514775555 196608
3 1 48 1 81 1 216384025785401536 8796097228804 262144 72128168940732480 13194147926024 524288 144255994283753600 4398059102220 786432
4 1 49 1 82 1 865536103141606144 35184388915216 1048576 288512675762929920 52776591704096 2097152 577023977135014400 17592236408880 3145728
5 1 50 1 83 1 3462144412566424579 140737555464256 4194304 1154050703051719681 211106366750848 8388608 2308095908540057602 70368945504448 12582912
6 1 51 1 84 1 13848577650265698316 562950221857024 16777216 4616202812206878724 844425467003392 33554432 9232383634160230408 281475782017792 50331648
7 1 52 1 85 1 54078379934138416 2251800887428099 67108864 18067175117963280 3377701868013569 134217728 36046389221818400 1125903128071170 201326592
8 1 53 1 86 1 216313519736553664 9007203549712396 268435456 72268700471853120 13510807472054276 536870912 144185556887273600 4503612512284680 805306368
9 1 54 1 87 1 865254078946214656 36028814198849584 1073741824 289074801887412480 54043229888217104 2147483648 576742227549094400 18014450049138720 3221225472
10 1 55 1 88 1 3461016315784858625 144115256795398336 0 1156299207549649922 216172919552868416 0 2306968910196377603 72057800196554880 0
11 1 56 1 89 1 13844065263139434500 576461027181593344 0 4625196830198599688 864691678211473664 0 9227875640785510412 288231200786219520 0
12 1 57 1 90 1 36028831429083152 2305844108726373379 0 54043247084847136 3458766712845894657 0 18014415722938416 1152924803144878082 0
13 1 58 1 91 1 144115325716332608 9223376434905493516 0 216172988339388544 13835066851383578628 0 72057662891753664 4611699212579512328 0
14 1 59 1 92 1 576461302865330432 17592202870832 2 864691953357554176 35184405659664 3 288230651567014656 52776608497696 1
15 1 60 1 93 1 2305845211461321731 70368811286720 8 3458767813430216705 140737622573120 12 1152922606268058626 211106433859712 4
16 1 61 1 94 1 9223380845845286924 281475245146880 32 13835071253720866820 562950490292480 48 4611690425072234504 844425735438848 16
17 1 62 1 95 1 35235962044464 1125900980587522 128 52793754812432 2251801961169923 192 17626579386400 3377702941755393 64
18 1 63 1 96 1 140943848177856 4503603922350088 512 211175019249728 9007207844679692 768 70506317545600 13510811767021572 256
19 1 64 1 97 1 563775392711424 18014415689400352 2048 844700076998912 36028831378718768 3072 282025270182400 54043247068086288 1024
20 1 65 1 98 1 2255101570845699 72057662757404800 8192 3378800307995649 144115325514809536 12288 1128101080729602 216172988272214080 4096
21 1 66 1 99 1 9020406283382796 288230651029619200 32768 13515201231982596 576461302059238144 49152 4512404322918408 864691953088856320 16384
22 1 67 1 100 1 36081625133531184 1152922604118476800 131072 54060804927930384 2305845208236952576 196608 18049617291673632 3458767812355425280 65536
23 1 68 1 101 1 144326500534124736 4611690416473907200 524288 216243219711721536 9223380832947810304 786432 72198469166694528 13835071249421701120 262144
24 1 69 1 102 1 577306002136498944 17592186077184 2097153 864972878846886144 35184372137984 3145730 288793876666778112 52776558149632 1048579
25 1 70 1 103 1 2309224008545995778 70368744177664 8388612 3459891515387544579 140737488355328 12582920 1155175506667112449 211106232532992 4194316
26 1 71 1 104 1 9236896034183983112 281474976710656 33554448 13839566061550178316 562949953421312 50331680 4620702026668449796 844424930131968 16777264
27 1 72 1 105 1 54095989316829216 1125899906842626 134217792 18032025072058416 2251799813685251 201326720 36064032964247568 3377699720527873 67109056
28 1 73 1 106 1 216383957267316864 4503599627370504 536871168 72128100288233664 9007199254741004 805306880 144256131856990272 13510798882111492 268436224
29 1 74 1 107 1 865535829069267456 18014398509482016 2147484672 288512401152934656 36028797018964016 3221227520 577024527427961088 54043195528445968 1073744896
30 1 75 1 108 1 3462143316277069824 72057594038059136 4096 1154049604611738624 144115188076052672 8192 2308098109711844352 216172782113849408 12288
31 1 76 1 109 1 13848573265108279296 288230376152236544 16384 4616198418446954496 576460752304210688 32768 9232392438847377408 864691128455397632 49152
32 1 77 1 110 1 54060839304462336 1152921504608946179 65536 18049600078266368 2305843009216842753 131072 36081607970406400 3458764513821590530 196608
33 1 78 1 111 1 216243357217849344 4611686018435784716 262144 72198400313065472 9223372036867371012 524288 144326431881625600 13835058055286362120 786432
34 1 79 1 112 1 864973428871397376 33587248 1048577 288793601252261888 50380816 2097154 577305727526502400 16793632 3145731
35 1 40 1 113 1 3459893715485589506 134217920 4194308 1155174405009047555 201326656 8388616 2309222910106009601 67108992 12582924
36 1 41 1 114 1 13839574861942358024 536871680 16777232 4620697620036190220 805306624 33554464 9236891640424038404 268435968 50331696
37 1 42 1 115 1 18067226640777248 2147486723 67108928 36046406435209264 3221226497 134217856 54078414277050384 1073743874 201326784
38 1 43 1 116 1 72268906563108992 8589946892 268435712 144185625740837056 12884905988 536871424 216313657108201536 4294975496 805307136
39 1 44 1 117 1 289075626252435968 34359787568 1073742848 576742502963348224 51539623952 2147485696 865254628432806144 17179901984 3221228544
0 2 75 2 100 2 0 65536 0 0 131072 0 0 196608 0
1 2 76 2 101 2 0 262144 0 0 524288 0 0 786432 0
2 2 77 2 102 2 0 1048576 0 0 2097152 0 0 3145728 0
3 2 78 2 103 2 0 4194304 0 0 8388608 0 0 12582912 0
4 2 79 2 104 2 0 16777216 0 0 33554432 0 0 50331648 0
5 2 40 2 105 2 0 67108864 0 0 134217728 0 0 201326592 0
6 2 41 2 106 2 0 268435456 0 0 536870912 0 0 805306368 0
7 2 42 2 107 2 0 1073741824 0 0 2147483648 0 0 3221225472 0
8 2 43 2 108 2 0 4294967296 0 0 8589934592 0 0 12884901888 0
9 2 44 2 109 2 0 17179869184 0 0 34359738368 0 0 51539607552 0
10 2 45 2 110 2 0 68719476736 0 0 137438953472 0 0 206158430208 0
11 2 46 2 111 2 0 274877906944 0 0 549755813888 0 0 824633720832 0
12 2 47 2 112 2 0 1099511627776 0 0 2199023255552 0 0 3298534883328 0
13 2 48 2 113 2 0 4398046511104 0 0 8796093022208 0 0 13194139533312 0
14 2 49 2 114 2 0 17592186044416 0 0 35184372088832 0 0 52776558133248 0
15 2 50 2 115 2 0 70368744177664 0 0 140737488355328 0 0 211106232532992 0
16 2 51 2 116 2 0 281474976710656 0 0 562949953421312 0 0 844424930131968 0
17 2 52 2 117 2 0 1125899906842624 0 0 2251799813685248 0 0 3377699720527872 0
18 2 53 2 118 2 0 4503599627370496 0 0 9007199254740992 0 0 13510798882111488 0
19 2 54 2 119 2 0 18014398509481984 0 0 36028797018963968 0 0 54043195528445952 0
20 2 55 2 80 2 0 72057594037927936 0 0 144115188075855872 0 0 216172782113783808 0
21 2 56 2 81 2 0 288230376151711744 0 0 576460752303423488 0 0 864691128455135232 0
22 2 57 2 82 2 0 1152921504606846976 0 0 2305843009213693952 0 0 3458764513820540928 0
23 2 58 2 83 2 0 4611686018427387904 0 0 9223372036854775808 0 0 13835058055282163712 0
24 2 59 2 84 2 0 0 1 0 0 2 0 0 3
25 2 60 2 85 2 0 0 4 0 0 8 0 0 12
26 2 61 2 86 2 0 0 16 0 0 32 0 0 48
27 2 62 2 87 2 0 0 64 0 0 128 0 0 192
28 2 63 2 88 2 0 0 256 0 0 512 0 0 768
29 2 64 2 89 2 0 0 1024 0 0 2048 0 0 3072
30 2 65 2 90 2 0 0 4096 0 0 8192 0 0 12288
31 2 66 2 91 2 0 0 16384 0 0 32768 0 0 49152
32 2 67 2 92 2 0 0 65536 0 0 131072 0 0 196608
33 2 68 2 93 2 0 0 262144 0 0 524288 0 0 786432
34 2 69 2 94 2 0 0 1048576 0 0 2097152 0 0 3145728
35 2 70 2 95 2 0 0 4194304 0 0 8388608 0 0 12582912
36 2 71 2 96 2 0 0 16777216 0 0 33554432 0 0 50331648
37 2 72 2 97 2 0 0 67108864 0 0 134217728 0 0 201326592
38 2 73 2 98 2 0 0 268435456 0 0 536870912 0 0 805306368
39 2 74 2 99 2 0 0 1073741824 0 0 2147483648 0 0 3221225472
