320 120 3 40
0 1 40 1 80 1 1073742848 216243357217849472 8204 2147485696 72198400313065664 12292 3221228544 144326431881625664 4104
1 1 41 1 81 1 4294971392 864973428871397888 32816 8589942784 288793601252262656 49168 12884914176 577305727526502656 16416
2 1 42 1 82 1 17179885568 3459893715485591552 131264 34359771136 1155174405009050624 196672 51539656704 2309222910106010624 65664
3 1 43 1 83 1 68719542272 13839574861942366208 525056 137439084544 4620697620036202496 786688 206158626816 9236891640424042496 262656
4 1 44 1 84 1 274878169088 18067226640809984 2100227 549756338176 36046406435258368 3146753 824634507264 54078414277066752 1050626
5 1 45 1 85 1 1099512676354 72268906563108864 8400908 2199025352707 144185625740836864 12587012 3298538029057 216313657108201472 4202504
6 1 46 1 86 1 4398050705416 289075626252435456 33603632 8796101410828 576742502963347456 50348048 13194152116228 865254628432805888 16810016
7 1 47 1 87 1 17592202821664 1156302505009741824 134414528 35184405643312 2306970011853389824 201392192 52776608464912 3461018513731223552 67240064
8 1 48 1 88 1 70368811286656 4625210020038967296 537658112 140737622573248 9227880047413559296 805568768 211106433859648 13844074054924894208 268960256
9 1 49 1 89 1 281475245146624 54096006446317568 2150632449 562950490292992 18032042235133952 3222275074 844425735438592 36063998570921984 1075841027
10 1 50 1 90 1 1125900980586496 216384025785401344 12595204 2251801961171968 72128168940732416 4198408 3377702941754368 144255994283753472 8396812
11 1 51 1 91 1 4503603922345984 865536103141605376 50380816 9007207844687872 288512675762929664 16793632 13510811767017472 577023977135013888 33587248
12 1 52 1 92 1 18014415689383936 3462144412566421504 201523264 36028831378751488 1154050703051718656 67174528 54043247068069888 2308095908540055552 134348992
13 1 53 1 93 1 72057662757535744 13848577650265686016 806093056 144115325515005952 4616202812206874624 268698112 216172988272279552 9232383634160222208 537395968
14 1 54 1 94 1 288230651030142976 54078379934089216 3224372227 576461302060023808 18067175117946880 1074792449 864691953089118208 36046389221785600 2149583874
15 1 55 1 95 1 1152922604120571904 216313519736553472 12587020 2305845208240095232 72268700471853056 4202500 3458767812356472832 144185556887273472 8400904
16 1 56 1 96 1 4611690416482287616 865254078946213888 50348080 9223380832960380928 289074801887412224 16810000 13835071249425891328 576742227549093888 33603616
17 1 57 1 97 1 17592219598848 3461016315784855553 201392320 35184422420480 1156299207549648898 67240000 52776574910464 2306968910196375555 134414464
18 1 58 1 98 1 70368878395392 13844065263139422212 805569280 140737689681920 4625196830198595592 268960000 211106299641856 9227875640785502220 537657856
19 1 59 1 99 1 281475513581568 36028831429034000 3222277123 562950758727680 54043247084830752 1075840001 844425198567424 18014415722905648 2150631426
20 1 60 1 100 1 1125902054326272 144115325716332608 4206604 2251803034910720 216172988339388544 8392708 3377700794269696 72057662891753664 12591112
21 1 61 1 101 1 4503608217305088 576461302865330432 16826416 9007212139642880 864691953357554176 33570832 13510803177078784 288230651567014656 50364448
22 1 62 1 102 1 18014432869220352 2305845211461321728 67305664 36028848558571520 3458767813430216704 134283328 54043212708315136 1152922606268058624 201457792
23 1 63 1 103 1 72057731476881408 9223380845845286912 269222656 144115394234286080 13835071253720866816 537133312 216172850833260544 4611690425072234496 805831168
24 1 64 1 104 1 288230925907525632 35235962044416 1076890626 576461576937144320 52793754812416 2148533251 864691403333042176 17626579386368 3223324673
25 1 65 1 105 1 1152923703630102529 140943848177664 12595208 2305846307748577282 211175019249664 4198412 3458765613332168707 70506317545472 8396804
26 1 66 1 106 1 4611694814520410116 563775392710656 50380832 9223385230994309128 844700076998656 16793648 13835062453328674828 282025270181888 33587216
27 1 67 1 107 1 35184372088848 2255101570842625 201523328 52776558133280 3378800307994626 67174592 17592186044464 1128101080727555 134348864
28 1 68 1 108 1 140737488355392 9020406283370500 806093312 211106232533120 13515201231978504 268698368 70368744177856 4512404322910220 537395456
29 1 69 1 109 1 562949953421568 36081625133482000 3224373248 844424930132480 54060804927914016 1074793472 281474976711424 18049617291640880 2149581824
30 1 70 1 110 1 2251799813686272 144326500534124608 12591104 3377699720529920 216243219711721600 4206592 1125899906845696 72198469166694592 8392704
31 1 71 1 111 1 9007199254745088 577306002136498432 50364416 13510798882119680 864972878846886400 16826368 4503599627382784 288793876666778368 33570816
32 1 72 1 112 1 36028797018980352 2309224008545993728 201457664 54043195528478720 3459891515387545600 67305472 18014398509531136 1155175506667113472 134283264
33 1 73 1 113 1 144115188075921408 9236896034183974912 805830656 216172782113914880 13839566061550182400 269221888 72057594038124544 4620702026668453888 537133056
34 1 74 1 114 1 576460752303685632 54095989316796416 3223322626 864691128455659520 18032025072074752 1076887555 288230376152498176 36064032964263936 2148532225
35 1 75 1 115 1 2305843009214742529 216383957267316736 8388616 3458764513822638082 72128100288233472 12582924 1152921504609992707 144256131856990208 4194308
36 1 76 1 116 1 9223372036858970116 865535829069266944 33554464 13835058055290552328 288512401152933888 50331696 4611686018439970828 577024527427960832 16777232
37 1 77 1 117 1 16777232 3462143316277067778 134217856 33554464 1154049604611735555 201326784 50331696 2308098109711843329 67108928
38 1 78 1 118 1 67108928 13848573265108271112 536871424 134217856 4616198418446942220 805307136 201326784 9232392438847373316 268435712
39 1 79 1 119 1 268435712 54060839304429600 2147485699 536871424 18049600078217264 3221228545 805307136 36081607970390032 1073742850
18 1 77 1 85 1 3459893713338105857 201326656 4198408 1155174406082789378 67108992 8396812 2309222911179751427 134217920 12595204
19 1 78 1 86 1 13839574853352423428 805306624 16793632 4620697624331157512 268435968 33587248 9236891644719005708 536871680 50380816
20 1 79 1 87 1 18067192281038864 3221226499 67174528 36046423615078432 1073743873 134348992 54078431456919600 2147486722 201523264
21 1 40 1 88 1 72268769124155456 12884905996 268698112 144185694460313728 4294975492 537395968 216313725827678400 8589946888 806093056
22 1 41 1 89 1 289075076496621824 51539623984 1074792448 576742777841254912 17179901968 2149583872 865254903310713600 34359787552 3224372224
23 1 42 1 90 1 1156300305986487297 206158495936 4202496 2306971111365019650 68719607872 8400896 3461019613242854403 137439150208 12587008
24 1 43 1 91 1 4625201223945949188 824633983744 16809984 9227884445460078600 274878431488 33603584 13844078452971417612 549756600832 50348032
25 1 44 1 92 1 54060822074245136 3298535934977 67239936 18049634421211168 1099513725954 134414336 36081590757015600 2199026403331 201392128
26 1 45 1 93 1 216243288296980544 13194143739908 268959744 72198537684844672 4398054903816 537657344 144326363028062400 8796105613324 805568512
27 1 46 1 94 1 864973153187922176 52776574959632 1075838976 288794150739378688 17592219615264 2150629376 577305452112249600 35184422453296 3222274048
28 1 47 1 95 1 3459892612751688707 211106299707456 8388608 1155176602957514753 70368878526592 12582912 2309221808448998402 140737689878720 4194304
29 1 48 1 96 1 13839570451006754828 844425198829824 33554432 4620706411830059012 281475514106368 50331648 9236887233795993608 562950759514880 16777216
30 1 49 1 97 1 18049582898364464 3377700795319299 134217728 36081573610684432 1125902056425473 201326592 54060787764871200 2251803038059522 67108864
31 1 50 1 98 1 72198331593457856 13510803181277196 536870912 144326294442737728 4503608225701892 805306368 216243151059484800 9007212152238088 268435456
32 1 51 1 99 1 288793326373831424 54043212725108784 2147483648 577305177770950912 18014432902807568 3221225472 864972604237939200 36028848608952352 1073741824
33 1 52 1 100 1 1155173305495325697 216172850900500672 0 2309220711083803650 72057731611295808 0 3459890416951756803 144115394435678336 0
34 1 53 1 101 1 4620693221981302788 864691403602002688 0 9236882844335214600 288230926445183232 0 13839561667807027212 576461577742713344 0
35 1 54 1 102 1 36028814215659536 3458765614408010753 0 54043229921755168 1152923705780732930 0 18014450099454000 2305846310970853379 0
36 1 55 1 103 1 144115256862638144 13835062457632043012 0 216172919687020672 4611694823122931720 0 72057800397816000 9223385243883413516 0
37 1 56 1 104 1 576461027450552576 17609399517200 3 864691678748082688 35218782175264 1 288231201591264000 52828114550832 2
38 1 57 1 105 1 2305844109802210307 70437597872192 12 3458766714992330753 140875128635520 4 1152924806365056002 211312458072256 8
39 1 58 1 106 1 9223376439208841228 281750391488768 48 13835066859969323012 563500514542080 16 4611699225460224008 845249832289024 32
0 1 59 1 107 1 17609416261680 1127001565955074 192 35218748637200 2254002058168323 64 52828131344416 3380999329156097 128
1 1 60 1 108 1 70437665046720 4508006263820296 768 140874994548800 9016008232673292 256 211312525377664 13523997316624388 512
2 1 61 1 109 1 281750660186880 18032025055281184 3072 563499978195200 36064032930693168 1024 845250101510656 54095989266497552 2048
3 1 62 1 110 1 1127002640747521 72128100221059200 12288 2253999912780802 144256131722641600 4096 3381000406042627 216383957065793600 8192
4 1 63 1 111 1 4508010562990084 288512400884236800 49152 9015999651123208 577024526890566400 16384 13524001624170508 865535828263174400 32768
5 1 64 1 112 1 18032042251960336 1154049603536947200 196608 36063998604492832 2308098107562265600 65536 54096006496682032 3462143313052697600 131072
6 1 65 1 113 1 72128169007841344 4616198414147788800 786432 144255994417971328 9232392430249062400 262144 216384025986728128 13848573252210790400 524288
7 1 66 1 114 1 288512676031365376 18049582881603584 3145729 577023977671885312 36081573577146368 1048578 865536103946912512 54060787714506752 2097155
8 1 67 1 115 1 1154050704125461506 72198331526283264 12582916 2308095910687541251 144326294308388864 4194312 3462144415787650049 216243150857961472 8388620
9 1 68 1 116 1 4616202816501846024 288793326105133056 50331664 9232383642750165004 577305177233555456 16777248 13848577663150600196 864972603431845888 33554480
10 1 69 1 117 1 18067192297832480 1155173304420532225 201326656 36046423581556784 2309220708934221826 67108992 54078431473745936 3459890413727383555 134217920
11 1 70 1 118 1 72268769191329920 4620693217682128900 805306624 144185694326227136 9236882835736887304 268435968 216313725894983744 13839561654909534220 536871680
12 1 71 1 119 1 289075076765319680 36028797018963984 3221226497 576742777304908544 54043195528445984 1073743874 865254903579934976 18014398509482032 2147486723
13 1 72 1 80 1 1156300307061278720 144115188076052544 4100 2306971109219634176 216172782113849472 8200 3461019614319739904 72057594038059200 12300
14 1 73 1 81 1 4625201228245114880 576460752304210176 16400 9227884436878536704 864691128455397888 32800 13844078457278959616 288230376152236800 49200
15 1 74 1 82 1 54060839270907904 2305843009216840705 65600 18049600095043584 3458764513821591554 131200 36081607987183616 1152921504608947203 196800
16 1 75 1 83 1 216243357083631616 9223372036867362820 262400 72198400380174336 13835058055286366216 524800 144326431948734464 4611686018435788812 787200
17 1 76 1 84 1 864973428334526464 50348048 1049602 288793601520697344 16810016 2099203 577305727794937856 33603632 3148801
18 1 60 1 87 1 3459893715485591554 72198400380043392 4202508 1155174405009050627 144326431948800192 8400900 2309222910106010625 216243357083697216 12587016
19 1 61 1 88 1 13839574861942366216 288793601520173568 16810032 4620697620036202508 577305727795200768 33603600 9236891640424042500 864973428334788864 50348064
20 1 62 1 89 1 18067226640810016 1155174406080694275 67240128 36046406435258416 2309222911180803073 134414400 54078414277066768 3459893713339155458 201392256
21 1 63 1 90 1 72268906563240064 4620697624322777100 268960512 144185625741033664 9236891644723212292 537657600 216313657108267072 13839574853356621832 805569024
22 1 64 1 91 1 289075626252960256 36046423581556784 1075842049 576742502964134656 54078431473745936 2150630402 865254628433068288 18067192297832480 3222276099
23 1 65 1 92 1 1156302505011841026 144185694326161600 8400900 2306970011856538627 216313725894918208 12587016 3461018513732273153 72268769191460992 4202508
24 1 66 1 93 1 4625210020047364104 576742777304646400 33603600 9227880047426154508 865254903579672832 50348064 13844074054929092612 289075076765843968 16810032
25 1 67 1 94 1 54096006479904800 2306971109218585601 134414400 18032042285514800 3461019614318691330 201392256 36063998587715600 1156300307063375875 67240128
26 1 68 1 95 1 216384025919619200 9227884436874342404 537657600 72128169142059200 13844078457274765320 805569024 144255994350862400 4625201228253503500 268960512
27 1 69 1 96 1 865536103678476800 18049600078266384 2150630402 288512676568236800 36081607970406432 3222276099 577023977403449600 54060839304462384 1075842049
28 1 70 1 97 1 3462144414713907203 72198400313000000 12587016 1154050706272947201 144326431881756800 4202508 2308095909613798402 216243357217784000 8400900
29 1 71 1 98 1 13848577658855628812 288793601252000000 50348064 4616202825091788804 577305727527027200 16810032 9232383638455193608 864973428871136000 33603600
30 1 72 1 99 1 54078414293860400 1155174405008000003 201392256 18067226657603600 2309222910108108801 67240128 36046406401671200 3459893715484544002 134414400
31 1 73 1 100 1 216313657175441600 4620697620032000012 805569024 72268906630414400 9236891640432435204 268960512 144185625606684800 13839574861938176008 537657600
32 1 74 1 101 1 865254628701766400 36046406418448432 3222276097 289075626521657600 54078414310637584 1075842050 576742502426739200 18067226624049184 2150630403
33 1 75 1 102 1 3461018514807065601 144185625673924800 4202500 1156302506086630402 216313657242484800 8400904 2306970009706956803 72268906496131200 12587020
34 1 76 1 103 1 13844074059228262404 576742502695699200 16810000 4625210024346521608 865254628969939200 33603616 9227880038827827212 289075625984524800 50348080
35 1 77 1 104 1 36064015784394768 2306970010782796803 67240000 54096023676534816 3461018515879756801 134414464 18032007892205616 1156302503938099202 201392320
36 1 78 1 105 1 144256063137579072 9227880043131187212 268960000 216384094706139264 13844074063519027204 537657856 72128031568822464 4625210015752396808 805569280
37 1 79 1 106 1 577024252550316288 18032025105645616 1075840002 865536378824557056 36064032947453968 2150631427 288512126275289856 54095989300035616 3222277121
38 1 40 1 107 1 2308097010201265155 72128100422451392 8392712 3462145515298228225 144256131789881408 12591116 1154048505101159426 216383957200208000 4206596
39 1 41 1 108 1 9232388040805060620 288512401689805568 33570848 13848582061192912900 577024527159525632 50364464 4616194020404637704 865535828800832000 16826384
0 1 42 1 109 1 36064015801139248 1154049606759222274 134283392 54096023642996752 2308098108638102531 201457856 18032007908999200 3462143315203328001 67305536
1 1 43 1 110 1 144256063204556992 4616198427036889096 537133568 216384094571987008 9232392434552410124 805831424 72128031635996800 13848573260813312004 269222144
2 1 44 1 111 1 577024252818227968 18049634438004768 2148534273 865536378287948032 36081590790537264 3223325698 288512126543987200 54060822124593168 1076888579
3 1 45 1 112 1 2308097011272911875 72198537751953536 4202500 3462145513151792129 144326363162280128 8400904 1154048506175948802 216243288498307136 12587020
4 1 46 1 113 1 9232388045091647500 288794151007814144 16810000 13848582052607168516 577305452649120512 33603616 4616194024703795208 864973153993228544 50348080
5 1 47 1 114 1 36064032947486768 1155176604031256578 67240000 54095989300019216 2309221810596482051 134414464 18032025105629216 3459892615972914177 201392320
6 1 48 1 115 1 144256131789947072 4620706416125026312 268960000 216383957200076864 9236887242385928204 537657856 72128100422516864 13839570463891656708 805569280
7 1 49 1 116 1 577024527159788288 36081590790553632 1075840001 865535828800307456 54060822124609584 2150631426 288512401690067456 18049634437971984 3222277123
8 1 50 1 117 1 2308098108639153154 144326363162148992 8392708 3462143315201229827 216243288498372800 12591112 1154049606760269825 72198537752019008 4206604
9 1 51 1 118 1 9232392434556612616 577305452648595968 33570832 13848573260804919308 864973153993491200 50364448 4616198427041079300 288794151008076032 16826416
10 1 52 1 119 1 36081590807347232 2309221810594383874 134283328 54060822091022384 3459892615973964803 201457792 18049634454765584 1155176604032304129 67305664
11 1 53 1 80 1 144326363229388928 9236887242377535496 537133312 216243288364089536 13839570463895859212 805831168 72198537819062336 4620706416129216516 269222656
12 1 54 1 81 1 577305452917555712 54060822091038752 2148533250 864973153456358144 18049634454782000 3223324675 288794151276249344 36081590807314448 1076890625
13 1 55 1 82 1 2309221811670222850 216243288364155008 4198408 3459892613825432579 72198537819128000 8396812 1155176605104997377 144326363229257792 12595204
14 1 56 1 83 1 9236887246680891400 864973153456620032 16793632 13839570455301730316 288794151276512000 33587248 4620706420419989508 577305452917031168 50380816
15 1 57 1 84 1 54060839304462368 3459892613826480130 67174528 18049600078266416 1155176605106048003 134348992 36081607970406416 2309221811668124673 201523264
16 1 58 1 85 1 216243357217849472 13839570455305920520 268698112 72198400313065664 4620706420424192012 537395968 144326431881625664 9236887246672498692 806093056
17 1 59 1 86 1 864973428871397888 18049600095027232 1074792451 288793601252262656 36081607987216432 2149583873 577305727526502656 54060839270891536 3224372226
13 2 45 2 115 2 1 0 0 2 0 0 3 0 0
14 2 46 2 116 2 4 0 0 8 0 0 12 0 0
15 2 47 2 117 2 16 0 0 32 0 0 48 0 0
16 2 48 2 118 2 64 0 0 128 0 0 192 0 0
17 2 49 2 119 2 256 0 0 512 0 0 768 0 0
18 2 50 2 80 2 1024 0 0 2048 0 0 3072 0 0
19 2 51 2 81 2 4096 0 0 8192 0 0 12288 0 0
20 2 52 2 82 2 16384 0 0 32768 0 0 49152 0 0
21 2 53 2 83 2 65536 0 0 131072 0 0 196608 0 0
22 2 54 2 84 2 262144 0 0 524288 0 0 786432 0 0
23 2 55 2 85 2 1048576 0 0 2097152 0 0 3145728 0 0
24 2 56 2 86 2 4194304 0 0 8388608 0 0 12582912 0 0
25 2 57 2 87 2 16777216 0 0 33554432 0 0 50331648 0 0
26 2 58 2 88 2 67108864 0 0 134217728 0 0 201326592 0 0
27 2 59 2 89 2 268435456 0 0 536870912 0 0 805306368 0 0
28 2 60 2 90 2 1073741824 0 0 2147483648 0 0 3221225472 0 0
29 2 61 2 91 2 4294967296 0 0 8589934592 0 0 12884901888 0 0
30 2 62 2 92 2 17179869184 0 0 34359738368 0 0 51539607552 0 0
31 2 63 2 93 2 68719476736 0 0 137438953472 0 0 206158430208 0 0
32 2 64 2 94 2 274877906944 0 0 549755813888 0 0 824633720832 0 0
33 2 65 2 95 2 1099511627776 0 0 2199023255552 0 0 3298534883328 0 0
34 2 66 2 96 2 4398046511104 0 0 8796093022208 0 0 13194139533312 0 0
35 2 67 2 97 2 17592186044416 0 0 35184372088832 0 0 52776558133248 0 0
36 2 68 2 98 2 70368744177664 0 0 140737488355328 0 0 211106232532992 0 0
37 2 69 2 99 2 281474976710656 0 0 562949953421312 0 0 844424930131968 0 0
38 2 70 2 100 2 1125899906842624 0 0 2251799813685248 0 0 3377699720527872 0 0
39 2 71 2 101 2 4503599627370496 0 0 9007199254740992 0 0 13510798882111488 0 0
0 2 72 2 102 2 18014398509481984 0 0 36028797018963968 0 0 54043195528445952 0 0
1 2 73 2 103 2 72057594037927936 0 0 144115188075855872 0 0 216172782113783808 0 0
2 2 74 2 104 2 288230376151711744 0 0 576460752303423488 0 0 864691128455135232 0 0
3 2 75 2 105 2 1152921504606846976 0 0 2305843009213693952 0 0 3458764513820540928 0 0
4 2 76 2 106 2 4611686018427387904 0 0 9223372036854775808 0 0 13835058055282163712 0 0
5 2 77 2 107 2 0 1 0 0 2 0 0 3 0
6 2 78 2 108 2 0 4 0 0 8 0 0 12 0
7 2 79 2 109 2 0 16 0 0 32 0 0 48 0
8 2 40 2 110 2 0 64 0 0 128 0 0 192 0
9 2 41 2 111 2 0 256 0 0 512 0 0 768 0
10 2 42 2 112 2 0 1024 0 0 2048 0 0 3072 0
11 2 43 2 113 2 0 4096 0 0 8192 0 0 12288 0
12 2 44 2 114 2 0 16384 0 0 32768 0 0 49152 0
0 2 77 1 87 1 0 0 0 0 0 0 0 0 0
1 2 78 1 88 1 0 0 0 0 0 0 0 0 0
2 2 79 1 89 1 0 0 0 0 0 0 0 0 0
3 2 40 1 90 1 0 0 0 0 0 0 0 0 0
4 2 41 1 91 1 0 0 0 0 0 0 0 0 0
5 2 42 1 92 1 0 0 0 0 0 0 0 0 0
6 2 43 1 93 1 0 0 0 0 0 0 0 0 0
7 2 44 1 94 1 0 0 0 0 0 0 0 0 0
8 2 45 1 95 1 0 0 0 0 0 0 0 0 0
9 2 46 1 96 1 0 0 0 0 0 0 0 0 0
10 2 47 1 97 1 0 0 0 0 0 0 0 0 0
11 2 48 1 98 1 0 0 0 0 0 0 0 0 0
12 2 49 1 99 1 0 0 0 0 0 0 0 0 0
13 2 50 1 100 1 0 0 0 0 0 0 0 0 0
14 2 51 1 101 1 0 0 0 0 0 0 0 0 0
15 2 52 1 102 1 0 0 0 0 0 0 0 0 0
16 2 53 1 103 1 0 0 0 0 0 0 0 0 0
17 2 54 1 104 1 0 0 0 0 0 0 0 0 0
18 2 55 1 105 1 0 0 0 0 0 0 0 0 0
19 2 56 1 106 1 0 0 0 0 0 0 0 0 0
20 2 57 1 107 1 0 0 0 0 0 0 0 0 0
21 2 58 1 108 1 0 0 0 0 0 0 0 0 0
22 2 59 1 109 1 0 0 0 0 0 0 0 0 0
23 2 60 1 110 1 0 0 0 0 0 0 0 0 0
24 2 61 1 111 1 0 0 0 0 0 0 0 0 0
25 2 62 1 112 1 0 0 0 0 0 0 0 0 0
26 2 63 1 113 1 0 0 0 0 0 0 0 0 0
27 2 64 1 114 1 0 0 0 0 0 0 0 0 0
28 2 65 1 115 1 0 0 0 0 0 0 0 0 0
29 2 66 1 116 1 0 0 0 0 0 0 0 0 0
30 2 67 1 117 1 0 0 0 0 0 0 0 0 0
31 2 68 1 118 1 0 0 0 0 0 0 0 0 0
32 2 69 1 119 1 0 0 0 0 0 0 0 0 0
33 2 70 1 80 1 0 0 0 0 0 0 0 0 0
34 2 71 1 81 1 0 0 0 0 0 0 0 0 0
35 2 72 1 82 1 0 0 0 0 0 0 0 0 0
36 2 73 1 83 1 0 0 0 0 0 0 0 0 0
37 2 74 1 84 1 0 0 0 0 0 0 0 0 0
38 2 75 1 85 1 0 0 0 0 0 0 0 0 0
39 2 76 1 86 1 0 0 0 0 0 0 0 0 0
13 1 40 2 85 1 0 0 0 0 0 0 0 0 0
14 1 41 2 86 1 0 0 0 0 0 0 0 0 0
15 1 42 2 87 1 0 0 0 0 0 0 0 0 0
16 1 43 2 88 1 0 0 0 0 0 0 0 0 0
17 1 44 2 89 1 0 0 0 0 0 0 0 0 0
18 1 45 2 90 1 0 0 0 0 0 0 0 0 0
19 1 46 2 91 1 0 0 0 0 0 0 0 0 0
20 1 47 2 92 1 0 0 0 0 0 0 0 0 0
21 1 48 2 93 1 0 0 0 0 0 0 0 0 0
22 1 49 2 94 1 0 0 0 0 0 0 0 0 0
23 1 50 2 95 1 0 0 0 0 0 0 0 0 0
24 1 51 2 96 1 0 0 0 0 0 0 0 0 0
25 1 52 2 97 1 0 0 0 0 0 0 0 0 0
26 1 53 2 98 1 0 0 0 0 0 0 0 0 0
27 1 54 2 99 1 0 0 0 0 0 0 0 0 0
28 1 55 2 100 1 0 0 0 0 0 0 0 0 0
29 1 56 2 101 1 0 0 0 0 0 0 0 0 0
30 1 57 2 102 1 0 0 0 0 0 0 0 0 0
31 1 58 2 103 1 0 0 0 0 0 0 0 0 0
32 1 59 2 104 1 0 0 0 0 0 0 0 0 0
33 1 60 2 105 1 0 0 0 0 0 0 0 0 0
34 1 61 2 106 1 0 0 0 0 0 0 0 0 0
35 1 62 2 107 1 0 0 0 0 0 0 0 0 0
36 1 63 2 108 1 0 0 0 0 0 0 0 0 0
37 1 64 2 109 1 0 0 0 0 0 0 0 0 0
38 1 65 2 110 1 0 0 0 0 0 0 0 0 0
39 1 66 2 111 1 0 0 0 0 0 0 0 0 0
0 1 67 2 112 1 0 0 0 0 0 0 0 0 0
1 1 68 2 113 1 0 0 0 0 0 0 0 0 0
2 1 69 2 114 1 0 0 0 0 0 0 0 0 0
3 1 70 2 115 1 0 0 0 0 0 0 0 0 0
4 1 71 2 116 1 0 0 0 0 0 0 0 0 0
5 1 72 2 117 1 0 0 0 0 0 0 0 0 0
6 1 73 2 118 1 0 0 0 0 0 0 0 0 0
7 1 74 2 119 1 0 0 0 0 0 0 0 0 0
8 1 75 2 80 1 0 0 0 0 0 0 0 0 0
9 1 76 2 81 1 0 0 0 0 0 0 0 0 0
10 1 77 2 82 1 0 0 0 0 0 0 0 0 0
11 1 78 2 83 1 0 0 0 0 0 0 0 0 0
12 1 79 2 84 1 0 0 0 0 0 0 0 0 0
38 1 45 1 80 2 0 0 0 0 0 0 0 0 0
39 1 46 1 81 2 0 0 0 0 0 0 0 0 0
0 1 47 1 82 2 0 0 0 0 0 0 0 0 0
1 1 48 1 83 2 0 0 0 0 0 0 0 0 0
2 1 49 1 84 2 0 0 0 0 0 0 0 0 0
3 1 50 1 85 2 0 0 0 0 0 0 0 0 0
4 1 51 1 86 2 0 0 0 0 0 0 0 0 0
5 1 52 1 87 2 0 0 0 0 0 0 0 0 0
6 1 53 1 88 2 0 0 0 0 0 0 0 0 0
7 1 54 1 89 2 0 0 0 0 0 0 0 0 0
8 1 55 1 90 2 0 0 0 0 0 0 0 0 0
9 1 56 1 91 2 0 0 0 0 0 0 0 0 0
10 1 57 1 92 2 0 0 0 0 0 0 0 0 0
11 1 58 1 93 2 0 0 0 0 0 0 0 0 0
12 1 59 1 94 2 0 0 0 0 0 0 0 0 0
13 1 60 1 95 2 0 0 0 0 0 0 0 0 0
14 1 61 1 96 2 0 0 0 0 0 0 0 0 0
15 1 62 1 97 2 0 0 0 0 0 0 0 0 0
16 1 63 1 98 2 0 0 0 0 0 0 0 0 0
17 1 64 1 99 2 0 0 0 0 0 0 0 0 0
18 1 65 1 100 2 0 0 0 0 0 0 0 0 0
19 1 66 1 101 2 0 0 0 0 0 0 0 0 0
20 1 67 1 102 2 0 0 0 0 0 0 0 0 0
21 1 68 1 103 2 0 0 0 0 0 0 0 0 0
22 1 69 1 104 2 0 0 0 0 0 0 0 0 0
23 1 70 1 105 2 0 0 0 0 0 0 0 0 0
24 1 71 1 106 2 0 0 0 0 0 0 0 0 0
25 1 72 1 107 2 0 0 0 0 0 0 0 0 0
26 1 73 1 108 2 0 0 0 0 0 0 0 0 0
27 1 74 1 109 2 0 0 0 0 0 0 0 0 0
28 1 75 1 110 2 0 0 0 0 0 0 0 0 0
29 1 76 1 111 2 0 0 0 0 0 0 0 0 0
30 1 77 1 112 2 0 0 0 0 0 0 0 0 0
31 1 78 1 113 2 0 0 0 0 0 0 0 0 0
32 1 79 1 114 2 0 0 0 0 0 0 0 0 0
33 1 40 1 115 2 0 0 0 0 0 0 0 0 0
34 1 41 1 116 2 0 0 0 0 0 0 0 0 0
35 1 42 1 117 2 0 0 0 0 0 0 0 0 0
36 1 43 1 118 2 0 0 0 0 0 0 0 0 0
37 1 44 1 119 2 0 0 0 0 0 0 0 0 0
38 3 60 3 115 3 0 65536 0 0 131072 0 0 196608 0
39 3 61 3 116 3 0 262144 0 0 524288 0 0 786432 0
0 3 62 3 117 3 0 1048576 0 0 2097152 0 0 3145728 0
1 3 63 3 118 3 0 4194304 0 0 8388608 0 0 12582912 0
2 3 64 3 119 3 0 16777216 0 0 33554432 0 0 50331648 0
3 3 65 3 80 3 0 67108864 0 0 134217728 0 0 201326592 0
4 3 66 3 81 3 0 268435456 0 0 536870912 0 0 805306368 0
5 3 67 3 82 3 0 1073741824 0 0 2147483648 0 0 3221225472 0
6 3 68 3 83 3 0 4294967296 0 0 8589934592 0 0 12884901888 0
7 3 69 3 84 3 0 17179869184 0 0 34359738368 0 0 51539607552 0
8 3 70 3 85 3 0 68719476736 0 0 137438953472 0 0 206158430208 0
9 3 71 3 86 3 0 274877906944 0 0 549755813888 0 0 824633720832 0
10 3 72 3 87 3 0 1099511627776 0 0 2199023255552 0 0 3298534883328 0
11 3 73 3 88 3 0 4398046511104 0 0 8796093022208 0 0 13194139533312 0
12 3 74 3 89 3 0 17592186044416 0 0 35184372088832 0 0 52776558133248 0
13 3 75 3 90 3 0 70368744177664 0 0 140737488355328 0 0 211106232532992 0
14 3 76 3 91 3 0 281474976710656 0 0 562949953421312 0 0 844424930131968 0
15 3 77 3 92 3 0 1125899906842624 0 0 2251799813685248 0 0 3377699720527872 0
16 3 78 3 93 3 0 4503599627370496 0 0 9007199254740992 0 0 13510798882111488 0
17 3 79 3 94 3 0 18014398509481984 0 0 36028797018963968 0 0 54043195528445952 0
18 3 40 3 95 3 0 72057594037927936 0 0 144115188075855872 0 0 216172782113783808 0
19 3 41 3 96 3 0 288230376151711744 0 0 576460752303423488 0 0 864691128455135232 0
20 3 42 3 97 3 0 1152921504606846976 0 0 2305843009213693952 0 0 3458764513820540928 0
21 3 43 3 98 3 0 4611686018427387904 0 0 9223372036854775808 0 0 13835058055282163712 0
22 3 44 3 99 3 0 0 1 0 0 2 0 0 3
23 3 45 3 100 3 0 0 4 0 0 8 0 0 12
24 3 46 3 101 3 0 0 16 0 0 32 0 0 48
25 3 47 3 102 3 0 0 64 0 0 128 0 0 192
26 3 48 3 103 3 0 0 256 0 0 512 0 0 768
27 3 49 3 104 3 0 0 1024 0 0 2048 0 0 3072
28 3 50 3 105 3 0 0 4096 0 0 8192 0 0 12288
29 3 51 3 106 3 0 0 16384 0 0 32768 0 0 49152
30 3 52 3 107 3 0 0 65536 0 0 131072 0 0 196608
31 3 53 3 108 3 0 0 262144 0 0 524288 0 0 786432
32 3 54 3 109 3 0 0 1048576 0 0 2097152 0 0 3145728
33 3 55 3 110 3 0 0 4194304 0 0 8388608 0 0 12582912
34 3 56 3 111 3 0 0 16777216 0 0 33554432 0 0 50331648
35 3 57 3 112 3 0 0 67108864 0 0 134217728 0 0 201326592
36 3 58 3 113 3 0 0 268435456 0 0 536870912 0 0 805306368
37 3 59 3 114 3 0 0 1073741824 0 0 2147483648 0 0 3221225472
