176 66 88 22
0 1 22 1 44 1
1 1 23 1 45 1
2 1 24 1 46 1
3 1 25 1 47 1
4 1 26 1 48 1
5 1 27 1 49 1
6 1 28 1 50 1
7 1 29 1 51 1
8 1 30 1 52 1
9 1 31 1 53 1
10 1 32 1 54 1
11 1 33 1 55 1
12 1 34 1 56 1
13 1 35 1 57 1
14 1 36 1 58 1
15 1 37 1 59 1
16 1 38 1 60 1
17 1 39 1 61 1
18 1 40 1 62 1
19 1 41 1 63 1
20 1 42 1 64 1
21 1 43 1 65 1
2 1 25 1 48 1
3 1 26 1 49 1
4 1 27 1 50 1
5 1 28 1 51 1
6 1 29 1 52 1
7 1 30 1 53 1
8 1 31 1 54 1
9 1 32 1 55 1
10 1 33 1 56 1
11 1 34 1 57 1
12 1 35 1 58 1
13 1 36 1 59 1
14 1 37 1 60 1
15 1 38 1 61 1
16 1 39 1 62 1
17 1 40 1 63 1
18 1 41 1 64 1
19 1 42 1 65 1
20 1 43 1 44 1
21 1 22 1 45 1
0 1 23 1 46 1
1 1 24 1 47 1
6 1 25 1 49 1
7 1 26 1 50 1
8 1 27 1 51 1
9 1 28 1 52 1
10 1 29 1 53 1
11 1 30 1 54 1
12 1 31 1 55 1
13 1 32 1 56 1
14 1 33 1 57 1
15 1 34 1 58 1
16 1 35 1 59 1
17 1 36 1 60 1
18 1 37 1 61 1
19 1 38 1 62 1
20 1 39 1 63 1
21 1 40 1 64 1
0 1 41 1 65 1
1 1 42 1 44 1
2 1 43 1 45 1
3 1 22 1 46 1
4 1 23 1 47 1
5 1 24 1 48 1
20 1 41 1 50 1
21 1 42 1 51 1
0 1 43 1 52 1
1 1 22 1 53 1
2 1 23 1 54 1
3 1 24 1 55 1
4 1 25 1 56 1
5 1 26 1 57 1
6 1 27 1 58 1
7 1 28 1 59 1
8 1 29 1 60 1
9 1 30 1 61 1
10 1 31 1 62 1
11 1 32 1 63 1
12 1 33 1 64 1
13 1 34 1 65 1
14 1 35 1 44 1
15 1 36 1 45 1
16 1 37 1 46 1
17 1 38 1 47 1
18 1 39 1 48 1
19 1 40 1 49 1
0 2 36 1 49 1
1 2 37 1 50 1
2 2 38 1 51 1
3 2 39 1 52 1
4 2 40 1 53 1
5 2 41 1 54 1
6 2 42 1 55 1
7 2 43 1 56 1
8 2 22 1 57 1
9 2 23 1 58 1
10 2 24 1 59 1
11 2 25 1 60 1
12 2 26 1 61 1
13 2 27 1 62 1
14 2 28 1 63 1
15 2 29 1 64 1
16 2 30 1 65 1
17 2 31 1 44 1
18 2 32 1 45 1
19 2 33 1 46 1
20 2 34 1 47 1
21 2 35 1 48 1
20 1 22 2 48 1
21 1 23 2 49 1
0 1 24 2 50 1
1 1 25 2 51 1
2 1 26 2 52 1
3 1 27 2 53 1
4 1 28 2 54 1
5 1 29 2 55 1
6 1 30 2 56 1
7 1 31 2 57 1
8 1 32 2 58 1
9 1 33 2 59 1
10 1 34 2 60 1
11 1 35 2 61 1
12 1 36 2 62 1
13 1 37 2 63 1
14 1 38 2 64 1
15 1 39 2 65 1
16 1 40 2 44 1
17 1 41 2 45 1
18 1 42 2 46 1
19 1 43 2 47 1
6 1 41 1 44 2
7 1 42 1 45 2
8 1 43 1 46 2
9 1 22 1 47 2
10 1 23 1 48 2
11 1 24 1 49 2
12 1 25 1 50 2
13 1 26 1 51 2
14 1 27 1 52 2
15 1 28 1 53 2
16 1 29 1 54 2
17 1 30 1 55 2
18 1 31 1 56 2
19 1 32 1 57 2
20 1 33 1 58 2
21 1 34 1 59 2
0 1 35 1 60 2
1 1 36 1 61 2
2 1 37 1 62 2
3 1 38 1 63 2
4 1 39 1 64 2
5 1 40 1 65 2
2 1 36 1 50 1
3 1 37 1 51 1
4 1 38 1 52 1
5 1 39 1 53 1
6 1 40 1 54 1
7 1 41 1 55 1
8 1 42 1 56 1
9 1 43 1 57 1
10 1 22 1 58 1
11 1 23 1 59 1
12 1 24 1 60 1
13 1 25 1 61 1
14 1 26 1 62 1
15 1 27 1 63 1
16 1 28 1 64 1
17 1 29 1 65 1
18 1 30 1 44 1
19 1 31 1 45 1
20 1 32 1 46 1
21 1 33 1 47 1
0 1 34 1 48 1
1 1 35 1 49 1
4619567455516278800 524352
2306124553279012936 1574720
6925692008191246424 1050368
9239134911032557600 1048704
4612249106558025872 3149440
13851384016382492848 2100736
31525748355563584 2097409
9224498213116051744 6298880
9256023959055434080 4201473
63051496711127168 4194818
2252352522551872 12597761
65303844401316544 8402947
126120585608298752 8389632
4504705045103744 8418310
130625280988677504 28678
252241171216597504 2052
9027002276251904 59404
261268154163399424 57352
504482342433195008 4104
18054004552503808 118808
522536308326798848 114704
1008947092680345601 8208
36108009100813313 237616
1045055024471747584 229408
2017894185356496899 16416
72198426019776514 475232
2090092456757450753 458816
4035788370712993798 32832
144396852039553028 950464
4180184913514901506 917632
8071576741425987596 65664
288793704079106056 1900928
8360369827029803012 1835264
16143153482851975192 131328
577587408158212112 3801856
16720739654059606024 3670528
13839562891994398768 262657
1155174816316424224 7603712
14994735234409660432 7341057
9232381710279245920 525315
2310349632632848448 15207424
11542726395109769248 14682115
18036939034984640 1050627
4620699265265696896 13637636
4638726308696031296 12587015
36091470256013696 2101250
9241398530531393792 10498060
9277470209578107008 8396814
72182940516221696 4202496
36035395167191553 4218909
108213937628512513 16413
144365881032443392 8404992
72070790334383106 8437818
216427875257025026 32826
288731762060692481 32772
144141580672960516 98420
432855750514050053 65648
577445931939534850 65544
288265569159876617 196840
865711501023905803 131296
1154891863879069700 131088
576531138319753234 393680
1731423002047811606 262592
2309783727758139400 262176
1153062276639506468 787360
3462846004095623212 525184
268468304 0
137506062400 0
137774530576 0
536936608 0
275012124800 0
275549061152 0
1073873216 0
550024249600 0
551098122304 0
2147746432 0
1100048499200 0
1102196244608 0
4295492864 0
2200096998400 0
2204392489216 0
8590985728 0
4400193996800 0
4408784978432 0
17181971456 0
8800387993600 0
8817569956864 0
34359748609 0
8594137088 0
42953869313 0
68719497218 0
17188274176 0
85907738626 0
137438994436 0
34376548352 0
171815477252 0
274877988872 0
68753096704 0
343630954504 0
549755977744 0
137506193408 0
687261909008 0
1099511955488 0
275012386816 0
1374523818016 0
2199023910976 0
550024773632 0
2749047636032 0
4398047821952 0
1100049547264 0
5498095272064 0
8796095643904 0
2200099094528 0
10996190544128 0
5243393 0
4400193994753 0
4400199238144 0
10486786 0
8800387989506 0
8800398476288 0
16779269 0
8594128900 0
8610908161 0
33558538 0
17188257800 0
17221816322 0
67117076 0
34376515600 0
34443632644 0
134234152 0
68753031200 0
68887265288 0
6342194656280870912 1049088
4613938161838571520 393984
1732760094069833728 1442048
12684389312561741824 2098176
9227876323677143040 787968
3465520188139667456 2884096
6922034551413932032 4196353
9008573644734464 1575937
6931040376279334912 5768192
13844069102827864064 8392706
18017147289468928 3151874
13862080752558669824 11536384
9241411724132220928 8197
36051886764982272 6303744
9277417431407788032 6295557
36079374554890240 16395
72103773529964544 12607488
108090789106024448 12591115
72158749113974784 32786
144189954873884673 8437764
216199170393899009 8405014
144317498227949569 65568
288379909743575043 98316
432398340791992322 32812
288617404274049026 131136
576742227301105671 196632
864796681579790341 65624
577234808548098052 262272
1153484454602211342 393264
1729593363159580682 131248
1154469617096196104 524544
2306968909204422684 786528
3459186726319161364 262496
2308939234192392208 1049088
4613937818408845368 1573056
6918373452638322728 524992
4617878468384784416 2098176
9227875636817690736 3146112
13836746905276645456 1049984
9235756936769568832 4196352
9007199925829856 6292225
9226749736843739296 2099969
24769799829586048 8392705
18014399851659712 12584450
6755399977926976 4199939
49539599659172096 8198
36046391889363840 8391684
13528392141898368 8399874
99096791504388608 16392
72092783778727680 6156
27074376469841152 22532
198193583008777216 32784
144185567557455360 12312
54148752939682304 45064
396387166017554432 65568
288371135114910720 24624
108297505879364608 90128
792774332035108864 131136
576742270229821440 49248
216595011758729216 180256
1585548664070217728 262272
1153484540459642880 98496
433190023517458432 360512
3171097328140435456 524544
2306969080919285760 196992
866380047034916864 721024
8071576844572327960 656384
2886807636022493208 1443072
6346697912411553792 1835264
16143153689144655920 1312768
5773615272044986416 2886144
12693395824823107584 3670528
13839563304579760224 2625537
11547230544089972832 5772288
6940047575936663552 7341057
9232382535449968832 5251075
4647717014470394048 11544577
13880095151873327104 14682114
18038589376430464 10502147
9295434028940788096 6311942
9313463822223147008 12587013
36094770938905344 4227078
144141576358068992 12623881
180183570736742400 8396815
72189541882004992 8454152
288265560530093569 8470550
360384733655334913 16414
144361491577965569 131092
576548713242037251 163884
720769467314864130 32824
288722983155931138 262184
1153097426484074502 327768
1441538934629728260 65648
577445966311862276 524368
2306194852968149004 655536
2883077869259456520 131296
1154891932623724552 1048736
4612389705936298008 1311072
5766155738518913040 262592
2309783865247449104 2097472
9224779411872596016 2622144
11532311477037826080 525184
4619567730494898208 4194944
2814750035640416 5244289
4617878880366100544 1050369
9239135460989796416 8389888
5629500071280832 10488578
9235757760732201088 2100738
31526848270041216 2565
11276592328606080 4199940
24789039940894976 4201473
63053696540082432 5130
22553184657212160 8399880
49578079881789952 8402946
126124985266209280 10256
45106369314424320 22548
99173751949624320 28676
252249970532418560 20512
90212738628848640 45096
198347503899248640 57352
504482348878792705 41024
180425477253502977 90192
396677415616647168 114704
1008947105571540995 82048
360850954502811651 180384
793337239051444224 229408
2017894211143081990 164096
721701909005623302 360768
1586674478102888448 458816
4035788422286163980 328192
1443403818011246604 721536
3173348956205776896 917632
0 0
0 0
0 0
0 0
0 0
0 0
0 0
0 0
0 0
0 0
0 0
0 0
0 0
0 0
0 0
0 0
0 0
0 0
0 0
0 0
0 0
0 0
0 0
0 0
0 0
0 0
0 0
0 0
0 0
0 0
0 0
0 0
0 0
0 0
0 0
0 0
0 0
0 0
0 0
0 0
0 0
0 0
0 0
0 0
0 0
0 0
0 0
0 0
0 0
0 0
0 0
0 0
0 0
0 0
0 0
0 0
0 0
0 0
0 0
0 0
0 0
0 0
0 0
0 0
0 0
0 0
576742227280134144 131392
577868127186976768 256
1125899906842624 131136
1153484454560268288 262784
1155736254373953536 512
2251799813685248 262272
2306968909120536576 525568
2311472508747907072 1024
4503599627370496 524544
4613937818241073152 1051136
4622945017495814144 2048
9007199254740992 1049088
9227875636482146304 2102272
9245890034991628288 4096
18014398509481984 2098176
9007199254740992 4204545
45035996273704960 8193
36028797018963968 4196352
18014398509481984 8409090
90071992547409920 16386
72057594037927936 8392704
36046389205008384 40964
180161577280864256 32768
144115188075855872 8196
72092778410016768 81928
360323154561728512 65536
288230376151711744 16392
144185556820033536 163856
720646309123457024 131072
576460752303423488 32784
288371113640067072 327712
1441292618246914048 262144
1152921504606846976 65568
576742227280134144 655424
2882585236493828096 524288
2305843009213693952 131136
1153484454560268288 1310848
5765170472987656192 1048576
4611686018427387904 262272
2306968909120536576 2621696
11530340945975312384 2097152
9223372036854775808 524544
4613937818241073152 5243392
4613937818241073152 4194305
0 1049089
9227875636482146304 10486784
9227875636482146304 8388610
0 2098178
9007199254740992 4196357
9024791440785408 5
17592186044416 4196352
18014398509481984 8392714
18049582881570816 10
35184372088832 8392704
36046389205008384 8212
36116757949186048 16
70368744177664 8196
72092778410016768 16424
72233515898372096 32
140737488355328 16392
144185556820033536 32848
144467031796744192 64
281474976710656 32784
288371113640067072 65696
288934063593488384 128
562949953421312 65568
0 0
0 0
0 0
0 0
0 0
0 0
0 0
0 0
0 0
0 0
0 0
0 0
0 0
0 0
0 0
0 0
0 0
0 0
0 0
0 0
0 0
0 0
0 0
0 0
0 0
0 0
0 0
0 0
0 0
0 0
0 0
0 0
0 0
0 0
0 0
0 0
0 0
0 0
0 0
0 0
0 0
0 0
0 0
0 0
0 0
0 0
0 0
0 0
0 0
0 0
0 0
0 0
0 0
0 0
0 0
0 0
0 0
0 0
0 0
0 0
0 0
0 0
0 0
0 0
0 0
0 0
0 0
0 0
0 0
0 0
0 0
0 0
0 0
0 0
0 0
0 0
0 0
0 0
0 0
0 0
0 0
0 0
0 0
0 0
0 0
0 0
0 0
0 0
0 0
0 0
0 0
0 0
0 0
0 0
0 0
0 0
0 0
0 0
0 0
0 0
0 0
0 0
0 0
0 0
0 0
0 0
0 0
0 0
0 0
0 0
0 0
0 0
0 0
0 0
0 0
0 0
0 0
0 0
0 0
0 0
0 0
0 0
0 0
0 0
0 0
0 0
0 0
0 0
0 0
0 0
0 0
0 0
