132 352
8 1 44 88 132 176 220 264 308
9 0 1 45 89 133 177 221 265 309
8 3 46 90 134 178 222 266 310
9 2 3 47 91 135 179 223 267 311
8 5 48 92 136 180 224 268 312
9 4 5 49 93 137 181 225 269 313
8 7 50 94 138 182 226 270 314
9 6 7 51 95 139 183 227 271 315
8 9 52 96 140 184 228 272 316
9 8 9 53 97 141 185 229 273 317
8 11 54 98 142 186 230 274 318
9 10 11 55 99 143 187 231 275 319
8 13 56 100 144 188 232 276 320
9 12 13 57 101 145 189 233 277 321
8 15 58 102 146 190 234 278 322
9 14 15 59 103 147 191 235 279 323
8 17 60 104 148 192 236 280 324
9 16 17 61 105 149 193 237 281 325
8 19 62 106 150 194 238 282 326
9 18 19 63 107 151 195 239 283 327
8 21 64 108 152 196 240 284 328
9 20 21 65 109 153 197 241 285 329
8 23 66 110 154 198 242 286 330
9 22 23 67 111 155 199 243 287 331
8 25 68 112 156 200 244 288 332
9 24 25 69 113 157 201 245 289 333
8 27 70 114 158 202 246 290 334
9 26 27 71 115 159 203 247 291 335
8 29 72 116 160 204 248 292 336
9 28 29 73 117 161 205 249 293 337
8 31 74 118 162 206 250 294 338
9 30 31 75 119 163 207 251 295 339
8 33 76 120 164 208 252 296 340
9 32 33 77 121 165 209 253 297 341
8 35 78 122 166 210 254 298 342
9 34 35 79 123 167 211 255 299 343
8 37 80 124 168 212 256 300 344
9 36 37 81 125 169 213 257 301 345
8 39 82 126 170 214 258 302 346
9 38 39 83 127 171 215 259 303 347
8 41 84 128 172 216 260 304 348
9 40 41 85 129 173 217 261 305 349
8 43 86 130 174 218 262 306 350
9 42 43 87 131 175 219 263 307 351
8 0 87 112 154 178 224 270 340
9 1 86 87 113 155 179 225 271 341
8 2 45 114 156 180 226 272 342
9 3 44 45 115 157 181 227 273 343
8 4 47 116 158 182 228 274 344
9 5 46 47 117 159 183 229 275 345
8 6 49 118 160 184 230 276 346
9 7 48 49 119 161 185 231 277 347
8 8 51 120 162 186 232 278 348
9 9 50 51 121 163 187 233 279 349
8 10 53 122 164 188 234 280 350
9 11 52 53 123 165 189 235 281 351
8 12 55 124 166 190 236 282 308
9 13 54 55 125 167 191 237 283 309
8 14 57 126 168 192 238 284 310
9 15 56 57 127 169 193 239 285 311
8 16 59 128 170 194 240 286 312
9 17 58 59 129 171 195 241 287 313
8 18 61 130 172 196 242 288 314
9 19 60 61 131 173 197 243 289 315
8 20 63 88 174 198 244 290 316
9 21 62 63 89 175 199 245 291 317
8 22 65 90 132 200 246 292 318
9 23 64 65 91 133 201 247 293 319
8 24 67 92 134 202 248 294 320
9 25 66 67 93 135 203 249 295 321
8 26 69 94 136 204 250 296 322
9 27 68 69 95 137 205 251 297 323
8 28 71 96 138 206 252 298 324
9 29 70 71 97 139 207 253 299 325
8 30 73 98 140 208 254 300 326
9 31 72 73 99 141 209 255 301 327
8 32 75 100 142 210 256 302 328
9 33 74 75 101 143 211 257 303 329
8 34 77 102 144 212 258 304 330
9 35 76 77 103 145 213 259 305 331
8 36 79 104 146 214 260 306 332
9 37 78 79 105 147 215 261 307 333
8 38 81 106 148 216 262 264 334
9 39 80 81 107 149 217 263 265 335
8 40 83 108 150 218 220 266 336
9 41 82 83 109 151 219 221 267 337
8 42 85 110 152 176 222 268 338
9 43 84 85 111 153 177 223 269 339
8 0 64 111 156 210 248 296 324
9 1 65 110 111 157 211 249 297 325
8 2 66 113 158 212 250 298 326
9 3 67 112 113 159 213 251 299 327
8 4 68 115 160 214 252 300 328
9 5 69 114 115 161 215 253 301 329
8 6 70 117 162 216 254 302 330
9 7 71 116 117 163 217 255 303 331
8 8 72 119 164 218 256 304 332
9 9 73 118 119 165 219 257 305 333
8 10 74 121 166 176 258 306 334
9 11 75 120 121 167 177 259 307 335
8 12 76 123 168 178 260 264 336
9 13 77 122 123 169 179 261 265 337
8 14 78 125 170 180 262 266 338
9 15 79 124 125 171 181 263 267 339
8 16 80 127 172 182 220 268 340
9 17 81 126 127 173 183 221 269 341
8 18 82 129 174 184 222 270 342
9 19 83 128 129 175 185 223 271 343
8 20 84 131 132 186 224 272 344
9 21 85 130 131 133 187 225 273 345
8 22 86 89 134 188 226 274 346
9 23 87 88 89 135 189 227 275 347
8 24 44 91 136 190 228 276 348
9 25 45 90 91 137 191 229 277 349
8 26 46 93 138 192 230 278 350
9 27 47 92 93 139 193 231 279 351
8 28 48 95 140 194 232 280 308
9 29 49 94 95 141 195 233 281 309
8 30 50 97 142 196 234 282 310
9 31 51 96 97 143 197 235 283 311
8 32 52 99 144 198 236 284 312
9 33 53 98 99 145 199 237 285 313
8 34 54 101 146 200 238 286 314
9 35 55 100 101 147 201 239 287 315
8 36 56 103 148 202 240 288 316
9 37 57 102 103 149 203 241 289 317
8 38 58 105 150 204 242 290 318
9 39 59 104 105 151 205 243 291 319
8 40 60 107 152 206 244 292 320
9 41 61 106 107 153 207 245 293 321
8 42 62 109 154 208 246 294 322
9 43 63 108 109 155 209 247 295 323
