320 120 160 40
0 1 40 1 80 1
1 1 41 1 81 1
2 1 42 1 82 1
3 1 43 1 83 1
4 1 44 1 84 1
5 1 45 1 85 1
6 1 46 1 86 1
7 1 47 1 87 1
8 1 48 1 88 1
9 1 49 1 89 1
10 1 50 1 90 1
11 1 51 1 91 1
12 1 52 1 92 1
13 1 53 1 93 1
14 1 54 1 94 1
15 1 55 1 95 1
16 1 56 1 96 1
17 1 57 1 97 1
18 1 58 1 98 1
19 1 59 1 99 1
20 1 60 1 100 1
21 1 61 1 101 1
22 1 62 1 102 1
23 1 63 1 103 1
24 1 64 1 104 1
25 1 65 1 105 1
26 1 66 1 106 1
27 1 67 1 107 1
28 1 68 1 108 1
29 1 69 1 109 1
30 1 70 1 110 1
31 1 71 1 111 1
32 1 72 1 112 1
33 1 73 1 113 1
34 1 74 1 114 1
35 1 75 1 115 1
36 1 76 1 116 1
37 1 77 1 117 1
38 1 78 1 118 1
39 1 79 1 119 1
14 1 72 1 84 1
15 1 73 1 85 1
16 1 74 1 86 1
17 1 75 1 87 1
18 1 76 1 88 1
19 1 77 1 89 1
20 1 78 1 90 1
21 1 79 1 91 1
22 1 40 1 92 1
23 1 41 1 93 1
24 1 42 1 94 1
25 1 43 1 95 1
26 1 44 1 96 1
27 1 45 1 97 1
28 1 46 1 98 1
29 1 47 1 99 1
30 1 48 1 100 1
31 1 49 1 101 1
32 1 50 1 102 1
33 1 51 1 103 1
34 1 52 1 104 1
35 1 53 1 105 1
36 1 54 1 106 1
37 1 55 1 107 1
38 1 56 1 108 1
39 1 57 1 109 1
0 1 58 1 110 1
1 1 59 1 111 1
2 1 60 1 112 1
3 1 61 1 113 1
4 1 62 1 114 1
5 1 63 1 115 1
6 1 64 1 116 1
7 1 65 1 117 1
8 1 66 1 118 1
9 1 67 1 119 1
10 1 68 1 80 1
11 1 69 1 81 1
12 1 70 1 82 1
13 1 71 1 83 1
28 1 56 1 117 1
29 1 57 1 118 1
30 1 58 1 119 1
31 1 59 1 80 1
32 1 60 1 81 1
33 1 61 1 82 1
34 1 62 1 83 1
35 1 63 1 84 1
36 1 64 1 85 1
37 1 65 1 86 1
38 1 66 1 87 1
39 1 67 1 88 1
0 1 68 1 89 1
1 1 69 1 90 1
2 1 70 1 91 1
3 1 71 1 92 1
4 1 72 1 93 1
5 1 73 1 94 1
6 1 74 1 95 1
7 1 75 1 96 1
8 1 76 1 97 1
9 1 77 1 98 1
10 1 78 1 99 1
11 1 79 1 100 1
12 1 40 1 101 1
13 1 41 1 102 1
14 1 42 1 103 1
15 1 43 1 104 1
16 1 44 1 105 1
17 1 45 1 106 1
18 1 46 1 107 1
19 1 47 1 108 1
20 1 48 1 109 1
21 1 49 1 110 1
22 1 50 1 111 1
23 1 51 1 112 1
24 1 52 1 113 1
25 1 53 1 114 1
26 1 54 1 115 1
27 1 55 1 116 1
14 1 76 1 117 1
15 1 77 1 118 1
16 1 78 1 119 1
17 1 79 1 80 1
18 1 40 1 81 1
19 1 41 1 82 1
20 1 42 1 83 1
21 1 43 1 84 1
22 1 44 1 85 1
23 1 45 1 86 1
24 1 46 1 87 1
25 1 47 1 88 1
26 1 48 1 89 1
27 1 49 1 90 1
28 1 50 1 91 1
29 1 51 1 92 1
30 1 52 1 93 1
31 1 53 1 94 1
32 1 54 1 95 1
33 1 55 1 96 1
34 1 56 1 97 1
35 1 57 1 98 1
36 1 58 1 99 1
37 1 59 1 100 1
38 1 60 1 101 1
39 1 61 1 102 1
0 1 62 1 103 1
1 1 63 1 104 1
2 1 64 1 105 1
3 1 65 1 106 1
4 1 66 1 107 1
5 1 67 1 108 1
6 1 68 1 109 1
7 1 69 1 110 1
8 1 70 1 111 1
9 1 71 1 112 1
10 1 72 1 113 1
11 1 73 1 114 1
12 1 74 1 115 1
13 1 75 1 116 1
0 2 72 1 86 1
1 2 73 1 87 1
2 2 74 1 88 1
3 2 75 1 89 1
4 2 76 1 90 1
5 2 77 1 91 1
6 2 78 1 92 1
7 2 79 1 93 1
8 2 40 1 94 1
9 2 41 1 95 1
10 2 42 1 96 1
11 2 43 1 97 1
12 2 44 1 98 1
13 2 45 1 99 1
14 2 46 1 100 1
15 2 47 1 101 1
16 2 48 1 102 1
17 2 49 1 103 1
18 2 50 1 104 1
19 2 51 1 105 1
20 2 52 1 106 1
21 2 53 1 107 1
22 2 54 1 108 1
23 2 55 1 109 1
24 2 56 1 110 1
25 2 57 1 111 1
26 2 58 1 112 1
27 2 59 1 113 1
28 2 60 1 114 1
29 2 61 1 115 1
30 2 62 1 116 1
31 2 63 1 117 1
32 2 64 1 118 1
33 2 65 1 119 1
34 2 66 1 80 1
35 2 67 1 81 1
36 2 68 1 82 1
37 2 69 1 83 1
38 2 70 1 84 1
39 2 71 1 85 1
28 1 40 2 84 1
29 1 41 2 85 1
30 1 42 2 86 1
31 1 43 2 87 1
32 1 44 2 88 1
33 1 45 2 89 1
34 1 46 2 90 1
35 1 47 2 91 1
36 1 48 2 92 1
37 1 49 2 93 1
38 1 50 2 94 1
39 1 51 2 95 1
0 1 52 2 96 1
1 1 53 2 97 1
2 1 54 2 98 1
3 1 55 2 99 1
4 1 56 2 100 1
5 1 57 2 101 1
6 1 58 2 102 1
7 1 59 2 103 1
8 1 60 2 104 1
9 1 61 2 105 1
10 1 62 2 106 1
11 1 63 2 107 1
12 1 64 2 108 1
13 1 65 2 109 1
14 1 66 2 110 1
15 1 67 2 111 1
16 1 68 2 112 1
17 1 69 2 113 1
18 1 70 2 114 1
19 1 71 2 115 1
20 1 72 2 116 1
21 1 73 2 117 1
22 1 74 2 118 1
23 1 75 2 119 1
24 1 76 2 80 1
25 1 77 2 81 1
26 1 78 2 82 1
27 1 79 2 83 1
3 1 56 1 80 2
4 1 57 1 81 2
5 1 58 1 82 2
6 1 59 1 83 2
7 1 60 1 84 2
8 1 61 1 85 2
9 1 62 1 86 2
10 1 63 1 87 2
11 1 64 1 88 2
12 1 65 1 89 2
13 1 66 1 90 2
14 1 67 1 91 2
15 1 68 1 92 2
16 1 69 1 93 2
17 1 70 1 94 2
18 1 71 1 95 2
19 1 72 1 96 2
20 1 73 1 97 2
21 1 74 1 98 2
22 1 75 1 99 2
23 1 76 1 100 2
24 1 77 1 101 2
25 1 78 1 102 2
26 1 79 1 103 2
27 1 40 1 104 2
28 1 41 1 105 2
29 1 42 1 106 2
30 1 43 1 107 2
31 1 44 1 108 2
32 1 45 1 109 2
33 1 46 1 110 2
34 1 47 1 111 2
35 1 48 1 112 2
36 1 49 1 113 2
37 1 50 1 114 2
38 1 51 1 115 2
39 1 52 1 116 2
0 1 53 1 117 2
1 1 54 1 118 2
2 1 55 1 119 2
3 1 76 1 86 1
4 1 77 1 87 1
5 1 78 1 88 1
6 1 79 1 89 1
7 1 40 1 90 1
8 1 41 1 91 1
9 1 42 1 92 1
10 1 43 1 93 1
11 1 44 1 94 1
12 1 45 1 95 1
13 1 46 1 96 1
14 1 47 1 97 1
15 1 48 1 98 1
16 1 49 1 99 1
17 1 50 1 100 1
18 1 51 1 101 1
19 1 52 1 102 1
20 1 53 1 103 1
21 1 54 1 104 1
22 1 55 1 105 1
23 1 56 1 106 1
24 1 57 1 107 1
25 1 58 1 108 1
26 1 59 1 109 1
27 1 60 1 110 1
28 1 61 1 111 1
29 1 62 1 112 1
30 1 63 1 113 1
31 1 64 1 114 1
32 1 65 1 115 1
33 1 66 1 116 1
34 1 67 1 117 1
35 1 68 1 118 1
36 1 69 1 119 1
37 1 70 1 80 1
38 1 71 1 81 1
39 1 72 1 82 1
0 1 73 1 83 1
1 1 74 1 84 1
2 1 75 1 85 1
4611694883306995720 577028169031227396 32768
4611686121577906184 9799833338914539520 33853440
8830456954880 9223940003338915844 33820672
9223389766613991440 1154056338062454792 65536
9223372243155812368 1152922604119527424 67706881
17660913909760 1135932968280072 67641345
35459518431264 2308112676124909585 131072
412602073120 2305845208239054849 135413762
35321827819520 2271865936560144 135282690
70919036862528 4616225352249819170 262144
825204146240 4611690416478109698 270827524
70643655639040 4543731873120288 270565380
141838073725057 9232450704499572804 524288
550896664705 9223380832956219396 541655048
142386822905856 9087463746175040 541130760
284775659077890 18157335289528456 1048577
1101793329411 17592202821640 1083310097
283674134183937 18174927492350080 1082261520
569551318155780 36314670579056912 2097154
2203586658822 35184405643280 2166620194
567348268367874 36349854984700160 2164523040
1139102636311560 571747120251424 4194308
4407173317644 72127962849214496 38273092
1134696536735748 72699709969465856 34078784
2278205272623120 1143494240502848 8388616
8814346635288 144255925698428992 76546184
2269393073471496 145399419938931712 68157568
4556410545246240 2286988481005696 16777232
17628693270576 288511851396857984 153092368
4538786146942992 290798839877863424 136315136
9112821090492480 4573976962011392 33554464
35257386541152 577023702793715968 306184736
9077572293885984 581597679755726848 272630272
18225642180984960 9147953924022784 67108928
70514773082304 1154047405587431936 612369472
18155144587771968 1163195359511453696 545260544
36451284361969920 18295907848045568 134217856
141029546164608 2308094811174863872 1224738944
36310289175543936 2326390719022907392 1090521088
72902568723939840 36591815696091136 268435712
282059092329216 4616189622349727744 2449477888
72620578351087872 4652781438045814784 2181042176
145805137447879681 1126037354254336 536871424
563018673030657 9304436838737383424 603988480
145242256213803520 9305562876091629568 67117056
291610274895759362 2252074708508672 1073742848
1126037346061314 162129603765215232 1207976961
290484512427607040 164381678473707520 134234113
583220549791518724 4504149417017344 2147485696
2252074692122628 324259207530430464 2415953922
580969024855214080 328763356947415040 268468226
1166441099583037448 81065892871962624 4096
4504149384245256 648518415060926464 536940548
1161938049710428160 585469119856967680 536936452
2332883298677702672 162131785743859712 8192
9008298768490513 1297036830121787392 1073881096
2323874999909228545 1170938239713935360 1073872904
4665766597355405344 324263571487719424 16384
18016597536981026 2594073660243574784 2147762192
4647749999818457090 2341876479427870720 2147745808
9331533194710810688 576469548937576448 32768
36033195073962052 5260204914525077504 557088
9295499999636914180 4683752958855806976 524320
216322315712069760 1152939097875152897 65536
72066390147924104 10520409829050155008 1114176
144255925564276744 9367505917711613953 1048640
432644631424139520 2305878195750305794 131072
144132780295848208 2594075584390758400 2228353
288511851128553488 288267761713676290 2097281
865289262848279040 4611756391500611588 262144
288265560591696416 5188151168781516800 4456706
577023702257106976 576535523427352580 4194562
1730578525696558080 9223512783001223176 524288
576531121183392832 10376302337563033600 8913412
1154047404514213952 1153071046854705160 8389124
3461157051393116160 281492292894736 1048577
1153062242366785664 2305860601416515584 17826825
2308094809028427904 2306142093709410320 16778248
6922314102786232320 562984585789472 2097154
2306124484733571328 4611721202833031168 35653650
4616189618056855808 4612284187418820640 33556496
13844628205572464640 1125969171578944 4194308
4612248969467142656 9223442405666062336 71307300
9232379236113711616 9224568374837641280 67112992
9242512337435377664 2251938343157889 8388616
9224497938934285312 140737622573056 142614601
18014398517871616 2392675965730945 134225985
38280601161203712 4503876686315779 16777232
2251804159019008 281475245146113 285229202
36028797035743232 4785351931461890 268451970
76561202322407424 9007753372631558 33554464
4503608318038016 562950490292226 570458404
72057594071486464 9570703862923780 536903940
153122404644814848 18015506745263116 67108928
9007216636076032 1125900980584452 1140916808
144115188142972928 19141407725847560 1073807880
306244809289629696 36031013490526232 134217856
18014433272152064 2251801961168904 2281833616
288230376285945856 38282815451695120 2147615760
612489618579259392 4432943190064 268435712
36028866544304128 76561197960265744 268699936
576460752571891712 76565630903455776 264224
1224979237158518784 8865886380128 536871424
72057733088608256 153122395920531488 537399872
1152921505143783424 153131261806911552 528448
2449958474317037568 17731772760256 1073742848
144115466177216512 306244791841062976 1074799744
2305843010287566848 306262523613823104 1056896
4899916948634075136 35463545520512 2147485696
288230932354433024 612489583682125952 2149599488
4611686020575133696 612525047227646208 2113792
9799833897268150273 72128521128903424 4096
576460765197238273 1224979167364317440 4231680
9223373140661895168 1152992500417364480 4227584
1152923720826748930 144257042257806849 8192
1152921530394476546 2449958334728634880 8463360
2207614238720 2305985000834728961 8455168
2305847441653497860 288514084515613698 16384
2305843060788953092 4899916669457269760 16926720
4415228477440 4611970001669457922 16910336
13907186086787940416 9223372590973190146 33554432
9295429630938906688 9800395739120013314 33587460
4611756455933050880 577024256383651840 33028
9367628099866329216 1108236828677 67108865
144115188168261760 1154047404530475013 67174921
9223512911866101760 1154048512767303680 66056
288512126023106816 2216473657355 134217730
288230376336523520 2308094809060950026 134349842
281750022651904 2308097025534607361 132112
577024252046213632 4432947314710 268435460
576460752673047040 4616189618121900052 268699684
563500045303808 4616194051069214722 264224
1154047404580799489 8865894629420 536870920
1152922604857721856 9232379236243734568 537399368
1127000090607617 9232388102138363908 528448
2308094809161598978 17731789258840 1073741840
2305845209715443712 18014398777917520 1074798737
2254000181215234 18032130567176200 1056897
4616189618323197956 35463578517680 2147483680
4611690419430887424 36028797555835040 2149597474
4508000362430468 36064261134352400 2113794
9232379236646395912 72128521194963296 64
9223380838861774848 72057595111735616 4227652
9016000724860936 70928230842400 4227588
18014399583240208 144257042389926593 128
17604013998080 144115190223471233 8455304
18032001449721872 141856461684800 8455176
36028799166480416 288514084779853186 256
35208027996160 288230380446942466 16910608
36064002899443744 283712923369600 16910352
72057598332960832 577028169559706372 512
70416055992320 576460760893884932 33821216
72128005798887488 567425846739200 33820704
144115196665921664 1154056339119412744 1024
140832111984640 1152921521787769864 67642432
144256011597774976 1134851693478400 67641408
288230393331843328 2308112678238825488 2048
281664223969280 2305843043575539728 135284864
288512023195549952 2269703386956800 135282816
576460786663686656 4616225356477650976 4096
563328447938560 4611686087151079456 270569728
577024046391099904 4539406773913600 270565632
1152921573327373312 9232450712955301952 8192
1126656895877120 9223372174302158912 541139456
1154048092782199808 9078813547827200 541131264
2305844246166374400 18157352200986752 16385
2253313791754241 274894700672 1082278913
2308095086052771841 18157627095654400 1082262528
4611688492332748800 36314704401973504 32770
4506627583508482 549789401344 2164557826
4616190172105543682 36315254191308800 2164525056
9223378084177125376 571814766019072 65540
9013255167016965 72058693616665088 34148356
9232379244699459589 72630508382683136 34082816
12094644699137 1143629531972609 131080
18025410822406155 144117387233330176 68296712
18015515200995338 145261016765300737 68165632
24189289398274 2287259063945218 262160
36050821644812310 288234774466660352 136593424
36031030401990676 290522033530601474 136331264
48378578796548 4574518127890436 524320
72101643289624620 576469548933320704 273186848
72062060803981352 581044067061202948 272662528
96757157593096 9149036255780872 1048640
144203286579249240 1152939097866641408 546373696
144124121607962704 1162088134122405896 545325056
193514315186192 18298072511561744 2097280
288406573158498480 2305878195733282816 1092747392
288248243215925408 2324176268244811792 1090650112
387028630372384 36596145023123488 4194560
576813146316996960 4611756391466565632 2185494784
576496486431850816 4648352536489623584 2181300224
775156772372544 1134696008319040 8389120
1153626292633993921 9295570376970993664 76022272
1152991873352073857 9296705072979312704 67633152
1550313544745088 2269392016638080 16778240
2307252585267987842 144396680232435712 152044545
2305983746704147714 146666072249073792 135266305
3100627089490176 4538784033276160 33556480
4614505170535975684 288793360464871424 304089090
4611967493408295428 293332144498147584 270532610
6201254178980352 9077568066552320 67112960
9229010341071951368 577586720929742848 608178180
9223934986816590856 586664288996295168 541065220
12402508357960704 18155136133104640 134225920
11276608434351120 1155173441859485697 1216356360
1125899923630096 1173328577992590337 1082130440
24805016715921408 36310272266209280 268451840
22553216868702240 2310346883718971394 2432712720
2251799847260192 2346657155985180674 2164260880
49610033431842816 562950494556160 536903680
45106433737404480 4692751361475870724 570458144
4503599694520384 4693314311970426884 33554464
99220066863685632 1125900989112320 1073807360
90212867474808960 9385502722951741448 1140916288
9007199389040768 9386628623940853768 67108928
198440133727371264 2251801978224640 2147614720
180425734949617920 324261372193931280 2281832577
18014398778081536 326513174172155920 134217857
396880267454742528 76561197994377216 262144
360851469899235840 648522744387928096 268697858
36028797556163072 580968754306449440 268435714
793760534909485057 153122395988688896 524288
721701840286843905 1297045488775856192 537395716
72058694623953920 1161937508612833344 536871428
1587521069818970114 306244791977377792 1048576
1443403680573687810 2594090977551712384 1074791432
144117389247907840 2323875017225666688 1073742856
3175042139637940228 612489583954755584 2097152
2886807361147375620 5188181955103424768 2149582864
288234778495815680 4647750034451333376 2147485712
6350084279275880456 1152921573871648768 4194304
5773614722294751240 10448421504244777472 4198432
576469556991631360 9295500068902732288 4128
12700168558551760912 2305843147743297536 8388608
11547229444589502480 2450098934780003328 8396865
1152939113983262720 144256064095912960 8257
6953593043393970208 4611686295486595073 16777216
4647714815469453344 4900197869560006657 16793730
2305878227966525440 288512128191825920 16514
9295499999703990344 4100 0
9295438495780765760 4096 0
79233565130760 4 0
144255925698429072 8201 0
144132917851979904 8193 0
158467130261520 8 0
288511851396858144 16402 0
288265835703959808 16386 0
316934260523040 16 0
577023702793716288 32804 0
576531671407919616 32772 0
633868521046080 32 0
1154048505099060352 72 0
1153063342815839233 8 0
1266637530464385 64 0
2308097010198120704 144 0
2306126685631678466 16 0
2533275060928770 128 0
4616194020396241408 288 0
4612253371263356932 32 0
5066550121857540 256 0
9232388040792482816 576 0
9224506742526713864 64 0
10133100243715080 512 0
18032007875414016 1153 0
2269411343876112 129 0
20266200487430160 1024 0
36064015750828032 2306 0
4538822687752224 258 0
40532400974860320 2048 0
72128031501656064 4612 0
9077645375504448 516 0
81064801949720640 4096 0
144256063003312128 9224 0
18155290751008896 1032 0
162129603899441280 8192 0
288512126006624256 18448 0
36310581502017792 2064 0
324259207798882560 16384 0
577024252013248512 36896 0
72621163004035584 4128 0
648518415597765120 32768 0
1154048504026497025 8256 0
145241226496443393 8256 0
1297037930707158016 0 0
2308097008052994050 16512 0
290482452992886786 16512 0
2594075861414316032 0 0
4616194016105988100 33024 0
580964905985773572 33024 0
5188151722828632064 0 0
9232389131723603976 512 0
1161929811971547145 512 0
10376302346145636353 0 0
18034189737656336 1025 0
2323859623943094290 1024 0
2305860618581721090 1 0
36068379475312672 2050 0
4647719247886188580 2048 0
4611721237163442180 2 0
72136758950625344 4100 0
9295438495772377160 4096 0
9223442474326884360 4 0
144273517901250688 8200 0
144132917835202704 8193 0
140874944217104 9 0
288547035802501376 16400 0
288265835670405408 16386 0
281749888434208 18 0
577094071605002752 32800 0
576531671340810816 32772 0
563499776868416 36 0
1154189242721633280 64 0
1153063342681621633 8 0
1125900042109057 72 0
2308378485443266560 128 0
2306126685363243266 16 0
2251800084218114 144 0
4616756970886533120 256 0
4612253370726486532 32 0
4503600168436228 288 0
9233513941773066240 512 0
9224506741452973064 64 0
9007200336872456 576 0
20283809836580864 1025 0
2269409196394512 129 0
18014400673744912 1152 0
40567619673161728 2050 0
4538818392789024 258 0
36028801347489824 2304 0
81135239346323456 4100 0
9077636785578048 516 0
72057602694979648 4608 0
162270478692646912 8200 0
18155273571156096 1032 0
144115205389959296 9216 0
324540957385293824 16400 0
36310547142312192 2064 0
288230410779918592 18432 0
649081914770587648 32800 0
72621094284624384 4128 0
576460821559837184 36864 0
1298163829541175297 64 0
145241089057620993 8256 0
1152922742631302144 8192 0
2596327659082350594 128 0
290482178115241986 16512 0
2305845485262604288 16384 0
5192655318164701188 256 0
580964356230483972 33024 0
4611690970525208576 32768 0
10385309536817774601 512 0
1161929811972595720 512 0
9223381941050417153 0 0
2323874999925997586 1025 0
2323859623945191440 1024 0
19808391282690 1 0
4647749999851995172 2050 0
4647719247890382880 2048 0
39616782565380 2 0
0 0 0
0 0 0
0 0 0
0 0 0
0 0 0
0 0 0
0 0 0
0 0 0
0 0 0
0 0 0
0 0 0
0 0 0
0 0 0
0 0 0
0 0 0
0 0 0
0 0 0
0 0 0
0 0 0
0 0 0
0 0 0
0 0 0
0 0 0
0 0 0
0 0 0
0 0 0
0 0 0
0 0 0
0 0 0
0 0 0
0 0 0
0 0 0
0 0 0
0 0 0
0 0 0
0 0 0
0 0 0
0 0 0
0 0 0
0 0 0
0 0 0
0 0 0
0 0 0
0 0 0
0 0 0
0 0 0
0 0 0
0 0 0
0 0 0
0 0 0
0 0 0
0 0 0
0 0 0
0 0 0
0 0 0
0 0 0
0 0 0
0 0 0
0 0 0
0 0 0
0 0 0
0 0 0
0 0 0
0 0 0
0 0 0
0 0 0
0 0 0
0 0 0
0 0 0
0 0 0
0 0 0
0 0 0
0 0 0
0 0 0
0 0 0
0 0 0
0 0 0
0 0 0
0 0 0
0 0 0
0 0 0
0 0 0
0 0 0
0 0 0
0 0 0
0 0 0
0 0 0
0 0 0
0 0 0
0 0 0
0 0 0
0 0 0
0 0 0
0 0 0
0 0 0
0 0 0
0 0 0
0 0 0
0 0 0
0 0 0
0 0 0
0 0 0
0 0 0
0 0 0
0 0 0
0 0 0
0 0 0
0 0 0
0 0 0
0 0 0
0 0 0
0 0 0
0 0 0
0 0 0
0 0 0
0 0 0
0 0 0
0 0 0
0 0 0
0 0 0
0 0 0
0 0 0
0 0 0
0 0 0
0 0 0
0 0 0
0 0 0
0 0 0
0 0 0
0 0 0
0 0 0
0 0 0
0 0 0
0 0 0
0 0 0
0 0 0
0 0 0
0 0 0
0 0 0
0 0 0
0 0 0
0 0 0
0 0 0
0 0 0
0 0 0
0 0 0
0 0 0
0 0 0
0 0 0
0 0 0
0 0 0
0 0 0
0 0 0
0 0 0
0 0 0
0 0 0
0 0 0
0 0 0
0 0 0
0 0 0
0 0 0
0 0 0
0 0 0
0 0 0
0 0 0
0 0 0
0 0 0
0 0 0
0 0 0
0 0 0
0 0 0
0 0 0
0 0 0
0 0 0
0 0 0
0 0 0
0 0 0
0 0 0
0 0 0
0 0 0
0 0 0
0 0 0
0 0 0
0 0 0
0 0 0
0 0 0
0 0 0
0 0 0
0 0 0
0 0 0
0 0 0
0 0 0
0 0 0
0 0 0
0 0 0
0 0 0
0 0 0
0 0 0
0 0 0
0 0 0
0 0 0
0 0 0
0 0 0
0 0 0
0 0 0
0 0 0
0 0 0
0 0 0
0 0 0
0 0 0
0 0 0
0 0 0
0 0 0
0 0 0
0 0 0
0 0 0
0 0 0
0 0 0
0 0 0
0 0 0
0 0 0
0 0 0
0 0 0
0 0 0
0 0 0
0 0 0
0 0 0
0 0 0
0 0 0
0 0 0
0 0 0
0 0 0
0 0 0
0 0 0
0 0 0
0 0 0
0 0 0
0 0 0
0 0 0
0 0 0
0 0 0
0 0 0
0 0 0
0 0 0
0 0 0
0 0 0
0 0 0
0 0 0
0 0 0
0 0 0
0 0 0
0 0 0
0 0 0
0 0 0
0 0 0
0 0 0
0 0 0
0 0 0
0 0 0
0 0 0
0 0 0
0 0 0
0 0 0
0 0 0
0 0 0
0 0 0
0 0 0
0 0 0
0 0 0
0 0 0
0 0 0
0 0 0
0 0 0
0 0 0
0 0 0
0 0 0
0 0 0
0 0 0
0 0 0
0 0 0
0 0 0
0 0 0
0 0 0
0 0 0
0 0 0
0 0 0
0 0 0
0 0 0
0 0 0
0 0 0
0 0 0
0 0 0
0 0 0
0 0 0
0 0 0
0 0 0
0 0 0
0 0 0
0 0 0
0 0 0
0 0 0
0 0 0
0 0 0
0 0 0
0 0 0
0 0 0
0 0 0
0 0 0
0 0 0
0 0 0
0 0 0
0 0 0
0 0 0
0 0 0
0 0 0
0 0 0
0 0 0
0 0 0
0 0 0
0 0 0
0 0 0
0 0 0
0 0 0
0 0 0
0 0 0
0 0 0
0 0 0
0 0 0
0 0 0
0 0 0
0 0 0
0 0 0
0 0 0
0 0 0
0 0 0
0 0 0
0 0 0
0 0 0
0 0 0
0 0 0
0 0 0
0 0 0
0 0 0
0 0 0
0 0 0
0 0 0
0 0 0
0 0 0
0 0 0
0 0 0
0 0 0
0 0 0
0 0 0
0 0 0
0 0 0
0 0 0
0 0 0
0 0 0
0 0 0
0 0 0
0 5192650924409487360 262144
0 4611690416478617600 268730624
0 580969304032280576 268468480
0 10385301848818974720 524288
0 9223380832957235200 537461248
0 1161938608064561152 536936960
0 2323859623928397824 1048577
0 17592204918784 1074922497
0 2323877216129122304 1073873920
0 4647719247856795648 2097154
0 35184409837568 2149844994
0 4647754432258244608 2147747840
0 9223380901675728896 4194308
0 72127962857603072 4722692
0 9295508864516554752 528384
0 17729641906176 8388617
0 144255925715206144 9445384
0 144273655323557888 1056769
0 35459283812352 16777234
0 288511851430412288 18890768
0 288547310647115776 2113538
0 70918567624704 33554468
0 577023702860824576 37781536
0 577094621294231552 4227076
0 141837135249408 67108936
0 1154047405721649152 75563072
0 1154189242588463104 8454152
0 283674270498816 134217872
0 2308094811443298304 151126144
0 2308378485176926208 16908304
0 567348540997632 268435744
0 4616189622886596608 302252288
0 4616756970353852416 33816608
0 1134697081995264 536871488
0 9232379245773193216 604504576
0 9233513940707704832 67633216
0 2269394163990528 1073742976
0 18014417836834816 1209009153
0 20283807705858048 135266433
0 4538788327981056 2147485952
0 36028835673669632 2418018306
0 40567615411716096 270532866
0 81135170693890048 4608
0 72057671347404800 541069316
0 9077636785569792 541065732
0 162270341387780096 9216
0 144115342694809600 1082138632
0 18155273571139584 1082131464
0 324540682775560192 18432
0 288230685389619200 2164277264
0 36310547142279168 2164262928
0 577023771513257984 36864
0 648518964817166336 33587232
0 72621094284623872 33558560
0 1154047543026515968 73728
0 1297037929634332672 67174464
0 145242188569247744 67117120
0 2308095086053031936 147456
0 2594075859268665344 134348928
0 290484377138495488 134234240
0 4616190172106063872 294912
0 5188151718537330688 268697856
0 580968754276990976 268468480
0 9232380344212127744 589824
0 10376303437074661376 537395712
0 1161937508553981952 536936960
0 18016614714703872 1179649
0 2305862800439771136 1074791425
0 2323875017107963904 1073873920
0 36033229429407744 2359298
0 4611725600879542272 2149582850
0 4647750034215927808 2147747840
0 8864820953088 4718596
0 9295508795797012480 4198404
0 9295500068431921152 528384
0 17729641906176 9437192
0 144273517884473344 8396809
0 144256063154290688 1056769
0 35459283812352 18874384
0 288547035768946688 16793618
0 288512126308581376 2113538
0 70918567624704 37748768
0 577094071537893376 33587236
0 577024252617162752 4227076
0 141837135249408 75497536
0 1154188143075786752 67174472
0 1154048505234325504 8454152
0 283674270498816 150995072
0 2308376286151573504 134348944
0 2308097010468651008 16908304
0 567348540997632 301990144
0 4616752572303147008 268697888
0 4616194020937302016 33816608
0 1134697081995264 603980288
0 9233505144606294016 537395776
0 9232388041874604032 67633216
0 2269394163990528 1207960576
0 20266215503036416 1074791553
0 18032010039656448 135266433
0 4538788327981056 2415921152
0 40532431006072832 2149583106
0 36064020079312896 270532866
0 81135170693890048 536875008
0 81064862012211200 4198916
0 70446120763392 541065732
0 162270341387780096 1073750016
0 162129724024422400 8397832
0 140892241526784 1082131464
0 324540682775560192 2147500032
0 324259448048844800 16795664
0 281784483053568 2164262928
0 649081365551185920 32768
0 576461302059827200 33591328
0 72621163004035072 33558560
0 1298162731102371840 65536
0 1152922604119654400 67182656
0 145242326008070144 67117120
0 2596325462204743680 131072
0 2305845208239308800 134365312
0 290484652016140288 134234240
34359738368 4616190167878211590 36864
103179878400 5188147389210300422 268439556
68820140032 580964420722100224 268468228
68719476736 9232380335756423180 73728
206359756800 10376294778420600844 536879112
137640280064 1161928841444200448 536936456
137438953472 18016597803294744 147457
412719513600 2305845483131650072 1073758225
275280560128 2323857682888400896 1073872912
274877906944 36033195606589488 294914
825439027200 4611690966263300144 2147516450
550561120256 4647715365776801792 2147745824
1649267441664 8797175251040 589828
1650878054401 9295439526564462688 65604
1610612737 9295430731553669120 524352
3298534883329 17594350436544 1179656
2202244481027 144134979419373760 131209
1102732853250 144117389397721088 1048705
6597069766658 35188700873088 2359312
4404488962054 288269958838747520 262418
2205465706500 288234778795442176 2097410
13194139533316 70377401746176 4718624
8808977924108 576539917677495040 524836
4410931413000 576469557590884352 4194820
26388279066632 140754803492352 9437248
17617955848216 1153079835354990080 1049672
8821862826000 1152939115181768704 8389640
52776558133264 281509606984704 18874496
35235911696432 2306159670709980160 2099344
17643725652000 2305878230363537408 16779280
105553116266528 563019213969408 37748992
70471823392864 4612319341419960320 4198688
35287451304000 4611756460727074816 33558560
211106232533056 1126038427938816 75497984
140943646785728 9224638682839920640 8397376
70574902608000 9223512921454149632 67117120
422212465066112 2252076855877632 150995968
281887293571456 2533291970289664 16794753
141149805216000 281769198747648 134234241
844424930132224 4504153711755264 301991936
563774587142912 5066583940579328 33589506
282299610432000 563538397495296 268468482
1689949371892224 9008307423444992 603983872
1127549174285825 10133167881093120 67179012
563499709236225 1127076794990592 536936964
3380998255412224 18016614846824448 1207967744
2255098348571651 20266335762120704 134358024
1125899906844675 2254153589981184 1073873928
6761996510824448 36033229693648896 2415935488
4510196697143302 40532671524241408 268716048
2251799813689350 4508307179962368 2147747856
13523993021648896 72066459387363328 536903680
9020393394286604 9007749010620416 537432096
4503599627378700 81074208397852672 528416
27047986043297792 144132918774726656 1073807360
18040786788573208 18015498021240832 1074864192
9007199254757400 162148416795705344 1056832
54095972086595584 288265837549453312 2147614720
36081573577146416 36030996042481664 2149728384
18014398509514800 324296833591410688 2113664
108191944173191168 648589269136834560 262144
72163147154292832 72061992085028864 4489472
36028797019029600 576536073144958976 4227328
216383888346382336 1297178538273669120 524288
144326294308585664 144123984170057728 8978944
72057594038059200 1153072146289917952 8454656
432767776692764672 2594357076547338240 1048576
288652588617171328 288247968340115456 17957888
144115188076118400 2306144292579835904 16909312
865535553385529344 5188714153094676480 2097152
577305177234342656 576495936680230912 35915776
288230376152236800 4612288585159671808 33818624
1731071106771058688 10377428306189352960 4194304
1154610354468685312 1152991873360461824 71831552
576460752304473600 9224577170319343616 67637248
3462142213542117376 2308112538669154304 8388609
2309220708937370624 2305983746720923648 143663104
1152921504608947200 2410266929135616 135274497
6924284427084234752 4616225077338308608 16777218
4618441417874741248 4611967493441847296 287326208
2305843009217894400 4820533858271232 270548994
13848568854168469504 9232450154676617216 33554436
9236882835749482496 9223934986883694592 574652416
4611686018435788800 9641067716542464 541097988
9250393634627387392 18156235643682817 67108873
27021597789413376 1125900057837569 1149304833
9223372036871577600 19282135433084928 1082195976
54043195545223168 36312471287365635 134217746
54043195578826752 2251800115675138 2298609666
33603584 38564270866169857 2164391952
108086391090446336 567348536868870 268435492
108086391157653504 76561194269278212 302252036
67207168 77128541732405250 33816608
216172782180892672 1134697073737740 536870984
216172782315307008 153122388538556424 604504072
134414336 154257083464810500 67633216
432345564361785344 2269394147475480 1073741968
432345564630614016 306244777077112848 1209008144
268828672 308514166929621000 135266432
864691128723570688 4538788294950960 2147483936
864691129261228032 612489554154225696 2418016288
537657344 617028333859242000 270532864
1729382257447141376 81135170627829856 576
1729382258522456064 1224979108308516928 541065280
1075314688 1161999073680621600 541065728
3458764514894282752 162270341255659712 1152
3458764517044912128 2449958216617033856 1082130560
2150629376 2323998147361243200 1082131456
6917529029788565504 324540682511319424 2304
6917529034089824256 4899916433234067712 2164261120
4301258752 4647996294722486400 2164262912
13835058059577131008 577023770984776448 4608
13835058068179648512 9871890460506063360 33554944
8602517504 9295992589445038336 33558528
9223372045444710400 1154047541969552897 9216
9223372062649745408 1297036847302575105 67109889
17205035008 145241105180525056 67117057
17179869184 2308095083939105795 18432
51589939200 2594073694605150211 134219778
34410070016 290482210361050112 134234114
