288 108 144 36
0 2 36 1 72 1
1 2 37 1 73 1
2 2 38 1 74 1
3 2 39 1 75 1
4 2 40 1 76 1
5 2 41 1 77 1
6 2 42 1 78 1
7 2 43 1 79 1
8 2 44 1 80 1
9 2 45 1 81 1
10 2 46 1 82 1
11 2 47 1 83 1
12 2 48 1 84 1
13 2 49 1 85 1
14 2 50 1 86 1
15 2 51 1 87 1
16 2 52 1 88 1
17 2 53 1 89 1
18 2 54 1 90 1
19 2 55 1 91 1
20 2 56 1 92 1
21 2 57 1 93 1
22 2 58 1 94 1
23 2 59 1 95 1
24 2 60 1 96 1
25 2 61 1 97 1
26 2 62 1 98 1
27 2 63 1 99 1
28 2 64 1 100 1
29 2 65 1 101 1
30 2 66 1 102 1
31 2 67 1 103 1
32 2 68 1 104 1
33 2 69 1 105 1
34 2 70 1 106 1
35 2 71 1 107 1
0 1 37 2 100 1
1 1 38 2 101 1
2 1 39 2 102 1
3 1 40 2 103 1
4 1 41 2 104 1
5 1 42 2 105 1
6 1 43 2 106 1
7 1 44 2 107 1
8 1 45 2 72 1
9 1 46 2 73 1
10 1 47 2 74 1
11 1 48 2 75 1
12 1 49 2 76 1
13 1 50 2 77 1
14 1 51 2 78 1
15 1 52 2 79 1
16 1 53 2 80 1
17 1 54 2 81 1
18 1 55 2 82 1
19 1 56 2 83 1
20 1 57 2 84 1
21 1 58 2 85 1
22 1 59 2 86 1
23 1 60 2 87 1
24 1 61 2 88 1
25 1 62 2 89 1
26 1 63 2 90 1
27 1 64 2 91 1
28 1 65 2 92 1
29 1 66 2 93 1
30 1 67 2 94 1
31 1 68 2 95 1
32 1 69 2 96 1
33 1 70 2 97 1
34 1 71 2 98 1
35 1 36 2 99 1
0 1 63 1 81 2
1 1 64 1 82 2
2 1 65 1 83 2
3 1 66 1 84 2
4 1 67 1 85 2
5 1 68 1 86 2
6 1 69 1 87 2
7 1 70 1 88 2
8 1 71 1 89 2
9 1 36 1 90 2
10 1 37 1 91 2
11 1 38 1 92 2
12 1 39 1 93 2
13 1 40 1 94 2
14 1 41 1 95 2
15 1 42 1 96 2
16 1 43 1 97 2
17 1 44 1 98 2
18 1 45 1 99 2
19 1 46 1 100 2
20 1 47 1 101 2
21 1 48 1 102 2
22 1 49 1 103 2
23 1 50 1 104 2
24 1 51 1 105 2
25 1 52 1 106 2
26 1 53 1 107 2
27 1 54 1 72 2
28 1 55 1 73 2
29 1 56 1 74 2
30 1 57 1 75 2
31 1 58 1 76 2
32 1 59 1 77 2
33 1 60 1 78 2
34 1 61 1 79 2
35 1 62 1 80 2
0 1 45 1 95 1
1 1 46 1 96 1
2 1 47 1 97 1
3 1 48 1 98 1
4 1 49 1 99 1
5 1 50 1 100 1
6 1 51 1 101 1
7 1 52 1 102 1
8 1 53 1 103 1
9 1 54 1 104 1
10 1 55 1 105 1
11 1 56 1 106 1
12 1 57 1 107 1
13 1 58 1 72 1
14 1 59 1 73 1
15 1 60 1 74 1
16 1 61 1 75 1
17 1 62 1 76 1
18 1 63 1 77 1
19 1 64 1 78 1
20 1 65 1 79 1
21 1 66 1 80 1
22 1 67 1 81 1
23 1 68 1 82 1
24 1 69 1 83 1
25 1 70 1 84 1
26 1 71 1 85 1
27 1 36 1 86 1
28 1 37 1 87 1
29 1 38 1 88 1
30 1 39 1 89 1
31 1 40 1 90 1
32 1 41 1 91 1
33 1 42 1 92 1
34 1 43 1 93 1
35 1 44 1 94 1
0 1 41 1 85 1
1 1 42 1 86 1
2 1 43 1 87 1
3 1 44 1 88 1
4 1 45 1 89 1
5 1 46 1 90 1
6 1 47 1 91 1
7 1 48 1 92 1
8 1 49 1 93 1
9 1 50 1 94 1
10 1 51 1 95 1
11 1 52 1 96 1
12 1 53 1 97 1
13 1 54 1 98 1
14 1 55 1 99 1
15 1 56 1 100 1
16 1 57 1 101 1
17 1 58 1 102 1
18 1 59 1 103 1
19 1 60 1 104 1
20 1 61 1 105 1
21 1 62 1 106 1
22 1 63 1 107 1
23 1 64 1 72 1
24 1 65 1 73 1
25 1 66 1 74 1
26 1 67 1 75 1
27 1 68 1 76 1
28 1 69 1 77 1
29 1 70 1 78 1
30 1 71 1 79 1
31 1 36 1 80 1
32 1 37 1 81 1
33 1 38 1 82 1
34 1 39 1 83 1
35 1 40 1 84 1
0 1 55 1 87 1
1 1 56 1 88 1
2 1 57 1 89 1
3 1 58 1 90 1
4 1 59 1 91 1
5 1 60 1 92 1
6 1 61 1 93 1
7 1 62 1 94 1
8 1 63 1 95 1
9 1 64 1 96 1
10 1 65 1 97 1
11 1 66 1 98 1
12 1 67 1 99 1
13 1 68 1 100 1
14 1 69 1 101 1
15 1 70 1 102 1
16 1 71 1 103 1
17 1 36 1 104 1
18 1 37 1 105 1
19 1 38 1 106 1
20 1 39 1 107 1
21 1 40 1 72 1
22 1 41 1 73 1
23 1 42 1 74 1
24 1 43 1 75 1
25 1 44 1 76 1
26 1 45 1 77 1
27 1 46 1 78 1
28 1 47 1 79 1
29 1 48 1 80 1
30 1 49 1 81 1
31 1 50 1 82 1
32 1 51 1 83 1
33 1 52 1 84 1
34 1 53 1 85 1
35 1 54 1 86 1
0 1 66 1 76 1
1 1 67 1 77 1
2 1 68 1 78 1
3 1 69 1 79 1
4 1 70 1 80 1
5 1 71 1 81 1
6 1 36 1 82 1
7 1 37 1 83 1
8 1 38 1 84 1
9 1 39 1 85 1
10 1 40 1 86 1
11 1 41 1 87 1
12 1 42 1 88 1
13 1 43 1 89 1
14 1 44 1 90 1
15 1 45 1 91 1
16 1 46 1 92 1
17 1 47 1 93 1
18 1 48 1 94 1
19 1 49 1 95 1
20 1 50 1 96 1
21 1 51 1 97 1
22 1 52 1 98 1
23 1 53 1 99 1
24 1 54 1 100 1
25 1 55 1 101 1
26 1 56 1 102 1
27 1 57 1 103 1
28 1 58 1 104 1
29 1 59 1 105 1
30 1 60 1 106 1
31 1 61 1 107 1
32 1 62 1 72 1
33 1 63 1 73 1
34 1 64 1 74 1
35 1 65 1 75 1
0 1 71 1 80 1
1 1 36 1 81 1
2 1 37 1 82 1
3 1 38 1 83 1
4 1 39 1 84 1
5 1 40 1 85 1
6 1 41 1 86 1
7 1 42 1 87 1
8 1 43 1 88 1
9 1 44 1 89 1
10 1 45 1 90 1
11 1 46 1 91 1
12 1 47 1 92 1
13 1 48 1 93 1
14 1 49 1 94 1
15 1 50 1 95 1
16 1 51 1 96 1
17 1 52 1 97 1
18 1 53 1 98 1
19 1 54 1 99 1
20 1 55 1 100 1
21 1 56 1 101 1
22 1 57 1 102 1
23 1 58 1 103 1
24 1 59 1 104 1
25 1 60 1 105 1
26 1 61 1 106 1
27 1 62 1 107 1
28 1 63 1 72 1
29 1 64 1 73 1
30 1 65 1 74 1
31 1 66 1 75 1
32 1 67 1 76 1
33 1 68 1 77 1
34 1 69 1 78 1
35 1 70 1 79 1
0 0 0
0 0 0
0 0 0
0 0 0
0 0 0
0 0 0
0 0 0
0 0 0
0 0 0
0 0 0
0 0 0
0 0 0
0 0 0
0 0 0
0 0 0
0 0 0
0 0 0
0 0 0
0 0 0
0 0 0
0 0 0
0 0 0
0 0 0
0 0 0
0 0 0
0 0 0
0 0 0
0 0 0
0 0 0
0 0 0
0 0 0
0 0 0
0 0 0
0 0 0
0 0 0
0 0 0
0 0 0
0 0 0
0 0 0
0 0 0
0 0 0
0 0 0
0 0 0
0 0 0
0 0 0
0 0 0
0 0 0
0 0 0
0 0 0
0 0 0
0 0 0
0 0 0
0 0 0
0 0 0
0 0 0
0 0 0
0 0 0
0 0 0
0 0 0
0 0 0
0 0 0
0 0 0
0 0 0
0 0 0
0 0 0
0 0 0
0 0 0
0 0 0
0 0 0
0 0 0
0 0 0
0 0 0
0 0 0
0 0 0
0 0 0
0 0 0
0 0 0
0 0 0
0 0 0
0 0 0
0 0 0
0 0 0
0 0 0
0 0 0
0 0 0
0 0 0
0 0 0
0 0 0
0 0 0
0 0 0
0 0 0
0 0 0
0 0 0
0 0 0
0 0 0
0 0 0
0 0 0
0 0 0
0 0 0
0 0 0
0 0 0
0 0 0
0 0 0
0 0 0
0 0 0
0 0 0
0 0 0
0 0 0
0 0 0
0 0 0
0 0 0
0 0 0
0 0 0
0 0 0
0 0 0
0 0 0
0 0 0
0 0 0
0 0 0
0 0 0
0 0 0
0 0 0
0 0 0
0 0 0
0 0 0
0 0 0
0 0 0
0 0 0
0 0 0
0 0 0
0 0 0
0 0 0
0 0 0
0 0 0
0 0 0
0 0 0
0 0 0
0 0 0
0 0 0
0 0 0
0 0 0
0 0 0
0 0 0
0 0 0
0 0 0
0 0 0
0 0 0
0 0 0
0 0 0
0 0 0
0 0 0
0 0 0
0 0 0
0 0 0
0 0 0
0 0 0
0 0 0
0 0 0
0 0 0
0 0 0
0 0 0
0 0 0
0 0 0
0 0 0
0 0 0
0 0 0
0 0 0
0 0 0
0 0 0
0 0 0
0 0 0
0 0 0
0 0 0
0 0 0
0 0 0
0 0 0
0 0 0
0 0 0
0 0 0
0 0 0
0 0 0
0 0 0
0 0 0
0 0 0
0 0 0
0 0 0
0 0 0
0 0 0
0 0 0
0 0 0
0 0 0
0 0 0
0 0 0
0 0 0
0 0 0
0 0 0
0 0 0
0 0 0
0 0 0
0 0 0
0 0 0
0 0 0
0 0 0
0 0 0
0 0 0
0 0 0
0 0 0
0 0 0
0 0 0
0 0 0
0 0 0
0 0 0
0 0 0
0 0 0
0 0 0
0 0 0
0 0 0
0 0 0
0 0 0
0 0 0
0 0 0
0 0 0
0 0 0
0 0 0
0 0 0
0 0 0
0 0 0
0 0 0
0 0 0
0 0 0
0 0 0
0 0 0
0 0 0
0 0 0
0 0 0
0 0 0
0 0 0
0 0 0
0 0 0
0 0 0
0 0 0
0 0 0
0 0 0
0 0 0
0 0 0
0 0 0
0 0 0
0 0 0
0 0 0
0 0 0
0 0 0
0 0 0
0 0 0
0 0 0
0 0 0
0 0 0
0 0 0
0 0 0
0 0 0
0 0 0
0 0 0
0 0 0
0 0 0
0 0 0
0 0 0
0 0 0
0 0 0
0 0 0
0 0 0
0 0 0
0 0 0
0 0 0
0 0 0
0 0 0
0 0 0
0 0 0
0 0 0
0 0 0
0 0 0
0 0 0
0 0 0
0 0 0
0 0 0
0 0 0
0 0 0
0 0 0
0 0 0
0 0 0
0 0 0
0 0 0
0 0 0
0 0 0
0 0 0
0 0 0
0 0 0
0 0 0
0 0 0
0 0 0
0 0 0
0 0 0
0 0 0
0 0 0
0 0 0
0 0 0
0 0 0
0 0 0
0 0 0
0 0 0
0 0 0
0 0 0
0 0 0
0 0 0
0 0 0
0 0 0
0 0 0
0 0 0
0 0 0
0 0 0
0 0 0
0 0 0
0 0 0
0 0 0
0 0 0
0 0 0
27021700978049537 0 0
9223407221227257857 128 0
9250428922204520960 128 0
54043333236622339 0 0
70437464440834 1 0
54113770699490305 1 0
108086666473244678 0 0
140874928881668 2 0
108227541398980610 2 0
216173332946489356 0 0
281749857763336 4 0
216455082797961220 4 0
432346665892978712 0 0
563499715526672 8 0
432910165595922440 8 0
864693331785957424 0 0
1126999431053344 16 0
865820331191844880 16 0
1729386663571914848 0 0
2253998862106688 32 0
1731640662383689760 32 0
3458773327143829696 0 0
4507997724213376 64 0
3463281324767379520 64 0
6917546654287659392 0 0
9015995448426752 128 0
6926562649534759040 128 0
13835093239855842049 0 0
18032059616330240 0 0
13853125299069518081 0 0
9223442406002132482 1 0
36064119232660480 0 0
9259506524429484546 1 0
140738294713348 3 0
72128238465320960 0 0
72268975149417476 3 0
281476589426696 6 0
144256476930641920 0 0
144537950298834952 6 0
562953178853392 12 0
288512953861283840 0 0
289075900597669904 12 0
1125906357706784 24 0
577025907722567680 0 0
578151801195339808 24 0
2251812715413568 48 0
1154051815445135360 0 0
1156303602390679616 48 0
4503625430827136 96 0
2308103630890270720 0 0
2312607204781359232 96 0
9007250861654272 192 0
4616207261780541440 0 0
4625214409562718464 192 0
18014501723308545 128 0
9232414454841606145 0 0
9250428887844913664 128 0
36029003446617091 0 0
18084767254183939 1 0
54113770699752448 1 0
72058006893234182 0 0
36169534508367878 2 0
108227541399504896 2 0
144116013786468364 0 0
72339069016735756 4 0
216455082799009792 4 0
288232027572936728 0 0
144678138033471512 8 0
432910165598019584 8 0
576464055145873456 0 0
289356276066943024 16 0
865820331196039168 16 0
1152928110291746912 0 0
578712552133886048 32 0
1731640662392078336 32 0
2305856220583493824 0 0
1157425104267772096 64 0
3463281324784156672 64 0
4611712441166987648 0 0
2314850208535544192 128 0
6926562649568313344 128 0
9223424813614498561 0 0
4629700485790565120 0 0
13853125299136626689 0 0
105553519445506 1 0
9259400971581130240 0 0
9259506524563701762 1 0
211107038891012 2 0
72057869452708864 1 0
72268975417851908 3 0
422214077782024 4 0
144115738905417728 2 0
144537950835703816 6 0
844428155564048 8 0
288231477810835456 4 0
289075901671407632 12 0
1688856311128096 16 0
576462955621670912 8 0
578151803342815264 24 0
3377712622256192 32 0
1152925911243341824 16 0
1156303606685630528 48 0
6755425244512384 64 0
2305851822486683648 32 0
2312607213371261056 96 0
13510850489024768 128 0
4611703644973367296 64 0
4625214426742522112 192 0
13519698054414977 1649300996352 4096
9042383627026561 2305861700911366272 2048
4547683171828224 2305861151189107072 6144
27039327389353219 3298601992704 8192
18084835973529858 4611723401822732288 4096
9095366343656449 4611722302378213888 12288
54078654778706438 6597203985408 16384
36169671947059716 9223446803645464576 8192
18190732687312898 9223444604756427776 24576
108157309557412876 13194407970816 32768
72339343894119432 149533581377536 16385
36381465374625796 145135803303936 49153
216314619114825752 26388815941888 0
144678687788238864 281474976710912 32770
72762930749251592 307863792652288 32770
432629238229651504 35185445839616 0
289357375576477728 580542139466240 4
145525861498503184 615727585304832 4
865258476459303008 70370891679232 0
578714751152955456 1161084278932480 8
291051722997006368 1231455170609664 8
1730516952918606016 140741783358464 0
1157429502305910912 2322168557864960 16
582103445994012736 2462910341219328 16
3461033905837212032 281483566716928 0
2314859004611821824 4644337115729920 32
1164206891988025472 4925820682438656 32
6922067811674424064 562967133433856 0
4629718009223643648 9288674231459840 64
2328413783976050944 9851641364877312 64
13844135623348848128 1125934266867712 0
9259436018447287296 18577348462919680 128
4656827567952101888 19703282729754624 128
9241527172988144640 2251868533735425 0
72127963185022976 37154696925839361 256
9313655135904203776 39406565459509248 256
36310272266737664 4503737067470851 0
144255926370045952 74309393851678722 512
180566198098855936 78813130919018497 512
72620544533475328 9007474134941702 0
288511852740091904 148618787703357444 1024
361132396197711872 157626261838036994 1024
145241089066950656 18014948269883404 0
577023705480183808 297237575406714888 2048
722264792395423744 315252523676073988 2048
290482178133901312 36029896539766808 0
1154047410960367616 594475150813429776 4096
1444529584790847488 630505047352147976 4096
580964356267802624 72059793079533616 0
2308094821920735232 1188950301626859552 8192
2889059169581694976 1261010094704295952 8192
1161928712535605248 144119586159067232 0
4616189643841470464 2377900603253719104 16384
5778118339163389952 2522020189408591904 16384
2323857425071210496 288239172318134464 0
9232379287682940928 4755801206507438208 32768
11556236678326779904 5044040378817183808 32768
4647714918861897728 576460752450224512 0
18014501656330241 9511620005200920577 0
4665729214224531457 10088080757634367873 0
9295429837723795457 1152921504900448768 0
36028934593183747 576495936692289538 1
9331458497168539650 1729417441559183874 1
144115601738039298 2305843009800897537 0
72057869186367494 1152991873384579076 2
216172920627527684 3458834883118367749 2
288231203476078596 4611686019601795074 0
144115738372734988 2305983746769158152 4
432345841255055368 6917669766236735498 4
576462406952157192 9223372039203590148 0
288231476745469976 4611967493538316304 8
864691682510110736 13835339532473470996 8
1152924813904314384 4697628680 1
576462953490939952 9223934987076632608 16
1729383365020221472 9223934991237390376 17
2305849627808628768 9395257360 2
1152925906981879904 1125900443713600 33
3458766730040442944 1125908765229136 35
4611699255617257536 18790514720 4
2305851813963759808 2251800887427200 66
6917533460080885888 2251817530458272 70
9223398442515038337 37581029440 8
4611703696646996352 4503601774854144 132
13835066920161771777 4503635060916288 140
52811320525058 75162058881 16
9223407393293992704 9007203549708288 264
9223389766613991938 9007270121832577 280
105622641050117 150324117506 32
70644158957057 18014407099416577 528
35528237908996 18014540243664899 560
211245282100234 300648235012 64
141288317914114 36028814198833154 1056
71056475817992 36029080487329798 1120
422490564200468 601296470024 128
282576635828228 72057628397666308 2112
142112951635984 72058160974659596 2240
844981128400936 1202592940048 256
565153271656456 144115256795332616 4224
284225903271968 144116321949319192 4480
1689962256801872 2405185880096 512
1130306543312912 288230513590665232 8448
568451806543936 288232643898638384 8960
3379924513603744 4810371760192 1024
2260613086625824 576461027181330464 16896
1136903613087872 576465287797276768 17920
6759849027207488 9620743520384 2048
4521226173251648 1152922054362660928 33792
2273807226175744 1152930575594553536 35840
35321811828738 9223374304731726336 272
54078379900535298 35257520750592 8208
54043332968186368 9223409424545088000 8448
70643623657476 4535753901056 545
108156759801070596 70515041501184 16416
108086665936372736 74775380624384 16897
141287247314952 9071507802112 1090
216313519602141192 141030083002368 32832
216173331872745472 149550761248768 33794
282574494629904 550829560064 2180
432627039204282384 299652352049152 128
432346663745490944 299101522497792 2052
565148989259808 1101659120128 4360
865254078408564768 599304704098304 256
864693327490981888 598203044995584 4104
1130297978519616 2203318240256 8720
1730508156817129536 1198609408196608 512
1729386654981963776 1196406089991168 8208
2260595957039232 4406636480512 17440
3461016313634259072 2397218816393216 1024
3458773309963927552 2392812179982336 16416
4521191914078464 8813272961024 34880
6922032627268518144 4794437632786432 2048
6917546619927855104 4785624359964672 32832
9042383828156928 17626545922304 4224
13844065254537036288 9571283079528704 4096
13835093239855710208 9588840905973760 128
18084767656313856 35253091844608 8448
9241386435364520960 19142566159057409 8192
9223442406001868800 19177681811947521 256
36169535312627712 70506183689216 16896
36028797019490304 38285132318114819 16384
140738294185984 38355363623895043 512
72339070625255424 141012367378432 33792
72057594038980608 76570264636229638 32768
281476588371968 76710727247790086 1024
144678141250510848 299616920801280 2048
144115188077961216 153140529272459532 0
562953176743936 153403862309536012 2048
289356282501021696 599233841602560 4096
288230376155922432 306281058544919064 0
1125906353487872 306807724619072024 4096
578712565002043392 1198467683205120 8192
576460752311844864 612562117089838128 0
2251812706975744 613615449238144048 8192
1157425130004086784 2396935366410240 16384
1152921504623689728 1225124234179676256 0
4503625413951488 1227230898476288096 16384
2314850260008173568 4793870732820480 32768
2305843009247379456 2450248468359352512 0
9007250827902976 2454461796952576192 32768
4629700451296870401 9587741465641216 0
4611686087214235648 4900479344532660608 0
18014501655805953 4908941186091196544 0
9259400833874264067 19175482931282432 0
9223372243147948032 9800958689065320960 0
36029003311611907 9817882372182392832 0
72057594038976518 38350965862564865 0
412586344448 1155173304421090305 1
72058006623223814 1189020670655234048 1
144115188077953036 76701931725129730 0
825172688896 2310346608842180610 2
144116013246447628 2378041341310468096 2
288230376155906072 153403863450259460 0
1650345377792 4620693217684361220 4
288232026492895256 4756082682620936192 4
576460752311812144 306807726900518920 0
3300690755584 9241386435368722440 8
576464052985790512 9512165365241872384 8
1152921504623624288 613615453801037840 0
6601381511168 36028797027893264 17
1152928105971581024 577586656774193152 17
2305843009247248576 1227230907602075680 0
13202763022336 72057594055786528 34
2305856211943162048 1155173313548386304 34
4611686018494497152 2454461815204151360 0
26405526044672 144115188111573056 68
4611712423886324096 2310346627096772608 68
9223372036988994304 4908923630408302720 0
52811052089344 288230376223146112 136
9223424847772648192 4620693254193545216 136
68987913728 9817847260816605185 0
105622104178689 576460752446291968 272
105553116268033 9241386508387090433 272
137975827456 1188950447923658754 1
211244208357378 1152921504892583936 544
211106232536066 36028943064629250 545
275951654912 2377900895847317508 2
422488416714756 2305843009785167872 1088
422212465072132 72057886129258500 1090
551903309824 4755801791694635016 4
844976833429512 4611686019570335744 2176
844424930144264 144115772258517000 2180
1103806619648 9511603583389270032 8
1689953666859024 9223372039140671488 4352
1688849860288528 288231544517034000 4360
2207613239296 576463093068988448 17
3379907333718048 4571791360 8705
3377699720577056 576463089034068000 8720
4415226478592 1152926186137976896 34
6759814667436096 9143582720 17410
6755399441154112 1152926178068136000 17440
8830452957184 2305852372275953792 68
13519629334872192 18287165440 34820
13510798882308224 2305852356136272000 34880
17660905914369 4611687152365863168 136
27039189950267649 17628760375296 4104
27021666484093184 4611704712272544000 4224
288793602060982276 144115189185253380 130
985163496431620 2306124519089111040 134
288652863494699008 2450239708270170116 4
577587204121964552 288230378370506760 260
1970326992863240 4612249038178222080 268
577305726989398016 4900479416540340232 8
1155174408243929104 576460756741013520 520
3940653985726480 9224498076356444160 536
1154611453978796032 9800958833080680464 16
2310348816487858208 1152921513482027040 1040
7881307971452960 2252079003336704 1073
2309222907957592064 1155173592451809312 33
4620697632975716416 2305843026964054080 2080
15762615942905920 4504158006673408 2146
4618445815915184128 2310347184903618624 66
9241395265951432832 4611686053928108160 4160
31525231885811840 9008316013346816 4292
9236891631830368256 4620694369807237248 132
36046458193314049 9223372107856216065 8320
63050395052146945 18016632026693632 8584
27039258670661632 9241388739614474241 264
72092916386628098 142002880514 16641
126100790104293890 36033264053387264 17168
54078517341323264 36033405519396866 529
144185832773256196 284005761028 33282
252201580208587780 72066528106774528 34336
108157034682646528 72066811038793732 1058
288371665546512392 18160197566472 1028
504403160417175560 144133056213549312 3136
216314069365293056 144116029891543304 2116
576743331093024784 36320395132944 2056
1008806320834351120 288266112427098624 6272
432628138730586112 288232059783086608 4232
1153486662186049568 72640790265888 4112
2017612641668702240 576532224854197248 12544
865256277461172224 576464119566173216 8464
2306973324372099136 145281580531776 8224
4035225283337404480 1153064449708394496 25088
1730512554922344448 1152928239132346432 16928
4613946648744198272 290563161063552 16448
8070450566674808960 2306128899416788992 50176
3461025109844688896 2305856478264692864 33856
9227893297488396545 563534136082688 32896
16140901064630141185 4612275391019622400 34816
6922050288408854528 4611712956529385728 2176
9042521267241474 1144660458209793 256
13835058055550730754 9224550782039245057 4096
13844100576817709056 9223408320872727296 4352
18085042534482948 2289320916419586 512
9223372037391909892 2357490368938499 8193
9241457079925866496 72568035902977 8705
36170085068965896 4578641832839172 1024
1074268168 4714980737876999 16386
36170086142181376 145136071805955 17410
72340170137931792 9157283665678344 2048
2148536336 9429961475753998 32772
72340172284362752 290272143611910 34820
144680340275863584 18296975145312528 4096
4297072672 18877515137552412 8
144680344568725504 580544287224076 4104
289360680551727168 36593950290625056 8192
8594145344 37755030275104824 16
289360689137451008 1161088574448152 8208
578721361103454336 73187900581250112 16384
17188290688 75510060550209648 32
578721378274902016 2322177148896304 16416
1157442722206908672 146375801162500224 32768
34376581376 151020121100419296 64
1157442756549804032 4644354297792608 32832
2314885513133294080 292751602325000448 0
68753162753 302022650014794176 128
2314885444380131329 9306300781629632 128
4629770957547111425 585503204650000896 0
206225802242 604045300029588096 256
4629770888760262659 18612601563259008 256
9259541846374746115 1171006409300001792 0
481171081220 1208090600059175936 512
9259541777520525319 37225203126517760 512
72339619039940614 2342012818600003585 0
962342162440 2416181200118351872 1024
72339481331499022 74450406253035521 1024
144679238079881228 4684025637200007170 0
1924684324880 4832362400236703744 2048
144678962662998044 148900812506071042 2048
289358476159762456 9368051274400014340 0
3849368649760 9664724800473407488 4096
289357925325996088 297801625012142084 4096
578716952319524912 289358475090477064 1
7698737299520 882705527237263360 8193
578715850651992176 595603250024284168 8192
1157433904639049824 578716950180954128 2
15397474599040 1765411054474526720 16386
1157431701303984352 1191206500048568336 16384
2314867809278099648 1157433900361908256 4
30794949198080 3530822108949053440 32772
2314863402607968704 2382413000097136672 32768
4629735618556199296 2314850208537772352 8
61589898396160 7061661810084151296 8
4629726805215937408 4764826000194273600 0
9259471237112398592 4629700417075544704 16
123179796792320 14123323620168302592 16
9259453610431874816 9529652000388547200 0
72198400515245569 9259400834151089153 32
246290874107905 9799903166627053568 33
72163215873674752 612559927067542529 1
144396801030491138 72057594592626690 65
492581748215810 1153062259544555520 67
144326431747349504 1225119854135085058 2
0 9007199355404544 32896
0 6926562649534758912 32896
0 6917555450380681472 0
0 18031990896853504 256
0 13853125299069518080 256
0 13835093308575318784 0
0 36063981793707008 512
0 9259506524429484544 513
0 9223442543441085952 1
0 72127963587414016 1024
0 72268975149417472 1027
0 141013172620288 3
0 144255927174828032 2048
0 144537950298834944 2054
0 282026345240576 6
0 288511854349656064 4096
0 289075900597669888 4108
0 564052690481152 12
0 577023708699312128 8192
0 578151801195339776 8216
0 1128105380962304 24
0 1154047417398624256 16384
0 1156303602390679552 16432
0 2256210761924608 48
0 2308094834797248512 32768
0 2312607204781359104 32864
0 4512421523849216 96
0 4616207261780541440 0
0 4625214409562718464 192
0 9007250861654272 192
0 9232414523561082880 0
0 9250428819125436928 384
0 18014501723308544 384
0 18084973412614144 1
0 54113564541322240 769
0 36029003446617088 768
0 36169946825228288 2
0 108227129082644480 1538
0 72058006893234176 1536
0 72339893650456576 4
0 216454258165288960 3076
0 144116013786468352 3072
0 144679787300913152 8
0 432908516330577920 6152
0 288232027572936704 6144
0 289359574601826304 16
0 865817032661155840 12304
0 576464055145873408 12288
0 578719149203652608 32
0 1731634065322311680 24608
0 1152928110291746816 24576
0 1157438298407305216 64
0 3463268130644623360 49216
0 2305856220583493632 49152
0 2314859004628566272 128
0 6926553853475291136 32896
0 4611712441166987520 32768
0 4629700417071088384 256
0 13853125299136626688 256
0 9223424882333975296 0
0 9259400834142176768 512
0 9259506524563701760 513
0 105690958398976 1
0 72057594574801920 1025
0 72268975417851904 1027
0 211381916797952 2
0 144115189149603840 2050
0 144537950835703808 2054
0 422763833595904 4
0 288230378299207680 4100
0 289075901671407616 4108
0 845527667191808 8
0 576460756598415360 8200
0 578151803342815232 8216
0 1691055334383616 16
0 1152921513196830720 16400
0 1156303606685630464 16432
0 3382110668767232 32
0 2305843026393661440 32800
0 2312607213371260928 32864
0 6764221337534464 64
0 4611703644973367296 64
0 4625214426742522112 192
0 13510850489024768 128
0 9223407289946734592 128
0 9250428853485044224 384
0 27021700978049536 256
0 70506183917568 257
0 54113633260536832 769
0 54043401956099072 512
0 141012367835136 514
0 108227266521073664 1538
0 108086803912198144 1024
0 282024735670272 1028
0 216454533042147328 3076
0 216173607824396288 2048
0 564049471340544 2056
0 432909066084294656 6152
0 432347215648792576 4096
0 1128098942681088 4112
0 865818132168589312 12304
0 864694431297585152 8192
0 2256197885362176 8224
0 1731636264337178624 24608
0 1729388862595170304 16384
0 4512395770724352 16448
0 3463272528674357248 49216
0 3458777725190340608 32768
