352 132 176 44
0 1 44 1 88 1
1 1 45 1 89 1
2 1 46 1 90 1
3 1 47 1 91 1
4 1 48 1 92 1
5 1 49 1 93 1
6 1 50 1 94 1
7 1 51 1 95 1
8 1 52 1 96 1
9 1 53 1 97 1
10 1 54 1 98 1
11 1 55 1 99 1
12 1 56 1 100 1
13 1 57 1 101 1
14 1 58 1 102 1
15 1 59 1 103 1
16 1 60 1 104 1
17 1 61 1 105 1
18 1 62 1 106 1
19 1 63 1 107 1
20 1 64 1 108 1
21 1 65 1 109 1
22 1 66 1 110 1
23 1 67 1 111 1
24 1 68 1 112 1
25 1 69 1 113 1
26 1 70 1 114 1
27 1 71 1 115 1
28 1 72 1 116 1
29 1 73 1 117 1
30 1 74 1 118 1
31 1 75 1 119 1
32 1 76 1 120 1
33 1 77 1 121 1
34 1 78 1 122 1
35 1 79 1 123 1
36 1 80 1 124 1
37 1 81 1 125 1
38 1 82 1 126 1
39 1 83 1 127 1
40 1 84 1 128 1
41 1 85 1 129 1
42 1 86 1 130 1
43 1 87 1 131 1
21 1 69 1 97 1
22 1 70 1 98 1
23 1 71 1 99 1
24 1 72 1 100 1
25 1 73 1 101 1
26 1 74 1 102 1
27 1 75 1 103 1
28 1 76 1 104 1
29 1 77 1 105 1
30 1 78 1 106 1
31 1 79 1 107 1
32 1 80 1 108 1
33 1 81 1 109 1
34 1 82 1 110 1
35 1 83 1 111 1
36 1 84 1 112 1
37 1 85 1 113 1
38 1 86 1 114 1
39 1 87 1 115 1
40 1 44 1 116 1
41 1 45 1 117 1
42 1 46 1 118 1
43 1 47 1 119 1
0 1 48 1 120 1
1 1 49 1 121 1
2 1 50 1 122 1
3 1 51 1 123 1
4 1 52 1 124 1
5 1 53 1 125 1
6 1 54 1 126 1
7 1 55 1 127 1
8 1 56 1 128 1
9 1 57 1 129 1
10 1 58 1 130 1
11 1 59 1 131 1
12 1 60 1 88 1
13 1 61 1 89 1
14 1 62 1 90 1
15 1 63 1 91 1
16 1 64 1 92 1
17 1 65 1 93 1
18 1 66 1 94 1
19 1 67 1 95 1
20 1 68 1 96 1
41 1 57 1 106 1
42 1 58 1 107 1
43 1 59 1 108 1
0 1 60 1 109 1
1 1 61 1 110 1
2 1 62 1 111 1
3 1 63 1 112 1
4 1 64 1 113 1
5 1 65 1 114 1
6 1 66 1 115 1
7 1 67 1 116 1
8 1 68 1 117 1
9 1 69 1 118 1
10 1 70 1 119 1
11 1 71 1 120 1
12 1 72 1 121 1
13 1 73 1 122 1
14 1 74 1 123 1
15 1 75 1 124 1
16 1 76 1 125 1
17 1 77 1 126 1
18 1 78 1 127 1
19 1 79 1 128 1
20 1 80 1 129 1
21 1 81 1 130 1
22 1 82 1 131 1
23 1 83 1 88 1
24 1 84 1 89 1
25 1 85 1 90 1
26 1 86 1 91 1
27 1 87 1 92 1
28 1 44 1 93 1
29 1 45 1 94 1
30 1 46 1 95 1
31 1 47 1 96 1
32 1 48 1 97 1
33 1 49 1 98 1
34 1 50 1 99 1
35 1 51 1 100 1
36 1 52 1 101 1
37 1 53 1 102 1
38 1 54 1 103 1
39 1 55 1 104 1
40 1 56 1 105 1
21 1 79 1 106 1
22 1 80 1 107 1
23 1 81 1 108 1
24 1 82 1 109 1
25 1 83 1 110 1
26 1 84 1 111 1
27 1 85 1 112 1
28 1 86 1 113 1
29 1 87 1 114 1
30 1 44 1 115 1
31 1 45 1 116 1
32 1 46 1 117 1
33 1 47 1 118 1
34 1 48 1 119 1
35 1 49 1 120 1
36 1 50 1 121 1
37 1 51 1 122 1
38 1 52 1 123 1
39 1 53 1 124 1
40 1 54 1 125 1
41 1 55 1 126 1
42 1 56 1 127 1
43 1 57 1 128 1
0 1 58 1 129 1
1 1 59 1 130 1
2 1 60 1 131 1
3 1 61 1 88 1
4 1 62 1 89 1
5 1 63 1 90 1
6 1 64 1 91 1
7 1 65 1 92 1
8 1 66 1 93 1
9 1 67 1 94 1
10 1 68 1 95 1
11 1 69 1 96 1
12 1 70 1 97 1
13 1 71 1 98 1
14 1 72 1 99 1
15 1 73 1 100 1
16 1 74 1 101 1
17 1 75 1 102 1
18 1 76 1 103 1
19 1 77 1 104 1
20 1 78 1 105 1
0 2 69 1 89 1
1 2 70 1 90 1
2 2 71 1 91 1
3 2 72 1 92 1
4 2 73 1 93 1
5 2 74 1 94 1
6 2 75 1 95 1
7 2 76 1 96 1
8 2 77 1 97 1
9 2 78 1 98 1
10 2 79 1 99 1
11 2 80 1 100 1
12 2 81 1 101 1
13 2 82 1 102 1
14 2 83 1 103 1
15 2 84 1 104 1
16 2 85 1 105 1
17 2 86 1 106 1
18 2 87 1 107 1
19 2 44 1 108 1
20 2 45 1 109 1
21 2 46 1 110 1
22 2 47 1 111 1
23 2 48 1 112 1
24 2 49 1 113 1
25 2 50 1 114 1
26 2 51 1 115 1
27 2 52 1 116 1
28 2 53 1 117 1
29 2 54 1 118 1
30 2 55 1 119 1
31 2 56 1 120 1
32 2 57 1 121 1
33 2 58 1 122 1
34 2 59 1 123 1
35 2 60 1 124 1
36 2 61 1 125 1
37 2 62 1 126 1
38 2 63 1 127 1
39 2 64 1 128 1
40 2 65 1 129 1
41 2 66 1 130 1
42 2 67 1 131 1
43 2 68 1 88 1
41 1 44 2 97 1
42 1 45 2 98 1
43 1 46 2 99 1
0 1 47 2 100 1
1 1 48 2 101 1
2 1 49 2 102 1
3 1 50 2 103 1
4 1 51 2 104 1
5 1 52 2 105 1
6 1 53 2 106 1
7 1 54 2 107 1
8 1 55 2 108 1
9 1 56 2 109 1
10 1 57 2 110 1
11 1 58 2 111 1
12 1 59 2 112 1
13 1 60 2 113 1
14 1 61 2 114 1
15 1 62 2 115 1
16 1 63 2 116 1
17 1 64 2 117 1
18 1 65 2 118 1
19 1 66 2 119 1
20 1 67 2 120 1
21 1 68 2 121 1
22 1 69 2 122 1
23 1 70 2 123 1
24 1 71 2 124 1
25 1 72 2 125 1
26 1 73 2 126 1
27 1 74 2 127 1
28 1 75 2 128 1
29 1 76 2 129 1
30 1 77 2 130 1
31 1 78 2 131 1
32 1 79 2 88 1
33 1 80 2 89 1
34 1 81 2 90 1
35 1 82 2 91 1
36 1 83 2 92 1
37 1 84 2 93 1
38 1 85 2 94 1
39 1 86 2 95 1
40 1 87 2 96 1
26 1 57 1 88 2
27 1 58 1 89 2
28 1 59 1 90 2
29 1 60 1 91 2
30 1 61 1 92 2
31 1 62 1 93 2
32 1 63 1 94 2
33 1 64 1 95 2
34 1 65 1 96 2
35 1 66 1 97 2
36 1 67 1 98 2
37 1 68 1 99 2
38 1 69 1 100 2
39 1 70 1 101 2
40 1 71 1 102 2
41 1 72 1 103 2
42 1 73 1 104 2
43 1 74 1 105 2
0 1 75 1 106 2
1 1 76 1 107 2
2 1 77 1 108 2
3 1 78 1 109 2
4 1 79 1 110 2
5 1 80 1 111 2
6 1 81 1 112 2
7 1 82 1 113 2
8 1 83 1 114 2
9 1 84 1 115 2
10 1 85 1 116 2
11 1 86 1 117 2
12 1 87 1 118 2
13 1 44 1 119 2
14 1 45 1 120 2
15 1 46 1 121 2
16 1 47 1 122 2
17 1 48 1 123 2
18 1 49 1 124 2
19 1 50 1 125 2
20 1 51 1 126 2
21 1 52 1 127 2
22 1 53 1 128 2
23 1 54 1 129 2
24 1 55 1 130 2
25 1 56 1 131 2
26 1 79 1 89 1
27 1 80 1 90 1
28 1 81 1 91 1
29 1 82 1 92 1
30 1 83 1 93 1
31 1 84 1 94 1
32 1 85 1 95 1
33 1 86 1 96 1
34 1 87 1 97 1
35 1 44 1 98 1
36 1 45 1 99 1
37 1 46 1 100 1
38 1 47 1 101 1
39 1 48 1 102 1
40 1 49 1 103 1
41 1 50 1 104 1
42 1 51 1 105 1
43 1 52 1 106 1
0 1 53 1 107 1
1 1 54 1 108 1
2 1 55 1 109 1
3 1 56 1 110 1
4 1 57 1 111 1
5 1 58 1 112 1
6 1 59 1 113 1
7 1 60 1 114 1
8 1 61 1 115 1
9 1 62 1 116 1
10 1 63 1 117 1
11 1 64 1 118 1
12 1 65 1 119 1
13 1 66 1 120 1
14 1 67 1 121 1
15 1 68 1 122 1
16 1 69 1 123 1
17 1 70 1 124 1
18 1 71 1 125 1
19 1 72 1 126 1
20 1 73 1 127 1
21 1 74 1 128 1
22 1 75 1 129 1
23 1 76 1 130 1
24 1 77 1 131 1
25 1 78 1 88 1
144117388239962112 598979300198188097 1073742080
144117388241018880 1125900175278081 572304916736
1056768 600105200373466176 571231174656
288234776479924224 1197958600396376194 2147484160
288234776482037760 2251800350556162 1144609833472
2113536 1200210400746932352 1142462349312
576469552959848448 2395917200792752388 4294968320
576469552964075520 4503600701112324 2289219666944
4227072 2400420801493864704 2284924698624
1152939105919696897 4791834401568727560 8589936640
1152921513742106625 9007201402224648 4578439333888
17592194498560 4800841602970952192 4569849397248
2305878211839393794 9583668803137455120 17179873280
2305843027484213250 18014402804449296 9156878667776
35184388997120 9601683205941904384 9139698794496
4611756423678787588 720593532565358624 34359746561
4611686054968426500 36028805608898592 18313757335552
70368777994240 756622338174257152 18279397588993
9223512847357575176 1441187065130717248 68719493122
9223372109936853000 72057611217797184 36627514671104
140737555988480 1513244676348514304 36558795177986
281621005598736 2882374130261434497 137438986244
146164154384 144115222435594369 73255029342208
281475111976960 3026489352697028608 73117590355972
563242011197472 5764748260522868994 274877972488
292328308768 288230444871188738 146510058684416
562950223953920 6052978705394057216 146235180711944
1126484022394944 11529496521062515204 549755944960
584656617536 576460889742377476 11545140658192
1125900447907840 12105957410804891648 10995384713232
2252968044789888 4612248968415478792 1099511889921
1169313235072 1152921779484754952 23090281316384
2251800895815680 5765170747900231680 21990769426465
4505936089579776 9224497936830957584 2199023779842
2338626470144 2305843558969509904 46180562632768
4503601791631360 11530341495800463360 43981538852930
9011872179159552 2251799952363552 4398047559685
4677252940288 4611687117939019808 92361125265536
9007203583262720 4613938917891375104 87963077705861
18023744358319104 4503599904727104 8796095119370
9354505880576 9223374235878039616 184722250531072
18014407166525440 9227877835782750208 175926155411722
36047488716638209 9007199809454208 17592190238724
1116825716737 4398046527616 87969524351505
36046406519095296 9011597855948800 70377334112789
72094977433276418 18014399618908416 35184380477448
2233651433474 8796093055232 175939048703010
72092813038190592 18023195711897600 140754668225578
144189954866552836 36028799254594048 70368760954880
4467302866948 17592186110464 70403120695380
144185626076381184 36046391440572416 34359740500
288379909733105672 72057598509188096 140737521909760
8934605733896 35184372220928 140806241390760
288371252152762368 72092782881144832 68719481000
576759819466211345 144115197001598976 67108880
277025423377 70368761219072 137506070864
576760096491569152 144185565762289664 137438961984
1153519638932422690 288230394003197952 134217760
554050846754 140737522438144 275012141728
1153520192983138304 288371131524579328 274877923968
2307039277864845380 576460788006395904 268435520
1108101693508 281475044876288 550024283456
2307040385966276608 576742263049158656 549755847936
4614078555729690760 1152921576012791808 536871040
2216203387016 562950089752576 1100048566912
4614080771932553216 1153484526098317312 1099511695872
9228157111459381520 2305843152025583616 1073742080
4432406774032 1125900179505152 2200097133824
9228161543865106432 2306969052196634624 2199023391744
9570149209211424 4611686304051167233 2147484160
8864813548064 2251800359010304 4400194267648
9579014020661248 4613938104393269249 4398046783488
19157890604467264 9223372608085557250 4294968320
17729627096129 4503600701243392 8800388535296
19140435855278081 9227876208786538498 8796093566976
38315781208934528 1142461562884 8589936641
35459254192258 9007201402486784 17600777070592
38280871710556162 9008343863525380 17592187133953
76631562417869056 2284923125768 17179873282
70918508384516 18014402804973568 35201554141184
76561743421112324 18016687727050760 35184374267906
153263124835738112 4569846251536 34359746564
141837016769032 36028805609947136 70403108282368
153123486842224648 36033375454101520 70368748535812
306526249671476224 9139692503072 68719493128
283674033538064 72057611219894272 140806216564736
306246973684449296 72066750908203040 140737497071624
613052499342952448 18279401783360 137438986240
567348067076128 144115222439788544 137456418832
612493947368898592 144133501833183296 17432592
1226104998685904896 36558803566720 274877972480
1134696134152256 288230444879577088 274912837664
1224987894737797184 288267003666366592 34865184
2452227589557854208 73117590356224 549755944960
2269392268304513 576460889742376960 549825675328
2449958197289549953 576534007332733184 69730368
4904455179115708416 146235180712448 1099511889920
4538784536609026 1152921779484753920 1099651350656
4899916394579099906 1153068014665466368 139460736
9808910358231416832 292470361424896 2199023779840
9077569073218052 2305843558969507840 2199302701312
9799832789158199812 2306136029330932736 278921472
1171076642753282048 584940722849793 4398047559680
18155138146436104 4611687117939015680 4398605402624
1152921504606848008 4612272058661865473 557842944
2342153285506564096 1169881445699586 8796095119360
36310276292872208 9223374235878031360 8797210805248
2305843009213696016 9224544117323730946 1115685888
4684306571013128192 2339762891399172 17592190238720
72620552585744416 4398046511104 17594421610497
4611686018427392032 2344160937910276 2231371777
9368613142026256384 4679525782798344 35184380477440
145241105171488832 8796093022208 35188843220994
9223372036854784064 4688321875820552 4462743554
290482210342961152 9359051565596689 70368760954880
290482210342977664 17592186044416 70377686441988
16512 9376643751641105 8925487108
580964420685922304 18718103131193378 140737521909760
580964420685955328 35184372088832 140755372883976
33024 18753287503282210 17850974216
1161928841371844608 37436206262386756 67108880
1161928841371910656 70368760954880 35769057296
66048 37506575023341636 35701948416
2323857682743689216 74872412524773512 134217760
2323857682743821312 140737521909760 71538114592
132096 75013150046683272 71403896832
4647715365487378432 149744825049547024 268435520
4647715365487642624 281475043819520 143076229184
264192 150026300093366544 142807793664
9295430730974756864 299489650099094048 536871040
9295430730975285248 562950087639040 286152458368
528384 300052600186733088 285615587328
9228229679227339008 1136895291555841 549756338176
9223723880577237268 576461302061334528 550840566016
4505798651150356 577598197352890369 1084227840
9715284745126400 2273790583111683 1099512676352
703687444922920 1152922604122669057 1101681132032
9011597302300712 1155196394705780738 2168455680
19430569490252800 4547581166223366 2199025352704
1407374889845840 2305845208245338114 2203362264064
18023194604601424 2310392789411561476 4336911360
38843546794461185 9095162332446732 4398050705408
2832341965736096 4611690416473899012 4406724528128
36046389209202849 4620785578806345736 8673822720
77687093588922370 18190324664893464 8796101410816
5664683931472192 9223380832947798024 8813449056256
72092778418405698 9241571157612691472 17347645440
155374187177844740 36380649329786928 17592202821632
11329367862944384 17592186044432 17626898112513
144185556836811396 36398241515831328 34695290881
310748374355689480 72761298659573856 35184405643264
22658735725888768 35184372088864 35253796225026
288371113673622792 72796483031662656 69390581762
621496748711378960 145522597319147712 70368811286528
45317471451777536 70368744177728 70507592450052
576742227347245584 145592966063325312 138781163524
1242993497422757920 291045194638295424 140737622573056
90634942903555072 140737488355456 141015184900104
1153484454694491168 291185932126650624 277562327048
2485986994845515840 582090389276590848 268435472
181269885807110144 281474993488128 555393089552
2306968909388982336 582371864270078464 555124654080
4971973989691031680 1164180778553181696 536870944
362539771614220288 562949986976256 1110786179104
4613937818777964672 1164743728540156928 1110249308160
9943947979382063360 2328361557106363392 1073741888
725079543228440576 1125899973952512 2221572358208
9227875637555929344 2329487457080313856 2220498616320
1441151885054575104 4656723114212726785 2147483776
1450159086456881152 2251799947905024 4443144716416
9007201402307072 4658974914160627713 4440997232640
2882303770109150208 9313446228425453570 4294967552
2900318172913762304 4503599895810048 8886289432832
18014402804614144 9317949828321255426 8881994465280
5764607540218300416 180148383141355524 8589935105
5800636345827524608 9007199791620096 17772578865664
36028805609228288 189155582932959236 17763988930561
11529215080436600832 360296766282711048 17179870210
11601272691655049216 18014399583240192 35545157731328
72057611218456576 378311165865918472 35527977861122
4611686087163650048 720593532565422097 34359740420
4755801309600546816 36028799166480385 71090315462656
144115222436913152 756622331731836944 71055955722244
9223372174327300096 1441187065130844194 68719480840
9511602619201093632 72057598332960770 142180630925312
288230444873826304 1513244663463673888 142111911444488
274945048576 2882374130278465605 137438961664
576461164692635648 144115196665921541 2886285139984
576460889747652608 3026489326944124992 2748846178320
549890097152 5764748260556931210 274877923328
1152922329385271296 288230393331843082 5772570279968
1152921779495305216 6052978653888249984 5497692356640
1099780194304 11529496521113862420 549755846656
2305844658770542592 576460786663686164 11545140559936
2305843558990610432 12105957307776499968 10995384713280
2199560388608 4612248968518173224 1099511693313
4611689317541085184 1152921573327372328 23090281119872
4611687117981220864 5765170541843448320 21990769426561
4399120777216 9224497937036346448 2199023386626
9223378635082170368 2305843146654744656 46180562239744
9223374235962441728 11530341083686896640 43981538853122
8798241554432 2251800363141280 4398046773253
13196454789120 4611686293309489313 92361124479488
4398215331840 4613938093664241665 87963077706245
17596483108865 4503600709505344 8796093546506
8800723533825 9223372586618978626 184722248958976
26388616708096 9227876187311706114 175926155412490
52785152262146 9007201419010688 17592187092996
17601447067651 1099511628420 87969521207313
35185047371777 9008300930637828 70377334114325
105570304524292 18014402838021376 35184374185992
35202894135302 2199023256840 175939042414626
70370094743554 18016601861275656 140754668228650
211140609048584 36028805692819968 70368748371968
70405788270604 4398046513680 70403108118612
140740189487108 36033203739328528 34359746644
422281218097168 72057611385639936 140737496743936
140811576541208 8796093027360 140806216237224
281480378974216 72066407478657056 68719493288
844562436194336 144115222771279872 16777232
281623153082416 17592202831936 137455763792
562960757948432 144132814974091328 137438986560
1689124872388672 288230445542559744 33554464
563246306164832 35184405663872 274911527584
1125921515896864 288265629948182656 274877973120
3378249744777344 576460891085119488 67108928
1126492612329664 70368811327744 549823055168
2251843031793728 576531259896365312 549755946240
6756499489554688 1152921782170238976 134217856
2252985224659328 140737622655488 1099646110336
4503686063587456 1153062519792730624 1099511892480
13512998979109376 2305843564340477952 268435712
4505970449318656 281475245310976 2199292220672
9007372127174912 2306125039585461248 2199023784960
27025997958218752 4611687128680955904 536871424
9011940898637312 562950490621952 4398584441344
18014744254349824 4612250079170922496 4398047569920
54051995916437504 9223374257361911808 1073742848
18023881797274624 1125900981243904 8797168882688
36029488508699648 9224500158341844992 8796095139840
108103991832875009 4440997494784 2147485697
36030171408504833 2251801962487808 17594337765376
72076569203443712 2256242957361152 17592190279681
216207983665750018 8881994989568 4294971394
72060342817009666 4503603924975616 35188675530752
144153138406887424 4512485914722304 35184380559362
432415967331500036 17763989979136 8589942788
144120685634019332 9007207849951232 70377351061504
288306276813774848 9024971829444608 70368761118724
864831934663000072 35527979958272 17179885576
288241371268038664 18014415699902464 140754702123008
576612553627549696 18049943658889216 140737522237448
1729681461512044560 71055959916544 34359771136
576482742536077329 36028831383027712 34427535376
1153207515069054977 36099887334555648 67764240
3459362923024089120 142111919833088 68719542272
1152965485072154658 72057662766055424 68855070752
2306415030138109954 72199774669111296 135528480
6918743438234222656 284223822888960 137439084544
2305930970144309317 144115325515333632 137710141504
4612812468090175493 144399549338222592 271056960
13837486876468445312 568447645777920 274878169088
4611861940288618634 288230651030667264 275420283008
9225624936180350986 288799098676445184 542113920
9228157112599707904 2098176 0
9223655711929008400 2097216 0
4505798718259216 1088 0
9570151489864192 4196353 0
567350148465184 4194433 0
9011597436518432 2176 0
19140302979728384 8392706 0
1134700296930368 8388866 0
18023194873036864 4352 0
38298198145501184 8196 0
2269400593860737 516 0
36028797560029313 8704 0
76596396291002368 16392 0
4538801187721474 1032 0
72057595120058626 17408 0
153192792582004736 32784 0
9077602375442948 2064 0
144115190240117252 34816 0
306385585164009472 65568 0
18155204750885896 4128 0
288230380480234504 69632 0
612771170328018944 131136 0
36310409501771792 8256 0
576460760960469008 139264 0
1225542340656037888 262272 0
72620819003543584 16512 0
1152921521920938016 278528 0
2451084681312075776 524544 0
145241638007087168 33024 0
2305843043841876032 557056 0
4902169362624151552 1049088 0
290483276014174336 66048 0
4611686087683752064 1114112 0
9804338725248303104 2098176 0
580966552028348672 132096 0
9223372175367504128 2228224 0
1161933376787054592 4196353 0
1161933104056697344 264192 0
277025456640 4456449 0
2323866753574109184 8392706 0
2323866208113394688 528384 0
554050913280 8912898 0
4647733507148218369 8196 0
4647714824040744961 1056768 0
18700287870976 1048580 0
9295467014296436738 16392 0
9295429648081489922 2113536 0
37400575741952 2097160 0
144189954883321860 32785 0
144115222453428228 4227073 0
74801151483904 4194320 0
288379909766643720 65570 0
288230444906856456 8454146 0
149602302967808 8388640 0
576742227347243025 131140 0
576478481999757328 131076 0
299204605935617 64 0
1153484454694486050 262280 0
1152956963999514656 262152 0
598409211871234 128 0
2306968909388972100 524560 0
2305913927999029312 524304 0
1196818423742468 256 0
4613937818777944200 1049120 0
4611827855998058624 1048608 0
2393636847484936 512 0
9227875637555888400 2098240 0
9223655711996117248 2097216 0
4787273694969872 1024 0
9007201402225184 4196481 0
567350282682880 4194433 0
9574547389939744 2048 0
18014402804450368 8392962 0
1134700565365760 8388866 0
19149094779879488 4096 0
36046397794945152 8708 0
2269401130731521 516 0
38280597373714561 8192 0
72092795589890304 17416 0
4538802261463042 1032 0
76561194747429122 16384 0
144185591179780608 34832 0
9077604522926084 2064 0
153122389494858244 32768 0
288371182359561216 69664 0
18155209045852168 4128 0
306244778989716488 65536 0
576742364719122432 139328 0
36310418091704336 8256 0
612489557979432976 131072 0
1153484729438244864 278656 0
72620836183408672 16512 0
1224979115958865952 262144 0
2306969458876489728 557312 0
145241672366817344 33024 0
2449958231917731904 524288 0
4613938917752979456 1114624 0
290483344733634688 66048 0
4899916463835463808 1048576 0
9227877835505958912 2229248 0
580966689467269376 132096 0
9799832927670927616 2097152 0
9011597302366208 4458497 0
1161933378934538752 264192 0
1152921781632303616 4194305 0
18023194604732416 8916994 0
2323866757869077504 528384 0
2305843563264607232 8388610 0
36046389209464833 1056772 0
4647715923552110593 1056768 0
4611704718715258880 4 0
72092778418929666 2113544 0
9295431847104221186 2113536 0
9223409437430517760 8 0
144185556837859332 4227088 0
144119620498890756 4227073 0
74801151483904 17 0
288371113675718664 8454176 0
288239240997781512 8454146 0
149602302967808 34 0
576759819537481744 131136 0
576478481995563025 131076 0
281612419891201 68 0
1153519639074963488 262272 0
1152956963991126050 262152 0
563224839782402 136 0
2307039278149926976 524544 0
2305913927982252100 524304 0
1126449679564804 272 0
4614078556299853952 1049088 0
4611827855964504200 1048608 0
2252899359129608 544 0
0 0 0
0 0 0
0 0 0
0 0 0
0 0 0
0 0 0
0 0 0
0 0 0
0 0 0
0 0 0
0 0 0
0 0 0
0 0 0
0 0 0
0 0 0
0 0 0
0 0 0
0 0 0
0 0 0
0 0 0
0 0 0
0 0 0
0 0 0
0 0 0
0 0 0
0 0 0
0 0 0
0 0 0
0 0 0
0 0 0
0 0 0
0 0 0
0 0 0
0 0 0
0 0 0
0 0 0
0 0 0
0 0 0
0 0 0
0 0 0
0 0 0
0 0 0
0 0 0
0 0 0
0 0 0
0 0 0
0 0 0
0 0 0
0 0 0
0 0 0
0 0 0
0 0 0
0 0 0
0 0 0
0 0 0
0 0 0
0 0 0
0 0 0
0 0 0
0 0 0
0 0 0
0 0 0
0 0 0
0 0 0
0 0 0
0 0 0
0 0 0
0 0 0
0 0 0
0 0 0
0 0 0
0 0 0
0 0 0
0 0 0
0 0 0
0 0 0
0 0 0
0 0 0
0 0 0
0 0 0
0 0 0
0 0 0
0 0 0
0 0 0
0 0 0
0 0 0
0 0 0
0 0 0
0 0 0
0 0 0
0 0 0
0 0 0
0 0 0
0 0 0
0 0 0
0 0 0
0 0 0
0 0 0
0 0 0
0 0 0
0 0 0
0 0 0
0 0 0
0 0 0
0 0 0
0 0 0
0 0 0
0 0 0
0 0 0
0 0 0
0 0 0
0 0 0
0 0 0
0 0 0
0 0 0
0 0 0
0 0 0
0 0 0
0 0 0
0 0 0
0 0 0
0 0 0
0 0 0
0 0 0
0 0 0
0 0 0
0 0 0
0 0 0
0 0 0
0 0 0
0 0 0
0 0 0
0 0 0
0 0 0
0 0 0
0 0 0
0 0 0
0 0 0
0 0 0
0 0 0
0 0 0
0 0 0
0 0 0
0 0 0
0 0 0
0 0 0
0 0 0
0 0 0
0 0 0
0 0 0
0 0 0
0 0 0
0 0 0
0 0 0
0 0 0
0 0 0
0 0 0
0 0 0
0 0 0
0 0 0
0 0 0
0 0 0
0 0 0
0 0 0
0 0 0
0 0 0
0 0 0
0 0 0
0 0 0
0 0 0
0 0 0
0 0 0
0 0 0
0 0 0
0 0 0
0 0 0
0 0 0
0 0 0
0 0 0
0 0 0
0 0 0
0 0 0
0 0 0
0 0 0
0 0 0
0 0 0
0 0 0
0 0 0
0 0 0
0 0 0
0 0 0
0 0 0
0 0 0
0 0 0
0 0 0
0 0 0
0 0 0
0 0 0
0 0 0
0 0 0
0 0 0
0 0 0
0 0 0
0 0 0
0 0 0
0 0 0
0 0 0
0 0 0
0 0 0
0 0 0
0 0 0
0 0 0
0 0 0
0 0 0
0 0 0
0 0 0
0 0 0
0 0 0
0 0 0
0 0 0
0 0 0
0 0 0
0 0 0
0 0 0
0 0 0
0 0 0
0 0 0
0 0 0
0 0 0
0 0 0
0 0 0
0 0 0
0 0 0
0 0 0
0 0 0
0 0 0
0 0 0
0 0 0
0 0 0
0 0 0
0 0 0
0 0 0
0 0 0
0 0 0
0 0 0
0 0 0
0 0 0
0 0 0
0 0 0
0 0 0
0 0 0
0 0 0
0 0 0
0 0 0
0 0 0
0 0 0
0 0 0
0 0 0
0 0 0
0 0 0
0 0 0
0 0 0
0 0 0
0 0 0
0 0 0
0 0 0
0 0 0
0 0 0
0 0 0
0 0 0
0 0 0
0 0 0
0 0 0
0 0 0
0 0 0
0 0 0
0 0 0
0 0 0
0 0 0
0 0 0
0 0 0
0 0 0
0 0 0
0 0 0
0 0 0
0 0 0
0 0 0
0 0 0
0 0 0
0 0 0
0 0 0
0 0 0
0 0 0
0 0 0
0 0 0
0 0 0
0 0 0
0 0 0
0 0 0
0 0 0
0 0 0
0 0 0
0 0 0
0 0 0
0 0 0
0 0 0
0 0 0
0 0 0
0 0 0
0 0 0
0 0 0
0 0 0
0 0 0
0 0 0
0 0 0
0 0 0
0 0 0
0 0 0
0 0 0
0 0 0
0 0 0
0 0 0
0 0 0
0 0 0
0 0 0
0 0 0
0 0 0
0 0 0
0 0 0
0 0 0
0 0 0
0 0 0
0 0 0
0 0 0
0 0 0
0 0 0
0 0 0
0 0 0
0 0 0
0 0 0
0 0 0
0 0 0
0 0 0
0 0 0
0 0 0
0 0 0
0 0 0
0 0 0
0 0 0
0 0 0
0 0 0
0 0 0
0 0 0
0 0 0
0 0 0
0 0 0
0 0 0
0 0 0
0 0 0
0 0 0
0 0 0
0 0 0
0 0 0
0 0 0
0 0 0
0 0 0
0 0 0
0 0 0
0 0 0
0 0 0
0 0 0
0 0 0
0 0 0
0 0 0
0 0 0
0 0 0
0 0 0
0 0 0
0 0 0
0 0 0
0 0 0
0 0 0
0 0 0
0 0 0
0 0 0
0 0 0
0 0 0
0 0 0
0 0 0
0 0 0
0 0 0
0 0 0
0 0 0
0 0 0
0 0 0
0 0 0
0 1134696268300288 18253615106
0 19140302711291904 35201560350976
0 18023199165906944 35185454219522
0 2269392536600576 36507230212
0 38280605422583808 70403120701952
0 36046398331813888 70370908439044
0 4538785073201152 73014460424
0 76561210845167616 140806241403904
0 72092796663627776 140741816878088
0 9077570163179520 146028920832
0 153122421690335232 137506097168
0 144185593344032768 8657045520
0 18155140326359040 292057841664
0 306244843380670464 275012194336
0 288371186688065536 17314091040
0 36310280652718080 584115683328
0 612489686761340928 550024388672
0 576742373376131072 34628182080
0 72620561305436160 1168231366656
0 1224979373522681856 1100048777344
0 1153484746752262144 69256364160
0 145241122610872320 2336462733312
0 2449958747045363712 2200097554688
0 2306969493504524288 138512728320
0 290482245221744640 4672925466624
0 4899917494090727424 4400195109376
0 4613938987009048576 277025456640
0 580964490443489280 9345850933248
0 9799834988181454848 8800390218752
0 9227877974018097152 554050913280
0 1161928980886978560 18691701866496
0 1152925902653358080 17600780437505
0 9011874326642688 1108101826561
0 2323857961773957120 37383403732992
0 2305851805306716160 35201560875010
0 18023748653285376 2216203653122
0 4647715923547914240 74766807465984
0 4611703610613432320 70403121750020
0 36047497306570752 4432407306244
0 9295431847095828480 149533614931968
0 9223407221226864640 140806243500040
0 72094994613141504 8864814612488
0 144119620482105344 17592253153297
0 70368760954880 137510289425
0 144189989243060224 17729629224960
0 288239240964210688 35184506306594
0 140737521909760 275020578850
0 288379978486120448 35459258449920
0 576478481928421376 70369012613188
0 281475043819520 550041157700
0 576759956972240896 70918516899840
0 1152956963856842752 140738025226376
0 562950087639040 1100082315400
0 1153519913944481792 141837033799680
0 2305913927730462720 1073742096
0 1125900192055296 2200164630784
0 2307039827888963584 2199090888720
0 4611827855460925440 2147484192
0 2251800384110592 4400329261568
0 4614079655777927168 4398181777440
0 9223655710921850880 4294968384
0 4503600768221184 8800658523136
0 9228159311555854336 8796363554880
0 567348134150144 8589936769
0 9007201536442368 17601317046272
0 9574549402157056 17592727109761
0 1134696268300288 17179873538
0 18014403072884736 35202634092544
0 19149098804314112 35185454219522
0 2269392536600576 34359747076
0 36028806145769472 70405268185088
0 38298197608628224 70370908439044
0 4538785073201152 68719494152
0 72057612291538944 140810536370176
0 76596395217256448 140741816878088
0 9077570163179520 137438988288
0 144115224583077888 146096029712
0 153192790451290112 8657045520
0 18155140326359040 274877976576
0 288230449166155776 292192059424
0 306385580902580224 17314091040
0 36310280652718080 549755953152
0 576460898332311552 584384118848
0 612771161805160448 34628182080
0 72620561305436160 1099511906304
0 1152921796664623104 1168768237696
0 1225542323610320896 69256364160
0 145241122610872320 2199023812608
0 2305843593329246208 2337536475392
0 2451084647220641792 138512728320
0 290482245221744640 4398047625216
0 4611687186658492416 4675072950784
0 4902169294441283584 277025456640
0 580964490443489280 8796095250432
0 9223374373316984832 9350145901568
0 9804338588882567168 554050913280
0 1161928980886978560 17592190500864
0 4672924418048 18700291803137
0 1161933104055582720 1108101826561
0 2323857961773957120 35184381001728
0 9345848836096 37400583606274
0 2323866208111165440 2216203653122
0 4647715923547914240 70368762003456
0 18691697672192 74801167212548
0 4647732416222330880 4432407306244
0 9295431847095828480 140737524006912
0 37383395344384 149602334425096
0 9295464832444661760 8864814612488
0 144119620482105344 71303185
0 74766807465984 17729692139536
0 144185591196549120 17729629224961
0 288239240964210688 142606370
0 149533614931968 35459384279072
0 288371182393098240 35459258449922
0 576478481928421376 285212740
0 299067229863936 70918768558144
0 576742364786196480 70918516899844
0 1152956963856842752 570425480
0 598134459727872 141837537116288
0 1153484729572392960 141837033799688
0 2305913927730462720 1140850944
0 1196268919455744 2200097521936
0 2306969459161563136 2199090888720
0 4611827855460925440 2281701888
0 2392537838911488 4400195043872
0 4613938918323126272 4398181777440
0 9223655710921850880 4563403776
0 4785075677822976 8800390087744
0 9227877836646252544 8796363554880
0 567348134150144 9126807553
0 9570151355645952 17600780175488
0 9011599582953472 17592727109761
144185556820041728 1128099200631808 4294971650
72568841183236 4503604192871424 35189742899200
144117388172853252 5631702852435968 35185447928066
288371113640083456 2256198401263616 8589943300
145137682366472 9007208385742848 70379485798400
288234776345706504 11263405704871936 70370895856132
576742227280166912 4512396802527232 17179886600
290275364732944 18014416771485696 140758971596800
576469552691413008 22526811409743872 140741791712264
1153502046746378240 9024793605054464 34359773184
580550729465889 36028833526194176 42966482960
1152921513196781601 45053622836264960 8606713872
2307004093492756480 18049587210108928 68719546368
1161101458931778 72057667052388352 85932965920
2305843026393563202 90107245672529920 17213427744
4614008186985512960 36099174420217856 137439092736
2322202917863556 144115334104776704 171865931840
4611686052787126404 180214491345059840 34426855488
9228016373971025920 72198348840435712 274878185472
4644405835727112 288230668209553408 343731863680
9223372105574252808 360428982690119680 68853710976
9288674232500224 144396697680871425 549756370944
9288811671454224 576461336419106816 687463727360
137438954000 720857965380239361 137707421952
18577348465000448 288793395361742850 1099512741888
18577623342908448 1152922672838213632 1374927454720
274877908000 1441715930760478722 275414843904
37154696930000896 577586790723485700 2199025483776
37155246685816896 2305845345676427264 2749854909440
549755816000 2883431861520957444 550829687808
74309393860001792 1155173581446971400 4398050967552
74310493371633792 4611690691352854528 5499709818880
1099511632000 5766863723041914888 1101659375616
148618787720003584 2310347162893942800 8796101935104
148620986743267584 9223381382705709056 10999419637760
2199023264000 11533727446083829776 2203318751232
297237575440007168 4620694325787885600 17592203870208
297241973486535168 18691701866496 21998839275521
4398046528000 4620710818458107936 4406637502465
594475150880014336 9241388651575771200 35184407740416
594483946973070336 37383403732992 43997678551042
8796093056000 9241421636916215872 8813275004930
1188967893946073088 36033229425213568 70368815480833
1188967893946140673 74766790688768 87995357102084
67585 36099200122880128 17626550009861
2377935787892146176 72066458850427136 140737630961666
2377935787892281346 149533581377536 175990714204168
135170 72198400245760256 35253100019722
4755871575784292352 144132917700854272 285212692
4755871575784562692 299067179532288 70506451697680
270340 144396800508297728 70506200039428
9511743151568584704 288265835401708544 570425384
9511743151569125384 598134359064576 141012903395360
540680 288793601016595456 141012400078856
576742229427617792 576531670820194305 1140850752
576742229428699152 1196268718129153 550830080080
1081360 577587202049968128 549823447056
1153484458855235584 1153063341640388610 2281701504
1153484458857398304 2392537436258306 1101660160160
2162720 1155174404099936256 1099646894112
2306968917710471168 2306126683280777220 4563403008
2306968917714796608 4785074872516612 2203320320320
4325440 2310348808199872512 2199293788224
4613937835420942336 4612253366561554440 9126806016
4613937835429593216 9570149745033224 4406640640640
8650880 4620697616399745024 4398587576448
9227875670841884672 9224506733123108880 18253612032
9227875670859186432 19140299490066448 8813281281280
17301760 9241395232799490048 8797175152896
9007267974217728 2269392536666145 36507224065
9007268008821248 38280598980132897 17626562562560
34603520 36046391889428480 17594350305793
18014535948435456 4538785073332290 73014448130
18014536017642496 76561197960265794 35253125125120
69207040 72092783778856960 35188700611586
36029071896870912 9077570146664580 146028896260
36029072035284992 153122395920531588 70506250250240
138414080 144185567557713920 70377401223172
72058143793741824 18155140293329160 292057792520
72058144070569984 306244791841063176 141012500500480
276828160 288371135115427840 140754802446344
144116287587483648 36310280603435536 584115585024
144116288141139968 612489583682126352 550024290320
553656320 576742270247632896 34628182032
288232575174967296 72620561206871072 1168231170048
288232576282279936 1224979167364252704 1100048580640
1107312640 1153484540495265792 69256364064
576465150349934592 145241122413742144 2336462340096
576465152564559872 2449958334728505408 2200097161280
2214625280 2306969080990531584 138512728128
1152930300699869184 290482244827484288 4672924680192
1152930305129119744 4899916669457010816 4400194322560
4429250560 4613938161981063168 277025456256
2305860601399738369 580964489638191360 9345849360384
2305843018072195073 9799833338914021632 8800388645120
17601044545536 9227876323945349120 554050912512
4611721202799476738 1161928979276382720 18691698720768
4611686036144390146 1152922604118491648 17600777290241
35202089091072 9008574181146624 1108101825025
9223442405598953476 2323857958552765440 37383397441536
9223372072288780292 2305845208236983296 35201554580482
70404178182144 18017148362293248 2216203650050
140737488355336 4647715917105530881 74766794883072
70868008968 4611690416473966593 70403109160964
140808356364288 36034296724586496 4432407300100
281474976710672 9295431834211061762 149533589766144
141736017936 9223380832947933186 140806218321928
281616712728576 72068593449172992 8864814600200
562949953421344 144119594712571908 17592202821649
283472035872 17592203091972 137459933201
563233425457152 144137186915123200 17729629200384
1125899906842688 288239189425143816 35184405643298
566944071744 35184406183944 274919866402
1126466850914304 288274373830246400 35459258400768
2251799813685376 576478378850287632 70368811286596
1133888143488 70368812367888 549839732804
2252933701828608 576548747660492800 70918516801536
4503599627370752 1152956757700575264 140737622573192
2267776286976 140737624735776 1099679465608
4505867403657216 1153097495320985600 141837033603072
9007199254741504 2305913515417927744 268435728
4535552573952 281475266248768 2199358931200
9011734807314432 2306194990641971200 2199090495504
18014398509483008 4611827030835855488 536871456
9071105147904 562950532497536 4398717862400
18023469614628864 4612389981283942400 4398180991008
36046389205010432 9223654061654933760 1073742912
18142210295809 1125901048217856 8797435724800
36029347043213313 9224779962567884800 8796361982016
72092778410020864 564049600315904 2147485825
36284420591618 2251802096435712 17594871449600
72058694086426626 2815851426217984 17592723964033
