264 704
8 1 88 176 264 352 440 528 616
9 0 1 89 177 265 353 441 529 617
8 3 90 178 266 354 442 530 618
9 2 3 91 179 267 355 443 531 619
8 5 92 180 268 356 444 532 620
9 4 5 93 181 269 357 445 533 621
8 7 94 182 270 358 446 534 622
9 6 7 95 183 271 359 447 535 623
8 9 96 184 272 360 448 536 624
9 8 9 97 185 273 361 449 537 625
8 11 98 186 274 362 450 538 626
9 10 11 99 187 275 363 451 539 627
8 13 100 188 276 364 452 540 628
9 12 13 101 189 277 365 453 541 629
8 15 102 190 278 366 454 542 630
9 14 15 103 191 279 367 455 543 631
8 17 104 192 280 368 456 544 632
9 16 17 105 193 281 369 457 545 633
8 19 106 194 282 370 458 546 634
9 18 19 107 195 283 371 459 547 635
8 21 108 196 284 372 460 548 636
9 20 21 109 197 285 373 461 549 637
8 23 110 198 286 374 462 550 638
9 22 23 111 199 287 375 463 551 639
8 25 112 200 288 376 464 552 640
9 24 25 113 201 289 377 465 553 641
8 27 114 202 290 378 466 554 642
9 26 27 115 203 291 379 467 555 643
8 29 116 204 292 380 468 556 644
9 28 29 117 205 293 381 469 557 645
8 31 118 206 294 382 470 558 646
9 30 31 119 207 295 383 471 559 647
8 33 120 208 296 384 472 560 648
9 32 33 121 209 297 385 473 561 649
8 35 122 210 298 386 474 562 650
9 34 35 123 211 299 387 475 563 651
8 37 124 212 300 388 476 564 652
9 36 37 125 213 301 389 477 565 653
8 39 126 214 302 390 478 566 654
9 38 39 127 215 303 391 479 567 655
8 41 128 216 304 392 480 568 656
9 40 41 129 217 305 393 481 569 657
8 43 130 218 306 394 482 570 658
9 42 43 131 219 307 395 483 571 659
8 45 132 220 308 396 484 572 660
9 44 45 133 221 309 397 485 573 661
8 47 134 222 310 398 486 574 662
9 46 47 135 223 311 399 487 575 663
8 49 136 224 312 400 488 576 664
9 48 49 137 225 313 401 489 577 665
8 51 138 226 314 402 490 578 666
9 50 51 139 227 315 403 491 579 667
8 53 140 228 316 404 492 580 668
9 52 53 141 229 317 405 493 581 669
8 55 142 230 318 406 494 582 670
9 54 55 143 231 319 407 495 583 671
8 57 144 232 320 408 496 584 672
9 56 57 145 233 321 409 497 585 673
8 59 146 234 322 410 498 586 674
9 58 59 147 235 323 411 499 587 675
8 61 148 236 324 412 500 588 676
9 60 61 149 237 325 413 501 589 677
8 63 150 238 326 414 502 590 678
9 62 63 151 239 327 415 503 591 679
8 65 152 240 328 416 504 592 680
9 64 65 153 241 329 417 505 593 681
8 67 154 242 330 418 506 594 682
9 66 67 155 243 331 419 507 595 683
8 69 156 244 332 420 508 596 684
9 68 69 157 245 333 421 509 597 685
8 71 158 246 334 422 510 598 686
9 70 71 159 247 335 423 511 599 687
8 73 160 248 336 424 512 600 688
9 72 73 161 249 337 425 513 601 689
8 75 162 250 338 426 514 602 690
9 74 75 163 251 339 427 515 603 691
8 77 164 252 340 428 516 604 692
9 76 77 165 253 341 429 517 605 693
8 79 166 254 342 430 518 606 694
9 78 79 167 255 343 431 519 607 695
8 81 168 256 344 432 520 608 696
9 80 81 169 257 345 433 521 609 697
8 83 170 258 346 434 522 610 698
9 82 83 171 259 347 435 523 611 699
8 85 172 260 348 436 524 612 700
9 84 85 173 261 349 437 525 613 701
8 87 174 262 350 438 526 614 702
9 86 87 175 263 351 439 527 615 703
8 0 133 208 340 438 446 590 682
9 1 132 133 209 341 439 447 591 683
8 2 135 210 342 352 448 592 684
9 3 134 135 211 343 353 449 593 685
8 4 137 212 344 354 450 594 686
9 5 136 137 213 345 355 451 595 687
8 6 139 214 346 356 452 596 688
9 7 138 139 215 347 357 453 597 689
8 8 141 216 348 358 454 598 690
9 9 140 141 217 349 359 455 599 691
8 10 143 218 350 360 456 600 692
9 11 142 143 219 351 361 457 601 693
8 12 145 220 264 362 458 602 694
9 13 144 145 221 265 363 459 603 695
8 14 147 222 266 364 460 604 696
9 15 146 147 223 267 365 461 605 697
8 16 149 224 268 366 462 606 698
9 17 148 149 225 269 367 463 607 699
8 18 151 226 270 368 464 608 700
9 19 150 151 227 271 369 465 609 701
8 20 153 228 272 370 466 610 702
9 21 152 153 229 273 371 467 611 703
8 22 155 230 274 372 468 612 616
9 23 154 155 231 275 373 469 613 617
8 24 157 232 276 374 470 614 618
9 25 156 157 233 277 375 471 615 619
8 26 159 234 278 376 472 528 620
9 27 158 159 235 279 377 473 529 621
8 28 161 236 280 378 474 530 622
9 29 160 161 237 281 379 475 531 623
8 30 163 238 282 380 476 532 624
9 31 162 163 239 283 381 477 533 625
8 32 165 240 284 382 478 534 626
9 33 164 165 241 285 383 479 535 627
8 34 167 242 286 384 480 536 628
9 35 166 167 243 287 385 481 537 629
8 36 169 244 288 386 482 538 630
9 37 168 169 245 289 387 483 539 631
8 38 171 246 290 388 484 540 632
9 39 170 171 247 291 389 485 541 633
8 40 173 248 292 390 486 542 634
9 41 172 173 249 293 391 487 543 635
8 42 175 250 294 392 488 544 636
9 43 174 175 251 295 393 489 545 637
8 44 89 252 296 394 490 546 638
9 45 88 89 253 297 395 491 547 639
8 46 91 254 298 396 492 548 640
9 47 90 91 255 299 397 493 549 641
8 48 93 256 300 398 494 550 642
9 49 92 93 257 301 399 495 551 643
8 50 95 258 302 400 496 552 644
9 51 94 95 259 303 401 497 553 645
8 52 97 260 304 402 498 554 646
9 53 96 97 261 305 403 499 555 647
8 54 99 262 306 404 500 556 648
9 55 98 99 263 307 405 501 557 649
8 56 101 176 308 406 502 558 650
9 57 100 101 177 309 407 503 559 651
8 58 103 178 310 408 504 560 652
9 59 102 103 179 311 409 505 561 653
8 60 105 180 312 410 506 562 654
9 61 104 105 181 313 411 507 563 655
8 62 107 182 314 412 508 564 656
9 63 106 107 183 315 413 509 565 657
8 64 109 184 316 414 510 566 658
9 65 108 109 185 317 415 511 567 659
8 66 111 186 318 416 512 568 660
9 67 110 111 187 319 417 513 569 661
8 68 113 188 320 418 514 570 662
9 69 112 113 189 321 419 515 571 663
8 70 115 190 322 420 516 572 664
9 71 114 115 191 323 421 517 573 665
8 72 117 192 324 422 518 574 666
9 73 116 117 193 325 423 519 575 667
8 74 119 194 326 424 520 576 668
9 75 118 119 195 327 425 521 577 669
8 76 121 196 328 426 522 578 670
9 77 120 121 197 329 427 523 579 671
8 78 123 198 330 428 524 580 672
9 79 122 123 199 331 429 525 581 673
8 80 125 200 332 430 526 582 674
9 81 124 125 201 333 431 527 583 675
8 82 127 202 334 432 440 584 676
9 83 126 127 203 335 433 441 585 677
8 84 129 204 336 434 442 586 678
9 85 128 129 205 337 435 443 587 679
8 86 131 206 338 436 444 588 680
9 87 130 131 207 339 437 445 589 681
8 0 110 221 266 390 510 608 652
9 1 111 220 221 267 391 511 609 653
8 2 112 223 268 392 512 610 654
9 3 113 222 223 269 393 513 611 655
8 4 114 225 270 394 514 612 656
9 5 115 224 225 271 395 515 613 657
8 6 116 227 272 396 516 614 658
9 7 117 226 227 273 397 517 615 659
8 8 118 229 274 398 518 528 660
9 9 119 228 229 275 399 519 529 661
8 10 120 231 276 400 520 530 662
9 11 121 230 231 277 401 521 531 663
8 12 122 233 278 402 522 532 664
9 13 123 232 233 279 403 523 533 665
8 14 124 235 280 404 524 534 666
9 15 125 234 235 281 405 525 535 667
8 16 126 237 282 406 526 536 668
9 17 127 236 237 283 407 527 537 669
8 18 128 239 284 408 440 538 670
9 19 129 238 239 285 409 441 539 671
8 20 130 241 286 410 442 540 672
9 21 131 240 241 287 411 443 541 673
8 22 132 243 288 412 444 542 674
9 23 133 242 243 289 413 445 543 675
8 24 134 245 290 414 446 544 676
9 25 135 244 245 291 415 447 545 677
8 26 136 247 292 416 448 546 678
9 27 137 246 247 293 417 449 547 679
8 28 138 249 294 418 450 548 680
9 29 139 248 249 295 419 451 549 681
8 30 140 251 296 420 452 550 682
9 31 141 250 251 297 421 453 551 683
8 32 142 253 298 422 454 552 684
9 33 143 252 253 299 423 455 553 685
8 34 144 255 300 424 456 554 686
9 35 145 254 255 301 425 457 555 687
8 36 146 257 302 426 458 556 688
9 37 147 256 257 303 427 459 557 689
8 38 148 259 304 428 460 558 690
9 39 149 258 259 305 429 461 559 691
8 40 150 261 306 430 462 560 692
9 41 151 260 261 307 431 463 561 693
8 42 152 263 308 432 464 562 694
9 43 153 262 263 309 433 465 563 695
8 44 154 177 310 434 466 564 696
9 45 155 176 177 311 435 467 565 697
8 46 156 179 312 436 468 566 698
9 47 157 178 179 313 437 469 567 699
8 48 158 181 314 438 470 568 700
9 49 159 180 181 315 439 471 569 701
8 50 160 183 316 352 472 570 702
9 51 161 182 183 317 353 473 571 703
8 52 162 185 318 354 474 572 616
9 53 163 184 185 319 355 475 573 617
8 54 164 187 320 356 476 574 618
9 55 165 186 187 321 357 477 575 619
8 56 166 189 322 358 478 576 620
9 57 167 188 189 323 359 479 577 621
8 58 168 191 324 360 480 578 622
9 59 169 190 191 325 361 481 579 623
8 60 170 193 326 362 482 580 624
9 61 171 192 193 327 363 483 581 625
8 62 172 195 328 364 484 582 626
9 63 173 194 195 329 365 485 583 627
8 64 174 197 330 366 486 584 628
9 65 175 196 197 331 367 487 585 629
8 66 88 199 332 368 488 586 630
9 67 89 198 199 333 369 489 587 631
8 68 90 201 334 370 490 588 632
9 69 91 200 201 335 371 491 589 633
8 70 92 203 336 372 492 590 634
9 71 93 202 203 337 373 493 591 635
8 72 94 205 338 374 494 592 636
9 73 95 204 205 339 375 495 593 637
8 74 96 207 340 376 496 594 638
9 75 97 206 207 341 377 497 595 639
8 76 98 209 342 378 498 596 640
9 77 99 208 209 343 379 499 597 641
8 78 100 211 344 380 500 598 642
9 79 101 210 211 345 381 501 599 643
8 80 102 213 346 382 502 600 644
9 81 103 212 213 347 383 503 601 645
8 82 104 215 348 384 504 602 646
9 83 105 214 215 349 385 505 603 647
8 84 106 217 350 386 506 604 648
9 85 107 216 217 351 387 507 605 649
8 86 108 219 264 388 508 606 650
9 87 109 218 219 265 389 509 607 651
