264 704
8 0 134 182 310 353 446 564 652
9 1 135 183 311 352 353 447 565 653
8 2 136 184 312 355 448 566 654
9 3 137 185 313 354 355 449 567 655
8 4 138 186 314 357 450 568 656
9 5 139 187 315 356 357 451 569 657
8 6 140 188 316 359 452 570 658
9 7 141 189 317 358 359 453 571 659
8 8 142 190 318 361 454 572 660
9 9 143 191 319 360 361 455 573 661
8 10 144 192 320 363 456 574 662
9 11 145 193 321 362 363 457 575 663
8 12 146 194 322 365 458 576 664
9 13 147 195 323 364 365 459 577 665
8 14 148 196 324 367 460 578 666
9 15 149 197 325 366 367 461 579 667
8 16 150 198 326 369 462 580 668
9 17 151 199 327 368 369 463 581 669
8 18 152 200 328 371 464 582 670
9 19 153 201 329 370 371 465 583 671
8 20 154 202 330 373 466 584 672
9 21 155 203 331 372 373 467 585 673
8 22 156 204 332 375 468 586 674
9 23 157 205 333 374 375 469 587 675
8 24 158 206 334 377 470 588 676
9 25 159 207 335 376 377 471 589 677
8 26 160 208 336 379 472 590 678
9 27 161 209 337 378 379 473 591 679
8 28 162 210 338 381 474 592 680
9 29 163 211 339 380 381 475 593 681
8 30 164 212 340 383 476 594 682
9 31 165 213 341 382 383 477 595 683
8 32 166 214 342 385 478 596 684
9 33 167 215 343 384 385 479 597 685
8 34 168 216 344 387 480 598 686
9 35 169 217 345 386 387 481 599 687
8 36 170 218 346 389 482 600 688
9 37 171 219 347 388 389 483 601 689
8 38 172 220 348 391 484 602 690
9 39 173 221 349 390 391 485 603 691
8 40 174 222 350 393 486 604 692
9 41 175 223 351 392 393 487 605 693
8 42 88 224 264 395 488 606 694
9 43 89 225 265 394 395 489 607 695
8 44 90 226 266 397 490 608 696
9 45 91 227 267 396 397 491 609 697
8 46 92 228 268 399 492 610 698
9 47 93 229 269 398 399 493 611 699
8 48 94 230 270 401 494 612 700
9 49 95 231 271 400 401 495 613 701
8 50 96 232 272 403 496 614 702
9 51 97 233 273 402 403 497 615 703
8 52 98 234 274 405 498 528 616
9 53 99 235 275 404 405 499 529 617
8 54 100 236 276 407 500 530 618
9 55 101 237 277 406 407 501 531 619
8 56 102 238 278 409 502 532 620
9 57 103 239 279 408 409 503 533 621
8 58 104 240 280 411 504 534 622
9 59 105 241 281 410 411 505 535 623
8 60 106 242 282 413 506 536 624
9 61 107 243 283 412 413 507 537 625
8 62 108 244 284 415 508 538 626
9 63 109 245 285 414 415 509 539 627
8 64 110 246 286 417 510 540 628
9 65 111 247 287 416 417 511 541 629
8 66 112 248 288 419 512 542 630
9 67 113 249 289 418 419 513 543 631
8 68 114 250 290 421 514 544 632
9 69 115 251 291 420 421 515 545 633
8 70 116 252 292 423 516 546 634
9 71 117 253 293 422 423 517 547 635
8 72 118 254 294 425 518 548 636
9 73 119 255 295 424 425 519 549 637
8 74 120 256 296 427 520 550 638
9 75 121 257 297 426 427 521 551 639
8 76 122 258 298 429 522 552 640
9 77 123 259 299 428 429 523 553 641
8 78 124 260 300 431 524 554 642
9 79 125 261 301 430 431 525 555 643
8 80 126 262 302 433 526 556 644
9 81 127 263 303 432 433 527 557 645
8 82 128 176 304 435 440 558 646
9 83 129 177 305 434 435 441 559 647
8 84 130 178 306 437 442 560 648
9 85 131 179 307 436 437 443 561 649
8 86 132 180 308 439 444 562 650
9 87 133 181 309 438 439 445 563 651
8 0 126 238 282 390 441 590 634
9 1 127 239 283 391 440 441 591 635
8 2 128 240 284 392 443 592 636
9 3 129 241 285 393 442 443 593 637
8 4 130 242 286 394 445 594 638
9 5 131 243 287 395 444 445 595 639
8 6 132 244 288 396 447 596 640
9 7 133 245 289 397 446 447 597 641
8 8 134 246 290 398 449 598 642
9 9 135 247 291 399 448 449 599 643
8 10 136 248 292 400 451 600 644
9 11 137 249 293 401 450 451 601 645
8 12 138 250 294 402 453 602 646
9 13 139 251 295 403 452 453 603 647
8 14 140 252 296 404 455 604 648
9 15 141 253 297 405 454 455 605 649
8 16 142 254 298 406 457 606 650
9 17 143 255 299 407 456 457 607 651
8 18 144 256 300 408 459 608 652
9 19 145 257 301 409 458 459 609 653
8 20 146 258 302 410 461 610 654
9 21 147 259 303 411 460 461 611 655
8 22 148 260 304 412 463 612 656
9 23 149 261 305 413 462 463 613 657
8 24 150 262 306 414 465 614 658
9 25 151 263 307 415 464 465 615 659
8 26 152 176 308 416 467 528 660
9 27 153 177 309 417 466 467 529 661
8 28 154 178 310 418 469 530 662
9 29 155 179 311 419 468 469 531 663
8 30 156 180 312 420 471 532 664
9 31 157 181 313 421 470 471 533 665
8 32 158 182 314 422 473 534 666
9 33 159 183 315 423 472 473 535 667
8 34 160 184 316 424 475 536 668
9 35 161 185 317 425 474 475 537 669
8 36 162 186 318 426 477 538 670
9 37 163 187 319 427 476 477 539 671
8 38 164 188 320 428 479 540 672
9 39 165 189 321 429 478 479 541 673
8 40 166 190 322 430 481 542 674
9 41 167 191 323 431 480 481 543 675
8 42 168 192 324 432 483 544 676
9 43 169 193 325 433 482 483 545 677
8 44 170 194 326 434 485 546 678
9 45 171 195 327 435 484 485 547 679
8 46 172 196 328 436 487 548 680
9 47 173 197 329 437 486 487 549 681
8 48 174 198 330 438 489 550 682
9 49 175 199 331 439 488 489 551 683
8 50 88 200 332 352 491 552 684
9 51 89 201 333 353 490 491 553 685
8 52 90 202 334 354 493 554 686
9 53 91 203 335 355 492 493 555 687
8 54 92 204 336 356 495 556 688
9 55 93 205 337 357 494 495 557 689
8 56 94 206 338 358 497 558 690
9 57 95 207 339 359 496 497 559 691
8 58 96 208 340 360 499 560 692
9 59 97 209 341 361 498 499 561 693
8 60 98 210 342 362 501 562 694
9 61 99 211 343 363 500 501 563 695
8 62 100 212 344 364 503 564 696
9 63 101 213 345 365 502 503 565 697
8 64 102 214 346 366 505 566 698
9 65 103 215 347 367 504 505 567 699
8 66 104 216 348 368 507 568 700
9 67 105 217 349 369 506 507 569 701
8 68 106 218 350 370 509 570 702
9 69 107 219 351 371 508 509 571 703
8 70 108 220 264 372 511 572 616
9 71 109 221 265 373 510 511 573 617
8 72 110 222 266 374 513 574 618
9 73 111 223 267 375 512 513 575 619
8 74 112 224 268 376 515 576 620
9 75 113 225 269 377 514 515 577 621
8 76 114 226 270 378 517 578 622
9 77 115 227 271 379 516 517 579 623
8 78 116 228 272 380 519 580 624
9 79 117 229 273 381 518 519 581 625
8 80 118 230 274 382 521 582 626
9 81 119 231 275 383 520 521 583 627
8 82 120 232 276 384 523 584 628
9 83 121 233 277 385 522 523 585 629
8 84 122 234 278 386 525 586 630
9 85 123 235 279 387 524 525 587 631
8 86 124 236 280 388 527 588 632
9 87 125 237 281 389 526 527 589 633
8 0 158 228 316 438 510 529 702
9 1 159 229 317 439 511 528 529 703
8 2 160 230 318 352 512 531 616
9 3 161 231 319 353 513 530 531 617
8 4 162 232 320 354 514 533 618
9 5 163 233 321 355 515 532 533 619
8 6 164 234 322 356 516 535 620
9 7 165 235 323 357 517 534 535 621
8 8 166 236 324 358 518 537 622
9 9 167 237 325 359 519 536 537 623
8 10 168 238 326 360 520 539 624
9 11 169 239 327 361 521 538 539 625
8 12 170 240 328 362 522 541 626
9 13 171 241 329 363 523 540 541 627
8 14 172 242 330 364 524 543 628
9 15 173 243 331 365 525 542 543 629
8 16 174 244 332 366 526 545 630
9 17 175 245 333 367 527 544 545 631
8 18 88 246 334 368 440 547 632
9 19 89 247 335 369 441 546 547 633
8 20 90 248 336 370 442 549 634
9 21 91 249 337 371 443 548 549 635
8 22 92 250 338 372 444 551 636
9 23 93 251 339 373 445 550 551 637
8 24 94 252 340 374 446 553 638
9 25 95 253 341 375 447 552 553 639
8 26 96 254 342 376 448 555 640
9 27 97 255 343 377 449 554 555 641
8 28 98 256 344 378 450 557 642
9 29 99 257 345 379 451 556 557 643
8 30 100 258 346 380 452 559 644
9 31 101 259 347 381 453 558 559 645
8 32 102 260 348 382 454 561 646
9 33 103 261 349 383 455 560 561 647
8 34 104 262 350 384 456 563 648
9 35 105 263 351 385 457 562 563 649
8 36 106 176 264 386 458 565 650
9 37 107 177 265 387 459 564 565 651
8 38 108 178 266 388 460 567 652
9 39 109 179 267 389 461 566 567 653
8 40 110 180 268 390 462 569 654
9 41 111 181 269 391 463 568 569 655
8 42 112 182 270 392 464 571 656
9 43 113 183 271 393 465 570 571 657
8 44 114 184 272 394 466 573 658
9 45 115 185 273 395 467 572 573 659
8 46 116 186 274 396 468 575 660
9 47 117 187 275 397 469 574 575 661
8 48 118 188 276 398 470 577 662
9 49 119 189 277 399 471 576 577 663
8 50 120 190 278 400 472 579 664
9 51 121 191 279 401 473 578 579 665
8 52 122 192 280 402 474 581 666
9 53 123 193 281 403 475 580 581 667
8 54 124 194 282 404 476 583 668
9 55 125 195 283 405 477 582 583 669
8 56 126 196 284 406 478 585 670
9 57 127 197 285 407 479 584 585 671
8 58 128 198 286 408 480 587 672
9 59 129 199 287 409 481 586 587 673
8 60 130 200 288 410 482 589 674
9 61 131 201 289 411 483 588 589 675
8 62 132 202 290 412 484 591 676
9 63 133 203 291 413 485 590 591 677
8 64 134 204 292 414 486 593 678
9 65 135 205 293 415 487 592 593 679
8 66 136 206 294 416 488 595 680
9 67 137 207 295 417 489 594 595 681
8 68 138 208 296 418 490 597 682
9 69 139 209 297 419 491 596 597 683
8 70 140 210 298 420 492 599 684
9 71 141 211 299 421 493 598 599 685
8 72 142 212 300 422 494 601 686
9 73 143 213 301 423 495 600 601 687
8 74 144 214 302 424 496 603 688
9 75 145 215 303 425 497 602 603 689
8 76 146 216 304 426 498 605 690
9 77 147 217 305 427 499 604 605 691
8 78 148 218 306 428 500 607 692
9 79 149 219 307 429 501 606 607 693
8 80 150 220 308 430 502 609 694
9 81 151 221 309 431 503 608 609 695
8 82 152 222 310 432 504 611 696
9 83 153 223 311 433 505 610 611 697
8 84 154 224 312 434 506 613 698
9 85 155 225 313 435 507 612 613 699
8 86 156 226 314 436 508 615 700
9 87 157 227 315 437 509 614 615 701
