224 84 2 28
0 1 28 2 56 3 1153205231220162577 1152126025760 2306409277029351458 2218352705584 3459610075843264563 3336118992912
1 1 29 2 57 3 4612820924880650308 4608504103040 9225637108117405832 8873410822336 13838440303373058252 13344475971648
2 1 30 2 58 3 4539625813049616 18434016412161 9060285050520096 35493643289346 13528992363578160 53377903886595
3 1 31 2 59 3 18158503252198464 73736065648644 36241140202080384 141974573157384 54115969454312640 213511615546380
4 1 32 2 60 3 72634013008793857 13469285883920 144964560808321538 4948339208224 216463877817250563 9621532053552
5 1 33 2 61 3 290536052035175428 53877143535680 579858243233286152 19793356832896 865855511269002252 38486128214208
6 1 34 2 62 3 1162144208140701712 215508574142720 2319432972933144608 79173427331584 3463422045076009008 153944512856832
7 1 35 2 63 3 4864749614676590656 17609366438912 9349789485770506368 35218732615680 13997803368379891904 52828098006016
8 1 36 2 64 3 868139196920955138 70437465755649 289497013549138435 140874930462722 578923658352984833 211312392024067
9 1 37 2 65 3 3544614381721748488 274886311940 1302103242272409612 549768429576 2531867415525723140 824637964300
10 1 38 2 66 3 14178457526886993952 1099545247760 5208412969089638448 2199073718304 10127469662102892560 3298551857200
11 1 39 2 67 3 1157425104305537155 4398180991043 2314850208611074241 8796294873217 3472275312916611138 13194207428802
12 1 40 2 68 3 4629700417222148620 17592723964172 9259400834444296964 35185179492868 13889101251666444552 52776829715208
13 1 41 2 69 3 1141114929 70370895856689 2282228754 140740717971474 3423339555 211107318860835
14 1 42 2 70 3 72057598602387652 8606716100 144115197204770888 12918464584 216172795807142028 4345311372
15 1 43 2 71 3 288230394409550608 34426864400 576460788819083552 51673858336 864691183228568112 17381245488
16 1 44 2 72 3 1152921577638202432 137707457600 2305843155276334208 206695433344 3458764732914272448 69524981952
17 1 45 2 73 3 4611686310552809728 550829830400 9223372621105336832 826781733376 13835058931657089792 278099927808
18 1 46 2 74 3 1168501687296 2203319321601 2337002244096 3307126933506 3505499704320 1112399711235
19 1 47 2 75 3 4674006749184 8813277286404 9348008976384 13228507734024 14021998817280 4449598844940
20 1 48 2 76 3 18696026996736 35253109145616 37392035905536 52914030936096 56087995269120 17798395379760
21 1 49 2 77 3 74784107986944 141012436582464 149568143622144 211656123744384 224351981076480 71193581519040
22 1 50 2 78 3 144414324507803648 1099792908544 216771054688272384 2199564845568 72955001962233856 3299349365504
23 1 51 2 79 3 577657298031214592 4399171634176 867084218753089536 8798259382272 291820007848935424 13197397462016
24 1 52 2 80 3 2310629192124858368 17596686536704 3468336875012358144 35193037529088 1167280031395741696 52789589848064
25 1 53 2 81 3 9242516768499433472 70386746146816 13873347500049432576 140772150116352 4669120125582966784 211158359392256
26 1 54 2 82 3 76578926578630657 72007876610 153157779069075458 138647044099 229736428622315523 208507437057
27 1 55 2 83 3 306315706314522628 288031506440 612631116276301832 554588176396 918945714489262092 834029748228
11 3 32 1 65 1 14091375381839875 55009944797440 5383260469985281 20942262370816 9341467969716226 36301065945856
12 3 33 1 66 1 56365501527359500 220039779189760 21533041879941124 83769049483264 37365871878864904 145204263783424
13 3 34 1 67 1 225462006109438003 35734186627072 86132167519764497 53601221222400 149463487515459618 17867101712384
14 3 35 1 68 1 901848024437752012 142936746508288 344528670079057988 214404884889600 597853950061838472 71468406849536
15 3 36 1 69 1 3607392097751008050 8797032611840 1378114680316231955 13194609426432 2391415800247353889 4398650687488
16 3 37 1 70 1 14429568391004032200 35188130447360 5512458721264927820 52778437705728 9565663200989415556 17594602749952
17 3 38 1 71 1 2305983748849546017 140752521789443 3458975623274303794 211113750822913 1152991874424775187 70378410999810
18 3 39 1 72 1 9368050183474039940 60133736460 14052075275210998984 30073159684 4684025091737028684 38667288584
19 3 40 1 73 1 578712586477056528 240534945842 868068879715341088 120292638739 289356293238563120 154669154337
20 3 41 1 74 1 2314850345908226112 962139783368 3472275518861364352 481170554956 1157425172954252480 618676617348
21 3 42 1 75 1 9259401383632904448 3848559133472 13889102075445457408 1924682219824 4629700691817009920 2474706469392
22 3 43 1 76 1 2199036658690 15394236533890 3298539390979 7698728879299 1099520560129 9898825877569
23 3 44 1 77 1 8796146634760 61576946135560 13194157563916 30794915517196 4398082240516 39595303510276
24 3 45 1 78 1 35184586539040 246307784542240 52776630255664 123179662068784 17592328962064 158381214041104
25 3 46 1 79 1 216313520459939968 140806208036992 72268700558950592 211243671564480 144185557391704128 70574902743104
26 3 47 1 80 1 1009369269915615744 274878726656 505247584349586176 549756125952 648799823604744448 824634261760
27 3 48 1 81 1 4037477079662462976 1099514906624 2020990337398344704 2199024503808 2595199294418977792 3298537047040
0 3 49 1 82 1 16149908318649851904 4398059626496 8083961349593378816 8796098015232 10380797177675911168 13194148188160
1 3 50 1 83 1 9259401053470752768 17592238505987 13889101324663963648 35184392060929 4629700563284541440 52776592752642
2 3 51 1 56 1 878388051970 70368954023950 295413415939 140737568243719 585390686209 211106371010569
3 3 52 1 57 1 72061107590135816 839385144 144116369729519628 319553564 216175123676528644 553910308
4 3 53 1 58 1 288244430360543264 3357540576 576465478918078512 1278214256 864700494706114576 2215641232
5 3 54 1 59 1 1152977721442173056 13430162304 2305861915672314048 5112857024 3458801978824458304 8862564928
6 3 55 1 60 1 4611910885768692224 53720649216 9223447662689256192 20451428096 13835207915297833216 35450259712
7 3 28 1 61 1 899469365217280 214882596865 302503337921536 81805712386 599440062678016 141801038851
8 3 29 1 62 1 3597877460869120 859530387460 1210013351686144 327222849544 2397760250712064 567204155404
9 3 30 1 63 1 14391509843476480 3438121549840 4840053406744576 1308891398176 9591041002848256 2268816621616
10 3 31 1 64 1 57566039373905920 13752486199360 19360213626978304 5235565592704 38364164011393024 9075266486464
16 2 35 1 75 1 900510760828928 3300716184368 300182781034496 1102783709456 600338718261248 2200114561568
17 2 36 1 76 1 3602043043315712 13202864737472 1200731124137984 4411134837824 2401354873044992 8800458246272
18 2 37 1 77 1 14408172173262848 52811458949888 4802924496551936 17644539351296 9605419492179968 35201832985088
19 2 38 1 78 1 57632688693051392 211245835799552 19211697986207744 70578157405184 38421677968719872 140807331940352
20 2 39 1 79 1 230530754772205571 558413066240 76846791944830977 837652910080 153686711874879490 279374340096
21 2 40 1 80 1 922123019088822284 2233652264960 307387167779323908 3350611640320 614746847499517960 1117497360384
22 2 41 1 81 1 3472319294241505331 8934609059840 1157491077079367697 13402446561280 2314872201922215970 4469989441536
23 2 42 1 82 1 13889277176966021324 35738436239360 4629964308317470788 53609786245120 9259488807688863880 17879957766144
24 2 43 1 83 1 703704621646643 142953744957443 1055565522403601 214439144980481 351895260496418 71519831064578
25 2 44 1 56 1 146930006562442444 8865026408460 220395044203398212 13331649789956 73465175079913608 4604347547656
26 2 45 1 57 1 587720026249769776 35460105633840 881580176813592848 53326599159824 293860700319654432 18417390190624
27 2 46 1 58 1 2350880104999079104 141840422535360 3526320707254371392 213306396639296 1175442801278617728 73669560762496
0 2 47 1 59 1 9403520419996316418 4411736720128 14105282829017485571 8800656425216 4701771205114470913 13203266339328
1 2 48 1 60 1 576478344490306570 17646946880514 864726312827503631 35202625700867 288283152710404101 52813065357313
2 2 49 1 61 1 2305913377961226280 70587787522056 3458905251310014524 140810502803468 1153132610841616404 211252261429252
3 2 50 1 62 1 9295711105882833056 876173377568 13979736193315913968 292057792560 4828703225480249424 584115585040
4 2 51 1 63 1 289356276112228992 3504693510274 578712552135001024 1168231170243 868068828211446080 2336462340161
5 2 52 1 64 1 1157425104448915968 14018774041096 2314850208540004096 4672924680972 3472275312845784320 9345849360644
6 2 53 1 65 1 4629700417795663872 56075096164384 9259400834160016384 18691698723888 13889101251383137280 37383397442576
7 2 54 1 66 1 3435175937 224300384657537 1145106434 74766794895554 2290110467 149533589770307
8 2 55 1 67 1 216172795854487556 52776608498180 72057598618353672 17592202871560 144115197236297740 35184405659916
9 2 28 1 68 1 864691183417950224 211106433992720 288230394473414688 70368811486240 576460788945190960 140737622639664
10 2 29 1 69 1 3674937515785584704 805838912 1224979171931586688 269234304 2449958343856619712 537137344
11 2 30 1 70 1 14699750063142338816 3223355648 4899916687726346752 1076937216 9799833375426478848 2148549376
12 2 31 1 71 1 3458768031440700416 12893422595 1152922677195835392 4307748865 2305845354286812160 8594197506
13 2 32 1 72 1 13835072125762801664 51573690380 4611690708783341568 17230995460 9223381417147248640 34376790024
14 2 33 1 73 1 56281922551808 206294761523 18761423814656 68923981841 37521169891328 137507160098
15 2 34 1 74 1 225127690207232 825179046092 75045695258624 275695927364 150084679565312 550028640392
27 1 49 3 69 2 4503603922337808 0 9007207844675616 0 13510811767013424 0
0 1 50 3 70 2 18014415689351232 0 36028831378702464 0 54043247068053696 0
1 1 51 3 71 2 68719476993 0 137438953986 0 206158430979 0
2 1 52 3 72 2 274877907972 0 549755815944 0 824633723916 0
3 1 53 3 73 2 1099511631888 0 2199023263776 0 3298534895664 0
4 1 54 3 74 2 4398046527552 0 8796093055104 0 13194139582656 0
5 1 55 3 75 2 17592186110208 0 35184372220416 0 52776558330624 0
6 1 28 3 76 2 70368744440832 0 140737488881664 0 211106233322496 0
7 1 29 3 77 2 281474977763328 0 562949955526656 0 844424933289984 0
8 1 30 3 78 2 1125899911053312 0 2251799822106624 0 3377699733159936 0
9 1 31 3 79 2 4503599644213248 0 9007199288426496 0 13510798932639744 0
10 1 32 3 80 2 18014398576852992 0 36028797153705984 0 54043195730558976 0
11 1 33 3 81 2 269484033 0 538968066 0 808452099 0
12 1 34 3 82 2 1077936132 0 2155872264 0 3233808396 0
13 1 35 3 83 2 4311744528 0 8623489056 0 12935233584 0
14 1 36 3 56 2 17246978112 0 34493956224 0 51740934336 0
15 1 37 3 57 2 68987912448 0 137975824896 0 206963737344 0
16 1 38 3 58 2 275951649792 0 551903299584 0 827854949376 0
17 1 39 3 59 2 1103806599168 0 2207613198336 0 3311419797504 0
18 1 40 3 60 2 4415226396672 0 8830452793344 0 13245679190016 0
19 1 41 3 61 2 17660905586688 0 35321811173376 0 52982716760064 0
20 1 42 3 62 2 70643622346752 0 141287244693504 0 211930867040256 0
21 1 43 3 63 2 282574489387008 0 565148978774016 0 847723468161024 0
22 1 44 3 64 2 1130297957548032 0 2260595915096064 0 3390893872644096 0
23 1 45 3 65 2 4521191830192128 0 9042383660384256 0 13563575490576384 0
24 1 46 3 66 2 18084767320768512 0 36169534641537024 0 54254301962305536 0
25 1 47 3 67 2 281475245146113 0 562950490292226 0 844425735438339 0
26 1 48 3 68 2 1125900980584452 0 2251801961168904 0 3377702941753356 0
16 3 28 1 69 1 0 0 0 0 0 0
17 3 29 1 70 1 0 0 0 0 0 0
18 3 30 1 71 1 0 0 0 0 0 0
19 3 31 1 72 1 0 0 0 0 0 0
20 3 32 1 73 1 0 0 0 0 0 0
21 3 33 1 74 1 0 0 0 0 0 0
22 3 34 1 75 1 0 0 0 0 0 0
23 3 35 1 76 1 0 0 0 0 0 0
24 3 36 1 77 1 0 0 0 0 0 0
25 3 37 1 78 1 0 0 0 0 0 0
26 3 38 1 79 1 0 0 0 0 0 0
27 3 39 1 80 1 0 0 0 0 0 0
0 3 40 1 81 1 0 0 0 0 0 0
1 3 41 1 82 1 0 0 0 0 0 0
2 3 42 1 83 1 0 0 0 0 0 0
3 3 43 1 56 1 0 0 0 0 0 0
4 3 44 1 57 1 0 0 0 0 0 0
5 3 45 1 58 1 0 0 0 0 0 0
6 3 46 1 59 1 0 0 0 0 0 0
7 3 47 1 60 1 0 0 0 0 0 0
8 3 48 1 61 1 0 0 0 0 0 0
9 3 49 1 62 1 0 0 0 0 0 0
10 3 50 1 63 1 0 0 0 0 0 0
11 3 51 1 64 1 0 0 0 0 0 0
12 3 52 1 65 1 0 0 0 0 0 0
13 3 53 1 66 1 0 0 0 0 0 0
14 3 54 1 67 1 0 0 0 0 0 0
15 3 55 1 68 1 0 0 0 0 0 0
0 1 32 2 75 3 0 0 0 0 0 0
1 1 33 2 76 3 0 0 0 0 0 0
2 1 34 2 77 3 0 0 0 0 0 0
3 1 35 2 78 3 0 0 0 0 0 0
4 1 36 2 79 3 0 0 0 0 0 0
5 1 37 2 80 3 0 0 0 0 0 0
6 1 38 2 81 3 0 0 0 0 0 0
7 1 39 2 82 3 0 0 0 0 0 0
8 1 40 2 83 3 0 0 0 0 0 0
9 1 41 2 56 3 0 0 0 0 0 0
10 1 42 2 57 3 0 0 0 0 0 0
11 1 43 2 58 3 0 0 0 0 0 0
12 1 44 2 59 3 0 0 0 0 0 0
13 1 45 2 60 3 0 0 0 0 0 0
14 1 46 2 61 3 0 0 0 0 0 0
15 1 47 2 62 3 0 0 0 0 0 0
16 1 48 2 63 3 0 0 0 0 0 0
17 1 49 2 64 3 0 0 0 0 0 0
18 1 50 2 65 3 0 0 0 0 0 0
19 1 51 2 66 3 0 0 0 0 0 0
20 1 52 2 67 3 0 0 0 0 0 0
21 1 53 2 68 3 0 0 0 0 0 0
22 1 54 2 69 3 0 0 0 0 0 0
23 1 55 2 70 3 0 0 0 0 0 0
24 1 28 2 71 3 0 0 0 0 0 0
25 1 29 2 72 3 0 0 0 0 0 0
26 1 30 2 73 3 0 0 0 0 0 0
27 1 31 2 74 3 0 0 0 0 0 0
27 1 35 3 65 2 1152921504606846976 17592202821632 2305843009213693952 35184405643264 3458764513820540928 52776608464896
0 1 36 3 66 2 4611686018427387904 70368811286528 9223372036854775808 140737622573056 13835058055282163712 211106433859584
1 1 37 3 67 2 72057594037927936 268435457 144115188075855872 536870914 216172782113783808 805306371
2 1 38 3 68 2 288230376151711744 1073741828 576460752303423488 2147483656 864691128455135232 3221225484
3 1 39 3 69 2 1152921504606846976 4294967312 2305843009213693952 8589934624 3458764513820540928 12884901936
4 1 40 3 70 2 4611686018427387904 17179869248 9223372036854775808 34359738496 13835058055282163712 51539607744
5 1 41 3 71 2 0 68719476993 0 137438953986 0 206158430979
6 1 42 3 72 2 0 274877907972 0 549755815944 0 824633723916
7 1 43 3 73 2 0 1099511631888 0 2199023263776 0 3298534895664
8 1 44 3 74 2 0 4398046527552 0 8796093055104 0 13194139582656
9 1 45 3 75 2 0 17592186110208 0 35184372220416 0 52776558330624
10 1 46 3 76 2 0 70368744440832 0 140737488881664 0 211106233322496
11 1 47 3 77 2 72057594037927936 1052672 144115188075855872 2105344 216172782113783808 3158016
12 1 48 3 78 2 288230376151711744 4210688 576460752303423488 8421376 864691128455135232 12632064
13 1 49 3 79 2 1152921504606846976 16842752 2305843009213693952 33685504 3458764513820540928 50528256
14 1 50 3 80 2 4611686018427387904 67371008 9223372036854775808 134742016 13835058055282163712 202113024
15 1 51 3 81 2 0 269484033 0 538968066 0 808452099
16 1 52 3 82 2 0 1077936132 0 2155872264 0 3233808396
17 1 53 3 83 2 0 4311744528 0 8623489056 0 12935233584
18 1 54 3 56 2 0 17246978112 0 34493956224 0 51740934336
19 1 55 3 57 2 0 68987912448 0 137975824896 0 206963737344
20 1 28 3 58 2 0 275951649792 0 551903299584 0 827854949376
21 1 29 3 59 2 0 1103806599168 0 2207613198336 0 3311419797504
22 1 30 3 60 2 0 4415226396672 0 8830452793344 0 13245679190016
23 1 31 3 61 2 0 17660905586688 0 35321811173376 0 52982716760064
24 1 32 3 62 2 0 70643622346752 0 141287244693504 0 211930867040256
25 1 33 3 63 2 72057594037927936 1099512676352 144115188075855872 2199025352704 216172782113783808 3298538029056
26 1 34 3 64 2 288230376151711744 4398050705408 576460752303423488 8796101410816 864691128455135232 13194152116224
11 2 49 1 56 1 0 0 0 0 0 0
12 2 50 1 57 1 0 0 0 0 0 0
13 2 51 1 58 1 0 0 0 0 0 0
14 2 52 1 59 1 0 0 0 0 0 0
15 2 53 1 60 1 0 0 0 0 0 0
16 2 54 1 61 1 0 0 0 0 0 0
17 2 55 1 62 1 0 0 0 0 0 0
18 2 28 1 63 1 0 0 0 0 0 0
19 2 29 1 64 1 0 0 0 0 0 0
20 2 30 1 65 1 0 0 0 0 0 0
21 2 31 1 66 1 0 0 0 0 0 0
22 2 32 1 67 1 0 0 0 0 0 0
23 2 33 1 68 1 0 0 0 0 0 0
24 2 34 1 69 1 0 0 0 0 0 0
25 2 35 1 70 1 0 0 0 0 0 0
26 2 36 1 71 1 0 0 0 0 0 0
27 2 37 1 72 1 0 0 0 0 0 0
0 2 38 1 73 1 0 0 0 0 0 0
1 2 39 1 74 1 0 0 0 0 0 0
2 2 40 1 75 1 0 0 0 0 0 0
3 2 41 1 76 1 0 0 0 0 0 0
4 2 42 1 77 1 0 0 0 0 0 0
5 2 43 1 78 1 0 0 0 0 0 0
6 2 44 1 79 1 0 0 0 0 0 0
7 2 45 1 80 1 0 0 0 0 0 0
8 2 46 1 81 1 0 0 0 0 0 0
9 2 47 1 82 1 0 0 0 0 0 0
10 2 48 1 83 1 0 0 0 0 0 0
