128 48 64 16
0 1 16 1 32 1
1 1 17 1 33 1
2 1 18 1 34 1
3 1 19 1 35 1
4 1 20 1 36 1
5 1 21 1 37 1
6 1 22 1 38 1
7 1 23 1 39 1
8 1 24 1 40 1
9 1 25 1 41 1
10 1 26 1 42 1
11 1 27 1 43 1
12 1 28 1 44 1
13 1 29 1 45 1
14 1 30 1 46 1
15 1 31 1 47 1
6 1 24 1 42 1
7 1 25 1 43 1
8 1 26 1 44 1
9 1 27 1 45 1
10 1 28 1 46 1
11 1 29 1 47 1
12 1 30 1 32 1
13 1 31 1 33 1
14 1 16 1 34 1
15 1 17 1 35 1
0 1 18 1 36 1
1 1 19 1 37 1
2 1 20 1 38 1
3 1 21 1 39 1
4 1 22 1 40 1
5 1 23 1 41 1
6 1 19 1 39 1
7 1 20 1 40 1
8 1 21 1 41 1
9 1 22 1 42 1
10 1 23 1 43 1
11 1 24 1 44 1
12 1 25 1 45 1
13 1 26 1 46 1
14 1 27 1 47 1
15 1 28 1 32 1
0 1 29 1 33 1
1 1 30 1 34 1
2 1 31 1 35 1
3 1 16 1 36 1
4 1 17 1 37 1
5 1 18 1 38 1
4 1 18 1 41 1
5 1 19 1 42 1
6 1 20 1 43 1
7 1 21 1 44 1
8 1 22 1 45 1
9 1 23 1 46 1
10 1 24 1 47 1
11 1 25 1 32 1
12 1 26 1 33 1
13 1 27 1 34 1
14 1 28 1 35 1
15 1 29 1 36 1
0 1 30 1 37 1
1 1 31 1 38 1
2 1 16 1 39 1
3 1 17 1 40 1
0 2 24 1 39 1
1 2 25 1 40 1
2 2 26 1 41 1
3 2 27 1 42 1
4 2 28 1 43 1
5 2 29 1 44 1
6 2 30 1 45 1
7 2 31 1 46 1
8 2 16 1 47 1
9 2 17 1 32 1
10 2 18 1 33 1
11 2 19 1 34 1
12 2 20 1 35 1
13 2 21 1 36 1
14 2 22 1 37 1
15 2 23 1 38 1
4 1 16 2 42 1
5 1 17 2 43 1
6 1 18 2 44 1
7 1 19 2 45 1
8 1 20 2 46 1
9 1 21 2 47 1
10 1 22 2 32 1
11 1 23 2 33 1
12 1 24 2 34 1
13 1 25 2 35 1
14 1 26 2 36 1
15 1 27 2 37 1
0 1 28 2 38 1
1 1 29 2 39 1
2 1 30 2 40 1
3 1 31 2 41 1
14 1 18 1 32 2
15 1 19 1 33 2
0 1 20 1 34 2
1 1 21 1 35 2
2 1 22 1 36 2
3 1 23 1 37 2
4 1 24 1 38 2
5 1 25 1 39 2
6 1 26 1 40 2
7 1 27 1 41 2
8 1 28 1 42 2
9 1 29 1 43 2
10 1 30 1 44 2
11 1 31 1 45 2
12 1 16 1 46 2
13 1 17 1 47 2
14 1 19 1 41 1
15 1 20 1 42 1
0 1 21 1 43 1
1 1 22 1 44 1
2 1 23 1 45 1
3 1 24 1 46 1
4 1 25 1 47 1
5 1 26 1 32 1
6 1 27 1 33 1
7 1 28 1 34 1
8 1 29 1 35 1
9 1 30 1 36 1
10 1 31 1 37 1
11 1 16 1 38 1
12 1 17 1 39 1
13 1 18 1 40 1
234191905762847744
507784431470389316
309630223240922180
468383811525695488
1015568862940778632
619260446481844360
936767623051390976
2031137725881557264
1238520892963688720
1873535241807814657
4062275451763048993
2477041781632475680
3747070483615629314
8124550903526097986
4954083563264951360
7494140962936291333
16249101807052130437
9908167122235000960
14988000455190773771
14051741011076518154
1369590170760450305
11529538311648706582
9656737952738451988
2738898870839157250
4612614024564572204
866731836062319656
5477516270996571140
9225228049129144408
1733463672124639312
10955032541993142280
3712024548802736
3466645869272567969
3463602485253378065
7424049097605472
6933291738545135938
6927204970506756130
14848098195210944
13866583477090271876
13854409941013512260
29414725708678528
9286704355447702792
9262075812612440200
58547976440711936
126946107867597329
77407555810230545
117095952881423872
253892215735194658
154815111620461090
147565802453786692
4637583967451923520
4778389972283827204
295131600612606089
9275167934903781505
9556779940272752648
589981726248501523
103873271074656515
666815806836019216
1179963452496937511
207746537854411270
1333631609377071137
2359926904993875022
415493075708822540
2667263218754142274
4719853809987750044
830986151417645080
5334526437508284548
9439707615680598328
1661972298540322865
10669052875016503561
432671161946612336
3323663126398902370
2891643151300166162
865342323893224672
6647326252797804740
5783286302600332324
1730684647786449344
13294652505595609480
11566572605200664648
3461087820596188033
8142842412458312465
4686401136691843216
6922175641192376066
16285684824916624930
9372802273383686432
13844069811703008772
14124907051100408900
298860477352788544
9241677024673176584
9803070032786233480
597439484023833728
36891450613446673
1159395991862980880
1194597493070956801
73782901226893346
2318791983725961760
2389194986141913602
936820297050144776
5483146839975051276
4690582681091047428
1873640589805322257
10966293679950037017
9381165357887193096
3746999704633933859
3486124761167167539
315586642064900112
7493999409267867718
6972249522334335078
631173284129800224
14987998818535735436
13944499044668670156
1262346568259600448
11529535038338629912
9442254019922755992
2524411665837457536
4612607477944418864
437763970430927664
5048541860993171712
9225214955888837728
875527940861855328
10097083721986343424
3685842363091136
1750774411041967296
1747704845239845888
7371684726182272
3501548822083934592
3495409690479691776
14743369452364544
7003097644167869184
6990819380959383552
29486738904729088
14006195288335738368
13981638761918767104
58692007127714816
9565927977938635776
9516533454422949888
117102539278718977
685393357144365057
586322835136413696
234205074262536194
1370786709993762819
1172645670272761857
468410148525072388
2741573419987525638
2345291340545523714
526344
134217736
134744064
1052688
268435472
269488128
2105376
536870944
538976256
4210752
1073741888
1077952512
8421504
2147483776
2155905024
16777473
65792
16842753
33554946
131584
33685506
67109892
263168
67371012
134219784
526336
134742024
268439568
1052672
269484048
536879136
2105344
538968096
1073758272
4210688
1077936192
2147516544
8421376
2155872384
65793
16777217
16843008
131586
33554434
33686016
263172
67108868
67372032
0
0
0
0
0
0
0
0
0
0
0
0
0
0
0
0
0
0
0
0
0
0
0
0
0
0
0
0
0
0
0
0
0
0
0
0
0
0
0
0
0
0
0
0
0
0
0
0
0
0
0
0
0
0
0
0
0
0
0
0
0
0
0
0
0
0
0
0
0
0
0
0
0
0
0
0
0
0
0
0
0
0
0
0
0
0
0
0
0
0
0
0
0
0
0
0
0
0
0
0
0
0
0
0
0
0
0
0
0
0
0
0
0
0
0
0
0
0
0
0
0
0
0
0
0
0
0
0
0
0
0
0
0
0
0
0
0
0
0
0
0
0
0
0
576460786663161856
578721348210130944
2260630266445824
1152921573326323712
1157442696420261888
4521260532891648
2305843146652647424
2314885392840523776
9042521065783296
4611686293305294848
4629770785681047552
18085042131566592
9223372586610589696
9259541571362095104
36170084263133184
282574488338432
72339073309605888
72058697844523008
565148976676864
144678146619211776
144117395689046016
1130297953353728
289356293238423552
288234791378092032
2260595906707456
578712586476847104
576469582756184064
4521191813414912
1157425172953694208
1152939165512368128
9042383626829824
2314850345907388416
2305878331024736256
18084767253659648
4629700691814776832
4611756662049472512
36169534507319296
9259401383629553664
9223513324098945024
72057598332895232
72340168526266368
282578783305728
144115196665790464
144680337052532736
565157566611456
288230393331580928
289360674105065472
1130315133222912
