96 256
8 0 52 84 120 129 184 196 228
9 1 53 85 121 128 129 185 197 229
8 2 54 86 122 131 186 198 230
9 3 55 87 123 130 131 187 199 231
8 4 56 88 124 133 188 200 232
9 5 57 89 125 132 133 189 201 233
8 6 58 90 126 135 190 202 234
9 7 59 91 127 134 135 191 203 235
8 8 60 92 96 137 160 204 236
9 9 61 93 97 136 137 161 205 237
8 10 62 94 98 139 162 206 238
9 11 63 95 99 138 139 163 207 239
8 12 32 64 100 141 164 208 240
9 13 33 65 101 140 141 165 209 241
8 14 34 66 102 143 166 210 242
9 15 35 67 103 142 143 167 211 243
8 16 36 68 104 145 168 212 244
9 17 37 69 105 144 145 169 213 245
8 18 38 70 106 147 170 214 246
9 19 39 71 107 146 147 171 215 247
8 20 40 72 108 149 172 216 248
9 21 41 73 109 148 149 173 217 249
8 22 42 74 110 151 174 218 250
9 23 43 75 111 150 151 175 219 251
8 24 44 76 112 153 176 220 252
9 25 45 77 113 152 153 177 221 253
8 26 46 78 114 155 178 222 254
9 27 47 79 115 154 155 179 223 255
8 28 48 80 116 157 180 192 224
9 29 49 81 117 156 157 181 193 225
8 30 50 82 118 159 182 194 226
9 31 51 83 119 158 159 183 195 227
8 0 48 90 124 144 161 220 250
9 1 49 91 125 145 160 161 221 251
8 2 50 92 126 146 163 222 252
9 3 51 93 127 147 162 163 223 253
8 4 52 94 96 148 165 192 254
9 5 53 95 97 149 164 165 193 255
8 6 54 64 98 150 167 194 224
9 7 55 65 99 151 166 167 195 225
8 8 56 66 100 152 169 196 226
9 9 57 67 101 153 168 169 197 227
8 10 58 68 102 154 171 198 228
9 11 59 69 103 155 170 171 199 229
8 12 60 70 104 156 173 200 230
9 13 61 71 105 157 172 173 201 231
8 14 62 72 106 158 175 202 232
9 15 63 73 107 159 174 175 203 233
8 16 32 74 108 128 177 204 234
9 17 33 75 109 129 176 177 205 235
8 18 34 76 110 130 179 206 236
9 19 35 77 111 131 178 179 207 237
8 20 36 78 112 132 181 208 238
9 21 37 79 113 133 180 181 209 239
8 22 38 80 114 134 183 210 240
9 23 39 81 115 135 182 183 211 241
8 24 40 82 116 136 185 212 242
9 25 41 83 117 137 184 185 213 243
8 26 42 84 118 138 187 214 244
9 27 43 85 119 139 186 187 215 245
8 28 44 86 120 140 189 216 246
9 29 45 87 121 141 188 189 217 247
8 30 46 88 122 142 191 218 248
9 31 47 89 123 143 190 191 219 249
8 0 44 82 110 146 172 193 238
9 1 45 83 111 147 173 192 193 239
8 2 46 84 112 148 174 195 240
9 3 47 85 113 149 175 194 195 241
8 4 48 86 114 150 176 197 242
9 5 49 87 115 151 177 196 197 243
8 6 50 88 116 152 178 199 244
9 7 51 89 117 153 179 198 199 245
8 8 52 90 118 154 180 201 246
9 9 53 91 119 155 181 200 201 247
8 10 54 92 120 156 182 203 248
9 11 55 93 121 157 183 202 203 249
8 12 56 94 122 158 184 205 250
9 13 57 95 123 159 185 204 205 251
8 14 58 64 124 128 186 207 252
9 15 59 65 125 129 187 206 207 253
8 16 60 66 126 130 188 209 254
9 17 61 67 127 131 189 208 209 255
8 18 62 68 96 132 190 211 224
9 19 63 69 97 133 191 210 211 225
8 20 32 70 98 134 160 213 226
9 21 33 71 99 135 161 212 213 227
8 22 34 72 100 136 162 215 228
9 23 35 73 101 137 163 214 215 229
8 24 36 74 102 138 164 217 230
9 25 37 75 103 139 165 216 217 231
8 26 38 76 104 140 166 219 232
9 27 39 77 105 141 167 218 219 233
8 28 40 78 106 142 168 221 234
9 29 41 79 107 143 169 220 221 235
8 30 42 80 108 144 170 223 236
9 31 43 81 109 145 171 222 223 237
