288 768
8 1 96 192 288 384 480 576 672
9 0 1 97 193 289 385 481 577 673
8 3 98 194 290 386 482 578 674
9 2 3 99 195 291 387 483 579 675
8 5 100 196 292 388 484 580 676
9 4 5 101 197 293 389 485 581 677
8 7 102 198 294 390 486 582 678
9 6 7 103 199 295 391 487 583 679
8 9 104 200 296 392 488 584 680
9 8 9 105 201 297 393 489 585 681
8 11 106 202 298 394 490 586 682
9 10 11 107 203 299 395 491 587 683
8 13 108 204 300 396 492 588 684
9 12 13 109 205 301 397 493 589 685
8 15 110 206 302 398 494 590 686
9 14 15 111 207 303 399 495 591 687
8 17 112 208 304 400 496 592 688
9 16 17 113 209 305 401 497 593 689
8 19 114 210 306 402 498 594 690
9 18 19 115 211 307 403 499 595 691
8 21 116 212 308 404 500 596 692
9 20 21 117 213 309 405 501 597 693
8 23 118 214 310 406 502 598 694
9 22 23 119 215 311 407 503 599 695
8 25 120 216 312 408 504 600 696
9 24 25 121 217 313 409 505 601 697
8 27 122 218 314 410 506 602 698
9 26 27 123 219 315 411 507 603 699
8 29 124 220 316 412 508 604 700
9 28 29 125 221 317 413 509 605 701
8 31 126 222 318 414 510 606 702
9 30 31 127 223 319 415 511 607 703
8 33 128 224 320 416 512 608 704
9 32 33 129 225 321 417 513 609 705
8 35 130 226 322 418 514 610 706
9 34 35 131 227 323 419 515 611 707
8 37 132 228 324 420 516 612 708
9 36 37 133 229 325 421 517 613 709
8 39 134 230 326 422 518 614 710
9 38 39 135 231 327 423 519 615 711
8 41 136 232 328 424 520 616 712
9 40 41 137 233 329 425 521 617 713
8 43 138 234 330 426 522 618 714
9 42 43 139 235 331 427 523 619 715
8 45 140 236 332 428 524 620 716
9 44 45 141 237 333 429 525 621 717
8 47 142 238 334 430 526 622 718
9 46 47 143 239 335 431 527 623 719
8 49 144 240 336 432 528 624 720
9 48 49 145 241 337 433 529 625 721
8 51 146 242 338 434 530 626 722
9 50 51 147 243 339 435 531 627 723
8 53 148 244 340 436 532 628 724
9 52 53 149 245 341 437 533 629 725
8 55 150 246 342 438 534 630 726
9 54 55 151 247 343 439 535 631 727
8 57 152 248 344 440 536 632 728
9 56 57 153 249 345 441 537 633 729
8 59 154 250 346 442 538 634 730
9 58 59 155 251 347 443 539 635 731
8 61 156 252 348 444 540 636 732
9 60 61 157 253 349 445 541 637 733
8 63 158 254 350 446 542 638 734
9 62 63 159 255 351 447 543 639 735
8 65 160 256 352 448 544 640 736
9 64 65 161 257 353 449 545 641 737
8 67 162 258 354 450 546 642 738
9 66 67 163 259 355 451 547 643 739
8 69 164 260 356 452 548 644 740
9 68 69 165 261 357 453 549 645 741
8 71 166 262 358 454 550 646 742
9 70 71 167 263 359 455 551 647 743
8 73 168 264 360 456 552 648 744
9 72 73 169 265 361 457 553 649 745
8 75 170 266 362 458 554 650 746
9 74 75 171 267 363 459 555 651 747
8 77 172 268 364 460 556 652 748
9 76 77 173 269 365 461 557 653 749
8 79 174 270 366 462 558 654 750
9 78 79 175 271 367 463 559 655 751
8 81 176 272 368 464 560 656 752
9 80 81 177 273 369 465 561 657 753
8 83 178 274 370 466 562 658 754
9 82 83 179 275 371 467 563 659 755
8 85 180 276 372 468 564 660 756
9 84 85 181 277 373 469 565 661 757
8 87 182 278 374 470 566 662 758
9 86 87 183 279 375 471 567 663 759
8 89 184 280 376 472 568 664 760
9 88 89 185 281 377 473 569 665 761
8 91 186 282 378 474 570 666 762
9 90 91 187 283 379 475 571 667 763
8 93 188 284 380 476 572 668 764
9 92 93 189 285 381 477 573 669 765
8 95 190 286 382 478 574 670 766
9 94 95 191 287 383 479 575 671 767
8 0 191 264 314 448 504 630 674
9 1 190 191 265 315 449 505 631 675
8 2 97 266 316 450 506 632 676
9 3 96 97 267 317 451 507 633 677
8 4 99 268 318 452 508 634 678
9 5 98 99 269 319 453 509 635 679
8 6 101 270 320 454 510 636 680
9 7 100 101 271 321 455 511 637 681
8 8 103 272 322 456 512 638 682
9 9 102 103 273 323 457 513 639 683
8 10 105 274 324 458 514 640 684
9 11 104 105 275 325 459 515 641 685
8 12 107 276 326 460 516 642 686
9 13 106 107 277 327 461 517 643 687
8 14 109 278 328 462 518 644 688
9 15 108 109 279 329 463 519 645 689
8 16 111 280 330 464 520 646 690
9 17 110 111 281 331 465 521 647 691
8 18 113 282 332 466 522 648 692
9 19 112 113 283 333 467 523 649 693
8 20 115 284 334 468 524 650 694
9 21 114 115 285 335 469 525 651 695
8 22 117 286 336 470 526 652 696
9 23 116 117 287 337 471 527 653 697
8 24 119 192 338 472 528 654 698
9 25 118 119 193 339 473 529 655 699
8 26 121 194 340 474 530 656 700
9 27 120 121 195 341 475 531 657 701
8 28 123 196 342 476 532 658 702
9 29 122 123 197 343 477 533 659 703
8 30 125 198 344 478 534 660 704
9 31 124 125 199 345 479 535 661 705
8 32 127 200 346 384 536 662 706
9 33 126 127 201 347 385 537 663 707
8 34 129 202 348 386 538 664 708
9 35 128 129 203 349 387 539 665 709
8 36 131 204 350 388 540 666 710
9 37 130 131 205 351 389 541 667 711
8 38 133 206 352 390 542 668 712
9 39 132 133 207 353 391 543 669 713
8 40 135 208 354 392 544 670 714
9 41 134 135 209 355 393 545 671 715
8 42 137 210 356 394 546 576 716
9 43 136 137 211 357 395 547 577 717
8 44 139 212 358 396 548 578 718
9 45 138 139 213 359 397 549 579 719
8 46 141 214 360 398 550 580 720
9 47 140 141 215 361 399 551 581 721
8 48 143 216 362 400 552 582 722
9 49 142 143 217 363 401 553 583 723
8 50 145 218 364 402 554 584 724
9 51 144 145 219 365 403 555 585 725
8 52 147 220 366 404 556 586 726
9 53 146 147 221 367 405 557 587 727
8 54 149 222 368 406 558 588 728
9 55 148 149 223 369 407 559 589 729
8 56 151 224 370 408 560 590 730
9 57 150 151 225 371 409 561 591 731
8 58 153 226 372 410 562 592 732
9 59 152 153 227 373 411 563 593 733
8 60 155 228 374 412 564 594 734
9 61 154 155 229 375 413 565 595 735
8 62 157 230 376 414 566 596 736
9 63 156 157 231 377 415 567 597 737
8 64 159 232 378 416 568 598 738
9 65 158 159 233 379 417 569 599 739
8 66 161 234 380 418 570 600 740
9 67 160 161 235 381 419 571 601 741
8 68 163 236 382 420 572 602 742
9 69 162 163 237 383 421 573 603 743
8 70 165 238 288 422 574 604 744
9 71 164 165 239 289 423 575 605 745
8 72 167 240 290 424 480 606 746
9 73 166 167 241 291 425 481 607 747
8 74 169 242 292 426 482 608 748
9 75 168 169 243 293 427 483 609 749
8 76 171 244 294 428 484 610 750
9 77 170 171 245 295 429 485 611 751
8 78 173 246 296 430 486 612 752
9 79 172 173 247 297 431 487 613 753
8 80 175 248 298 432 488 614 754
9 81 174 175 249 299 433 489 615 755
8 82 177 250 300 434 490 616 756
9 83 176 177 251 301 435 491 617 757
8 84 179 252 302 436 492 618 758
9 85 178 179 253 303 437 493 619 759
8 86 181 254 304 438 494 620 760
9 87 180 181 255 305 439 495 621 761
8 88 183 256 306 440 496 622 762
9 89 182 183 257 307 441 497 623 763
8 90 185 258 308 442 498 624 764
9 91 184 185 259 309 443 499 625 765
8 92 187 260 310 444 500 626 766
9 93 186 187 261 311 445 501 627 767
8 94 189 262 312 446 502 628 672
9 95 188 189 263 313 447 503 629 673
8 0 166 217 306 474 546 632 720
9 1 167 216 217 307 475 547 633 721
8 2 168 219 308 476 548 634 722
9 3 169 218 219 309 477 549 635 723
8 4 170 221 310 478 550 636 724
9 5 171 220 221 311 479 551 637 725
8 6 172 223 312 384 552 638 726
9 7 173 222 223 313 385 553 639 727
8 8 174 225 314 386 554 640 728
9 9 175 224 225 315 387 555 641 729
8 10 176 227 316 388 556 642 730
9 11 177 226 227 317 389 557 643 731
8 12 178 229 318 390 558 644 732
9 13 179 228 229 319 391 559 645 733
8 14 180 231 320 392 560 646 734
9 15 181 230 231 321 393 561 647 735
8 16 182 233 322 394 562 648 736
9 17 183 232 233 323 395 563 649 737
8 18 184 235 324 396 564 650 738
9 19 185 234 235 325 397 565 651 739
8 20 186 237 326 398 566 652 740
9 21 187 236 237 327 399 567 653 741
8 22 188 239 328 400 568 654 742
9 23 189 238 239 329 401 569 655 743
8 24 190 241 330 402 570 656 744
9 25 191 240 241 331 403 571 657 745
8 26 96 243 332 404 572 658 746
9 27 97 242 243 333 405 573 659 747
8 28 98 245 334 406 574 660 748
9 29 99 244 245 335 407 575 661 749
8 30 100 247 336 408 480 662 750
9 31 101 246 247 337 409 481 663 751
8 32 102 249 338 410 482 664 752
9 33 103 248 249 339 411 483 665 753
8 34 104 251 340 412 484 666 754
9 35 105 250 251 341 413 485 667 755
8 36 106 253 342 414 486 668 756
9 37 107 252 253 343 415 487 669 757
8 38 108 255 344 416 488 670 758
9 39 109 254 255 345 417 489 671 759
8 40 110 257 346 418 490 576 760
9 41 111 256 257 347 419 491 577 761
8 42 112 259 348 420 492 578 762
9 43 113 258 259 349 421 493 579 763
8 44 114 261 350 422 494 580 764
9 45 115 260 261 351 423 495 581 765
8 46 116 263 352 424 496 582 766
9 47 117 262 263 353 425 497 583 767
8 48 118 265 354 426 498 584 672
9 49 119 264 265 355 427 499 585 673
8 50 120 267 356 428 500 586 674
9 51 121 266 267 357 429 501 587 675
8 52 122 269 358 430 502 588 676
9 53 123 268 269 359 431 503 589 677
8 54 124 271 360 432 504 590 678
9 55 125 270 271 361 433 505 591 679
8 56 126 273 362 434 506 592 680
9 57 127 272 273 363 435 507 593 681
8 58 128 275 364 436 508 594 682
9 59 129 274 275 365 437 509 595 683
8 60 130 277 366 438 510 596 684
9 61 131 276 277 367 439 511 597 685
8 62 132 279 368 440 512 598 686
9 63 133 278 279 369 441 513 599 687
8 64 134 281 370 442 514 600 688
9 65 135 280 281 371 443 515 601 689
8 66 136 283 372 444 516 602 690
9 67 137 282 283 373 445 517 603 691
8 68 138 285 374 446 518 604 692
9 69 139 284 285 375 447 519 605 693
8 70 140 287 376 448 520 606 694
9 71 141 286 287 377 449 521 607 695
8 72 142 193 378 450 522 608 696
9 73 143 192 193 379 451 523 609 697
8 74 144 195 380 452 524 610 698
9 75 145 194 195 381 453 525 611 699
8 76 146 197 382 454 526 612 700
9 77 147 196 197 383 455 527 613 701
8 78 148 199 288 456 528 614 702
9 79 149 198 199 289 457 529 615 703
8 80 150 201 290 458 530 616 704
9 81 151 200 201 291 459 531 617 705
8 82 152 203 292 460 532 618 706
9 83 153 202 203 293 461 533 619 707
8 84 154 205 294 462 534 620 708
9 85 155 204 205 295 463 535 621 709
8 86 156 207 296 464 536 622 710
9 87 157 206 207 297 465 537 623 711
8 88 158 209 298 466 538 624 712
9 89 159 208 209 299 467 539 625 713
8 90 160 211 300 468 540 626 714
9 91 161 210 211 301 469 541 627 715
8 92 162 213 302 470 542 628 716
9 93 163 212 213 303 471 543 629 717
8 94 164 215 304 472 544 630 718
9 95 165 214 215 305 473 545 631 719
