384 144 192 48
0 2 48 1 96 1
1 2 49 1 97 1
2 2 50 1 98 1
3 2 51 1 99 1
4 2 52 1 100 1
5 2 53 1 101 1
6 2 54 1 102 1
7 2 55 1 103 1
8 2 56 1 104 1
9 2 57 1 105 1
10 2 58 1 106 1
11 2 59 1 107 1
12 2 60 1 108 1
13 2 61 1 109 1
14 2 62 1 110 1
15 2 63 1 111 1
16 2 64 1 112 1
17 2 65 1 113 1
18 2 66 1 114 1
19 2 67 1 115 1
20 2 68 1 116 1
21 2 69 1 117 1
22 2 70 1 118 1
23 2 71 1 119 1
24 2 72 1 120 1
25 2 73 1 121 1
26 2 74 1 122 1
27 2 75 1 123 1
28 2 76 1 124 1
29 2 77 1 125 1
30 2 78 1 126 1
31 2 79 1 127 1
32 2 80 1 128 1
33 2 81 1 129 1
34 2 82 1 130 1
35 2 83 1 131 1
36 2 84 1 132 1
37 2 85 1 133 1
38 2 86 1 134 1
39 2 87 1 135 1
40 2 88 1 136 1
41 2 89 1 137 1
42 2 90 1 138 1
43 2 91 1 139 1
44 2 92 1 140 1
45 2 93 1 141 1
46 2 94 1 142 1
47 2 95 1 143 1
0 1 49 2 109 1
1 1 50 2 110 1
2 1 51 2 111 1
3 1 52 2 112 1
4 1 53 2 113 1
5 1 54 2 114 1
6 1 55 2 115 1
7 1 56 2 116 1
8 1 57 2 117 1
9 1 58 2 118 1
10 1 59 2 119 1
11 1 60 2 120 1
12 1 61 2 121 1
13 1 62 2 122 1
14 1 63 2 123 1
15 1 64 2 124 1
16 1 65 2 125 1
17 1 66 2 126 1
18 1 67 2 127 1
19 1 68 2 128 1
20 1 69 2 129 1
21 1 70 2 130 1
22 1 71 2 131 1
23 1 72 2 132 1
24 1 73 2 133 1
25 1 74 2 134 1
26 1 75 2 135 1
27 1 76 2 136 1
28 1 77 2 137 1
29 1 78 2 138 1
30 1 79 2 139 1
31 1 80 2 140 1
32 1 81 2 141 1
33 1 82 2 142 1
34 1 83 2 143 1
35 1 84 2 96 1
36 1 85 2 97 1
37 1 86 2 98 1
38 1 87 2 99 1
39 1 88 2 100 1
40 1 89 2 101 1
41 1 90 2 102 1
42 1 91 2 103 1
43 1 92 2 104 1
44 1 93 2 105 1
45 1 94 2 106 1
46 1 95 2 107 1
47 1 48 2 108 1
0 1 60 1 132 2
1 1 61 1 133 2
2 1 62 1 134 2
3 1 63 1 135 2
4 1 64 1 136 2
5 1 65 1 137 2
6 1 66 1 138 2
7 1 67 1 139 2
8 1 68 1 140 2
9 1 69 1 141 2
10 1 70 1 142 2
11 1 71 1 143 2
12 1 72 1 96 2
13 1 73 1 97 2
14 1 74 1 98 2
15 1 75 1 99 2
16 1 76 1 100 2
17 1 77 1 101 2
18 1 78 1 102 2
19 1 79 1 103 2
20 1 80 1 104 2
21 1 81 1 105 2
22 1 82 1 106 2
23 1 83 1 107 2
24 1 84 1 108 2
25 1 85 1 109 2
26 1 86 1 110 2
27 1 87 1 111 2
28 1 88 1 112 2
29 1 89 1 113 2
30 1 90 1 114 2
31 1 91 1 115 2
32 1 92 1 116 2
33 1 93 1 117 2
34 1 94 1 118 2
35 1 95 1 119 2
36 1 48 1 120 2
37 1 49 1 121 2
38 1 50 1 122 2
39 1 51 1 123 2
40 1 52 1 124 2
41 1 53 1 125 2
42 1 54 1 126 2
43 1 55 1 127 2
44 1 56 1 128 2
45 1 57 1 129 2
46 1 58 1 130 2
47 1 59 1 131 2
0 1 83 1 135 1
1 1 84 1 136 1
2 1 85 1 137 1
3 1 86 1 138 1
4 1 87 1 139 1
5 1 88 1 140 1
6 1 89 1 141 1
7 1 90 1 142 1
8 1 91 1 143 1
9 1 92 1 96 1
10 1 93 1 97 1
11 1 94 1 98 1
12 1 95 1 99 1
13 1 48 1 100 1
14 1 49 1 101 1
15 1 50 1 102 1
16 1 51 1 103 1
17 1 52 1 104 1
18 1 53 1 105 1
19 1 54 1 106 1
20 1 55 1 107 1
21 1 56 1 108 1
22 1 57 1 109 1
23 1 58 1 110 1
24 1 59 1 111 1
25 1 60 1 112 1
26 1 61 1 113 1
27 1 62 1 114 1
28 1 63 1 115 1
29 1 64 1 116 1
30 1 65 1 117 1
31 1 66 1 118 1
32 1 67 1 119 1
33 1 68 1 120 1
34 1 69 1 121 1
35 1 70 1 122 1
36 1 71 1 123 1
37 1 72 1 124 1
38 1 73 1 125 1
39 1 74 1 126 1
40 1 75 1 127 1
41 1 76 1 128 1
42 1 77 1 129 1
43 1 78 1 130 1
44 1 79 1 131 1
45 1 80 1 132 1
46 1 81 1 133 1
47 1 82 1 134 1
0 1 64 1 99 1
1 1 65 1 100 1
2 1 66 1 101 1
3 1 67 1 102 1
4 1 68 1 103 1
5 1 69 1 104 1
6 1 70 1 105 1
7 1 71 1 106 1
8 1 72 1 107 1
9 1 73 1 108 1
10 1 74 1 109 1
11 1 75 1 110 1
12 1 76 1 111 1
13 1 77 1 112 1
14 1 78 1 113 1
15 1 79 1 114 1
16 1 80 1 115 1
17 1 81 1 116 1
18 1 82 1 117 1
19 1 83 1 118 1
20 1 84 1 119 1
21 1 85 1 120 1
22 1 86 1 121 1
23 1 87 1 122 1
24 1 88 1 123 1
25 1 89 1 124 1
26 1 90 1 125 1
27 1 91 1 126 1
28 1 92 1 127 1
29 1 93 1 128 1
30 1 94 1 129 1
31 1 95 1 130 1
32 1 48 1 131 1
33 1 49 1 132 1
34 1 50 1 133 1
35 1 51 1 134 1
36 1 52 1 135 1
37 1 53 1 136 1
38 1 54 1 137 1
39 1 55 1 138 1
40 1 56 1 139 1
41 1 57 1 140 1
42 1 58 1 141 1
43 1 59 1 142 1
44 1 60 1 143 1
45 1 61 1 96 1
46 1 62 1 97 1
47 1 63 1 98 1
0 1 84 1 111 1
1 1 85 1 112 1
2 1 86 1 113 1
3 1 87 1 114 1
4 1 88 1 115 1
5 1 89 1 116 1
6 1 90 1 117 1
7 1 91 1 118 1
8 1 92 1 119 1
9 1 93 1 120 1
10 1 94 1 121 1
11 1 95 1 122 1
12 1 48 1 123 1
13 1 49 1 124 1
14 1 50 1 125 1
15 1 51 1 126 1
16 1 52 1 127 1
17 1 53 1 128 1
18 1 54 1 129 1
19 1 55 1 130 1
20 1 56 1 131 1
21 1 57 1 132 1
22 1 58 1 133 1
23 1 59 1 134 1
24 1 60 1 135 1
25 1 61 1 136 1
26 1 62 1 137 1
27 1 63 1 138 1
28 1 64 1 139 1
29 1 65 1 140 1
30 1 66 1 141 1
31 1 67 1 142 1
32 1 68 1 143 1
33 1 69 1 96 1
34 1 70 1 97 1
35 1 71 1 98 1
36 1 72 1 99 1
37 1 73 1 100 1
38 1 74 1 101 1
39 1 75 1 102 1
40 1 76 1 103 1
41 1 77 1 104 1
42 1 78 1 105 1
43 1 79 1 106 1
44 1 80 1 107 1
45 1 81 1 108 1
46 1 82 1 109 1
47 1 83 1 110 1
0 1 69 1 116 1
1 1 70 1 117 1
2 1 71 1 118 1
3 1 72 1 119 1
4 1 73 1 120 1
5 1 74 1 121 1
6 1 75 1 122 1
7 1 76 1 123 1
8 1 77 1 124 1
9 1 78 1 125 1
10 1 79 1 126 1
11 1 80 1 127 1
12 1 81 1 128 1
13 1 82 1 129 1
14 1 83 1 130 1
15 1 84 1 131 1
16 1 85 1 132 1
17 1 86 1 133 1
18 1 87 1 134 1
19 1 88 1 135 1
20 1 89 1 136 1
21 1 90 1 137 1
22 1 91 1 138 1
23 1 92 1 139 1
24 1 93 1 140 1
25 1 94 1 141 1
26 1 95 1 142 1
27 1 48 1 143 1
28 1 49 1 96 1
29 1 50 1 97 1
30 1 51 1 98 1
31 1 52 1 99 1
32 1 53 1 100 1
33 1 54 1 101 1
34 1 55 1 102 1
35 1 56 1 103 1
36 1 57 1 104 1
37 1 58 1 105 1
38 1 59 1 106 1
39 1 60 1 107 1
40 1 61 1 108 1
41 1 62 1 109 1
42 1 63 1 110 1
43 1 64 1 111 1
44 1 65 1 112 1
45 1 66 1 113 1
46 1 67 1 114 1
47 1 68 1 115 1
0 1 95 1 120 1
1 1 48 1 121 1
2 1 49 1 122 1
3 1 50 1 123 1
4 1 51 1 124 1
5 1 52 1 125 1
6 1 53 1 126 1
7 1 54 1 127 1
8 1 55 1 128 1
9 1 56 1 129 1
10 1 57 1 130 1
11 1 58 1 131 1
12 1 59 1 132 1
13 1 60 1 133 1
14 1 61 1 134 1
15 1 62 1 135 1
16 1 63 1 136 1
17 1 64 1 137 1
18 1 65 1 138 1
19 1 66 1 139 1
20 1 67 1 140 1
21 1 68 1 141 1
22 1 69 1 142 1
23 1 70 1 143 1
24 1 71 1 96 1
25 1 72 1 97 1
26 1 73 1 98 1
27 1 74 1 99 1
28 1 75 1 100 1
29 1 76 1 101 1
30 1 77 1 102 1
31 1 78 1 103 1
32 1 79 1 104 1
33 1 80 1 105 1
34 1 81 1 106 1
35 1 82 1 107 1
36 1 83 1 108 1
37 1 84 1 109 1
38 1 85 1 110 1
39 1 86 1 111 1
40 1 87 1 112 1
41 1 88 1 113 1
42 1 89 1 114 1
43 1 90 1 115 1
44 1 91 1 116 1
45 1 92 1 117 1
46 1 93 1 118 1
47 1 94 1 119 1
0 0 0
0 0 0
0 0 0
0 0 0
0 0 0
0 0 0
0 0 0
0 0 0
0 0 0
0 0 0
0 0 0
0 0 0
0 0 0
0 0 0
0 0 0
0 0 0
0 0 0
0 0 0
0 0 0
0 0 0
0 0 0
0 0 0
0 0 0
0 0 0
0 0 0
0 0 0
0 0 0
0 0 0
0 0 0
0 0 0
0 0 0
0 0 0
0 0 0
0 0 0
0 0 0
0 0 0
0 0 0
0 0 0
0 0 0
0 0 0
0 0 0
0 0 0
0 0 0
0 0 0
0 0 0
0 0 0
0 0 0
0 0 0
0 0 0
0 0 0
0 0 0
0 0 0
0 0 0
0 0 0
0 0 0
0 0 0
0 0 0
0 0 0
0 0 0
0 0 0
0 0 0
0 0 0
0 0 0
0 0 0
0 0 0
0 0 0
0 0 0
0 0 0
0 0 0
0 0 0
0 0 0
0 0 0
0 0 0
0 0 0
0 0 0
0 0 0
0 0 0
0 0 0
0 0 0
0 0 0
0 0 0
0 0 0
0 0 0
0 0 0
0 0 0
0 0 0
0 0 0
0 0 0
0 0 0
0 0 0
0 0 0
0 0 0
0 0 0
0 0 0
0 0 0
0 0 0
0 0 0
0 0 0
0 0 0
0 0 0
0 0 0
0 0 0
0 0 0
0 0 0
0 0 0
0 0 0
0 0 0
0 0 0
0 0 0
0 0 0
0 0 0
0 0 0
0 0 0
0 0 0
0 0 0
0 0 0
0 0 0
0 0 0
0 0 0
0 0 0
0 0 0
0 0 0
0 0 0
0 0 0
0 0 0
0 0 0
0 0 0
0 0 0
0 0 0
0 0 0
0 0 0
0 0 0
0 0 0
0 0 0
0 0 0
0 0 0
0 0 0
0 0 0
0 0 0
0 0 0
0 0 0
0 0 0
0 0 0
0 0 0
0 0 0
0 0 0
0 0 0
0 0 0
0 0 0
0 0 0
0 0 0
0 0 0
0 0 0
0 0 0
0 0 0
0 0 0
0 0 0
0 0 0
0 0 0
0 0 0
0 0 0
0 0 0
0 0 0
0 0 0
0 0 0
0 0 0
0 0 0
0 0 0
0 0 0
0 0 0
0 0 0
0 0 0
0 0 0
0 0 0
0 0 0
0 0 0
0 0 0
0 0 0
0 0 0
0 0 0
0 0 0
0 0 0
0 0 0
0 0 0
0 0 0
0 0 0
0 0 0
0 0 0
0 0 0
0 0 0
0 0 0
0 0 0
0 0 0
0 0 0
0 0 0
0 0 0
0 0 0
0 0 0
0 0 0
0 0 0
0 0 0
0 0 0
0 0 0
0 0 0
0 0 0
0 0 0
0 0 0
0 0 0
0 0 0
0 0 0
0 0 0
0 0 0
0 0 0
0 0 0
0 0 0
0 0 0
0 0 0
0 0 0
0 0 0
0 0 0
0 0 0
0 0 0
0 0 0
0 0 0
0 0 0
0 0 0
0 0 0
0 0 0
0 0 0
0 0 0
0 0 0
0 0 0
0 0 0
0 0 0
0 0 0
0 0 0
0 0 0
0 0 0
0 0 0
0 0 0
0 0 0
0 0 0
0 0 0
0 0 0
0 0 0
0 0 0
0 0 0
0 0 0
0 0 0
0 0 0
0 0 0
0 0 0
0 0 0
0 0 0
0 0 0
0 0 0
0 0 0
0 0 0
0 0 0
0 0 0
0 0 0
0 0 0
0 0 0
0 0 0
0 0 0
0 0 0
0 0 0
0 0 0
0 0 0
0 0 0
0 0 0
0 0 0
0 0 0
0 0 0
0 0 0
0 0 0
0 0 0
0 0 0
0 0 0
0 0 0
0 0 0
0 0 0
0 0 0
0 0 0
0 0 0
0 0 0
0 0 0
0 0 0
0 0 0
0 0 0
0 0 0
0 0 0
0 0 0
0 0 0
0 0 0
0 0 0
0 0 0
0 0 0
0 0 0
0 0 0
0 0 0
0 0 0
0 0 0
0 0 0
0 0 0
0 0 0
0 0 0
0 0 0
0 0 0
0 0 0
0 0 0
0 0 0
0 0 0
0 0 0
0 0 0
0 0 0
0 0 0
0 0 0
0 0 0
0 0 0
0 0 0
0 0 0
0 0 0
0 0 0
0 0 0
0 0 0
0 0 0
0 0 0
0 0 0
0 0 0
0 0 0
0 0 0
0 0 0
0 0 0
0 0 0
0 0 0
0 0 0
0 0 0
0 0 0
0 0 0
0 0 0
0 0 0
0 0 0
0 0 0
0 0 0
0 0 0
0 0 0
0 0 0
0 0 0
0 0 0
0 0 0
0 0 0
0 0 0
0 0 0
0 0 0
0 0 0
0 0 0
0 0 0
0 0 0
0 0 0
0 0 0
0 0 0
0 0 0
0 0 0
0 0 0
0 0 0
0 0 0
0 0 0
0 0 0
0 0 0
0 0 0
0 0 0
0 0 0
0 0 0
0 0 0
0 0 0
0 0 0
0 0 0
0 0 0
0 0 0
0 0 0
0 0 0
0 0 0
0 0 0
0 0 0
0 0 0
0 0 0
0 0 0
0 0 0
0 0 0
0 0 0
0 0 0
0 0 0
0 0 0
0 0 0
0 0 0
0 0 0
0 0 0
0 0 0
0 0 0
0 0 0
0 0 0
0 0 0
0 0 0
0 0 0
0 0 0
0 0 0
0 0 0
0 0 0
0 0 0
0 0 0
0 0 0
0 0 0
0 0 0
0 0 0
0 0 0
0 0 0
0 0 0
0 0 0
0 0 0
0 0 0
0 0 0
0 0 0
0 0 0
0 0 0
0 0 0
0 0 0
0 0 0
0 0 0
0 0 0
0 0 0
0 0 0
422281209712641 384 0
1152921504632012801 2148532224 0
1153343785791393792 2148532608 0
563087442714627 768 0
2306124484240736258 2097152 0
2306687571582787585 2097920 0
1126174885429254 1536 0
4612248968481472516 4194304 0
4613375143165575170 4195840 0
2252349770858508 3072 0
9224497936962945032 8388608 0
9226750286331150340 8391680 0
4504699541717016 6144 0
2251800216338448 16777217 0
6756498952749064 16783361 0
9009399083434032 12288 0
4503600432676896 33554434 0
13512997905498128 33566722 0
18018798166868064 24576 0
9007200865353792 67108868 0
27025995810996256 67133444 0
36037596333736128 49152 0
18014401730707584 134217736 0
54051991621992512 134266888 0
72075192667472256 98304 0
36028803461415168 268435472 0
108103983243985024 268533776 0
144150385334944512 196608 0
72057606922830336 536870944 0
216207966487970048 537067552 0
288300770669889024 393216 0
144115213845660672 1073741888 0
432415932975940096 1074135104 0
576601541339778048 786432 0
288230427691321344 2147483776 0
864831865951880192 2148270208 0
1152921607702845441 1572864 0
576742330359353344 256 0
1729663731903760385 1573120 0
2305843215405690882 3145728 0
1153484660718706688 512 0
3459327463807520770 3146240 0
4611686430811381764 6291456 0
2306969321437413376 1024 0
6918654927615041540 6292480 0
9223372861622763528 12582912 0
4613938642874826752 2048 0
13837309855230083080 12584960 0
1649535975440 25165825 0
9227877285749653504 4096 0
9227875636750614544 25169921 0
3299071950880 50331650 0
9010497789755392 8193 0
9007199791677472 50339843 0
6598143901760 100663300 0
18020995579510784 16386 0
18014399583354944 100679686 0
13196287803520 201326600 0
36041991159021568 32772 0
36028799166709888 201359372 0
26392575607040 402653200 0
72083982318043136 65544 0
72057598333419776 402718744 0
52785151214080 805306400 0
144167964636086272 131088 0
144115196666839552 805437488 0
105570302428160 1610612800 0
288335929272172544 262176 0
288230393333679104 1610874976 0
211140604856320 3221225600 0
576671858544345088 524352 0
576460786667358208 3221749952 0
422281209712641 2147483904 0
1153062242111979521 1048704 0
1153203048311427072 2148532608 0
844562419425283 512 0
2305843009247248387 2097408 0
2306687571599564800 2097920 0
1689124838850566 1024 0
4611686018494496774 4194816 0
4613375143199129600 4195840 0
3378249677701132 2048 0
9223372036988993548 8389632 0
9226750286398259200 8391680 0
6756499355402264 4096 0
268435480 16779265 0
6756499086966784 16783361 0
13512998710804528 8192 0
536870960 33558530 0
13512998173933568 33566722 0
27025997421609056 16384 0
1073741920 67117060 0
27025996347867136 67133444 0
54051994843218112 32768 0
2147483840 134234120 0
54051992695734272 134266888 0
108103989686436224 65536 0
4294967680 268468240 0
108103985391468544 268533776 0
216207979372872448 131072 0
8589935360 536936480 0
216207970782937088 537067552 0
432415958745744896 262144 0
17179870720 1073872960 0
432415941565874176 1074135104 0
864831917491489792 524288 0
34359741440 2147745920 0
864831883131748352 2148270208 0
1729382360006268929 1048576 0
281543696193536 524544 0
1729663766263496705 1573120 0
3458764720012537858 2097152 0
563087392387072 1049088 0
3459327532526993410 3146240 0
6917529440025075716 4194304 0
1126174784774144 2098176 0
6918655065053986820 6292480 0
13835058880050151432 8388608 0
2252349569548288 4196352 0
13837310130107973640 12584960 0
9223373686390751248 16777217 0
4504699139096576 8392704 0
9227876186506395664 25169921 0
3299071950880 33554435 0
9009398278193152 16785408 0
9008299303239712 50339843 0
6598143901760 67108870 0
18018796556386304 33570816 0
18016598606479424 100679686 0
13196287803520 134217740 0
36037593112772608 67141632 0
36033197212958848 201359372 0
26392575607040 268435480 0
72075186225545216 134283264 0
72066394425917696 402718744 0
52785151214080 536870960 0
144150372451090432 268566528 0
144132788851835392 805437488 0
105570302428160 1073741920 0
288300744902180864 537133056 0
288265577703670784 1610874976 0
211140604856320 2147483840 0
576601489804361728 1074266112 0
576531155407341568 3221749952 0
3459327635572658179 1765411062519693312 13528391068155904
2306124518550155266 1152921504608944128 13520144731078704
1153766066975940609 612489557914943488 26938035011632
6918655271145316358 3530822125039386624 27056782136311808
4612249037100310532 2305843009217888256 27040289462157408
2307532133951881218 1224979115829886976 53876070023264
13837310542290632716 7061644250078773248 54113564272623616
9224498074200621064 4611686018435776512 54080578924314816
4615064267903762436 2449958231659773952 107752140046528
9227877010871713816 14123288500157546497 108227128545247232
2252074691690512 9223372036871553025 108161157848629632
9230128535807524872 4899916463319547904 215504280093056
9009948033876016 9799832926605541379 216454257090494465
4504149383381024 33554434 216322315697259265
13512997905498128 9799832926639095809 431008560186112
18019896067752032 1152921779501531142 432908514180988931
9008298766762048 67108868 432644631394518530
27025995810996256 1152921779568640002 862017120372225
36039792135504064 2305843559003062284 865817028361977862
18016597533524096 134217736 865289262789037060
54051991621992512 2305843559137280004 1724034240744450
72079584271008128 4611687118006124568 1731634056723955724
36033195067048192 268435472 1730578525578074120
108103983243985024 4611687118274560008 3448068481488900
144159168542016256 9223374236012249136 3463268113447911448
72066390134096384 536870944 3461157051156148240
216207966487970048 9223374236549120016 6896136962977800
288318337084032512 4398314946656 6926536226895822897
144132780268192768 1073741888 6922314102312296480
432415932975940096 4399388688416 13792273925955601
576636674168065024 8796629893312 13853072453791645794
288265560536385536 2147483776 13844628204624592960
864831865951880192 8798777376832 27584547851911202
1152991873359419393 17593259786624 9259400833873805508
576812596049481728 4294967552 9242512335539634304
1729663731903760385 17597554753664 55169095703756868
2305983746718838786 35186519573248 72057594038124936
1153625192098963456 12884902400 38280597369716992
3459327463807520770 35199404474624 110338191407448200
4611967493437677573 70368744179200 144115188076249872
2306968909221216257 25769804800 76561194739433984
6918936402591752196 70394513981952 220676382814896400
9223934986875355146 140737488358400 288230376152499744
4613937818442432514 51539609600 153122389478867968
13837872805183504392 140789027963904 441352765629792800
1125900041158676 281474976716801 576460752304999488
9227875636884865028 103079219200 306244778957735936
9229001536657457168 281578055927809 882705531259585600
2251800082317352 562949953433602 1152921504609998976
9007200060178440 206158438401 612489557915471872
11258999605362720 563156111855619 1765411062519171200
4503600164634704 1125899906867204 2305843009219997952
18014400120356880 412316876802 1224979115830943744
22517999210725440 1126312223711238 3530822125038342400
9007200329269408 2251799813734408 4611686018439995904
36028800240713760 824633753604 2449958231661887488
45035998421450880 2252624447422476 7061644250076684800
18014400658538816 4503599627468816 9223372036879991808
72057600481427520 1649267507208 4899916463323774976
90071996842901760 4505248894844952 14123288500153369600
36028801317077632 9007203549904928 50432000
144115200962855040 3302829981712 9799832926647484416
180143993685803520 9010497789689904 9799832926597253120
72057602634155264 18014411394777152 100798464
288230401925710080 6605659963424 1152921779585482752
360287987371607040 18020999874347104 1152921779484954624
144115205268310528 36028822789554304 201596928
576460803851420160 13211319926848 2305843559170965504
720575974743214080 36041999748694208 2305843558969909248
288230410536621056 72057645579108608 403193856
1152921607702840320 26422639853696 4611687118341931008
1441151949486428160 72083999497388416 4611687117939818496
576460821073242112 144115291158217216 806387712
2305843215405680640 52845279707392 9223374236683862016
2882303898972856320 144167998994776832 9223374235879636992
1152921642146484224 288230586611401728 1612709888
4611686430811361280 105690559414784 4399658237952
5764607797945712640 288336002284520960 4398049722368
2305843284292968448 576461173222803456 3225419776
9223372861622722560 211381118829568 8799316475904
11529215595891425280 576672004569041920 8796099444736
4611686568585936896 1152922346445606912 6450839552
1649535893504 422762237659137 17598632951808
4611687118073298944 1153344009138083841 17592198889472
9223373137171873792 2305844692891213824 12901679104
3299071787008 845524475318274 35197265903616
9223374236146597888 2306688018276167682 35184397778944
2200634195968 4611689385782427649 25803358208
6598143574016 1691048950636548 70394531807232
4398583644160 4613376036552335365 70368795557888
4401268391936 9223378771564855298 51606716416
13196287148032 3382097901273096 140789063614464
8797167288320 9226752073104670730 140737591115776
8802536783872 13469420158980 103213432833
26392574296064 6764195802546192 281578127228928
17594334576640 6760072499789844 281475182231553
17605073567744 26938840317960 206426865666
52785148592128 13528391605092384 563156254457856
35188669153280 13520144999579688 562950364463106
35210147135488 53877680635920 412853731332
105570297184256 27056783210184768 1126312508915712
70377338306560 27040289999159376 1125900728926212
70420294270976 107755361271840 825707462664
211140594368512 54113566420369536 2252625017831424
140754676613120 54080579998318752 2251801457852424
422315565252608 215506427576384 1651414925328
422281188737025 108227128545771776 4505250035662848
34376515585 108161159996637504 4503602915704848
844631130505217 431008560185472 3302829850656
563087400763395 216454257091543552 9010500071325696
281543729741826 216322315698307712 9007205831409696
1689262261010434 862017120370944 6605659701312
1126174801526790 432908514183087104 18021000142651392
563087459483652 432644631396615424 18014411662819392
3378524522020868 1724034240741888 13211319402624
2252349603053580 865817028366174208 36042000285302784
1126174918967304 865289262793230848 36028823325638784
6757049044041736 3448068481483776 26422638805248
4504699206107160 1731634056732348416 72084000570605568
2252349837934608 1730578525586461696 72057646651277568
13514098088083472 6896136962967552 52845277610496
9009398412214320 3463268113464696832 144168001141211136
4504699675869216 3461157051172923392 144115293302555136
27028196176166944 13792273925935104 105690555220992
18018796824428640 6926536226929393664 288336002282422272
9009399351738432 6922314102345846784 288230586605110272
54056392352333888 27584547851870208 211381110441984
36037593648857280 13853072453858787328 576672004564844544
18018798703476864 13844628204691693568 576461173210220544
108112784704667776 55169095703740416 422762220883968
72075187297714560 9259400834008023040 1153344009129689089
36037597406953728 9242512335673835520 1152922346420441089
216225569409335552 110338191407480832 845524441767936
144150374595429120 72057594306494464 2306688018259378179
72075194813907456 38280597638119424 2305844692840882179
432451138818671104 220676382814961664 1691048883535872
288300749190858240 144115188612988928 4613376036518756358
144150389627814912 76561195276238848 4611689385681764358
864902277637342208 441352765629923328 3382097767071744
576601498381716480 288230377225977856 9226752073037512716
288300779255629824 153122390552477696 9223378771363528716
1729804555274684417 882705531259846656 6764195534077952
1152921521786722305 576460754451955712 6760072365539352
576883033487970304 306244781104955392 13469017505816
1153062242111983616 36046391353016576 4504149383708808
140771864875008 36028831379226624 42784196728979472
1152921538966585344 17628693266688 38281146856898712
2306124484223967233 72092778411065856 9008298767417616
68753039361 72057662758453248 85568393457958944
2306124552909881344 35253091566080 76562293713797424
4612248968447934466 144185556822131712 18016597534835232
137506078722 144115325516906496 171136786915917888
4612249105819762688 70506183132160 153124587427594848
9224497936895868932 288371113644263424 36033195069670464
275012157444 288230651033812992 342273573831835776
9224498211639525376 141012366264320 306249174855189696
2251800082186248 576742227288526849 72066390139340928
550024314888 576461302067625984 684547147663671552
2252349569499136 282024732528641 612498349710379392
4503600164372496 1153484454577053698 144132780278681856
1100048629776 1152922604135251968 1369094295327343104
4504699138998272 564049465057282 1224996699420758784
9007200328744992 2306968909154107396 288265560557363712
2200097259552 2305845208270503936 2738188590654686208
9009398277996544 1128098930114564 2449993398841517568
18014400657489984 4613937818308214792 576531121114727424
4400194519104 4611690416541007872 5476377181309372416
18018796555993088 2256197860229128 4899986797683035136
36028801314979968 9227875636616429584 1153062242229454848
8800389038208 9223380833082015744 10952754362618744832
36037593111986176 4512395720458256 9799973595366070272
72057602629959936 9007203818274848 2306124484458844161
17600778076416 17592454479872 3458764651528003585
72075186223972352 9024795735883808 1153203117022588928
144115205259919872 18014407636549696 4612248968917688322
35201556152832 35184908959744 6917529303056007170
144150372447944704 18049591471767616 2306406234045177856
288230410519839744 36028815273099392 9224497937835376644
70403112305664 70369817919488 13835058606112014340
288300744895889408 36099182943535232 4612812468090355712
576460821039679488 72057630546198784 2251801961267208
140806224611328 140743930806272 9223373138514477064
576601489791778816 72198370182037760 9225624936180645888
1153203117056069632 144115261092397568 4503603922468880
281612449222657 281483566645248 2203319468048
1152921504606846977 144396744659042816 4505798651740160
2306406234112139264 288230522184795136 9007207844937760
563224898445314 562967133290496 4406638936096
2305843009213693954 288793489318085632 9011597303480320
4612812468224278528 576461044369590272 18014415689875520
1126449796890628 1125934266580992 8813277872192
4611686018427387908 577586978636171264 18023194606960640
9225624936448557056 1152922088739180544 36028831379751040
2252899593781256 2251868533161984 17626555744384
9223372036854775816 1155173957272342528 36046389213921280
4505799187562496 2305844177478361089 72057662759502080
4505799187562512 4503737066323968 35253111488768
16 2310347914544685057 72092778427842560
9011598375124992 4611688354956722178 144115325519004160
9011598375125024 9007474132647936 70506222977536
32 4620695829089370114 144185556855685120
18023196750249984 9223376709913444356 288230651038008320
18023196750250048 18014948265295872 141012445955072
64 9241391658178740228 288371113711370240
36046393500499968 9346117337096 576461302076016641
36046393500500096 36029896530591744 282024891910144
128 36039242647928840 576742227422740481
72092787000999936 18692234674192 1152922604152033282
72092787001000192 72059793061183488 564049783820288
256 72078485295857680 1153484454845480962
144185574001999872 37384469348384 2305845208304066564
144185574002000384 144119586122366976 1128099567640576
512 144156970591715360 2306968909690961924
288371148003999744 74768938696768 4611690416608133128
288371148004000768 288239172244733952 2256199135281152
1024 288313941183430720 4613937819381923848
576742296007999489 149533582426240 9223380833216266256
576460821031290881 576478344489467904 4512398270562304
281474976712704 576627878071894144 9227875638763847696
1153484592015998978 299071459819776 17592722980896
1152921642062581762 1152956693273903104 9024796541059072
562949953425408 1153255756143788288 9007203818209312
2306969184031997956 598142919639552 35185445961792
2305843284125163524 2305913386547806208 18049593082118144
1125899906850816 2306511512287576576 18014407636418624
4613938368063995912 1196285839279104 70370891923584
4611686568250327048 4611826773095612416 36099186164236288
2251799813701632 4613023024575153152 36028815272837248
9227876736127991824 2392571678558208 140741783847168
9223373136500654096 9223653546191224832 72198372328472576
4503599627403264 9226046049150306304 72057630545674496
9009398546432032 4785143357116417 281483567694336
2199291756576 563018672898049 144396744656945153
9007199254806528 5348024591060992 144115261091348993
18018797092864064 9570286714232834 562967135388672
4398583513152 1126037345796098 288793489313890306
18014398509613056 10696049182121984 288230522182697986
36037594185728128 19140573428465668 1125934270777344
8797167026304 2252074691592196 577586978627780612
36028797019226112 21392098364243968 576461044365395972
72075188371456256 38281146856931336 2251868541554688
17594334052608 4504149383184392 1155173957255561224
72057594038452224 42784196728487936 1152922088730791944
144150376742912512 76562293713862672 4503737083109376
35188668105216 9008298766368784 2310347914511122448
144115188076904448 85568393456975872 2305844177461583888
288300753485825024 153124587427725344 9007474166218752
70377336210432 18016597532737568 4620695829022244896
288230376153808896 171136786913951744 4611688354923167776
576601506971650048 306249174855450688 18014948332437504
140754672420864 36033195065475136 9241391658044489792
576460752307617792 342273573827903488 9223376709846335552
1153203013943300097 612498349710901376 36029896664809472
34368131073 72066390130950272 36039242379493504
1153202979591946240 684547147655806976 9345983119488
2306406027886600194 1224996699421802752 72059793329618944
68736262146 144132780261900544 72078484758987008
2306405959183892480 1369094295311613952 18691966238976
4612812055773200388 2449993398843605504 144119586659237888
137472524292 288265560523801088 144156969517974016
4612811918367784960 2738188590623227904 37383932477952
9225624111546400776 4899986797687211008 288239173318475776
274945048584 576531121047602176 288313939035948032
9225623836735569920 5476377181246455808 74767864955904
4504149383249936 9799973595374422017 576478346636951552
549890097168 1153062242095204352 576627878071896064
4503599761588224 10952754362492911617 149535729911808
9008298766499872 1153203117039292418 1152956693273903105
1099780194336 2306124484190408704 1153255756143792128
9007199523176448 3458764651276271618 299071459823617
18016597532999744 2306406234078584836 2305913386547806210
2199560388672 4612248968380817408 2306511512287584256
18014399046352896 6917529302552543236 598142919647234
36033195065999488 4612812468157169672 4611826773095612420
4399120777344 9224497936761634816 4613023024575168512
36028798092705792 13835058605105086472 1196285839294468
72066390131998976 9225624936314339344 9223653546191224840
8798241554688 2251799813718016 9226046049150337025
72057596185411584 9223373136500621328 2392571678588937
144132780263997952 4505798919127072 563018672963601
17596483109376 4503603922403328 5348024591122434
144115192370823168 2203586658336 4785143357112339
288265560527995904 9011597838254144 1126037345927202
35192966218752 9007207844806656 10696049182244868
288230384741646336 4407173316672 9570286714224678
576531121055991808 18023195676508288 2252074691854404
70385932437504 18014415689613312 21392098364489736
576460769483292672 8814346633344 19140573428449356
216172786408751488 40534596206526464 576460752605421568
180179173761876736 19791746170880 2882304380260845568
108121575428981376 40549988832444416 2305843627722549248
432345572817502976 81069192413052928 1152921505210843136
360358347523753472 39583492341760 5764608760521691136
216243150857962752 81099977664888832 4611687255445098496
864691145635005952 162138384826105856 2305843010421686272
720716695047506944 79166984683520 11529217521043382272
432486301715925504 162199955329777664 9223374510890196992
1729663766246722560 324276769652211712 4611686020843307008
1441433390095013889 158329674399744 4611690968377278464
864691128455140353 324399914954522624 4948070842368
3459327532493445120 648553539304423424 9223372041686614016
2882866780190027778 316659348799488 9223381936754556928
1729382256910280706 648799829909045248 9896141684736
6918655064986890240 1297107078608846848 9663741952
5765733560380055556 633322992566272 19799799562240
3458764513820561412 1297599664113057792 19792283303936
13837310129973780480 2594214157217693696 19327483904
11531467120760111112 1266645985132544 39599599124480
6917529027641122824 2595199328226115584 39584566607872
9227876186238009344 5188428314435387393 38654967808
4616190167810670608 2533291970265089 79199198248960
13835058055282245648 5190398656452231168 79169133215744
9008298766467072 10376856628870774787 77309935616
9232380335621341216 5066583940530178 158398396497920
9223372036854939680 10380797312904462337 158338266431488
18016597532934144 2306969184031997958 154619871233
18016597533130816 10133167881060357 316796792995840
327744 2314850552099373059 316676532862977
36033195065868288 4613938368063995916 309239742466
36033195066261632 20266335762120714 633593585991680
655488 4629701104198746118 633353065725954
72066390131736576 9227876736127991832 618479484932
72066390132523264 40532671524241428 1267187171983360
1310976 9259402208397492236 1266706131451908
144132780263473152 9009398546432048 1236958969865
144132780265046528 81065343048482856 2534374343966720
2621952 72060343085432856 2533412262903817
288265560526946304 18018797092864096 2473917939730
288265560530093056 162130686096965712 5068748687933440
5243904 144120686170865712 5066824525807634
576531121053892608 36037594185728192 4947835879460
576531121060186112 324261372193931424 10137497375866880
10487808 288241372341731424 10133649051615268
1153062242107785216 72075188371456384 9895671758920
1153062242120372224 648522744387862848 20274994751733760
20975616 576482744683462848 20267298103230536
2306124484215570433 144150372447945472 19791343517840
2305843009264033793 1297045488775725696 40549989503467520
281475018661888 1152965485071958400 40534596206461072
4612248968431140866 288300744895890944 39582687035680
4611686018528067586 2594090977551451392 81099979006935040
562950037323776 2305930970143916800 81069192412922144
9224497936862281732 576601489791781888 79165374071360
9223372037056135172 5188181955102902784 162199958013870080
1125900074647552 4611861940287833600 162138384825844288
2251800015011848 1153202979583563777 158330748142720
402718728 10376363910205805569 324399916027740160
2251800149295104 9223723880575667200 324276769651688576
4503600030023696 2306405959167127554 316661496285440
805437456 2305983746702059522 648799832055480321
4503600298590208 703687441782784 648553539303377153
9007200060047392 4612811918334255108 633322992570880
1610874912 4611967493404119044 1297599664110960642
9007200597180416 1407374883565568 1297107078606754306
18014400120094784 9225623836668510216 1266645985141760
3221749824 9223934986808238088 2595199328221921284
18014401194360832 2814749767131136 2594214157213508612
36028800240189568 4503599627468816 2533291970283521
6443499648 1125899906924560 5190398656443842569
36028802388721664 5629499534262272 5188428314427017224
72057600480379136 9007199254937632 5066583940567042
12886999296 2251799813849120 10380797312887685138
72057604777443328 11258999068524544 10376856628854034448
144115200960758272 18014402804842560 10133167881068548
25773998592 4503599627698240 2314850552065884196
144115209554886656 22518002432016384 2306969183998517280
288230401921516544 36028805609685120 20266335762137096
51547997184 9007199255396480 4629701104131768392
288230419109773312 45036004864032768 4613938367997034560
576460803843033088 72057611219370240 40532671524274192
103095994368 18014398510792960 9259402208263536784
576460838219546624 90072009728065536 9227876735994069120
1152921607686066176 144115226733707776 81065343048482848
206191988736 36028797021585920 72060342817587488
1152921676439093248 180144023751098368 9009398278586624
2305843215372132352 288230453467415552 162130686096965696
412383977472 72057594043171840 144120685635174976
2305843352878186496 360288047502196736 18018796557173248
4611686430744264704 576460906934831104 324261372193931392
824767954944 144115188086343680 288241371270349952
4611686705756372992 720576095004393472 36037593114346496
9223372861488529408 1152921813869662208 648522744387862784
1649535909888 288230376172687360 576482742540699904
9223373411512745984 1441152190008786944 72075186228692992
1649267507200 2305843627739324417 1297045488775725568
3299071819776 576460752345374720 1152965485081399808
2749315940352 2882304380017573889 144150372457385984
3298535014400 4611687255478648834 2594090977551451136
6598143639552 1152921504690749440 2305930970162799616
5498631880704 5764608760035147778 288300744914771968
6597070028800 9223374510957297668 5188181955102902272
13196287279104 2305843009381498880 4611861940325599232
10997263761408 11529217520070295556 576601489829543936
13194140057600 4948205043720 10376363910205804545
26392574558208 4611686018762997760 9223723880651198464
21994527522816 4611690966431039496 1153202979659087873
26388280115200 9896410087440 2305983746702123010
52785149116416 9223372041820962816 703687592845312
43989055045632 9223381937157046288 2306405959318110210
52776560230400 19792820174880 4611967493404246020
105570298232832 9932374016 1407375185690625
87978110091264 19800604540960 4612811918636220421
105553120460800 39585640349760 9223934986808492040
211140596465664 19864748032 2814750371381250
175956220182528 39601209081920 9225623837272440842
492581217632256 79171280699520 1125899907432464
422281192931329 39729496064 5629500742696964
70437463654401 79202418163840 4503600835395604
985162435264513 158338266431744 2251799814864928
563087409152003 79458992128 11259001485393928
422349904019458 158400541360384 9007201670791208
1688849893818371 316676532863488 4503599629729856
1407649795014662 154623016960 22518002970787856
844699808038917 316796787753472 18014403341582416
3377699787636742 633353065726976 9007199259459712
2815299590029324 309246033920 45036005941575712
1689399616077834 633593575506944 36028806683164832
6755399575273484 1266706131453952 18014398518919424
5630599180058648 618492067840 90072011883151424
3378799232155668 1267187151013888 72057613366329664
13510799150546968 2533412262907904 36028797037838848
11261198360117296 1236984135680 180144023766302848
6757598464311336 2534374302027776 144115226732659328
27021598301093936 5066824525815808 72057594075677696
22522396720234592 2473968271360 360288047532605696
13515196928622672 5068748604055552 288230453465318656
54043196602187872 10133649051631616 144115188151355392
45044793440469184 4947936542720 720576095065211392
27030393857245344 10137497208111104 576460906930637312
108086393204375744 20267298103263232 288230376302710784
90089586880938368 9895873085440 1441152190130422784
54060787714490688 20274994416222208 1152921813861274624
0 108086395351859200 9227875636750581760
0 17592186044416 9227877286018121744
0 108103987537903616 1649267539984
0 216172790703718400 9007199791677440
0 35188667056128 9010498326691872
0 216207979370774528 3298535014432
0 432345581407436800 18014399583354880
0 70377334112256 18020996653383744
0 432415958741549056 6597070028864
0 864691162814873600 36028799166709760
0 140754668224512 36041993306767488
0 864831917483098112 13194140057728
0 1729382325629747200 72057598333419520
0 281509336449024 72083986613534976
0 1729663834966196224 26388280115456
0 3458764651259494400 144115196666839040
0 563018672898048 144167973227069952
0 3459327669932392448 52776560230912
0 6917529302518988800 288230393333678080
0 1126037345796096 288335946454139904
0 6918655339864784896 105553120461824
0 13835058605037977600 576460786667356160
0 2252074691592192 576671892908279808
0 13837310679729569792 211106240923648
0 9223373136366403584 1152921573334712321
0 4504149383184384 1153343785816559616
0 9227877285749587968 422212481847297
0 2199023255552 2305843146669424643
0 9008298766368768 2306687571633119232
0 9010497789624320 844424963694595
0 4398046511104 4611686293338849286
0 18016597532737536 4613375143266238464
0 18020995579248640 1688849927389190
0 8796093022208 9223372586677698572
0 36033195065475072 9226750286532476928
0 36041991158497280 3377699854778380
0 17592186044416 1099645911064
0 72066394425917440 6756499355402240
0 72083986611961856 6755399709491224
0 35184372088832 2199291822128
0 144132788851834880 13512998710804480
0 144167973223923712 13510799418982448
0 70368744177664 4398583644256
0 288265577703669760 27025997421608960
0 288335946447847424 27021598837964896
0 140737488355328 8797167288512
0 576531155407339520 54051994843217920
0 576671892895694848 54043197675929792
0 281474976710656 17594334577024
0 1153062310814679040 108103989686435840
0 1153343785791389696 108086395351859584
0 562949953421312 35188669154048
0 2306124621629358080 216207979372871680
0 2306687571582779392 216172790703719168
0 1125899906842624 70377338308096
0 4612249243258716160 432415958745743360
0 4613375143165558784 432345581407438336
0 2251799813685248 140754676616192
0 9224498486517432320 864831917491486720
0 9226750286331117568 864691162814876672
0 4503599627370496 281509353232384
0 2252899325313024 1729663834982973441
0 6756498952683520 1729382325629753345
0 9007199254740992 563018706464768
0 4505798650626048 3459327669965946882
0 13512997905367040 3458764651259506690
0 18014398509481984 1126037412929536
0 9011597301252096 6918655339931893764
0 27025995810734080 6917529302519013380
0 36028797018963968 2252074825859072
0 18023194602504192 13837310679863787528
0 54051991621468160 13835058605038026760
0 72057598332895232 4504149651652608
0 36046389205008384 9227877286018088976
0 108103987537903616 9223373136366501904
0 144115200960757760 9008299303239680
0 72092778410016768 9010498326691872
0 216207979370774528 2199023452192
0 288230401921515520 18016598606479360
0 144185556820033536 18020996653383744
0 432415958741549056 4398046904384
0 576460803843031040 36033197212958720
0 288371113640067072 36041993306767488
0 864831917483098112 8796093808768
0 1152921607686062080 72066394425917440
0 576742227280134144 72083986613534976
0 1729663834966196224 17592187617536
0 2305843215372124160 144132788851834880
0 1153484454560268288 144167973227069952
0 3459327669932392448 35184375235072
0 4611686430744248320 288265577703669760
0 2306968909120536576 288335946454139904
0 6918655339864784896 70368750470144
0 9223372861488496640 576531155407339520
0 4613937818241073152 576671892908279808
0 13837310679729569792 140737500940288
0 1649267441664 1153062310814679041
0 9227875636482146304 1153343785816559616
0 9227877285749587968 281475001880577
0 3298534883328 2306124621629358082
0 9007199254740992 2306687571633119233
0 9010497789624320 562950003761155
0 6597069766656 4612249243258716164
0 18014398509481984 4613375143266238466
0 18020995579248640 1125900007522310
0 13194139533312 9224498486517432328
0 36028797018963968 9226750286532476932
0 36041991158497280 2251800015044620
0 26388279066624 2252899325378576
0 72057598332895232 6756499355402248
0 72083986611961856 4503600030023704
0 52776558133248 4505798650757152
0 144115196665790464 13512998710804496
0 144167973223923712 9007200060047408
0 105553116266496 9011597301514304
0 288230393331580928 27025997421608992
0 288335946447847424 18014400120094816
0 211106232532992 18023194603028608
0 576460786663161856 54051994843217984
0 576671892895694848 36028800240189632
0 422212465065984 36046389206057216
0 1152921573326323712 108103989686435968
0 1153343785791389696 72057600480379264
0 844424930131968 72092778412114432
0 2305843146652647424 216207979372871936
0 2306687571582779392 144115200960758528
0 1688849860263936 144185556824228864
0 4611686293305294848 432415958745743872
0 4613375143165558784 288230401921517056
0 3377699720527872 288371113648457728
0 9223372586610589696 864831917491487744
0 9226750286331117568 576460803843034112
0 6755399441055744 576742227296915456
0 1099511627776 1729663834982975489
0 6756498952683520 1152921607686068225
0 13510798882111488 1153484454593830912
0 2199023255552 3459327669965950978
0 13512997905367040 2305843215372136450
0 27021597764222976 2306968909187661824
0 4398046511104 6918655339931901956
0 27025995810734080 4611686430744272900
0 54043195528445952 4613937818375323648
0 8796093022208 13837310679863803912
0 54051991621468160 9223372861488545800
