410 123 6 41
38 2 52 1 86 1 0 16384 0 0 0 0 0 32768 0 0 0 0 0 49152 0 0 0 0
39 2 53 1 87 1 0 65536 0 0 0 0 0 131072 0 0 0 0 0 196608 0 0 0 0
40 2 54 1 88 1 1 0 0 0 0 0 2 0 0 0 0 0 3 0 0 0 0 0
0 2 55 1 89 1 4 0 0 0 0 0 8 0 0 0 0 0 12 0 0 0 0 0
1 2 56 1 90 1 16 0 0 0 0 0 32 0 0 0 0 0 48 0 0 0 0 0
2 2 57 1 91 1 64 0 0 0 0 0 128 0 0 0 0 0 192 0 0 0 0 0
3 2 58 1 92 1 256 0 0 0 0 0 512 0 0 0 0 0 768 0 0 0 0 0
4 2 59 1 93 1 1024 0 0 0 0 0 2048 0 0 0 0 0 3072 0 0 0 0 0
5 2 60 1 94 1 4096 0 0 0 0 0 8192 0 0 0 0 0 12288 0 0 0 0 0
6 2 61 1 95 1 16384 0 0 0 0 0 32768 0 0 0 0 0 49152 0 0 0 0 0
7 2 62 1 96 1 65536 0 0 0 0 0 131072 0 0 0 0 0 196608 0 0 0 0 0
8 2 63 1 97 1 262144 0 0 0 0 0 524288 0 0 0 0 0 786432 0 0 0 0 0
9 2 64 1 98 1 1048576 0 0 0 0 0 2097152 0 0 0 0 0 3145728 0 0 0 0 0
10 2 65 1 99 1 4194304 0 0 0 0 0 8388608 0 0 0 0 0 12582912 0 0 0 0 0
11 2 66 1 100 1 16777216 0 0 0 0 0 33554432 0 0 0 0 0 50331648 0 0 0 0 0
12 2 67 1 101 1 67108864 0 0 0 0 0 134217728 0 0 0 0 0 201326592 0 0 0 0 0
13 2 68 1 102 1 268435456 0 0 0 0 0 536870912 0 0 0 0 0 805306368 0 0 0 0 0
14 2 69 1 103 1 1073741824 0 0 0 0 0 2147483648 0 0 0 0 0 3221225472 0 0 0 0 0
15 2 70 1 104 1 4294967296 0 0 0 0 0 8589934592 0 0 0 0 0 12884901888 0 0 0 0 0
16 2 71 1 105 1 17179869184 0 0 0 0 0 34359738368 0 0 0 0 0 51539607552 0 0 0 0 0
17 2 72 1 106 1 68719476736 0 0 0 0 0 137438953472 0 0 0 0 0 206158430208 0 0 0 0 0
18 2 73 1 107 1 274877906944 0 0 0 0 0 549755813888 0 0 0 0 0 824633720832 0 0 0 0 0
19 2 74 1 108 1 1099511627776 0 0 0 0 0 2199023255552 0 0 0 0 0 3298534883328 0 0 0 0 0
20 2 75 1 109 1 4398046511104 0 0 0 0 0 8796093022208 0 0 0 0 0 13194139533312 0 0 0 0 0
21 2 76 1 110 1 17592186044416 0 0 0 0 0 35184372088832 0 0 0 0 0 52776558133248 0 0 0 0 0
22 2 77 1 111 1 70368744177664 0 0 0 0 0 140737488355328 0 0 0 0 0 211106232532992 0 0 0 0 0
23 2 78 1 112 1 281474976710656 0 0 0 0 0 562949953421312 0 0 0 0 0 844424930131968 0 0 0 0 0
24 2 79 1 113 1 1125899906842624 0 0 0 0 0 2251799813685248 0 0 0 0 0 3377699720527872 0 0 0 0 0
25 2 80 1 114 1 4503599627370496 0 0 0 0 0 9007199254740992 0 0 0 0 0 13510798882111488 0 0 0 0 0
26 2 81 1 115 1 18014398509481984 0 0 0 0 0 36028797018963968 0 0 0 0 0 54043195528445952 0 0 0 0 0
27 2 41 1 116 1 72057594037927936 0 0 0 0 0 144115188075855872 0 0 0 0 0 216172782113783808 0 0 0 0 0
28 2 42 1 117 1 288230376151711744 0 0 0 0 0 576460752303423488 0 0 0 0 0 864691128455135232 0 0 0 0 0
29 2 43 1 118 1 1152921504606846976 0 0 0 0 0 2305843009213693952 0 0 0 0 0 3458764513820540928 0 0 0 0 0
30 2 44 1 119 1 4611686018427387904 0 0 0 0 0 9223372036854775808 0 0 0 0 0 13835058055282163712 0 0 0 0 0
31 2 45 1 120 1 0 1 0 0 0 0 0 2 0 0 0 0 0 3 0 0 0 0
32 2 46 1 121 1 0 4 0 0 0 0 0 8 0 0 0 0 0 12 0 0 0 0
33 2 47 1 122 1 0 16 0 0 0 0 0 32 0 0 0 0 0 48 0 0 0 0
34 2 48 1 82 1 0 64 0 0 0 0 0 128 0 0 0 0 0 192 0 0 0 0
35 2 49 1 83 1 0 256 0 0 0 0 0 512 0 0 0 0 0 768 0 0 0 0
36 2 50 1 84 1 0 1024 0 0 0 0 0 2048 0 0 0 0 0 3072 0 0 0 0
37 2 51 1 85 1 0 4096 0 0 0 0 0 8192 0 0 0 0 0 12288 0 0 0 0
6 1 77 1 100 2 0 0 0 0 0 0 0 0 0 0 0 0 0 0 0 0 0 0
7 1 78 1 101 2 0 0 0 0 0 0 0 0 0 0 0 0 0 0 0 0 0 0
8 1 79 1 102 2 0 0 0 0 0 0 0 0 0 0 0 0 0 0 0 0 0 0
9 1 80 1 103 2 0 0 0 0 0 0 0 0 0 0 0 0 0 0 0 0 0 0
10 1 81 1 104 2 0 0 0 0 0 0 0 0 0 0 0 0 0 0 0 0 0 0
11 1 41 1 105 2 0 0 0 0 0 0 0 0 0 0 0 0 0 0 0 0 0 0
12 1 42 1 106 2 0 0 0 0 0 0 0 0 0 0 0 0 0 0 0 0 0 0
13 1 43 1 107 2 0 0 0 0 0 0 0 0 0 0 0 0 0 0 0 0 0 0
14 1 44 1 108 2 0 0 0 0 0 0 0 0 0 0 0 0 0 0 0 0 0 0
15 1 45 1 109 2 0 0 0 0 0 0 0 0 0 0 0 0 0 0 0 0 0 0
16 1 46 1 110 2 0 0 0 0 0 0 0 0 0 0 0 0 0 0 0 0 0 0
17 1 47 1 111 2 0 0 0 0 0 0 0 0 0 0 0 0 0 0 0 0 0 0
18 1 48 1 112 2 0 0 0 0 0 0 0 0 0 0 0 0 0 0 0 0 0 0
19 1 49 1 113 2 0 0 0 0 0 0 0 0 0 0 0 0 0 0 0 0 0 0
20 1 50 1 114 2 0 0 0 0 0 0 0 0 0 0 0 0 0 0 0 0 0 0
21 1 51 1 115 2 0 0 0 0 0 0 0 0 0 0 0 0 0 0 0 0 0 0
22 1 52 1 116 2 0 0 0 0 0 0 0 0 0 0 0 0 0 0 0 0 0 0
23 1 53 1 117 2 0 0 0 0 0 0 0 0 0 0 0 0 0 0 0 0 0 0
24 1 54 1 118 2 0 0 0 0 0 0 0 0 0 0 0 0 0 0 0 0 0 0
25 1 55 1 119 2 0 0 0 0 0 0 0 0 0 0 0 0 0 0 0 0 0 0
26 1 56 1 120 2 0 0 0 0 0 0 0 0 0 0 0 0 0 0 0 0 0 0
27 1 57 1 121 2 0 0 0 0 0 0 0 0 0 0 0 0 0 0 0 0 0 0
28 1 58 1 122 2 0 0 0 0 0 0 0 0 0 0 0 0 0 0 0 0 0 0
29 1 59 1 82 2 0 0 0 0 0 0 0 0 0 0 0 0 0 0 0 0 0 0
30 1 60 1 83 2 0 0 0 0 0 0 0 0 0 0 0 0 0 0 0 0 0 0
31 1 61 1 84 2 0 0 0 0 0 0 0 0 0 0 0 0 0 0 0 0 0 0
32 1 62 1 85 2 0 0 0 0 0 0 0 0 0 0 0 0 0 0 0 0 0 0
33 1 63 1 86 2 0 0 0 0 0 0 0 0 0 0 0 0 0 0 0 0 0 0
34 1 64 1 87 2 0 0 0 0 0 0 0 0 0 0 0 0 0 0 0 0 0 0
35 1 65 1 88 2 0 0 0 0 0 0 0 0 0 0 0 0 0 0 0 0 0 0
36 1 66 1 89 2 0 0 0 0 0 0 0 0 0 0 0 0 0 0 0 0 0 0
37 1 67 1 90 2 0 0 0 0 0 0 0 0 0 0 0 0 0 0 0 0 0 0
38 1 68 1 91 2 0 0 0 0 0 0 0 0 0 0 0 0 0 0 0 0 0 0
39 1 69 1 92 2 0 0 0 0 0 0 0 0 0 0 0 0 0 0 0 0 0 0
40 1 70 1 93 2 0 0 0 0 0 0 0 0 0 0 0 0 0 0 0 0 0 0
0 1 71 1 94 2 0 0 0 0 0 0 0 0 0 0 0 0 0 0 0 0 0 0
1 1 72 1 95 2 0 0 0 0 0 0 0 0 0 0 0 0 0 0 0 0 0 0
2 1 73 1 96 2 0 0 0 0 0 0 0 0 0 0 0 0 0 0 0 0 0 0
3 1 74 1 97 2 0 0 0 0 0 0 0 0 0 0 0 0 0 0 0 0 0 0
4 1 75 1 98 2 0 0 0 0 0 0 0 0 0 0 0 0 0 0 0 0 0 0
5 1 76 1 99 2 0 0 0 0 0 0 0 0 0 0 0 0 0 0 0 0 0 0
17 1 58 1 114 1 0 0 4294967296 0 0 0 0 0 8589934592 0 0 0 0 0 12884901888 0 0 0
18 1 59 1 115 1 0 0 17179869184 0 0 0 0 0 34359738368 0 0 0 0 0 51539607552 0 0 0
19 1 60 1 116 1 0 262144 0 0 0 0 0 524288 0 0 0 0 0 786432 0 0 0 0
20 1 61 1 117 1 0 1048576 0 0 0 0 0 2097152 0 0 0 0 0 3145728 0 0 0 0
21 1 62 1 118 1 0 4194304 0 0 0 0 0 8388608 0 0 0 0 0 12582912 0 0 0 0
22 1 63 1 119 1 0 16777216 0 0 0 0 0 33554432 0 0 0 0 0 50331648 0 0 0 0
23 1 64 1 120 1 0 67108864 0 0 0 0 0 134217728 0 0 0 0 0 201326592 0 0 0 0
24 1 65 1 121 1 0 268435456 0 0 0 0 0 536870912 0 0 0 0 0 805306368 0 0 0 0
25 1 66 1 122 1 0 1073741824 0 0 0 0 0 2147483648 0 0 0 0 0 3221225472 0 0 0 0
26 1 67 1 82 1 0 4294967296 0 0 0 0 0 8589934592 0 0 0 0 0 12884901888 0 0 0 0
27 1 68 1 83 1 0 17179869184 0 0 0 0 0 34359738368 0 0 0 0 0 51539607552 0 0 0 0
28 1 69 1 84 1 0 68719476736 0 0 0 0 0 137438953472 0 0 0 0 0 206158430208 0 0 0 0
29 1 70 1 85 1 0 274877906944 0 0 0 0 0 549755813888 0 0 0 0 0 824633720832 0 0 0 0
30 1 71 1 86 1 0 1099511627776 0 0 0 0 0 2199023255552 0 0 0 0 0 3298534883328 0 0 0 0
31 1 72 1 87 1 0 4398046511104 0 0 0 0 0 8796093022208 0 0 0 0 0 13194139533312 0 0 0 0
32 1 73 1 88 1 0 17592186044416 0 0 0 0 0 35184372088832 0 0 0 0 0 52776558133248 0 0 0 0
33 1 74 1 89 1 0 70368744177664 0 0 0 0 0 140737488355328 0 0 0 0 0 211106232532992 0 0 0 0
34 1 75 1 90 1 0 281474976710656 0 0 0 0 0 562949953421312 0 0 0 0 0 844424930131968 0 0 0 0
35 1 76 1 91 1 0 1125899906842624 0 0 0 0 0 2251799813685248 0 0 0 0 0 3377699720527872 0 0 0 0
36 1 77 1 92 1 0 4503599627370496 0 0 0 0 0 9007199254740992 0 0 0 0 0 13510798882111488 0 0 0 0
37 1 78 1 93 1 0 18014398509481984 0 0 0 0 0 36028797018963968 0 0 0 0 0 54043195528445952 0 0 0 0
38 1 79 1 94 1 0 72057594037927936 0 0 0 0 0 144115188075855872 0 0 0 0 0 216172782113783808 0 0 0 0
39 1 80 1 95 1 0 288230376151711744 0 0 0 0 0 576460752303423488 0 0 0 0 0 864691128455135232 0 0 0 0
40 1 81 1 96 1 0 1152921504606846976 0 0 0 0 0 2305843009213693952 0 0 0 0 0 3458764513820540928 0 0 0 0
0 1 41 1 97 1 0 4611686018427387904 0 0 0 0 0 9223372036854775808 0 0 0 0 0 13835058055282163712 0 0 0 0
1 1 42 1 98 1 0 0 1 0 0 0 0 0 2 0 0 0 0 0 3 0 0 0
2 1 43 1 99 1 0 0 4 0 0 0 0 0 8 0 0 0 0 0 12 0 0 0
3 1 44 1 100 1 0 0 16 0 0 0 0 0 32 0 0 0 0 0 48 0 0 0
4 1 45 1 101 1 0 0 64 0 0 0 0 0 128 0 0 0 0 0 192 0 0 0
5 1 46 1 102 1 0 0 256 0 0 0 0 0 512 0 0 0 0 0 768 0 0 0
6 1 47 1 103 1 0 0 1024 0 0 0 0 0 2048 0 0 0 0 0 3072 0 0 0
7 1 48 1 104 1 0 0 4096 0 0 0 0 0 8192 0 0 0 0 0 12288 0 0 0
8 1 49 1 105 1 0 0 16384 0 0 0 0 0 32768 0 0 0 0 0 49152 0 0 0
9 1 50 1 106 1 0 0 65536 0 0 0 0 0 131072 0 0 0 0 0 196608 0 0 0
10 1 51 1 107 1 0 0 262144 0 0 0 0 0 524288 0 0 0 0 0 786432 0 0 0
11 1 52 1 108 1 0 0 1048576 0 0 0 0 0 2097152 0 0 0 0 0 3145728 0 0 0
12 1 53 1 109 1 0 0 4194304 0 0 0 0 0 8388608 0 0 0 0 0 12582912 0 0 0
13 1 54 1 110 1 0 0 16777216 0 0 0 0 0 33554432 0 0 0 0 0 50331648 0 0 0
14 1 55 1 111 1 0 0 67108864 0 0 0 0 0 134217728 0 0 0 0 0 201326592 0 0 0
15 1 56 1 112 1 0 0 268435456 0 0 0 0 0 536870912 0 0 0 0 0 805306368 0 0 0
16 1 57 1 113 1 0 0 1073741824 0 0 0 0 0 2147483648 0 0 0 0 0 3221225472 0 0 0
20 1 73 1 94 1 270220377836224524 9010497810595904 216243151126462464 864691137095401477 17716741376 16 90080791861657604 13511898435682432 72198332063285248 288230389053390858 35165047296 32 180157180308094984 4505798713540800 144326295113891840 576460756631945231 51808046848 48
21 1 74 1 95 1 1080881511344898096 36041991242383616 864972604505849856 3458764548381605908 70866965504 64 360323167446630416 54047593742729728 288793328253140992 1152921556213563432 140660189184 128 720628721232379936 18023194854163200 577305180455567360 2305843026527780924 207232187392 192
22 1 75 1 96 1 4323526045379592384 144167964969534464 3459890418023399424 13853072592035905616 283467862016 0 1441292669786521664 216190374970918912 1155173313012563968 4647715021873217696 562640756736 0 2882514884929519744 72092779416652800 2309220721822269440 9277415301639569648 828928749568 0
23 1 76 1 97 1 17294104181518369536 576671859878137856 13839561672093597696 72058147014967616 1133871448067 0 5765170679146086656 864761499883675648 4620693252050255872 144116013783319168 2250563026945 0 11530059539718078976 288371117666611200 9236882887289077760 216173059139175360 3315714998274 0
24 1 77 1 98 1 13836184504944823296 2306687439512813571 18014398526259200 288232588059870467 4535485792268 0 4613938642874795008 3459045999535226881 36028797052518400 576464055133276673 9002252107780 0 9226750011453212672 1153484470667231234 54043195578777600 864692236556701442 13262859993096 0
25 1 78 1 99 1 4505798650638336 9226749758051254287 72057594105036800 1152930352239481868 18141943169072 0 9010497789628416 13836183998140907525 144115188210073600 2305856220533106692 36009008431120 0 13511898393747456 4613937882668924938 216172782315110400 3458768946226805768 53051439972384 0
26 1 79 1 100 1 18023194602553345 13510884785651772 288230376420147202 4611721408957927472 72567772676288 0 36041991158513666 4503771434450964 576460752840294403 9223424882132426768 144036033724480 0 54047593574989827 9007456965361704 864691129260441601 13835075784907223072 212205759889536 0
27 1 80 1 101 1 72092778410213380 54043539142607088 1152921505680588808 141562122158272 290271090705153 0 144167964634054664 18015085737803856 2305843011361177612 211381110603840 576144134897922 0 216190374299959308 36029827861446816 3458764517041766404 70918500237440 848823039558147 0
28 1 81 1 102 1 288371113640853520 216174156570428352 4611686022722355232 566248488633088 1161084362820612 0 576671858536218656 72060342951215424 9223372045444710448 845524442415360 2304576539591688 0 864761497199837232 144119311445787264 13835058068167065616 283674000949760 3395292158232588 0
29 1 41 1 103 1 1153484454563414080 864696626281713408 17179869312 2264993954532353 4644337451282448 0 2306687434144874624 288241371804861696 34359738560 3382097769661442 9218306158366752 0 3459045988799348928 576477245783149056 51539607616 1134696003799043 13581168632930352 0
30 1 42 1 104 1 4613937818253656320 3458786505127115776 512 9059975818129412 18577349805129792 0 9226749736579498496 1152965487219971072 768 13528391078645768 36873224633467008 0 13836183955197395712 2305908983133382656 256 4538784015196172 54324674531721408 0
31 1 43 1 105 1 9007199305073664 13835146020508463105 137438955520 211106253553680 74309399220519168 0 13510798898890752 4611861948879884290 206158433280 70368786137120 147492898533868032 0 4503599660928000 9223635932533530627 68719477760 140737551302704 217298698126885632 0
32 1 44 1 106 1 36028797220294656 351860905197572 549755822083 844425014214720 297237596882076672 0 54043195595563008 703721809985544 824633733121 281475144548480 589971594135472128 0 18014398643712000 1055582715019276 274877911042 562950205210816 869194792507542528 0
33 1 45 1 107 1 144115188881178627 1407443620003856 2199023288332 3377700056858880 1188950387528306688 0 216172782382252033 2814887239680032 3298534932484 1125900578193920 2359886376541888512 0 72057594574848002 4222330859552816 1099511644168 2251800820843264 3476779170030170112 0
34 1 46 1 108 1 576460755524714511 5629774479228992 8796093153328 13510800227435520 4755801550113226752 0 864691129529008133 11259548958457984 13194139729936 4503602312775680 9439545506167554048 0 288230378299392010 16889323437686976 4398046576672 9007203283373056 13907116680120680448 0
35 1 47 1 109 1 2305843022098858044 22519097916915968 35390531043520 5381296128 576462126743355392 1 3458764518116032532 45038195833831936 52845278396480 10741620736 864693877251112960 2 1152921513197568040 67557293750747904 17729625260160 16114528256 288234499354066944 3
36 1 48 1 110 1 9223372088395432176 90076391667663872 141562124174080 21525184512 2305848506973421568 4 13835058072464130128 180152783335327744 211381113585920 42966482944 3458775509004451840 8 4611686052790272160 270229175002991616 70918501040640 64458113024 1152937997416267776 12
37 1 49 1 111 1 206162625472 360305566670655490 566248496696320 86100738048 9223394027893686272 16 68727865664 720611133341310979 845524454343680 171865931776 13835102036017807360 32 137451537024 1080916700011966465 283674004162560 257832452096 4611751989665071104 48
38 1 50 1 112 1 824650501888 1441222266682621960 2264993986785280 344402952192 87964155641856 66 274911462656 2882444533365243916 3382097817374720 687463727104 175922942574592 131 549806148096 4323666800047865860 1134696016650240 1031329808384 263884950732800 193
39 1 51 1 113 1 3298602007552 5764889066730487840 9059975947141120 18015776121290752 351856622567424 8 1099645850624 11529778133460975664 13528391269498880 36031546873872384 703691770298368 12 2199224592384 17294667200191463440 4538784066600960 54047320847679488 1055539802931200 4
40 1 52 1 114 1 13194408030209 4612812193212137600 36239903788564481 72063104485163008 1407426490269696 32 4398583402498 9225624386424275136 54113565077995522 144126187495489536 2814767081193472 48 8796898369539 13838436579636412480 18155136266403843 216189283390717952 4222159211724800 16
0 1 53 1 115 1 52777632120836 4504699138998784 144959615154257925 288252417940652032 5629705961078784 128 17594333609992 9009398277997312 216454260311982090 576504749981958144 11259068324773888 192 35187593478156 13514097416995072 72620545065615375 864757133562871808 16888636846899200 64
1 1 54 1 116 1 211110528483344 18018796555995136 579838460617031700 1189038468781572096 22518823844315136 0 70377334439968 36037593111989248 865817041247928360 2360062195456278528 45036273299095552 0 140750373912624 54056389667980288 290482180262461500 3477042932760969216 67554547387596800 0
2 1 55 1 117 1 844442113933376 72075186223980544 2319353842468126800 4756153875126288384 90075295377260544 0 281509337759872 144150372447956992 3463268164991713440 9440248781825114112 180145093196382208 0 563001495650496 216225558671921152 1161928721049846000 13908171731043876864 270218189550387200 0
3 1 56 1 118 1 3377768455733504 288300744896446464 9277415232433553728 577871426795601920 360301181509042177 0 1126037351039488 576601489792614400 13853072453808423552 867506979881353216 720580372785528834 0 2252005982601984 864902234687946752 4647714815479907264 292454703046852608 1080872758201548803 0
4 1 57 1 119 1 13511073822934016 1153202979585785856 216172782315111680 2311485707182407682 1441204726036168708 0 4504149404157952 2306405959170457600 72057594105039360 3470027919525412867 2882321491142115336 0 9008023930407936 3459608938751787008 144115188210077440 1169818812187410433 4323491032806195212 0
5 1 58 1 120 1 54044295291736066 4612811918342619136 864691197979923456 9227928430220148744 5764818904144674832 0 18016597616631811 9225623836681043968 288230513859110912 13844082881082687500 11529285964568461344 0 36032095721631745 13838435755006885888 576460958998739968 4625232053221195780 17293964131224780848 0
6 1 59 1 121 1 216177181166944264 4503599660924928 3458764860639170561 211174952009760 4612531542869147714 1 72066390466527244 9007199305072640 1152922192875397122 70506183131184 9223655710854742147 2 144128382886526980 13510798898888704 2305844042153390083 140943646785552 13835624303770468545 3
7 1 60 1 122 1 864708724667777056 18014398643699712 13835059442556682244 844699808039040 3382097767039240 5 288265561866108976 36028797220290560 4611688771501588488 282024732524736 1134695999865356 10 576513531546107920 54043195595554816 9223376168613560332 563774587142208 2264993953219332 15
8 1 61 1 82 1 3458834898671108224 72057594574798848 5549098074128 3378799232156163 13528391068156960 20 1153062247464435904 144115188881162240 11012296802336 1128098930098945 4538783999461424 40 2306054126184431680 216172782382219264 16527035138096 2255098348568834 9059975812877328 60
9 1 62 1 83 1 13835339594684432896 288230378299981824 21990233866304 13515196928624652 54113564272627840 80 4612248989857743616 576460755524911104 43980467732608 4512395720395780 18155135997845696 160 9224216504737726720 864691129529401344 65970701598912 9020393394275336 36239903251509312 240
10 1 63 1 84 1 1126157609076736 1152921513199927299 88167093895424 18031990695534640 216454257090511360 64 2251885721422848 2305843022099644417 175990590407168 36063981391065104 72620543991382784 128 3377871531803648 3458764518117605378 264020245349120 54095972086583328 144959613006037248 192
11 1 64 1 85 1 4504630436306944 4611686052799709196 352668375581696 90142361291620544 865817028362045440 0 9007542885691392 9223372088398577668 703962361628672 180284722583224384 290482175965531136 0 13511486127214592 13835058072470421512 1056080981396480 270427083874779264 579838452024148992 0
12 1 65 1 86 1 18018521745227776 137489285168 1410673502326785 360569445166482176 3463268113448181760 0 36030171542765568 206175207440 2815849446514690 721138890332897536 1161928703862124544 0 54045944508858368 68753031200 4224323925585923 1081708335499117056 2319353808096595968 0
13 1 66 1 87 1 72074086980911104 549957140672 5642694009307140 1442277780665928704 13853072453792727040 0 144120686171062272 824700829760 11263397786058760 2884555561331590144 4647714815448498176 0 216183778035433472 275012124800 16897295702343692 4326833341996468224 9277415232386383872 0
14 1 67 1 88 1 288296347923644416 2199828562688 22570776037228560 5769111122663714816 72057594042253312 3 576482744684249088 3298803319040 45053591144235040 11538222245326360576 144115188084441088 1 864735112141733888 1100048499200 67589182809374768 17307333367985872896 216172782126432256 2
15 1 68 1 89 1 1153185391694577664 8799314250752 90283172868390976 4611686018435825664 288230376169013249 12 2305930978736996352 13195213276160 180214502015893632 9223372036867375104 576460752337764354 4 3458940448566935552 4400193996800 270356937395929280 13835058055286390784 864691128505729027 8
16 1 69 1 90 1 4612741566778310656 35197257003008 361132691473563904 33751040 1152921504676052997 48 9223723914947985408 52780853104640 720858008063574528 50397184 2305843009351057418 16 13835761794267742208 17600775987200 1081427749583717120 16908288 3458764514022916111 32
17 1 70 1 91 1 4222193403691008 140789028274177 1444530697174778880 135004160 4611686018704211988 192 1407512372838400 211123412942850 2883431894815344640 201588736 9223372037404229672 64 2814955942313984 70403104735235 4325710792176438272 67633152 13835058056091664444 128
18 1 71 1 92 1 16888773614764032 563156113358852 5778122719979638784 54043196068462592 1107296336 1 5630049491353600 844493652295688 11533727441822425088 18014399315836928 2197815456 2 11259823769255936 281612419727372 17302842962547322880 36028797289496576 3238002928 3
19 1 72 1 93 1 67555094459056131 2252624452648976 4665746806209003520 216172784273850369 4429185344 4 22520197965414401 3377974608920608 9241421619870597120 72057597263347714 8791261824 8 45039295077023746 1126449678385200 13871139629060636672 144115189157986307 12952011712 12
10 1 80 2 105 1 4614219306103734272 288239172244997120 4398046773824 4398048622596 18647717743955968 16 9227312690825789440 576473946443483136 8796093547392 8796096175112 37013960242765824 32 13837028388712218624 864695526502435840 13194140320192 13194140591116 54535777006137344 48
11 1 81 2 106 1 10133150705385472 1152956688979988481 17592187095296 17592194490384 74590870975823872 64 15762615884054528 2305895785773932546 35184374189568 35184384700448 148055840971063296 128 7881333720219648 3458782106009743363 52776561280768 52776562364464 218143108024549376 192
12 1 41 2 107 1 40532602821541888 4611826755919953924 70368748381184 18084767287443520 298363483903295488 0 63050463536218112 9223583143095730184 140737496758272 36169534557765760 592223363884253184 0 31525334880878592 13835128424038973452 211106245123072 54254301777903808 872572432098197504 0
13 1 42 2 108 1 162130411286167552 562949970264080 281474993524737 72339069149774080 1193453935613181952 0 252201854144872448 844424963817504 562949987033090 144678138231063040 2368893455537012736 0 126101339523514368 281475027238960 844424980492291 217017207111615232 3490289728392790016 0
14 1 43 2 109 1 648521645144670209 2251799880794176 1125899974098948 289356276599096320 4773815742452727808 0 1008807416579489794 3377699854745728 2251799948132360 578712552924252160 9475573822148050944 0 504405358094057475 1125900108169408 3377699921969164 868068828446460928 13961158913571160064 0
15 1 44 2 110 1 2594086580578680836 9007199523176704 4503599896395792 1157425106396385280 648518896101359616 1 4035229666317959176 13510799418982912 9007199792529440 2314850211697008640 1008807141173100544 2 2017621432376229900 4503600432677632 13510799687876656 3472275313785843712 504403433155985408 3
16 1 45 2 111 1 10376346322314723344 36028798092706816 18014468305059904 4611686027076059136 2594075584405438464 4 16140918665271836704 54043197675931648 36028936609071232 9223372049769070592 4035228564692402176 8 8070485729504919600 18014401730710528 54043404909936832 13835058059614928896 2017613732623941632 12
17 1 46 2 112 1 4611897141839790144 144115192370827266 72057873220239616 34594684928 10376302337621753857 16 9223442439958691968 216172790703726595 144115746436284928 51657179136 16140914258769608706 32 13835198844310126784 72057606922842113 216173619639747328 17331060736 8070454930495766531 48
18 1 47 2 113 1 844493649608960 576460769483309065 288231492880958464 138378739712 4611721203067912196 66 281612415664640 864691162814906382 576462985745139712 206628716544 9223424813949779976 131 563156111852288 288230427691368455 864694478558989312 69324242944 13835075648273514508 193
19 1 48 2 114 1 3377974598435840 2305843077933498404 1152925902804357120 18014952024440832 140738562097168 9 1126449662658560 3458764651260149816 2305851805541605376 36029623533830144 211108380016672 14 2252624447409152 1152921710766260252 3458777708077527040 54043472825417728 70371965403184 7
20 1 49 2 115 1 13511898393743361 9223372311733731472 4611703611217428480 72059808097763328 562954248388672 36 4505798650634242 13835058605040074976 9223407222166421504 144118494135320576 844433520066688 56 9010497789636611 4611686843064254576 13835110832310108160 216173891301670912 281487861612736 28
21 1 50 2 116 1 54047593574973444 1099515822656 70371160162306 288239232391053313 2251816993554688 144 18023194602536968 2199031645056 140741246582787 576473976541282306 3377734080266752 224 36041991158546444 3298547466688 211108111777793 864695565206683651 1125951446450944 112
22 1 51 2 117 1 216190374299893776 4398063290624 281484640649224 1188985726583177220 9007267974218752 64 72092778410147872 8796126580224 562964986331148 2359939101693575176 13510936321067008 128 144167964634185776 13194189866752 844432447111172 3476796659336216588 4503805785803776 192
23 1 52 2 118 1 864761497199575104 17592253162496 1125938562596896 4773957304842190864 36029071896875008 0 288371113640591488 35184506320896 2251859945324592 9475785203793264672 54043745284268032 0 576671858536743104 52776759467008 3377729788444688 13961229832873312304 18015223143215104 0
24 1 53 2 119 1 3459045988798300416 70369013174272 4503616811434112 649085145659211840 144116287587500033 0 1153484454562365952 140738026070016 9007233622868160 1009652667753955456 216174981137072130 0 2306687434146972416 211107038130176 13510850434302016 504687110364594368 72060892572860419 0
25 1 54 2 120 1 13836183955193201664 281476052959232 18014398526259712 2596340582636847360 576465150350000132 0 4613937818249463808 562952104804352 36028797052519168 4038610671015821824 864699924548288520 0 9226749736587889664 844428153307136 54043195578777856 2018748441458377472 288243570291441676 0
26 1 55 2 121 1 4503599644151810 1125904211312643 72057594105038848 10385362330547389440 2305860601400000528 0 9007199288303619 2251808418430977 144115188210076672 16154442684063287296 3458799698193154080 0 13510798932455425 3377712612966402 216172782315111424 8074993765833509888 1152974281165766704 0
27 1 56 2 122 1 18014398576607241 4503616844988428 288230513859108864 4611932377751490560 9223442405600002114 0 36028797153214478 9007233673199620 576460958998736896 9223495319596048384 13835198792772616323 0 54043195729821703 13510850451079176 864691197979922432 13835216591115005952 4611897124663066817 0
28 1 57 2 82 1 72057594306428964 18014467379953712 1152922055436435456 985437296410624 281474980905225 2 144115188612857912 36028934692798480 2305843835994947584 493130965090304 562949961810446 3 216172782919286812 54043401804316704 3458764791919689728 634143331368960 844424942715655 1
29 1 58 2 83 1 288230377225715856 72057869519814848 4611688221745741824 3941749185642496 1125899923620900 8 576460754451431648 144115738771193920 9223375343979790336 1972523860361216 2251799847241784 12 864691131677147248 216173607217266816 13835059167678758912 2536573325475840 3377699770862620 4
30 1 59 2 84 1 1152921508902863424 288231478079259392 8813273415680 15766996742569985 4503599694483600 32 2305843017805726592 576462955084775680 13228500058112 7890095441444866 9007199388967136 48 3458764526708588992 864694428869067264 4449586380800 10146293301903363 13510799083450480 16
31 1 60 2 85 1 4611686035611453696 1152925912317299712 35390532616192 9024791441833988 18014398777934400 128 9223372071222906368 2305851820339627008 52845280755712 13545983256297480 36028797555868544 192 13835058106834355968 3458777715477055488 17729626046464 4556376188649484 54043196333801920 64
32 1 61 2 86 1 68736263168 4611703649269198849 141699569418240 36099165767335952 72057595111737600 0 137472522240 9223407281358508034 211587281453056 54183933025189920 144115190223474176 0 206208769024 13835110861908221955 70987223662592 18225504754597936 216172785335207680 0
33 1 62 2 87 1 274945052672 70523367243780 566798277672961 144396663069343808 288230380446950400 0 549890088960 140978014928904 846349125812226 216735732100759680 576460760893896704 0 824835076096 211226504232972 283948894650371 72902019018391744 864691141340830720 0
34 1 63 2 88 1 1099780210688 282093468975120 2267193110691844 577586652277375232 1152921521787801600 0 2199560355840 563912059715616 3385396503248904 866942928403038720 2305843043575586816 0 3299340304384 844906016931888 1135795578601484 291608076073566976 3458764565363322880 0
35 1 64 2 89 1 4399120842755 1128373875114048 9068772442767376 2310346609109500928 4611686087151206400 0 8798241423361 2255648238600320 13541586012995616 3467771713612154880 9223372174302347264 0 13197361217538 3379624067203264 4543182314405936 1166432304294267904 13835058261453291520 0
36 1 65 2 90 1 17596483371020 4513495500456192 36275158490546240 9223372037928521728 274895273984 1 35192965693444 9022592954401280 54166481490935936 13835058057429655552 549790285824 2 52789444870152 13518496268813056 18172935416053952 4611686021648625664 824684511232 3
37 1 66 2 91 1 70385933484080 18053982001824768 145100633962184960 4294983680 1099581095938 4 140771862773776 36090371817605120 216665925963743744 8589967360 2199161143299 8 211157779480608 54073985075252224 72691741664215808 12884951040 3298738044929 12
38 1 67 2 92 1 281543733936320 72215928007299072 580402535848739840 17179934720 4398324383752 16 563087451095104 144361487270420480 866663703854974976 34359869440 8796644573196 32 844631117922432 216295940301008896 290766966656863232 51539804160 13194952179716 48
39 1 68 2 93 1 1126174935745280 288863712029720576 2321610005956005888 68719738880 17593297535008 64 2252349804380416 577445949082468352 3466654609261469696 137439477760 35186578292784 128 3378524471689728 865183761204297728 1163067797907976192 206159216640 52779808718864 192
40 1 69 2 94 1 4504699742981120 1155454848118882304 9286440023824023552 18014673388437504 70373190140032 0 9009399217521664 2309783796329873408 13866618437045878784 36029346776875008 140746313171136 0 13514097886758912 3460735044817190912 4652271191631904768 54044020165312512 211119234875456 0
0 1 70 2 95 1 18018798971924481 4621819392475267072 252271947876990976 72058693553750018 281492760560128 0 36037596870086658 9239135185318969344 126241527054860288 144117387107500035 562985252684544 0 54056391547035651 13842940179267977216 162340692818067456 216176080661250049 844476939501824 0
1 1 71 2 96 1 72075195887697924 40533496191516672 1009087791507963905 288234774215000072 1125971042240512 0 144150387480346632 63052593856774144 504966108219441154 576469548430000140 2251941010738176 0 216225566188142604 31528495943254016 649362771272269827 864704322645000196 3377907758007296 0
2 1 72 2 97 1 288300783550791696 162133984766066688 4036351166031855620 1152939096860000288 4503884168962048 0 576601549921386528 252210375427096576 2019864432877764616 2305878193720000560 9007764042952704 0 864902264752570416 126113983773016064 2597451085089079308 3458817290580000784 13511631032029184 0
3 1 73 2 98 1 1153203134203166784 648535939064266752 16145404664127422480 4611756387440001152 18015536675848192 0 2306406199685546112 1008841501708386304 8079457731511058464 9223512774880002240 36031056171810816 0 3459609059010281664 504455935092064256 10389804340356317232 13835269162320003136 54046524128116736 0
4 1 74 2 99 1 4612812536812667136 2594143756257067008 9241386435381035072 281476050452995 72062146703392769 0 9225624798742184448 4035366006833545216 13871086852334682240 562952100905729 144124224687243266 0 13838436236041126656 2017823740368257024 4665729214006165696 844428151357698 216186096512466947 0
5 1 75 2 100 1 4506073541116928 10376575025028268033 72057594105037056 1125904201811982 288248586813571076 0 9011047549634560 16141464027334180866 144115188210074112 2251808403622919 576496898748973064 0 13512723035851776 8071294961473028099 216172782315111168 3377712605430793 864744386049867788 0
6 1 76 2 101 1 18024294164467712 4612811952693968900 288230376420148226 4503616807247928 1152994347254284304 0 36044190198538240 9225623888208068616 576460752840296451 9007233614491676 2305987594995892256 0 54050892143407104 13838435772182560780 864691129260444673 13510850421723172 3458977544199471152 0
7 1 77 2 102 1 72097176657870848 4503737066323984 1152921574400069641 68719509728 4611977389017137216 0 144176760794152960 9007405413171232 2305843148800139278 137439002736 9223950379983569024 0 216203568573628416 13510867601588272 3458764723200208903 206158446736 13835910176797884608 0
8 1 78 2 103 1 288388706631483392 18014948265295936 4611686297600278564 274878038912 1165482358997248 1 576707043176611840 36029621652684928 9223372595200557112 549756010944 2313372515172864 2 864814274294513664 54043470406353088 13835058892800835612 824633786944 3408486062883584 3
9 1 79 2 104 1 1153554826525933568 72059793061183744 1116691562640 1099512155649 4661929435988992 4 2306828172706447360 144118486610739712 2233383125216 2199024043778 9253490060691456 8 3459257097178054656 216173881625412352 3350074687600 3298535147779 13633944251534336 12
17 3 67 1 110 1 0 0 0 0 0 0 0 0 0 0 0 0 0 0 0 0 0 0
18 3 68 1 111 1 0 0 0 0 0 0 0 0 0 0 0 0 0 0 0 0 0 0
19 3 69 1 112 1 0 0 0 0 0 0 0 0 0 0 0 0 0 0 0 0 0 0
20 3 70 1 113 1 0 0 0 0 0 0 0 0 0 0 0 0 0 0 0 0 0 0
21 3 71 1 114 1 0 0 0 0 0 0 0 0 0 0 0 0 0 0 0 0 0 0
22 3 72 1 115 1 0 0 0 0 0 0 0 0 0 0 0 0 0 0 0 0 0 0
23 3 73 1 116 1 0 0 0 0 0 0 0 0 0 0 0 0 0 0 0 0 0 0
24 3 74 1 117 1 0 0 0 0 0 0 0 0 0 0 0 0 0 0 0 0 0 0
25 3 75 1 118 1 0 0 0 0 0 0 0 0 0 0 0 0 0 0 0 0 0 0
26 3 76 1 119 1 0 0 0 0 0 0 0 0 0 0 0 0 0 0 0 0 0 0
27 3 77 1 120 1 0 0 0 0 0 0 0 0 0 0 0 0 0 0 0 0 0 0
28 3 78 1 121 1 0 0 0 0 0 0 0 0 0 0 0 0 0 0 0 0 0 0
29 3 79 1 122 1 0 0 0 0 0 0 0 0 0 0 0 0 0 0 0 0 0 0
30 3 80 1 82 1 0 0 0 0 0 0 0 0 0 0 0 0 0 0 0 0 0 0
31 3 81 1 83 1 0 0 0 0 0 0 0 0 0 0 0 0 0 0 0 0 0 0
32 3 41 1 84 1 0 0 0 0 0 0 0 0 0 0 0 0 0 0 0 0 0 0
33 3 42 1 85 1 0 0 0 0 0 0 0 0 0 0 0 0 0 0 0 0 0 0
34 3 43 1 86 1 0 0 0 0 0 0 0 0 0 0 0 0 0 0 0 0 0 0
35 3 44 1 87 1 0 0 0 0 0 0 0 0 0 0 0 0 0 0 0 0 0 0
36 3 45 1 88 1 0 0 0 0 0 0 0 0 0 0 0 0 0 0 0 0 0 0
37 3 46 1 89 1 0 0 0 0 0 0 0 0 0 0 0 0 0 0 0 0 0 0
38 3 47 1 90 1 0 0 0 0 0 0 0 0 0 0 0 0 0 0 0 0 0 0
39 3 48 1 91 1 0 0 0 0 0 0 0 0 0 0 0 0 0 0 0 0 0 0
40 3 49 1 92 1 0 0 0 0 0 0 0 0 0 0 0 0 0 0 0 0 0 0
0 3 50 1 93 1 0 0 0 0 0 0 0 0 0 0 0 0 0 0 0 0 0 0
1 3 51 1 94 1 0 0 0 0 0 0 0 0 0 0 0 0 0 0 0 0 0 0
2 3 52 1 95 1 0 0 0 0 0 0 0 0 0 0 0 0 0 0 0 0 0 0
3 3 53 1 96 1 0 0 0 0 0 0 0 0 0 0 0 0 0 0 0 0 0 0
4 3 54 1 97 1 0 0 0 0 0 0 0 0 0 0 0 0 0 0 0 0 0 0
5 3 55 1 98 1 0 0 0 0 0 0 0 0 0 0 0 0 0 0 0 0 0 0
6 3 56 1 99 1 0 0 0 0 0 0 0 0 0 0 0 0 0 0 0 0 0 0
7 3 57 1 100 1 0 0 0 0 0 0 0 0 0 0 0 0 0 0 0 0 0 0
8 3 58 1 101 1 0 0 0 0 0 0 0 0 0 0 0 0 0 0 0 0 0 0
9 3 59 1 102 1 0 0 0 0 0 0 0 0 0 0 0 0 0 0 0 0 0 0
10 3 60 1 103 1 0 0 0 0 0 0 0 0 0 0 0 0 0 0 0 0 0 0
11 3 61 1 104 1 0 0 0 0 0 0 0 0 0 0 0 0 0 0 0 0 0 0
12 3 62 1 105 1 0 0 0 0 0 0 0 0 0 0 0 0 0 0 0 0 0 0
13 3 63 1 106 1 0 0 0 0 0 0 0 0 0 0 0 0 0 0 0 0 0 0
14 3 64 1 107 1 0 0 0 0 0 0 0 0 0 0 0 0 0 0 0 0 0 0
15 3 65 1 108 1 0 0 0 0 0 0 0 0 0 0 0 0 0 0 0 0 0 0
16 3 66 1 109 1 0 0 0 0 0 0 0 0 0 0 0 0 0 0 0 0 0 0
39 1 49 1 112 1 0 0 0 0 0 0 0 0 0 0 0 0 0 0 0 0 0 0
40 1 50 1 113 1 0 0 0 0 0 0 0 0 0 0 0 0 0 0 0 0 0 0
0 1 51 1 114 1 0 0 0 0 0 0 0 0 0 0 0 0 0 0 0 0 0 0
1 1 52 1 115 1 0 0 0 0 0 0 0 0 0 0 0 0 0 0 0 0 0 0
2 1 53 1 116 1 0 0 0 0 0 0 0 0 0 0 0 0 0 0 0 0 0 0
3 1 54 1 117 1 0 0 0 0 0 0 0 0 0 0 0 0 0 0 0 0 0 0
4 1 55 1 118 1 0 0 0 0 0 0 0 0 0 0 0 0 0 0 0 0 0 0
5 1 56 1 119 1 0 0 0 0 0 0 0 0 0 0 0 0 0 0 0 0 0 0
6 1 57 1 120 1 0 0 0 0 0 0 0 0 0 0 0 0 0 0 0 0 0 0
7 1 58 1 121 1 0 0 0 0 0 0 0 0 0 0 0 0 0 0 0 0 0 0
8 1 59 1 122 1 0 0 0 0 0 0 0 0 0 0 0 0 0 0 0 0 0 0
9 1 60 1 82 1 0 0 0 0 0 0 0 0 0 0 0 0 0 0 0 0 0 0
10 1 61 1 83 1 0 0 0 0 0 0 0 0 0 0 0 0 0 0 0 0 0 0
11 1 62 1 84 1 0 0 0 0 0 0 0 0 0 0 0 0 0 0 0 0 0 0
12 1 63 1 85 1 0 0 0 0 0 0 0 0 0 0 0 0 0 0 0 0 0 0
13 1 64 1 86 1 0 0 0 0 0 0 0 0 0 0 0 0 0 0 0 0 0 0
14 1 65 1 87 1 0 0 0 0 0 0 0 0 0 0 0 0 0 0 0 0 0 0
15 1 66 1 88 1 0 0 0 0 0 0 0 0 0 0 0 0 0 0 0 0 0 0
16 1 67 1 89 1 0 0 0 0 0 0 0 0 0 0 0 0 0 0 0 0 0 0
17 1 68 1 90 1 0 0 0 0 0 0 0 0 0 0 0 0 0 0 0 0 0 0
18 1 69 1 91 1 0 0 0 0 0 0 0 0 0 0 0 0 0 0 0 0 0 0
19 1 70 1 92 1 0 0 0 0 0 0 0 0 0 0 0 0 0 0 0 0 0 0
20 1 71 1 93 1 0 0 0 0 0 0 0 0 0 0 0 0 0 0 0 0 0 0
21 1 72 1 94 1 0 0 0 0 0 0 0 0 0 0 0 0 0 0 0 0 0 0
22 1 73 1 95 1 0 0 0 0 0 0 0 0 0 0 0 0 0 0 0 0 0 0
23 1 74 1 96 1 0 0 0 0 0 0 0 0 0 0 0 0 0 0 0 0 0 0
24 1 75 1 97 1 0 0 0 0 0 0 0 0 0 0 0 0 0 0 0 0 0 0
25 1 76 1 98 1 0 0 0 0 0 0 0 0 0 0 0 0 0 0 0 0 0 0
26 1 77 1 99 1 0 0 0 0 0 0 0 0 0 0 0 0 0 0 0 0 0 0
27 1 78 1 100 1 0 0 0 0 0 0 0 0 0 0 0 0 0 0 0 0 0 0
28 1 79 1 101 1 0 0 0 0 0 0 0 0 0 0 0 0 0 0 0 0 0 0
29 1 80 1 102 1 0 0 0 0 0 0 0 0 0 0 0 0 0 0 0 0 0 0
30 1 81 1 103 1 0 0 0 0 0 0 0 0 0 0 0 0 0 0 0 0 0 0
31 1 41 1 104 1 0 0 0 0 0 0 0 0 0 0 0 0 0 0 0 0 0 0
32 1 42 1 105 1 0 0 0 0 0 0 0 0 0 0 0 0 0 0 0 0 0 0
33 1 43 1 106 1 0 0 0 0 0 0 0 0 0 0 0 0 0 0 0 0 0 0
34 1 44 1 107 1 0 0 0 0 0 0 0 0 0 0 0 0 0 0 0 0 0 0
35 1 45 1 108 1 0 0 0 0 0 0 0 0 0 0 0 0 0 0 0 0 0 0
36 1 46 1 109 1 0 0 0 0 0 0 0 0 0 0 0 0 0 0 0 0 0 0
37 1 47 1 110 1 0 0 0 0 0 0 0 0 0 0 0 0 0 0 0 0 0 0
38 1 48 1 111 1 0 0 0 0 0 0 0 0 0 0 0 0 0 0 0 0 0 0
23 1 72 1 98 3 865605939309838336 72057594105037824 2320479712311246896 18225642180968464 54046773236207616 0 288652622977302528 144115188210075648 3465519921857822736 36099371921571872 18016056366866432 0 577234860029247488 216172782315113472 1165306416478552096 54184001736278064 36031833560854528 0
24 1 73 1 99 3 3462423757239353344 288230376420151296 9281918849244987584 72902568723873856 216187092944830464 0 1154610491909210112 576460752840302592 13862079687431290944 144397487686287488 72064225467465728 0 2308939440116989952 864691129260453888 4661225665914208384 216736006945112256 144127334243418112 0
25 1 74 1 100 3 13849695028957413376 1152921505680867328 234187180841370368 291610274895495426 864748371779321856 0 4618441967636840448 2305843011361734656 108086391157555456 577589950745149955 288256901869862912 0 9235757760467959808 3458764517042601984 198158383788851712 866944027780449025 576509336973672448 0
26 1 75 1 101 3 58547894700998656 4611686022723469315 936748723365481472 1166441099581981704 3458993487117287424 0 27023796837810176 9223372045446938625 432345564630221824 2310359802980599820 1153027607479451648 0 49542894452736000 13835058068170407938 792633535155406848 3467776111121796100 2306037347894689792 0
27 1 76 1 102 3 234191578803994625 17184063500 3746995099620356097 4611721202799480864 13835973948469149696 0 108095187351240706 34368126980 1729382327240364034 9223424813412917296 4612110429917806592 0 198171577810944003 51552190472 3170534278060580867 13835075647468220432 9224149391578759168 0
28 1 77 1 103 3 936766315215978500 68736254000 14987980398481424388 140737488371840 3663572747943937 3 432380749404962824 137472507920 6917529308961456136 211106232565952 1697645961674754 1 792686311243776012 206208761888 12682137112242323468 70368744226880 3109418895933443 2
29 1 78 1 104 3 3747065260863914000 274945016000 4611689372797042704 562949953487363 14654290991775748 12 1729522997619851296 549890031680 9223373162136272928 844424930263809 6790583846699016 4 3170745244975104048 824835047552 13835060301550190640 281474976907522 12437675583733772 8
30 1 79 1 105 3 14988261043455656000 1099780850432 13211320188992 2251799813949453 58617163967102992 48 6918091990479405184 2199560388864 4432406511744 3377699721055238 27162335386796064 16 12682980979900416192 3299340714496 8847633154240 1125899907630091 49750702334935088 32
31 1 80 1 106 3 4612811952693969152 4399123663875 52776561279232 9007199255797812 234468655868411968 192 9225623888208069120 8798242079745 17592187093504 13510798884220952 108649341547184256 64 13838435772182561536 13197363644418 35184374186752 4503599630520364 199002809339740352 128
32 1 81 1 107 3 4503737066324992 17596494655501 211243684070400 54043195532673232 937874623473647872 0 9007405413173248 35192968318982 70574906804224 18014398517919840 434597366188737024 0 13510867601591296 52789454577675 140806216223744 36028797031563440 796011237358961408 0
33 1 41 1 108 3 18014948265299968 70385978622004 844974736281600 216172782130692928 3751498493894591488 0 36029621652692992 140771873275928 282299627216896 72057594071679360 1738389464754948096 0 54043470406365184 211157818310700 563224864894976 144115188126253760 3184044949435845632 0
34 1 42 1 109 3 72059793061199872 281543914488016 3379898945126400 864691128522771712 15005993975578365952 0 144118486610771968 563087493103712 1129198508867584 288230376286717440 6953557859019792384 0 216173881625460736 844631273242800 2252899459579904 576460752505015040 12736179797743382528 0
35 1 43 1 110 3 288239172244799491 1126175657165632 13519595780505600 3458764514091086848 4683743681184808960 3 576473946443087873 2252349972152704 4516794035470336 1152921505146869760 9367487362369617920 1 864695526501842946 3378525092446912 9011597838319616 2305843010020060160 14051231043554426880 2
36 1 44 1 111 3 1152956688979197964 4504702628662528 54078383122022400 13835058056364347392 288230651029684224 13 2305895785772351492 9009399888610816 18067176141881344 4611686020587479040 576461302059368448 6 3458782106007371784 13514100369787648 36046391353278464 9223372040080240640 864691953089052672 11
37 1 45 1 112 3 4611826755916791856 18018810514650112 216313532488089600 4328734720 1152922604118736899 52 9223583143089405968 36037599554443264 72268704567525376 8640364544 2305845208237473793 24 13835128424029487136 54056401479150592 144185565413113856 12901859328 3458767812356210690 44
38 1 46 1 113 3 562949957615808 72075242058600449 865254129952358400 17314938880 4611690416474947596 208 844424938520640 144150398217773058 289074818270101504 34561458176 9223380832949895172 96 281474989293696 216225605916602371 576742261652455424 51607437312 13835071249424842760 176
39 1 47 1 114 3 2251799830463232 288300968235188228 3461016313651003392 54043264788201472 17592190238768 65 3377699754082560 576601592871354376 1156299204360929280 18014536755314688 35184380477456 130 1125899957174784 864902423666933772 2306968909170868224 36029003448713216 52776570716192 195
40 1 48 1 115 3 9007199321852931 1153203872939966480 13844065254604013568 234187457662287872 70368760955072 4 13510799016330241 2306406371485155360 4625196817443717120 108086944040222720 140737521909824 8 4503599828699138 3459609694667210800 9227875636683472896 198159209323298816 211106282864768 12
0 1 49 1 116 3 36028797287411725 4612815491759603776 36028797287399424 936749830649151491 281475043820288 16 54043196065320966 9225625485940097152 54043196065316864 432347776160890881 562950087639296 32 18014399314796555 13838438778668056768 18014399314788352 792636837293195266 844425131459072 48
1 1 50 1 117 3 144115189149646900 4517893328863488 144115189149597697 3746999322596605964 1125900175281152 64 216172784261283864 9013796341285376 216172784261267458 1729391104643563524 2251800350557184 128 72057597259186220 13522893543572224 72057597259153411 3170547349172781064 3377700525836288 192
2 1 51 1 118 3 576460756598587600 18071573315453952 576460756598390788 15006011688895905840 4503600701124608 0 864691137045135456 36055185365141504 864691137045069832 6953593215593218064 9007201402228736 0 288230389036744880 54091574174288896 288230389036613644 12736232592219570208 13510802103345152 0
3 1 52 1 119 3 2305843026394350400 72286293261815808 2305843026393563152 4683814534454968512 18014402804498435 0 3458764548180541824 144220741460566016 3458764548180279328 9367628788663320640 36028805608914945 0 1152921556146979520 216366296697155584 1152921556146454576 14051442221459177600 54043208413380610 0
4 1 53 1 120 3 9223372105577401600 289145173047525376 9223372036854775872 288514064110322432 72057611217993741 0 13835058192722167296 576882965842788352 13835058055282163840 577027007234179328 144115222435659782 0 4611686224587918080 865465186789408768 4611686018427388096 865536664708055552 216172833653522443 0
5 1 54 1 121 3 274890503168 1156580692190101506 256 1154056256441289730 288230444871974964 0 549760014336 2307531863371153411 512 2308108028936717315 576460889742639128 0 824642120704 3461860747157635073 768 3462146658832222209 864691334614089772 0
6 1 55 1 122 3 1099562012673 4626322768760143880 1024 4616225025765158920 1152921779487899856 0 2199040057346 9230127453484089356 2048 9232432115746869260 2305843558970556512 0 3298568482819 13847442988629753860 3072 13848586635328888836 3458765338456359088 0
7 1 56 1 82 3 4398248050692 58547001331023904 68719480833 141630841602080 4611687117951599425 0 8796160229384 27021666517254192 137438961666 211518549409840 9223374235882226050 0 13194273931276 49539733390360592 206158442499 71124658454544 13835061353825436355 0
8 1 57 1 83 3 17592992202768 234188005324095616 274877923332 566523366408320 4398096846084 1 35184640917536 108086666069016768 549755846664 846074197639360 8796109800968 2 52777095725104 198158933561442368 824633769996 284498633818176 13194173090572 3
9 1 58 1 84 3 70371968811072 936752021296382464 1099511693328 2266093465633280 17592387384336 4 140738563670144 432346664276067072 2199023386656 3384296790557440 35184439203872 8 211108382900416 792635734245769472 3298535079984 1137994535272704 52776692362288 12
10 1 59 1 85 3 281487875244288 3747008085185529856 4398046773312 9064373862533120 70369549537344 16 562954254680576 1729386657104268288 8796093546624 13537187162229760 140737756815488 32 844433531601664 3170542936983077888 13194140319936 4551978141090816 211106769449152 48
11 1 60 1 86 3 1125951500977152 14988032340742119424 17729626046720 228698431168512 281478198149376 64 2251817018722304 6917546628417073152 35390532616704 105553120473088 562951027261952 128 3377734126406656 12682171747932311552 52845280756480 193514054881280 844427077796608 192
12 1 61 1 87 3 4503806003908608 4611897141839822848 70918504186883 18929192234156032 1125912792597504 0 9007268074889216 9223442439958740992 141562130466817 36451009500856320 2251804109047808 0 13510936505626624 13835198844310142976 211381123025922 54817251747971072 3377708311186432 0
13 1 62 1 88 3 18015224015634432 844493649739776 283674016747533 75716768936624128 4503651170390016 0 36029072299556864 281612415860736 566248521867270 145804038003425280 9007216436191232 0 54043746022506496 563156111917056 845524492103691 219269006991884288 13510833244745728 0
14 1 63 1 89 3 72060896062537730 3377974598434816 1134696066990132 302867075746496512 18014604681560064 0 144116289198227459 1126449662656512 2264994087469080 583216152013701120 36028865744764928 0 216174984090025985 2252624447406080 3382097968414764 877076027967537152 54043332978982912 0
15 1 64 1 90 3 288243584250150920 13511898393739264 4538990426390736 1157425107457540096 72058418726240256 0 576465156792909836 4505798650626048 9060045069353056 2314850209545322496 144115462979059712 0 864699936360103940 9010497789624320 13528529312612528 3472275314851184640 216173331915931648 0
16 1 65 1 91 3 1152974337000603680 54047593574957056 18156030425039680 4611686031320678400 288233674904961024 0 2305860627171639344 18023194602504192 36240317716365696 9223372041162326016 576461851916238848 0 3458799745440415760 36041991158497280 54114323408880320 13835058063876292608 864693327663726592 0
17 1 66 1 92 3 4611897348002414720 216190374299828224 72624121700158720 51573161984 1152934699619844097 0 9223442508686557376 72092778410016768 144961270865462784 17230200832 2305847407664955394 0 13835198981761663040 144167964633989120 216457293635521280 34376515584 3458773310654906371 0
18 1 67 1 93 3 845318300107264 864761497199312897 290496486800634880 206292647936 4611738798479376388 0 281887327126272 288371113640067074 579845083461851136 68920803328 9223389630659821576 0 563705917997312 576671858535956483 865829174542085120 137506062336 13835093242619625484 0
19 1 68 1 94 3 3381273200429056 3459045988797513732 1161985878483062784 825170591744 211120207953936 1 1127549308505088 1153484454560792584 2319380196408451072 275683213312 70375220183072 2 2254823671989248 2306687434144612364 3463316492009910272 550024249344 140749349847088 3
20 1 69 1 95 3 13525092801716224 13836183955190054928 4647943513932251136 3300682366976 844480831815744 4 4510197234020352 4613937818243170336 9277520785633804288 1102732853248 281500880732288 8 9019294687956992 9226749736578449456 13853265968039641088 2200096997376 562997399388352 12
21 1 70 1 96 3 54100371206864896 4503599631564864 145029982019452931 13202729467905 3377923327262976 16 18040788936081408 9007199263129728 216594995116113921 4410931412994 1126003522929152 32 36077178751827968 13510798894694592 72831651029909506 8800387989507 2251989597553408 48
22 1 71 1 97 3 216401484827459584 18014398526259456 580119928077811724 52810917871620 13511693309051904 64 72163155744325632 36028797052518912 866379980464455684 17643725651976 4504014091716608 128 144308715007311872 54043195578778368 291326604119638024 35201551958028 9007958390213632 192
2 1 65 3 102 1 0 0 0 1125899906842624 0 0 0 0 0 2251799813685248 0 0 0 0 0 3377699720527872 0 0
3 1 66 3 103 1 0 0 0 4503599627370496 0 0 0 0 0 9007199254740992 0 0 0 0 0 13510798882111488 0 0
4 1 67 3 104 1 0 0 68719476736 0 0 0 0 0 137438953472 0 0 0 0 0 206158430208 0 0 0
5 1 68 3 105 1 0 0 274877906944 0 0 0 0 0 549755813888 0 0 0 0 0 824633720832 0 0 0
6 1 69 3 106 1 0 0 1099511627776 0 0 0 0 0 2199023255552 0 0 0 0 0 3298534883328 0 0 0
7 1 70 3 107 1 0 0 4398046511104 0 0 0 0 0 8796093022208 0 0 0 0 0 13194139533312 0 0 0
8 1 71 3 108 1 0 0 17592186044416 0 0 0 0 0 35184372088832 0 0 0 0 0 52776558133248 0 0 0
9 1 72 3 109 1 0 0 70368744177664 0 0 0 0 0 140737488355328 0 0 0 0 0 211106232532992 0 0 0
10 1 73 3 110 1 0 0 281474976710656 0 0 0 0 0 562949953421312 0 0 0 0 0 844424930131968 0 0 0
11 1 74 3 111 1 0 0 1125899906842624 0 0 0 0 0 2251799813685248 0 0 0 0 0 3377699720527872 0 0 0
12 1 75 3 112 1 0 0 4503599627370496 0 0 0 0 0 9007199254740992 0 0 0 0 0 13510798882111488 0 0 0
13 1 76 3 113 1 0 0 18014398509481984 0 0 0 0 0 36028797018963968 0 0 0 0 0 54043195528445952 0 0 0
14 1 77 3 114 1 0 0 72057594037927936 0 0 0 0 0 144115188075855872 0 0 0 0 0 216172782113783808 0 0 0
15 1 78 3 115 1 0 0 288230376151711744 0 0 0 0 0 576460752303423488 0 0 0 0 0 864691128455135232 0 0 0
16 1 79 3 116 1 0 0 1152921504606846976 0 0 0 0 0 2305843009213693952 0 0 0 0 0 3458764513820540928 0 0 0
17 1 80 3 117 1 0 0 4611686018427387904 0 0 0 0 0 9223372036854775808 0 0 0 0 0 13835058055282163712 0 0 0
18 1 81 3 118 1 0 0 0 1 0 0 0 0 0 2 0 0 0 0 0 3 0 0
19 1 41 3 119 1 0 0 0 4 0 0 0 0 0 8 0 0 0 0 0 12 0 0
20 1 42 3 120 1 0 0 0 16 0 0 0 0 0 32 0 0 0 0 0 48 0 0
21 1 43 3 121 1 0 0 0 64 0 0 0 0 0 128 0 0 0 0 0 192 0 0
22 1 44 3 122 1 0 0 0 256 0 0 0 0 0 512 0 0 0 0 0 768 0 0
23 1 45 3 82 1 0 0 0 1024 0 0 0 0 0 2048 0 0 0 0 0 3072 0 0
24 1 46 3 83 1 0 0 0 4096 0 0 0 0 0 8192 0 0 0 0 0 12288 0 0
25 1 47 3 84 1 0 0 0 16384 0 0 0 0 0 32768 0 0 0 0 0 49152 0 0
26 1 48 3 85 1 0 0 0 65536 0 0 0 0 0 131072 0 0 0 0 0 196608 0 0
27 1 49 3 86 1 0 0 0 262144 0 0 0 0 0 524288 0 0 0 0 0 786432 0 0
28 1 50 3 87 1 0 0 0 1048576 0 0 0 0 0 2097152 0 0 0 0 0 3145728 0 0
29 1 51 3 88 1 0 0 0 4194304 0 0 0 0 0 8388608 0 0 0 0 0 12582912 0 0
30 1 52 3 89 1 0 0 0 16777216 0 0 0 0 0 33554432 0 0 0 0 0 50331648 0 0
31 1 53 3 90 1 0 0 0 67108864 0 0 0 0 0 134217728 0 0 0 0 0 201326592 0 0
32 1 54 3 91 1 0 0 0 268435456 0 0 0 0 0 536870912 0 0 0 0 0 805306368 0 0
33 1 55 3 92 1 0 0 0 1073741824 0 0 0 0 0 2147483648 0 0 0 0 0 3221225472 0 0
34 1 56 3 93 1 0 0 0 4294967296 0 0 0 0 0 8589934592 0 0 0 0 0 12884901888 0 0
35 1 57 3 94 1 0 0 0 17179869184 0 0 0 0 0 34359738368 0 0 0 0 0 51539607552 0 0
36 1 58 3 95 1 0 0 0 68719476736 0 0 0 0 0 137438953472 0 0 0 0 0 206158430208 0 0
37 1 59 3 96 1 0 0 0 274877906944 0 0 0 0 0 549755813888 0 0 0 0 0 824633720832 0 0
38 1 60 3 97 1 0 0 0 1099511627776 0 0 0 0 0 2199023255552 0 0 0 0 0 3298534883328 0 0
39 1 61 3 98 1 0 0 0 4398046511104 0 0 0 0 0 8796093022208 0 0 0 0 0 13194139533312 0 0
40 1 62 3 99 1 0 0 0 17592186044416 0 0 0 0 0 35184372088832 0 0 0 0 0 52776558133248 0 0
0 1 63 3 100 1 0 0 0 70368744177664 0 0 0 0 0 140737488355328 0 0 0 0 0 211106232532992 0 0
1 1 64 3 101 1 0 0 0 281474976710656 0 0 0 0 0 562949953421312 0 0 0 0 0 844424930131968 0 0
15 1 51 1 82 1 0 0 0 0 0 16 0 0 0 0 0 32 0 0 0 0 0 48
16 1 52 1 83 1 0 0 0 0 0 64 0 0 0 0 0 128 0 0 0 0 0 192
17 1 53 1 84 1 0 0 0 18014398509481984 0 0 0 0 0 36028797018963968 0 0 0 0 0 54043195528445952 0 0
18 1 54 1 85 1 0 0 0 72057594037927936 0 0 0 0 0 144115188075855872 0 0 0 0 0 216172782113783808 0 0
19 1 55 1 86 1 0 0 0 288230376151711744 0 0 0 0 0 576460752303423488 0 0 0 0 0 864691128455135232 0 0
20 1 56 1 87 1 0 0 0 1152921504606846976 0 0 0 0 0 2305843009213693952 0 0 0 0 0 3458764513820540928 0 0
21 1 57 1 88 1 0 0 0 4611686018427387904 0 0 0 0 0 9223372036854775808 0 0 0 0 0 13835058055282163712 0 0
22 1 58 1 89 1 0 0 0 0 1 0 0 0 0 0 2 0 0 0 0 0 3 0
23 1 59 1 90 1 0 0 0 0 4 0 0 0 0 0 8 0 0 0 0 0 12 0
24 1 60 1 91 1 0 0 0 0 16 0 0 0 0 0 32 0 0 0 0 0 48 0
25 1 61 1 92 1 0 0 0 0 64 0 0 0 0 0 128 0 0 0 0 0 192 0
26 1 62 1 93 1 0 0 0 0 256 0 0 0 0 0 512 0 0 0 0 0 768 0
27 1 63 1 94 1 0 0 0 0 1024 0 0 0 0 0 2048 0 0 0 0 0 3072 0
28 1 64 1 95 1 0 0 0 0 4096 0 0 0 0 0 8192 0 0 0 0 0 12288 0
29 1 65 1 96 1 0 0 0 0 16384 0 0 0 0 0 32768 0 0 0 0 0 49152 0
30 1 66 1 97 1 0 0 0 0 65536 0 0 0 0 0 131072 0 0 0 0 0 196608 0
31 1 67 1 98 1 0 0 0 0 262144 0 0 0 0 0 524288 0 0 0 0 0 786432 0
32 1 68 1 99 1 0 0 0 0 1048576 0 0 0 0 0 2097152 0 0 0 0 0 3145728 0
33 1 69 1 100 1 0 0 0 0 4194304 0 0 0 0 0 8388608 0 0 0 0 0 12582912 0
34 1 70 1 101 1 0 0 0 0 16777216 0 0 0 0 0 33554432 0 0 0 0 0 50331648 0
35 1 71 1 102 1 0 0 0 0 67108864 0 0 0 0 0 134217728 0 0 0 0 0 201326592 0
36 1 72 1 103 1 0 0 0 0 268435456 0 0 0 0 0 536870912 0 0 0 0 0 805306368 0
37 1 73 1 104 1 0 0 0 0 1073741824 0 0 0 0 0 2147483648 0 0 0 0 0 3221225472 0
38 1 74 1 105 1 0 0 0 0 4294967296 0 0 0 0 0 8589934592 0 0 0 0 0 12884901888 0
39 1 75 1 106 1 0 0 0 0 17179869184 0 0 0 0 0 34359738368 0 0 0 0 0 51539607552 0
40 1 76 1 107 1 0 0 0 0 68719476736 0 0 0 0 0 137438953472 0 0 0 0 0 206158430208 0
0 1 77 1 108 1 0 0 0 0 274877906944 0 0 0 0 0 549755813888 0 0 0 0 0 824633720832 0
1 1 78 1 109 1 0 0 0 0 1099511627776 0 0 0 0 0 2199023255552 0 0 0 0 0 3298534883328 0
2 1 79 1 110 1 0 0 0 0 4398046511104 0 0 0 0 0 8796093022208 0 0 0 0 0 13194139533312 0
3 1 80 1 111 1 0 0 0 0 17592186044416 0 0 0 0 0 35184372088832 0 0 0 0 0 52776558133248 0
4 1 81 1 112 1 0 0 0 0 70368744177664 0 0 0 0 0 140737488355328 0 0 0 0 0 211106232532992 0
5 1 41 1 113 1 0 0 0 0 281474976710656 0 0 0 0 0 562949953421312 0 0 0 0 0 844424930131968 0
6 1 42 1 114 1 0 0 0 0 1125899906842624 0 0 0 0 0 2251799813685248 0 0 0 0 0 3377699720527872 0
7 1 43 1 115 1 0 0 0 0 4503599627370496 0 0 0 0 0 9007199254740992 0 0 0 0 0 13510798882111488 0
8 1 44 1 116 1 0 0 0 0 18014398509481984 0 0 0 0 0 36028797018963968 0 0 0 0 0 54043195528445952 0
9 1 45 1 117 1 0 0 0 0 72057594037927936 0 0 0 0 0 144115188075855872 0 0 0 0 0 216172782113783808 0
10 1 46 1 118 1 0 0 0 0 288230376151711744 0 0 0 0 0 576460752303423488 0 0 0 0 0 864691128455135232 0
11 1 47 1 119 1 0 0 0 0 1152921504606846976 0 0 0 0 0 2305843009213693952 0 0 0 0 0 3458764513820540928 0
12 1 48 1 120 1 0 0 0 0 4611686018427387904 0 0 0 0 0 9223372036854775808 0 0 0 0 0 13835058055282163712 0
13 1 49 1 121 1 0 0 0 0 0 1 0 0 0 0 0 2 0 0 0 0 0 3
14 1 50 1 122 1 0 0 0 0 0 4 0 0 0 0 0 8 0 0 0 0 0 12
