410 123 6 41
14 1 67 1 99 3 0 16384 0 0 0 0 0 32768 0 0 0 0 0 49152 0 0 0 0
15 1 68 1 100 3 0 65536 0 0 0 0 0 131072 0 0 0 0 0 196608 0 0 0 0
16 1 69 1 101 3 1 0 0 0 0 0 2 0 0 0 0 0 3 0 0 0 0 0
17 1 70 1 102 3 4 0 0 0 0 0 8 0 0 0 0 0 12 0 0 0 0 0
18 1 71 1 103 3 16 0 0 0 0 0 32 0 0 0 0 0 48 0 0 0 0 0
19 1 72 1 104 3 64 0 0 0 0 0 128 0 0 0 0 0 192 0 0 0 0 0
20 1 73 1 105 3 256 0 0 0 0 0 512 0 0 0 0 0 768 0 0 0 0 0
21 1 74 1 106 3 1024 0 0 0 0 0 2048 0 0 0 0 0 3072 0 0 0 0 0
22 1 75 1 107 3 4096 0 0 0 0 0 8192 0 0 0 0 0 12288 0 0 0 0 0
23 1 76 1 108 3 16384 0 0 0 0 0 32768 0 0 0 0 0 49152 0 0 0 0 0
24 1 77 1 109 3 65536 0 0 0 0 0 131072 0 0 0 0 0 196608 0 0 0 0 0
25 1 78 1 110 3 262144 0 0 0 0 0 524288 0 0 0 0 0 786432 0 0 0 0 0
26 1 79 1 111 3 1048576 0 0 0 0 0 2097152 0 0 0 0 0 3145728 0 0 0 0 0
27 1 80 1 112 3 4194304 0 0 0 0 0 8388608 0 0 0 0 0 12582912 0 0 0 0 0
28 1 81 1 113 3 16777216 0 0 0 0 0 33554432 0 0 0 0 0 50331648 0 0 0 0 0
29 1 41 1 114 3 67108864 0 0 0 0 0 134217728 0 0 0 0 0 201326592 0 0 0 0 0
30 1 42 1 115 3 268435456 0 0 0 0 0 536870912 0 0 0 0 0 805306368 0 0 0 0 0
31 1 43 1 116 3 1073741824 0 0 0 0 0 2147483648 0 0 0 0 0 3221225472 0 0 0 0 0
32 1 44 1 117 3 4294967296 0 0 0 0 0 8589934592 0 0 0 0 0 12884901888 0 0 0 0 0
33 1 45 1 118 3 17179869184 0 0 0 0 0 34359738368 0 0 0 0 0 51539607552 0 0 0 0 0
34 1 46 1 119 3 68719476736 0 0 0 0 0 137438953472 0 0 0 0 0 206158430208 0 0 0 0 0
35 1 47 1 120 3 274877906944 0 0 0 0 0 549755813888 0 0 0 0 0 824633720832 0 0 0 0 0
36 1 48 1 121 3 1099511627776 0 0 0 0 0 2199023255552 0 0 0 0 0 3298534883328 0 0 0 0 0
37 1 49 1 122 3 4398046511104 0 0 0 0 0 8796093022208 0 0 0 0 0 13194139533312 0 0 0 0 0
38 1 50 1 82 3 17592186044416 0 0 0 0 0 35184372088832 0 0 0 0 0 52776558133248 0 0 0 0 0
39 1 51 1 83 3 70368744177664 0 0 0 0 0 140737488355328 0 0 0 0 0 211106232532992 0 0 0 0 0
40 1 52 1 84 3 281474976710656 0 0 0 0 0 562949953421312 0 0 0 0 0 844424930131968 0 0 0 0 0
0 1 53 1 85 3 1125899906842624 0 0 0 0 0 2251799813685248 0 0 0 0 0 3377699720527872 0 0 0 0 0
1 1 54 1 86 3 4503599627370496 0 0 0 0 0 9007199254740992 0 0 0 0 0 13510798882111488 0 0 0 0 0
2 1 55 1 87 3 18014398509481984 0 0 0 0 0 36028797018963968 0 0 0 0 0 54043195528445952 0 0 0 0 0
3 1 56 1 88 3 72057594037927936 0 0 0 0 0 144115188075855872 0 0 0 0 0 216172782113783808 0 0 0 0 0
4 1 57 1 89 3 288230376151711744 0 0 0 0 0 576460752303423488 0 0 0 0 0 864691128455135232 0 0 0 0 0
5 1 58 1 90 3 1152921504606846976 0 0 0 0 0 2305843009213693952 0 0 0 0 0 3458764513820540928 0 0 0 0 0
6 1 59 1 91 3 4611686018427387904 0 0 0 0 0 9223372036854775808 0 0 0 0 0 13835058055282163712 0 0 0 0 0
7 1 60 1 92 3 0 1 0 0 0 0 0 2 0 0 0 0 0 3 0 0 0 0
8 1 61 1 93 3 0 4 0 0 0 0 0 8 0 0 0 0 0 12 0 0 0 0
9 1 62 1 94 3 0 16 0 0 0 0 0 32 0 0 0 0 0 48 0 0 0 0
10 1 63 1 95 3 0 64 0 0 0 0 0 128 0 0 0 0 0 192 0 0 0 0
11 1 64 1 96 3 0 256 0 0 0 0 0 512 0 0 0 0 0 768 0 0 0 0
12 1 65 1 97 3 0 1024 0 0 0 0 0 2048 0 0 0 0 0 3072 0 0 0 0
13 1 66 1 98 3 0 4096 0 0 0 0 0 8192 0 0 0 0 0 12288 0 0 0 0
1 3 70 1 116 1 577305177351127296 54043264247922688 576465154644906096 492787368722432 4506898191618049 0 864972603583037952 18014535948435456 864699933138100368 633387419172864 9008298804125698 0 288793326340080384 36029003177394176 288243583176159456 985299860586496 13512997964099587 0
2 3 71 1 117 1 2309220709404509184 216173056991690752 2305860618579624384 1971149474889728 18027592766472196 0 3459890414332151808 72058143793741824 3458799732552401472 2533549676691456 36033195216502792 0 1155173305360321536 144116012709576704 1152974332704637824 3941199442345984 54051991856398348 0
3 3 72 1 118 1 9236882837618036736 864692227967025152 9223442405599020800 7884597899558912 72110371065888784 0 13839561657328607232 288232575175491584 13835198792770652416 10134198706765824 144132780866011168 0 4620693221441286144 576464050839093248 4611897124660121088 15764797769383936 216207967425593392 0
4 3 73 1 119 1 54043203053043712 3458768911868100610 281543696456704 13523993088753666 288441484263555136 0 18014408185774080 1152930300701966339 563087392908288 4507997808099331 576531123464044672 0 36028812055592960 2305856203356372993 844631089362944 9015995549089793 864831869702373568 0
5 3 74 1 120 1 216172812212174848 13835075647472402440 1126380944257024 52776826568712 1153765937054220544 0 72057632743096320 4611721202807865356 2252418291109888 17592722915340 2306124493856178688 0 144115248222371840 9223424813425491972 3378661796405248 35185177395204 3459327478809494272 0
6 3 75 1 121 1 864691248848699392 70368760954912 4505523777028099 211107306274848 4615063748216882176 0 288230530972385280 140737521909808 9009673164439553 70370891661360 9224497975424714752 0 576460992889487360 211106282864656 13514647185620994 140740709580816 13837309915237977088 0
7 3 76 1 122 1 3458764995394797568 281475043819648 18022095108112396 844429225099392 13510919157977088 1 1152922123889541120 562950087639232 36038692657758212 281483566645440 4503754279755776 2 2305843971557949440 844425131458624 54058588742483976 562962838323264 9007439823253504 3
8 3 77 1 82 1 13835059981579190272 1125900175278592 72088380432449584 3377716900397568 54043676631908352 4 4611688495558164480 2251800350556928 144154770631032848 1125934266581760 18015017119023104 8 9223375886231797760 3377700525834496 216234354969935904 2251851353293056 36029759293014016 12
9 3 78 1 83 1 7705188106240 4503600701114371 288353521729798336 13510867601590272 216174706527633408 16 9908523106304 9007201402227713 576619082524131392 4503737066327040 72060068476092416 32 15397508087808 13510802103337986 864937419879743616 9007405413172224 144119037172056064 48
10 3 79 1 84 1 30820752424960 18014402804457484 1153414293077623552 274877915136 864698826110533632 64 39634092425216 36028805608910852 2306476398816002304 549755826176 288240273904369664 128 61590032351232 54043208413351944 3459749816957927936 824633724928 576476148688224256 192
11 3 80 1 85 1 123283009699840 72057611217829936 4613657172310494208 18015498021142528 3458795304442134528 0 158536369700864 144115222435643408 9225905595264009216 36030996042268672 1152961095617478656 0 246360129404928 216172833653407776 13838999267831711744 54046494063345664 2305904594752897024 0
12 3 81 1 86 1 493132038799360 288230444871319744 7884615532425216 72061992084570113 13835181217768538112 0 634145478803456 576460889742573632 10134233636933632 144123984169074690 4611844382469914624 0 985440517619712 864691334613631104 15764850198192128 216185976253382659 9223618379011588096 0
13 3 41 1 87 1 1972528155197442 1152921779485016832 31538393410224128 288247968338280452 492649945497600 3 2536581915213827 2305843558970032384 40536797108781056 576495936676298760 633456170106880 1 3941762070478849 3458765338455048704 63059194634338304 864743905013530636 985368627249152 2
14 3 42 1 88 1 7890112620789768 4611687117940067328 126153573640896512 1152991873353121808 1970599781990400 12 10146327660855308 9223374235880129536 162147188435124224 2305983746705195040 2533824680427520 4 15767048281915396 13835061353820194816 252236778537353216 3458975620054122544 3941474508996608 8
15 3 43 1 89 1 31560450483159072 4398050717696 504614294563586049 4611967493412487232 7882399127961600 48 40585310643421232 8796101414912 648588753740496898 9223934986820780160 10135298721710080 16 63068193127661584 13194152124416 1008947114149412867 13835902480216490176 15765898035986432 32
16 3 44 1 90 1 126241801932636288 17592203132928 2018457109534867460 1125899940397312 31529596511846401 192 162341242573684928 35184406183936 2594354877523034120 2251799864017408 40541194886840322 64 252272772510646336 52776609284096 4035788250439221260 3377699737305856 63063592143945731 128
17 3 45 1 91 1 504967207730545152 70368813318144 8073828231981039632 58546795290035200 126118386047385604 0 649364970294739712 140737624997888 10377419441372659744 27021597965551616 162164779547361288 0 1009091090042585344 211106437660672 16143152864317931568 49539595968187392 252254368575782924 0
18 3 46 1 92 1 2019868830922180611 281475252486144 13848568922934083648 216172782650658817 504473544189542416 0 2597459881178958849 562950499729408 4616189755510489216 72057594843242498 648659118189445152 0 4036364360170341378 844425750118400 9232379442301501632 144115188344303619 1009017474303131696 0
19 3 47 1 93 1 8079475323688722444 1125901009944576 54043470607679744 864691130602635271 2017894176758169664 0 10389839524715835396 2251801998917632 18014948332405248 288230379372969993 2594636472757780608 0 16145457440681365512 3377703000473600 36029621786903296 576460753377214478 4036069897212526784 0
20 3 48 1 94 1 13871157221045338160 4503604039778305 216173882430718976 3458764522410541084 8071576707032678656 0 4665869951444238352 9007207995670530 72059793329620992 1152921517491879972 10378545891031122432 0 9241597541596807200 13510812001894403 144118487147613184 2305843013508857912 16144279588850107136 0
21 3 49 1 95 1 144396663052697792 18014416159113223 864695529722875904 13835058089642164336 13839562754421163008 1 216735732067401792 36028831982682121 288239173318483968 4611686069967519888 4620695416705386496 2 72902018968125568 54043248007577614 576473948590452736 9223372054035431648 9236886134271773696 3
22 3 50 1 96 1 577586652210791168 72057664636452892 3458782118891503616 137440002496 18018796555997187 7 866942928269607168 144115327930728484 1152956693273935872 206160527936 36037593111994369 9 291608075872502272 216172992030310456 2305895794361810944 68722623360 54056389667991554 14
23 3 51 1 97 1 2310346608843164672 288230658545811568 13835128475566014464 549760009984 72075186223988748 28 3467771713078428672 576461311722913936 4611826773095743488 824642111744 144150372447977476 36 1166432303490009088 864691968121241824 9223583177447243776 274890493440 216225558671966216 56
24 3 52 1 98 1 9241386435372658688 1152922634184032704 281474976972800 2199040039939 288300744895954992 112 13871086852313714688 2305845246891917888 562949953945600 3298568446977 576601489791909904 144 4665729213960036352 3458767872485491584 844424930918400 1099561973762 864902234687864864 224
25 3 53 1 99 1 72057594071531520 4611690536736130818 1125899907891200 18023194669641740 1153202979583819968 192 144115188126203904 9223380987567671555 2251799815782400 36041991292751876 2306405959167639616 64 216172782130593792 13835071489941966337 3377699723673600 54047593776341000 3459608938751459456 128
26 3 54 1 100 1 288230376286126080 18073234971656 4503599631564801 126135974207012912 4612811918335279872 0 576460752504815616 35802851582988 9007199263129602 162182363680489488 9225623836670558464 0 864691128522375168 53738639210500 13510798894694403 252219172124327968 13838435755005837824 0
27 3 55 1 101 1 1152921505144504320 72292939886624 18014398526259204 504543896828051648 4503599631567872 1 2305843010019262464 143211406331952 36028797052518408 648729454721957952 9007199263130624 2 3458764514089500672 214954556842000 54043195578777612 1008876688497311872 13510798894696448 3
28 3 56 1 102 1 4611686020578017280 289171759546496 72057594105036816 2018175587312206592 18014398526271488 4 9223372040077049856 572845625327808 144115188210073632 2594917818887831808 36028797052522496 8 13835058056358002688 859818227368000 216172782315110448 4035506753989247488 54043195578785792 12
29 3 57 1 103 1 8602517505 1156687037923841 288230376420147264 8072702349248826368 72057594105085952 16 12889096194 2291382500786946 576460752840294528 10379671275551327232 144115188210089984 32 4303355907 3439272908685571 864691129260441792 16142027015956989952 216172782315143168 48
30 3 58 1 104 1 34410070023 4626748150908932 1152921505680589056 13844065323285753856 288230376420343809 64 51556384777 9165530002885640 2305843011361178112 4625196954786205696 576460752840359938 128 17213423630 13757091634217996 3458764517041767168 9227875842699304960 864691129260572675 192
31 3 59 1 105 1 137640280092 18506992603635728 4611686160161309696 18014673504878592 1152921505681375239 0 206225539108 36662120011542560 9223372251603142656 36029346925789184 2305843011361439753 0 68853694520 55028366536871984 13835058136886545408 54044020397080576 3458764517042290702 0
32 3 60 1 106 1 550561120368 74027970414542912 566935687168 72058694019514369 4611686022725500956 0 824902156432 146648480046170240 858993467392 144117387703156738 9223372045445759012 0 275414778080 220113466147487936 326417526784 216176081588322307 13835058068169162808 0
33 3 61 1 107 1 2202244481472 296111881658433792 2199023271936 288234776078057476 17192452208 1 3299608625728 586593920185205248 3298534916096 576469550812626952 34363932816 2 1101659112320 880453864590738176 1099511676928 864704326353289228 51547996384 3
34 3 62 1 108 1 8808977925890 1184447526633210880 8796093087744 1152939104312229904 68769808832 4 13198434502915 2346375680740034560 13194139664384 2305878203250507808 137455731264 8 4406636449281 3521815458362690560 4398046707712 3458817305413156912 206191985536 12
35 3 63 1 109 1 35235911703560 4737790106532843520 35184372350976 4611756417248919616 275079235328 16 52793738011660 9385502722960138240 52776558657536 9223512813002031232 549822925056 32 17626545797124 14087261833450762240 17592186830848 13835269221652627648 824767942144 48
36 3 64 1 110 1 140943646814240 504416352421822464 140737489403905 281595286126848 1100316941313 64 211174952046640 648522744421449728 211106234630146 563104589021696 2199291700226 128 70506183188496 1008815112674394112 70368747323395 844665481855744 3299071768579 192
37 3 65 1 111 1 563774587256960 2017665409687289856 562949957615620 19140779653989376 4401267765252 0 844699808186560 2594090977685798912 844424938520584 38281215375050752 8797166800904 0 282024732753984 4035260450697576448 281474989293580 57421857455868928 13196287074316 0
38 3 66 1 112 1 2255098349027841 8070661638748897280 2251799830462480 76563118615957504 17605071061008 0 3378799232746242 10376363910742671360 3377699754082336 153124861500203008 35188667203616 0 1128098931015939 16141041802789519360 1125899957174320 229687429823475712 52785148297264 0
39 3 67 1 113 1 9020393396111364 13835902481286037504 9007268041326657 288238075954348032 70420284244032 0 13515196930984968 4611967495551582208 13510936455282818 576470648981848064 140754668814464 0 4512395724063756 9223934990029422592 4503805987127491 864706523765456896 211140593189056 0
40 3 68 1 114 1 36081573584445456 3377704015495168 36029072165306631 1152952303817392128 281681136976128 0 54060787723939872 1125908496777216 54043745821131273 2305882595927392256 563018675257856 0 18049582896255024 2251812698587136 18015223948509966 3458826095061827584 844562372756224 0
0 3 69 1 115 1 144326294337781824 13510816061980672 144116288661226524 4611809215269568512 1126724547904512 0 216243150895759488 4503633987108864 216174983284525092 9223530383709569024 2252074701031424 0 72198331585020096 9007250794348544 72060895794039864 13835304380247310336 3378249491024896 0
4 1 65 1 83 1 0 0 4294967296 0 0 0 0 0 8589934592 0 0 0 0 0 12884901888 0 0 0
5 1 66 1 84 1 0 0 17179869184 0 0 0 0 0 34359738368 0 0 0 0 0 51539607552 0 0 0
6 1 67 1 85 1 0 262144 0 0 0 0 0 524288 0 0 0 0 0 786432 0 0 0 0
7 1 68 1 86 1 0 1048576 0 0 0 0 0 2097152 0 0 0 0 0 3145728 0 0 0 0
8 1 69 1 87 1 0 4194304 0 0 0 0 0 8388608 0 0 0 0 0 12582912 0 0 0 0
9 1 70 1 88 1 0 16777216 0 0 0 0 0 33554432 0 0 0 0 0 50331648 0 0 0 0
10 1 71 1 89 1 0 67108864 0 0 0 0 0 134217728 0 0 0 0 0 201326592 0 0 0 0
11 1 72 1 90 1 0 268435456 0 0 0 0 0 536870912 0 0 0 0 0 805306368 0 0 0 0
12 1 73 1 91 1 0 1073741824 0 0 0 0 0 2147483648 0 0 0 0 0 3221225472 0 0 0 0
13 1 74 1 92 1 0 4294967296 0 0 0 0 0 8589934592 0 0 0 0 0 12884901888 0 0 0 0
14 1 75 1 93 1 0 17179869184 0 0 0 0 0 34359738368 0 0 0 0 0 51539607552 0 0 0 0
15 1 76 1 94 1 0 68719476736 0 0 0 0 0 137438953472 0 0 0 0 0 206158430208 0 0 0 0
16 1 77 1 95 1 0 274877906944 0 0 0 0 0 549755813888 0 0 0 0 0 824633720832 0 0 0 0
17 1 78 1 96 1 0 1099511627776 0 0 0 0 0 2199023255552 0 0 0 0 0 3298534883328 0 0 0 0
18 1 79 1 97 1 0 4398046511104 0 0 0 0 0 8796093022208 0 0 0 0 0 13194139533312 0 0 0 0
19 1 80 1 98 1 0 17592186044416 0 0 0 0 0 35184372088832 0 0 0 0 0 52776558133248 0 0 0 0
20 1 81 1 99 1 0 70368744177664 0 0 0 0 0 140737488355328 0 0 0 0 0 211106232532992 0 0 0 0
21 1 41 1 100 1 0 281474976710656 0 0 0 0 0 562949953421312 0 0 0 0 0 844424930131968 0 0 0 0
22 1 42 1 101 1 0 1125899906842624 0 0 0 0 0 2251799813685248 0 0 0 0 0 3377699720527872 0 0 0 0
23 1 43 1 102 1 0 4503599627370496 0 0 0 0 0 9007199254740992 0 0 0 0 0 13510798882111488 0 0 0 0
24 1 44 1 103 1 0 18014398509481984 0 0 0 0 0 36028797018963968 0 0 0 0 0 54043195528445952 0 0 0 0
25 1 45 1 104 1 0 72057594037927936 0 0 0 0 0 144115188075855872 0 0 0 0 0 216172782113783808 0 0 0 0
26 1 46 1 105 1 0 288230376151711744 0 0 0 0 0 576460752303423488 0 0 0 0 0 864691128455135232 0 0 0 0
27 1 47 1 106 1 0 1152921504606846976 0 0 0 0 0 2305843009213693952 0 0 0 0 0 3458764513820540928 0 0 0 0
28 1 48 1 107 1 0 4611686018427387904 0 0 0 0 0 9223372036854775808 0 0 0 0 0 13835058055282163712 0 0 0 0
29 1 49 1 108 1 0 0 1 0 0 0 0 0 2 0 0 0 0 0 3 0 0 0
30 1 50 1 109 1 0 0 4 0 0 0 0 0 8 0 0 0 0 0 12 0 0 0
31 1 51 1 110 1 0 0 16 0 0 0 0 0 32 0 0 0 0 0 48 0 0 0
32 1 52 1 111 1 0 0 64 0 0 0 0 0 128 0 0 0 0 0 192 0 0 0
33 1 53 1 112 1 0 0 256 0 0 0 0 0 512 0 0 0 0 0 768 0 0 0
34 1 54 1 113 1 0 0 1024 0 0 0 0 0 2048 0 0 0 0 0 3072 0 0 0
35 1 55 1 114 1 0 0 4096 0 0 0 0 0 8192 0 0 0 0 0 12288 0 0 0
36 1 56 1 115 1 0 0 16384 0 0 0 0 0 32768 0 0 0 0 0 49152 0 0 0
37 1 57 1 116 1 0 0 65536 0 0 0 0 0 131072 0 0 0 0 0 196608 0 0 0
38 1 58 1 117 1 0 0 262144 0 0 0 0 0 524288 0 0 0 0 0 786432 0 0 0
39 1 59 1 118 1 0 0 1048576 0 0 0 0 0 2097152 0 0 0 0 0 3145728 0 0 0
40 1 60 1 119 1 0 0 4194304 0 0 0 0 0 8388608 0 0 0 0 0 12582912 0 0 0
0 1 61 1 120 1 0 0 16777216 0 0 0 0 0 33554432 0 0 0 0 0 50331648 0 0 0
1 1 62 1 121 1 0 0 67108864 0 0 0 0 0 134217728 0 0 0 0 0 201326592 0 0 0
2 1 63 1 122 1 0 0 268435456 0 0 0 0 0 536870912 0 0 0 0 0 805306368 0 0 0
3 1 64 1 82 1 0 0 1073741824 0 0 0 0 0 2147483648 0 0 0 0 0 3221225472 0 0 0
18 1 44 1 88 1 0 0 0 0 0 0 0 0 0 0 0 0 0 0 0 0 0 0
19 1 45 1 89 1 0 0 0 0 0 0 0 0 0 0 0 0 0 0 0 0 0 0
20 1 46 1 90 1 0 0 0 0 0 0 0 0 0 0 0 0 0 0 0 0 0 0
21 1 47 1 91 1 0 0 0 0 0 0 0 0 0 0 0 0 0 0 0 0 0 0
22 1 48 1 92 1 0 0 0 0 0 0 0 0 0 0 0 0 0 0 0 0 0 0
23 1 49 1 93 1 0 0 0 0 0 0 0 0 0 0 0 0 0 0 0 0 0 0
24 1 50 1 94 1 0 0 0 0 0 0 0 0 0 0 0 0 0 0 0 0 0 0
25 1 51 1 95 1 0 0 0 0 0 0 0 0 0 0 0 0 0 0 0 0 0 0
26 1 52 1 96 1 0 0 0 0 0 0 0 0 0 0 0 0 0 0 0 0 0 0
27 1 53 1 97 1 0 0 0 0 0 0 0 0 0 0 0 0 0 0 0 0 0 0
28 1 54 1 98 1 0 0 0 0 0 0 0 0 0 0 0 0 0 0 0 0 0 0
29 1 55 1 99 1 0 0 0 0 0 0 0 0 0 0 0 0 0 0 0 0 0 0
30 1 56 1 100 1 0 0 0 0 0 0 0 0 0 0 0 0 0 0 0 0 0 0
31 1 57 1 101 1 0 0 0 0 0 0 0 0 0 0 0 0 0 0 0 0 0 0
32 1 58 1 102 1 0 0 0 0 0 0 0 0 0 0 0 0 0 0 0 0 0 0
33 1 59 1 103 1 0 0 0 0 0 0 0 0 0 0 0 0 0 0 0 0 0 0
34 1 60 1 104 1 0 0 0 0 0 0 0 0 0 0 0 0 0 0 0 0 0 0
35 1 61 1 105 1 0 0 0 0 0 0 0 0 0 0 0 0 0 0 0 0 0 0
36 1 62 1 106 1 0 0 0 0 0 0 0 0 0 0 0 0 0 0 0 0 0 0
37 1 63 1 107 1 0 0 0 0 0 0 0 0 0 0 0 0 0 0 0 0 0 0
38 1 64 1 108 1 0 0 0 0 0 0 0 0 0 0 0 0 0 0 0 0 0 0
39 1 65 1 109 1 0 0 0 0 0 0 0 0 0 0 0 0 0 0 0 0 0 0
40 1 66 1 110 1 0 0 0 0 0 0 0 0 0 0 0 0 0 0 0 0 0 0
0 1 67 1 111 1 0 0 0 0 0 0 0 0 0 0 0 0 0 0 0 0 0 0
1 1 68 1 112 1 0 0 0 0 0 0 0 0 0 0 0 0 0 0 0 0 0 0
2 1 69 1 113 1 0 0 0 0 0 0 0 0 0 0 0 0 0 0 0 0 0 0
3 1 70 1 114 1 0 0 0 0 0 0 0 0 0 0 0 0 0 0 0 0 0 0
4 1 71 1 115 1 0 0 0 0 0 0 0 0 0 0 0 0 0 0 0 0 0 0
5 1 72 1 116 1 0 0 0 0 0 0 0 0 0 0 0 0 0 0 0 0 0 0
6 1 73 1 117 1 0 0 0 0 0 0 0 0 0 0 0 0 0 0 0 0 0 0
7 1 74 1 118 1 0 0 0 0 0 0 0 0 0 0 0 0 0 0 0 0 0 0
8 1 75 1 119 1 0 0 0 0 0 0 0 0 0 0 0 0 0 0 0 0 0 0
9 1 76 1 120 1 0 0 0 0 0 0 0 0 0 0 0 0 0 0 0 0 0 0
10 1 77 1 121 1 0 0 0 0 0 0 0 0 0 0 0 0 0 0 0 0 0 0
11 1 78 1 122 1 0 0 0 0 0 0 0 0 0 0 0 0 0 0 0 0 0 0
12 1 79 1 82 1 0 0 0 0 0 0 0 0 0 0 0 0 0 0 0 0 0 0
13 1 80 1 83 1 0 0 0 0 0 0 0 0 0 0 0 0 0 0 0 0 0 0
14 1 81 1 84 1 0 0 0 0 0 0 0 0 0 0 0 0 0 0 0 0 0 0
15 1 41 1 85 1 0 0 0 0 0 0 0 0 0 0 0 0 0 0 0 0 0 0
16 1 42 1 86 1 0 0 0 0 0 0 0 0 0 0 0 0 0 0 0 0 0 0
17 1 43 1 87 1 0 0 0 0 0 0 0 0 0 0 0 0 0 0 0 0 0 0
7 1 53 3 98 1 0 0 0 0 0 0 0 0 0 0 0 0 0 0 0 0 0 0
8 1 54 3 99 1 0 0 0 0 0 0 0 0 0 0 0 0 0 0 0 0 0 0
9 1 55 3 100 1 0 0 0 0 0 0 0 0 0 0 0 0 0 0 0 0 0 0
10 1 56 3 101 1 0 0 0 0 0 0 0 0 0 0 0 0 0 0 0 0 0 0
11 1 57 3 102 1 0 0 0 0 0 0 0 0 0 0 0 0 0 0 0 0 0 0
12 1 58 3 103 1 0 0 0 0 0 0 0 0 0 0 0 0 0 0 0 0 0 0
13 1 59 3 104 1 0 0 0 0 0 0 0 0 0 0 0 0 0 0 0 0 0 0
14 1 60 3 105 1 0 0 0 0 0 0 0 0 0 0 0 0 0 0 0 0 0 0
15 1 61 3 106 1 0 0 0 0 0 0 0 0 0 0 0 0 0 0 0 0 0 0
16 1 62 3 107 1 0 0 0 0 0 0 0 0 0 0 0 0 0 0 0 0 0 0
17 1 63 3 108 1 0 0 0 0 0 0 0 0 0 0 0 0 0 0 0 0 0 0
18 1 64 3 109 1 0 0 0 0 0 0 0 0 0 0 0 0 0 0 0 0 0 0
19 1 65 3 110 1 0 0 0 0 0 0 0 0 0 0 0 0 0 0 0 0 0 0
20 1 66 3 111 1 0 0 0 0 0 0 0 0 0 0 0 0 0 0 0 0 0 0
21 1 67 3 112 1 0 0 0 0 0 0 0 0 0 0 0 0 0 0 0 0 0 0
22 1 68 3 113 1 0 0 0 0 0 0 0 0 0 0 0 0 0 0 0 0 0 0
23 1 69 3 114 1 0 0 0 0 0 0 0 0 0 0 0 0 0 0 0 0 0 0
24 1 70 3 115 1 0 0 0 0 0 0 0 0 0 0 0 0 0 0 0 0 0 0
25 1 71 3 116 1 0 0 0 0 0 0 0 0 0 0 0 0 0 0 0 0 0 0
26 1 72 3 117 1 0 0 0 0 0 0 0 0 0 0 0 0 0 0 0 0 0 0
27 1 73 3 118 1 0 0 0 0 0 0 0 0 0 0 0 0 0 0 0 0 0 0
28 1 74 3 119 1 0 0 0 0 0 0 0 0 0 0 0 0 0 0 0 0 0 0
29 1 75 3 120 1 0 0 0 0 0 0 0 0 0 0 0 0 0 0 0 0 0 0
30 1 76 3 121 1 0 0 0 0 0 0 0 0 0 0 0 0 0 0 0 0 0 0
31 1 77 3 122 1 0 0 0 0 0 0 0 0 0 0 0 0 0 0 0 0 0 0
32 1 78 3 82 1 0 0 0 0 0 0 0 0 0 0 0 0 0 0 0 0 0 0
33 1 79 3 83 1 0 0 0 0 0 0 0 0 0 0 0 0 0 0 0 0 0 0
34 1 80 3 84 1 0 0 0 0 0 0 0 0 0 0 0 0 0 0 0 0 0 0
35 1 81 3 85 1 0 0 0 0 0 0 0 0 0 0 0 0 0 0 0 0 0 0
36 1 41 3 86 1 0 0 0 0 0 0 0 0 0 0 0 0 0 0 0 0 0 0
37 1 42 3 87 1 0 0 0 0 0 0 0 0 0 0 0 0 0 0 0 0 0 0
38 1 43 3 88 1 0 0 0 0 0 0 0 0 0 0 0 0 0 0 0 0 0 0
39 1 44 3 89 1 0 0 0 0 0 0 0 0 0 0 0 0 0 0 0 0 0 0
40 1 45 3 90 1 0 0 0 0 0 0 0 0 0 0 0 0 0 0 0 0 0 0
0 1 46 3 91 1 0 0 0 0 0 0 0 0 0 0 0 0 0 0 0 0 0 0
1 1 47 3 92 1 0 0 0 0 0 0 0 0 0 0 0 0 0 0 0 0 0 0
2 1 48 3 93 1 0 0 0 0 0 0 0 0 0 0 0 0 0 0 0 0 0 0
3 1 49 3 94 1 0 0 0 0 0 0 0 0 0 0 0 0 0 0 0 0 0 0
4 1 50 3 95 1 0 0 0 0 0 0 0 0 0 0 0 0 0 0 0 0 0 0
5 1 51 3 96 1 0 0 0 0 0 0 0 0 0 0 0 0 0 0 0 0 0 0
6 1 52 3 97 1 0 0 0 0 0 0 0 0 0 0 0 0 0 0 0 0 0 0
12 1 60 1 85 2 71125195292736 1125934266581056 9224498237476442112 108086391325523969 4611703610615529488 0 141631646859392 2251851353292928 13837310452230529024 198158384141238274 9223407221230010400 0 211518817829056 3377716900397248 4615064598817550336 234187181428703235 13835110831841345584 0
13 1 61 1 86 2 284500781170944 4503737066586368 4504733767188480 432345565302095878 70368752566336 1 566526587437568 9007405413696000 9009450354507776 792633536564953099 140737500938368 2 846075271316224 13510867602375424 13514115402219520 936748725714812941 211106236727488 3
14 1 62 1 87 2 1138003124683776 18014948266869760 18018797629800448 1729382261208383512 281475010265344 4 2266106349750272 36029621655570432 36037595259600896 3170534146259812396 562950003753472 8 3384301085264896 54043470409763840 54056392889401344 3746994902859251764 844424946909952 12
15 1 63 1 88 2 4552012498735104 72059793067479040 72075190519201792 6917529044833534048 1125900041061376 16 9064425399001088 144118486622281728 144150381038403584 12682136585039249584 2251800015013888 32 13537204341059584 216173881639055360 216225571557605376 14987979611437007056 3377699787639808 48
16 1 64 1 89 2 18208049994940416 288239172269916160 288300762076807168 9223372105624584576 4503600164245505 64 36257701596004352 576473946489126912 576601524153614336 13835058192737895104 9007200060055554 128 54148817364238336 864695526556221440 864902286230421504 4611686224619373376 13510799150559235 192
17 1 65 1 90 2 72832199979761664 1152956689079926784 1153202979587751936 18014673588717056 18014400656982022 0 145030806384017408 2305895785957031936 2306405959175503872 36029346841889536 36028800240222219 0 216595269456953344 3458782106225672192 3459608938763255808 54044020296387840 54043196602236941 0
18 1 66 1 91 2 291328799919046657 4611826756319444992 4612811918351007744 72058694354868224 72057602627928088 0 580123225536069634 9223583143827603456 9225623836702015488 144117387367558144 144115200960888876 0 866381077827813379 13835128424901902336 13838435755053023232 216176081185551360 216172786408947764 0
19 1 67 1 92 2 1165315199676186628 562951568228352 4503599694479361 288234777419472897 288230410511712352 0 2320492902144278536 844427891310592 9007199388958722 576469549470232578 576460803843555504 0 3465524311311253516 281478478954496 13510799083438083 864704324742205443 864691145635791056 0
20 1 68 1 93 2 4661260798704746512 2251806272913408 18014398777917444 1152939109677891588 1152921642046849408 0 9281971608577114144 3377711565242368 36028797555834888 2305878197880930312 2305843215374222016 0 13862097245245014064 1125913915817984 54043196333752332 3458817298968821772 3458764582543164224 0
21 1 69 1 94 2 198299121109434432 9007225091653633 72057595111669776 4611756438711566352 4611686568187397632 0 234398286889353344 13510846260969474 144115190223339552 9223512791523721248 9223372861496888064 0 108156759851401408 4503655663271939 216172785335009328 13835269195875287088 13835058330172656896 0
22 1 70 1 95 2 793196484437737728 36028900366614532 288230380446679104 281681136713792 2199040038913 1 937593147557413376 54043385043877896 576460760893358208 563018675781760 3298568449026 2 432627039405605632 18014622653087756 864691141340037312 844562372493504 1099561972739 3
23 1 71 1 96 2 3172785937750950912 144115601466458128 1152921521786716416 1126724546855168 8796160155652 4 3750372590229653504 216173540175511584 2305843043573432832 2252074703127040 13194273796104 8 1730508157622422528 72058490612351024 3458764565360149248 3378249489974016 4398247890956 12
24 1 72 1 97 2 12691143751003803648 576462405866094656 4611686018427388928 4506898187420672 35184640622608 16 15001490360918614016 864694160702570624 9223372036854777856 9008298812508160 52777095184416 32 6922032630489690112 288233962450190528 13835058055282166784 13512997959896064 17592991563824 48
25 1 73 1 98 2 13871086856596111360 2305849623464378626 68719480832 13194240200705 140738562490432 64 4665729222545801216 3458776642810282499 137438961664 4398231068674 211108380737664 128 9241386448249208832 1152935849800762113 206158442496 8796311138307 70371966255296 192
26 1 74 1 99 2 144115205255790592 9223398493857514507 274877923328 18067175470284804 562954249961728 0 216172816473653248 13835106571241129997 549755846656 36046389943238664 844433522950656 0 72057645577732096 4611743399203048454 824633769984 54078380772999180 281487865021184 0
27 1 75 1 100 2 576460821023162368 105828010954796 1099511693314 72268701881139216 2251816999846912 0 864691265894612992 194063835865140 2199023386627 144185559772954656 3377734091802624 0 288230582310928384 229523102642200 3298535079937 216313523091996720 1125951460084736 0
28 1 76 1 101 2 2305843284092649472 423312043819184 4398046773256 289074807524556864 9007267999387648 0 3458765063578451968 776255343460560 8796093546508 576742239091818624 13510936367210496 0 1152922329243713536 918092410568800 13194140319748 865254092367986880 4503805840338944 0
29 1 77 1 102 2 9223373136370597888 1693248175276736 17592187093024 1156299230098227456 36029071997550592 0 13835060254313807872 3105021373842240 35184374186032 2306968956367274496 54043745468841984 0 4611689316974854144 3672369642275200 52776561278992 3461016369471947520 18015223361355776 0
30 1 78 1 103 2 4398063288321 6772992700844802 70368748372096 4625196920392909824 144116287990202368 0 8796126576642 12420085494844675 140737496744128 9227875825469097984 216174981875367936 0 13194189864963 14689478568314369 211106245115968 13844065477887790080 72060893445423104 0
31 1 79 1 104 2 17592253153284 27091970803379208 281681151918592 412333641728 576465151960809473 0 35184506306568 49680341979378700 563018706453248 755947806720 864699927501471746 0 52776759459852 58757914273257476 844562419417344 893403541504 288243573781692419 0
32 1 80 1 105 2 70369012613136 108367883213516832 1126724607674368 1649334566912 2305860607843237892 0 140738025226272 198721367917514800 2252074825812992 3023791226880 3458799710005886984 0 211107037839408 235031657093029904 3378249677669376 3573614166016 1152974295126769676 0
33 1 81 1 106 2 281476050452544 433471532854067328 4506898430697472 6597338267648 9223442431372951568 0 562952100905088 794885471670059200 9008299303251968 12095164907520 13835198840023547936 0 844428151357632 940126628372119616 13512998710677504 14294456664064 4611897180507078704 0
34 1 41 1 107 2 1125904201810178 1733886131415745024 18027593722789888 26389353070592 281578072703040 2 2251808403620355 3179541886679450368 36033197213007872 48380659630080 563138965536896 3 3377712605430529 3760506513488216320 54051994842710016 57177826656256 844648318763200 1
35 1 42 1 108 2 4503616807240715 6935544525662193664 72110374891159552 105557412282368 1126312290812160 8 9007233614481421 12718167546717539328 144132788852031488 193522638520320 2252555862147584 12 13510850421722118 15042026053952340992 216207979370840064 228711306625024 3378593275052800 4
36 1 43 1 109 2 18014467228962860 9295434028939223040 288441499564638209 422229649129472 4505249163248640 32 36028934457925684 13979182039451054080 576531155408125954 774090554081280 9010223448590336 48 54043401686888472 4827871994680709120 864831917483360259 914845226500096 13514373100211200 16
37 1 44 1 110 2 72057868915851440 288247968338051072 1153765929539076102 1688918596517888 18020996652994560 128 144115737831702736 576495936676085760 2306124484193550347 3096362216325120 36040893794361344 192 216173606747553888 864743905014071296 3459327463775010829 3659380906000384 54057492400844800 64
38 1 45 1 111 2 288231475663405760 1152991873352204288 4615063718156304408 42784471405035520 72083986611978240 0 576462951326810944 2305983746704343040 9224497936774201388 66428644393746432 144163575177445376 0 864694426990215552 3458975620056285184 13837309855100043316 32651922133483520 216229969603379200 0
39 1 46 1 112 2 1152925902653623042 4611967493408292864 13510867635142752 153123487110660097 288335946447912960 0 2305851805307243779 9223934986816585728 4503737116655792 229685780556021762 576654300709781504 0 3458777707960862209 13835902480224878592 9007405429948624 76564493005488131 864919878413516800 0
40 1 47 1 113 2 4611703610614492168 1125899923619840 54043607979524481 576465151423676420 1153343785791651840 0 9223407221228975116 2251799847239680 18015154625053378 864699926695641096 2306617202839126016 0 13835110831843448836 3377699770859520 36029690439271235 288243573512470540 3459679513654067200 0
0 1 48 1 114 2 70368748417056 4503599694479361 216174431918097924 2305860605694705680 4613375143166607360 0 140737496797232 9007199388958722 72060618500213512 3458799706782564384 9226468811356504064 0 211106245140496 13510799083438083 144118761757084940 1152974294049882160 13838718054616268800 0
1 1 49 1 115 2 281474993668224 18014398777917444 864697727672391696 9223442422778822720 6756498956877824 1 562949987188928 36028797555834888 288242474000854048 13835198827130257536 12387098006913024 2 844424980561984 54043196333752332 576475047028339760 4611897176199528640 14639997336420352 3
2 1 50 1 116 2 1125899974672896 72057595111669776 3458790910689566784 281543696187648 27025995827511298 4 2251799948755712 144115190223339552 1152969896003416192 563087392375296 49548392027652099 8 3377699922247936 216172785335009328 2305900188113359040 844631088562944 58559989345681409 12
3 1 51 1 117 2 4503599898691584 288230380446679104 13835163642758267136 1126174784750592 108103983310045192 16 9007199795022848 576460760893358208 4611879584013664768 2252349569501184 198193568110608396 32 13510799688991744 864691141340037312 9223600752453436160 3378524354251776 234239957382725636 48
4 1 52 1 118 2 18014399594766336 1152921521787240704 422212465460224 4504699139002371 432415933240180768 64 36028799180091392 2305843043574219264 774056186677248 9009398278004737 792774272442433584 128 54043198755966976 3458764565360411392 914793675164672 13514097417007106 936959829530902544 192
5 1 53 1 119 2 72057598379065344 4611686087148962816 1688918581317632 18018796556009484 1729663732960723072 0 144115196720365568 9223372174296877056 3096362185662464 36037593112018948 3171097089769734336 0 216172795023867904 13835058261441645568 3659380859088896 54056389668028424 3747839318123610176 0
6 1 54 1 120 2 288230393516261376 274886299648 6755674325270529 72075186224037936 6918654931842892288 0 576460786881462272 549768404992 12385448742649858 144150372448075792 12684388359078937344 0 864691180095471616 824637927424 14637523436355587 216225558672113696 14991357272494440704 0
7 1 55 1 121 2 1152921574065045504 1099545198592 27022697301082116 288300744896151744 9227875653662017536 1 2305843147525849088 2199073619968 49541794970599432 576601489792303168 13844065288896646144 2 3458764720381886464 3298551709696 58550093745422348 864902234688454784 4625196868849107968 3
8 1 56 1 122 2 4611686296260182016 4398180794368 108090789204328464 1153202979584606976 18014467228966912 6 9223372590103396352 8796294479872 198167179882397728 2306405959169212672 36028934457929728 11 13835058881527545856 13194206838784 234200374981689392 3459608938753819136 54043401686880256 13
9 1 57 1 82 2 1111331176449 17592722915329 432363156817313856 4612811918338427904 72057868915867648 24 2212994482178 35185177395202 792668719529590912 9225623836676850688 144115737831718912 44 3304981528579 52776826568707 936801499926757568 13838435755015276544 216173606747521024 52
10 1 58 1 83 2 4445324705796 70370891661316 1729452627269255424 4503599644160000 288231475663470593 96 8851977928712 140740709580808 3170674878118363648 9007199288299520 576462951326875650 176 13219926114316 211107306274828 3747205999707030272 13510798932451328 864694426990084099 208
11 1 59 1 84 2 17781298823184 281483566645264 6917810577796498432 18014398576640000 1152925902653882372 128 35407911714848 562962838323232 12682699649912408064 36028797153198080 2305851805307502600 192 52879704457264 844429225099312 14988824204986551296 54043195729805312 3458777707960336396 64
36 1 63 1 105 1 3386495813551107 2323857407724225792 54043198749753344 1152956693277835280 844562369085696 5 1139094046377985 3494793310841604608 18014399583387648 2305895794363072544 281681135141376 10 2256197860199426 1206964700138442496 36028799166693376 3458782118894108720 563018672898816 15
37 1 64 1 106 1 13545983254204428 9295429630896903168 216172794999013376 4611826773111341120 3378249476342784 20 4556376185511940 13979173243366418432 72057598333550592 9223583177452290176 1126724540565504 40 9024791440797704 4827858800553769984 144115196666773504 13835128475576434880 2252074691595264 60
38 1 65 1 107 1 54183933016817712 288230376168509440 864691179996053506 563018735812864 13512997905371137 80 18225504742047760 576460752337018880 288230393334202371 844562390057472 4506898162262018 160 36099165763190816 864691128505528320 576460786667094017 281681177084672 9008298766381059 240
39 1 66 1 108 1 216735732067270848 1152921504674824192 3458764513825783816 20266473452733440 54051991621484548 64 72902018968191040 2305843009348337664 1152921504617332748 39407046579193856 18027592649048072 128 144396663052763264 3458764514022637568 2305843009229422596 55169920236784640 36033195065524236 192
40 1 67 1 109 1 866942928269083393 4611686018699034624 13835058055303135264 99080292320415744 216207966485938192 0 291608075872764162 9223372037392826368 4611686018469330992 193656983335739392 72110370596192288 0 577586652211053059 13835058056089763840 9223372036917690384 274722876475584512 144132780262096944 0
0 1 68 1 110 1 3467771713076333573 1086324736 137522839681 360292372262699011 864831865943752768 0 1166432303491056650 2151677952 206326202562 720584737814511617 288441482384769152 0 2310346608844212239 3229614080 68971135043 1080877107392856066 576531121048387776 0
1 1 69 1 111 1 13871086852305334292 4345298944 550091358724 1441169489050796044 3459327463775011072 0 4665729213964226600 8606711808 825304810248 2882338951258046468 1153765929539076608 0 9241386435376848956 12918456320 275884540172 4323508429571424264 2306124484193551104 0
2 1 70 1 112 1 144115188092682320 17381195779 2200365434896 5764677956203184176 13837309855100044288 0 216172782147354784 34426847233 3301219240992 11529355805032185872 4615063718156306432 0 72057594088292592 51673825282 1103538160688 17294033718285697056 9224497936774204416 0
3 1 71 1 113 1 576460752370729280 69524783116 8801461739584 4611967751103185088 9007199271522305 3 864691128589419136 137707388932 13204876963968 9223935072709640256 13510798915674114 1 288230376353170368 206695301128 4414152642752 13835902652014133376 4503599677714435 2
4 1 72 1 114 1 2305843009482917120 278099132464 35205846958336 1126930703188736 36028797086089221 12 3458764514357676544 550829555728 52819507855872 2252143419457792 54043195662696458 4 1152921505412681472 826781204512 17656610571008 3378386927878656 18014398710857743 8
5 1 73 1 115 1 9223372037931668480 1112396792000 140754668356608 4507722812754944 144115188344356884 48 13835058057430706176 2203318747200 211140592470016 9008573677831168 216172782650785832 16 4611686021650725888 3307125604480 70420283853824 13513547711514624 72057594843430972 32
6 1 74 1 116 1 4307570688 4449587430146 563018673426432 16492741537792 576460753377427536 192 8594169856 8813275513091 844562369880064 5497692360704 864691130603143328 64 12893351936 13228503204353 281681135415296 10995317612544 288230379373723888 128
7 1 75 1 117 1 17230282752 17798349720584 2252074693705728 54109166494597120 2305843013509710144 0 34376679424 35253102052364 3378249479520256 18036389278924800 3458764522412573312 0 51573407744 52914012817412 1126724541661184 36072778289414144 1152921517494895552 0
8 1 76 1 118 1 68921131008 71193398882336 9008298774822912 216436665978388480 9223372054038840576 0 137506717696 141012408209456 13512997918081024 72145557115699200 13835058089650293248 0 206293630976 211656051269648 4506898166644736 144291113157656576 4611686069979582208 0
9 1 77 1 119 1 275684524032 284773595529344 36033195099291648 865746663913553920 68736259072 2 550026870784 564049632837824 54051991672324096 288582228462796800 137472518144 3 825174523904 846624205078592 18027592666578944 577164452630626304 206208777216 1
10 1 78 1 120 1 1102738096128 1139094382117376 144132780397166592 3462986655654215680 274945036288 8 2200107483136 2256198531351296 216207966689296384 1154328913851187200 549890072576 12 3300698095616 3386496820314368 72110370666315776 2308657810522505216 824835108864 4
11 1 79 1 121 1 4410952384515 4556377527683072 576531121588666368 13851946622616862720 1099780145152 32 8800429932545 9024794125143040 864831866757185536 4617315655404748800 2199560290304 48 13202792382466 13545987280733184 288441482665263104 9234631242090020864 3299340435456 16
12 1 80 1 122 1 17643809538060 18225510110732288 2306124692513095680 13511073810350080 4399120580611 128 35201719730180 36099176500572160 3459327535748218880 4504149399961600 8798241161217 192 52811169529864 54183949122932736 1153766068100005888 9008023922016256 13197361741826 64
13 1 81 1 82 1 70575238152240 72902040442929152 9224498976210812928 36029896731918336 17596482322444 0 140806878920720 144396706002288640 13837310211712352256 54045394618810368 35192964644868 0 211244678119456 216735796491730944 4615064409838977024 18017697178583040 52789446967304 0
14 1 41 1 83 1 282300952608960 291608161771716608 4507757424148480 144119586927673346 70385929289776 0 563227515682880 577586824009154560 9008625720754176 216181578475241475 140771858579472 0 844978712477824 866943185966923776 13513565646356480 72070788714332161 211157787869216 0
15 1 42 1 84 1 1129203810435842 1166432647086866432 18030892257640448 576478347710693384 281543717159104 0 2252910062731523 2310347296036618240 36034296724586496 864726313900965900 563087434317888 0 3379914849911297 3467772743867695104 54054193865949184 288283154857328644 844631151476864 0
16 1 43 1 85 1 4516815241743368 4665730588347465728 72123569030561792 2305913390842773536 1126174868636416 0 9011640250926092 9241389184146472960 144137186898345984 3458905255603863600 2252349737271552 0 13519659399645188 13871090975470780416 216216775463796736 1153132619429314576 3378524605907456 0
17 1 44 1 86 1 18067260966973472 216178279680311296 288494276122247169 9223653563371094144 4504699474545664 0 36046561003704368 72068589166788608 576548747593383938 13835621022415454400 9009398949086208 0 54078637598580752 144131680754466816 864867101855186947 4612530477717258304 13514098423629824 0
18 1 45 1 87 1 72269043867893888 864713118721507328 1153977035769511940 1126106065273344 18018797898182658 0 144186244014817472 288274356667678720 2306194852934582280 2251868533162752 36037595796344835 0 216314550394323008 576526723018653696 3459468201262317580 3377837159481600 54056393694519297 0
19 1 46 1 88 1 289076175471575552 3458852474886029312 4615908143078047760 4504424261093376 72075191592730632 0 576744976059269888 1153097426670714880 9224779411738329120 9007474132651008 144150383185379340 0 865258201577292032 2306106892074614784 13837872805049270320 13511348637926400 216225574778077188 0
20 1 47 1 89 1 1156304701886302208 13835409899544117248 16888567322116160 3298534891521 288300766370922528 0 2306979904237079552 4612389706682859520 5629636973166720 1099511640066 576601532741517360 0 3461032806309168128 9224427568298459136 11259205226856640 2199023259651 864902299112308752 0
21 1 48 1 90 1 4625218807545208832 1407377047814144 67554269288464643 13194139566084 1153203065483690112 0 9227919616948318208 2814753021886464 22518547892666881 4398046560264 2306406130966069440 0 13844131225236672512 4222125774733312 45036820907426562 8796093038604 3459609196449235008 0
22 1 49 1 91 1 54131156471283712 5629508191256577 270217077153858572 52776558264336 4612812261934760448 0 18190320374169600 11259012087545858 90074191570667524 17592186241056 9225624523864277760 0 36292679818035200 16888503098933251 180147283629706248 35184372154416 13838436785796940032 0
23 1 50 1 92 1 216524625885134848 22518032765026308 1080868308615434288 211106233057344 4504974029490176 1 72761281496678400 45036048350183432 360296766282670096 70368744964224 9009948038007808 2 145170719272140800 67554012395733004 720589134518824992 140737488617664 13514922059105280 3
24 1 51 1 93 1 866098503540539392 90072131060105232 4323473234461737152 844424932229376 18019896117960704 4 291045125986713600 180144193400733728 1441187065130680384 281474979856896 36039792152031232 8 580682877088563200 270216049582932016 2882356538075299968 562949954470656 54059688236421120 12
25 1 52 1 94 1 3464394014162157568 360288524240420928 17293892937846948608 3377699728917504 72079584471842816 16 1164180503946854400 720576773602934912 5764748260522721536 1125899919427584 144159168608124928 32 2322731508354252800 1080864198331728064 11529426152301199872 2251799817882624 216238752945684480 48
26 1 53 1 95 1 13857576056648630272 1441154096961683712 13835339530259139584 13510798915670019 288318337887371264 64 4656722015787417600 2882307094411739648 4612248968381334528 4503599677710337 576636674432499712 128 9290926033417011200 4323456793326912256 9224216461785696256 9007199271530498 864955011782737920 192
27 1 54 1 96 1 90072005465866240 5764616387846734851 1126106066333696 18014398643716111 1153273351549485056 0 180143989440118784 11529228377646958593 2251868535263232 36028797220323333 2306546697729998848 0 270215986248941568 17293827173307649026 3377837162635264 54043195595603978 3459820047130951680 0
28 1 55 1 97 1 360288021863464960 4611721477677387788 4504424265334785 72057594574864444 4613093406197940224 0 720575957760475136 9223425363168731140 9007474141052930 144115188881293332 9226186790919995392 0 1080863944995766272 13835076472101941256 13511348650541059 216172782382415912 13839280188523806720 0
29 1 56 1 98 1 1441152087453859840 141836999999536 18017697061339141 288230378299457776 5629551082209280 1 2882303831041900544 213305255821328 36029896564211722 576460755525173328 11259016260878336 2 4323455779983065088 73667279110176 54045394602164239 864691129529663648 16888532966572032 3
30 1 57 1 99 1 5764608349815439360 567347999998144 72070788245356564 1152921513197831104 22518204328837120 4 11529215324167602176 853221023285312 144119586256846888 2305843022100693312 45036065043513344 8 17293823119932260352 294669116440704 216181578408656956 3458764518118654592 67554131866288128 12
31 1 58 1 100 1 4611689325552205825 2269391999730433 288283152981426256 4611686052791324416 90072817315348480 16 9223373149251305474 3412884092616962 576478345027387552 9223372088402773248 180144260174053376 32 13835060258600386563 1178676464976387 864726313634627824 13835058072474618368 270216527465152512 48
32 1 59 1 101 1 13228499271684 9077567998921733 1153132611925705024 137455746048 360291269261393921 64 4449586118664 13651536370467850 2305913380109550208 206191989760 720577040696213506 128 8813272891404 4714705859905551 3458905254538511296 68769818624 1080866109860610051 192
33 1 60 1 102 1 52913997086736 36310271995686932 4612530447702820096 18014948332466176 1441165077045575684 0 17798344474656 54606145481871400 9223653520438200832 36029621786923008 2882308162784854024 0 35253091565616 18858823439622204 13835621018154045184 54043470607720448 4323464439442440204 0
34 1 61 1 103 1 211655988346944 145241087982747728 3377717101728768 72059793329864705 5764660308182302736 0 71193377898624 218424581927485600 1125934333700096 144118487147692034 11529232651139416096 0 141012366262464 75435293758488816 2251851487525888 216173882430881795 17293857757769760816 0
35 1 62 1 104 1 846623953387776 580964351931253056 13510799687438336 288239173319458820 4611897159019659328 1 284773511594496 873698327710466688 4503599895846912 576473948590768136 9223442457138561152 2 564049465049856 301741175034741696 9007199791673344 864695529723527180 13835198809950388416 3
40 2 46 1 111 1 0 0 0 0 0 0 0 0 0 0 0 0 0 0 0 0 0 0
0 2 47 1 112 1 0 0 0 0 0 0 0 0 0 0 0 0 0 0 0 0 0 0
1 2 48 1 113 1 0 0 0 0 0 0 0 0 0 0 0 0 0 0 0 0 0 0
2 2 49 1 114 1 0 0 0 0 0 0 0 0 0 0 0 0 0 0 0 0 0 0
3 2 50 1 115 1 0 0 0 0 0 0 0 0 0 0 0 0 0 0 0 0 0 0
4 2 51 1 116 1 0 0 0 0 0 0 0 0 0 0 0 0 0 0 0 0 0 0
5 2 52 1 117 1 0 0 0 0 0 0 0 0 0 0 0 0 0 0 0 0 0 0
6 2 53 1 118 1 0 0 0 0 0 0 0 0 0 0 0 0 0 0 0 0 0 0
7 2 54 1 119 1 0 0 0 0 0 0 0 0 0 0 0 0 0 0 0 0 0 0
8 2 55 1 120 1 0 0 0 0 0 0 0 0 0 0 0 0 0 0 0 0 0 0
9 2 56 1 121 1 0 0 0 0 0 0 0 0 0 0 0 0 0 0 0 0 0 0
10 2 57 1 122 1 0 0 0 0 0 0 0 0 0 0 0 0 0 0 0 0 0 0
11 2 58 1 82 1 0 0 0 0 0 0 0 0 0 0 0 0 0 0 0 0 0 0
12 2 59 1 83 1 0 0 0 0 0 0 0 0 0 0 0 0 0 0 0 0 0 0
13 2 60 1 84 1 0 0 0 0 0 0 0 0 0 0 0 0 0 0 0 0 0 0
14 2 61 1 85 1 0 0 0 0 0 0 0 0 0 0 0 0 0 0 0 0 0 0
15 2 62 1 86 1 0 0 0 0 0 0 0 0 0 0 0 0 0 0 0 0 0 0
16 2 63 1 87 1 0 0 0 0 0 0 0 0 0 0 0 0 0 0 0 0 0 0
17 2 64 1 88 1 0 0 0 0 0 0 0 0 0 0 0 0 0 0 0 0 0 0
18 2 65 1 89 1 0 0 0 0 0 0 0 0 0 0 0 0 0 0 0 0 0 0
19 2 66 1 90 1 0 0 0 0 0 0 0 0 0 0 0 0 0 0 0 0 0 0
20 2 67 1 91 1 0 0 0 0 0 0 0 0 0 0 0 0 0 0 0 0 0 0
21 2 68 1 92 1 0 0 0 0 0 0 0 0 0 0 0 0 0 0 0 0 0 0
22 2 69 1 93 1 0 0 0 0 0 0 0 0 0 0 0 0 0 0 0 0 0 0
23 2 70 1 94 1 0 0 0 0 0 0 0 0 0 0 0 0 0 0 0 0 0 0
24 2 71 1 95 1 0 0 0 0 0 0 0 0 0 0 0 0 0 0 0 0 0 0
25 2 72 1 96 1 0 0 0 0 0 0 0 0 0 0 0 0 0 0 0 0 0 0
26 2 73 1 97 1 0 0 0 0 0 0 0 0 0 0 0 0 0 0 0 0 0 0
27 2 74 1 98 1 0 0 0 0 0 0 0 0 0 0 0 0 0 0 0 0 0 0
28 2 75 1 99 1 0 0 0 0 0 0 0 0 0 0 0 0 0 0 0 0 0 0
29 2 76 1 100 1 0 0 0 0 0 0 0 0 0 0 0 0 0 0 0 0 0 0
30 2 77 1 101 1 0 0 0 0 0 0 0 0 0 0 0 0 0 0 0 0 0 0
31 2 78 1 102 1 0 0 0 0 0 0 0 0 0 0 0 0 0 0 0 0 0 0
32 2 79 1 103 1 0 0 0 0 0 0 0 0 0 0 0 0 0 0 0 0 0 0
33 2 80 1 104 1 0 0 0 0 0 0 0 0 0 0 0 0 0 0 0 0 0 0
34 2 81 1 105 1 0 0 0 0 0 0 0 0 0 0 0 0 0 0 0 0 0 0
35 2 41 1 106 1 0 0 0 0 0 0 0 0 0 0 0 0 0 0 0 0 0 0
36 2 42 1 107 1 0 0 0 0 0 0 0 0 0 0 0 0 0 0 0 0 0 0
37 2 43 1 108 1 0 0 0 0 0 0 0 0 0 0 0 0 0 0 0 0 0 0
38 2 44 1 109 1 0 0 0 0 0 0 0 0 0 0 0 0 0 0 0 0 0 0
39 2 45 1 110 1 0 0 0 0 0 0 0 0 0 0 0 0 0 0 0 0 0 0
30 1 72 2 112 1 0 0 0 1125899906842624 0 0 0 0 0 2251799813685248 0 0 0 0 0 3377699720527872 0 0
31 1 73 2 113 1 0 0 0 4503599627370496 0 0 0 0 0 9007199254740992 0 0 0 0 0 13510798882111488 0 0
32 1 74 2 114 1 0 0 68719476736 0 0 0 0 0 137438953472 0 0 0 0 0 206158430208 0 0 0
33 1 75 2 115 1 0 0 274877906944 0 0 0 0 0 549755813888 0 0 0 0 0 824633720832 0 0 0
34 1 76 2 116 1 0 0 1099511627776 0 0 0 0 0 2199023255552 0 0 0 0 0 3298534883328 0 0 0
35 1 77 2 117 1 0 0 4398046511104 0 0 0 0 0 8796093022208 0 0 0 0 0 13194139533312 0 0 0
36 1 78 2 118 1 0 0 17592186044416 0 0 0 0 0 35184372088832 0 0 0 0 0 52776558133248 0 0 0
37 1 79 2 119 1 0 0 70368744177664 0 0 0 0 0 140737488355328 0 0 0 0 0 211106232532992 0 0 0
38 1 80 2 120 1 0 0 281474976710656 0 0 0 0 0 562949953421312 0 0 0 0 0 844424930131968 0 0 0
39 1 81 2 121 1 0 0 1125899906842624 0 0 0 0 0 2251799813685248 0 0 0 0 0 3377699720527872 0 0 0
40 1 41 2 122 1 0 0 4503599627370496 0 0 0 0 0 9007199254740992 0 0 0 0 0 13510798882111488 0 0 0
0 1 42 2 82 1 0 0 18014398509481984 0 0 0 0 0 36028797018963968 0 0 0 0 0 54043195528445952 0 0 0
1 1 43 2 83 1 0 0 72057594037927936 0 0 0 0 0 144115188075855872 0 0 0 0 0 216172782113783808 0 0 0
2 1 44 2 84 1 0 0 288230376151711744 0 0 0 0 0 576460752303423488 0 0 0 0 0 864691128455135232 0 0 0
3 1 45 2 85 1 0 0 1152921504606846976 0 0 0 0 0 2305843009213693952 0 0 0 0 0 3458764513820540928 0 0 0
4 1 46 2 86 1 0 0 4611686018427387904 0 0 0 0 0 9223372036854775808 0 0 0 0 0 13835058055282163712 0 0 0
5 1 47 2 87 1 0 0 0 1 0 0 0 0 0 2 0 0 0 0 0 3 0 0
6 1 48 2 88 1 0 0 0 4 0 0 0 0 0 8 0 0 0 0 0 12 0 0
7 1 49 2 89 1 0 0 0 16 0 0 0 0 0 32 0 0 0 0 0 48 0 0
8 1 50 2 90 1 0 0 0 64 0 0 0 0 0 128 0 0 0 0 0 192 0 0
9 1 51 2 91 1 0 0 0 256 0 0 0 0 0 512 0 0 0 0 0 768 0 0
10 1 52 2 92 1 0 0 0 1024 0 0 0 0 0 2048 0 0 0 0 0 3072 0 0
11 1 53 2 93 1 0 0 0 4096 0 0 0 0 0 8192 0 0 0 0 0 12288 0 0
12 1 54 2 94 1 0 0 0 16384 0 0 0 0 0 32768 0 0 0 0 0 49152 0 0
13 1 55 2 95 1 0 0 0 65536 0 0 0 0 0 131072 0 0 0 0 0 196608 0 0
14 1 56 2 96 1 0 0 0 262144 0 0 0 0 0 524288 0 0 0 0 0 786432 0 0
15 1 57 2 97 1 0 0 0 1048576 0 0 0 0 0 2097152 0 0 0 0 0 3145728 0 0
16 1 58 2 98 1 0 0 0 4194304 0 0 0 0 0 8388608 0 0 0 0 0 12582912 0 0
17 1 59 2 99 1 0 0 0 16777216 0 0 0 0 0 33554432 0 0 0 0 0 50331648 0 0
18 1 60 2 100 1 0 0 0 67108864 0 0 0 0 0 134217728 0 0 0 0 0 201326592 0 0
19 1 61 2 101 1 0 0 0 268435456 0 0 0 0 0 536870912 0 0 0 0 0 805306368 0 0
20 1 62 2 102 1 0 0 0 1073741824 0 0 0 0 0 2147483648 0 0 0 0 0 3221225472 0 0
21 1 63 2 103 1 0 0 0 4294967296 0 0 0 0 0 8589934592 0 0 0 0 0 12884901888 0 0
22 1 64 2 104 1 0 0 0 17179869184 0 0 0 0 0 34359738368 0 0 0 0 0 51539607552 0 0
23 1 65 2 105 1 0 0 0 68719476736 0 0 0 0 0 137438953472 0 0 0 0 0 206158430208 0 0
24 1 66 2 106 1 0 0 0 274877906944 0 0 0 0 0 549755813888 0 0 0 0 0 824633720832 0 0
25 1 67 2 107 1 0 0 0 1099511627776 0 0 0 0 0 2199023255552 0 0 0 0 0 3298534883328 0 0
26 1 68 2 108 1 0 0 0 4398046511104 0 0 0 0 0 8796093022208 0 0 0 0 0 13194139533312 0 0
27 1 69 2 109 1 0 0 0 17592186044416 0 0 0 0 0 35184372088832 0 0 0 0 0 52776558133248 0 0
28 1 70 2 110 1 0 0 0 70368744177664 0 0 0 0 0 140737488355328 0 0 0 0 0 211106232532992 0 0
29 1 71 2 111 1 0 0 0 281474976710656 0 0 0 0 0 562949953421312 0 0 0 0 0 844424930131968 0 0
13 1 63 1 117 1 0 0 0 0 0 16 0 0 0 0 0 32 0 0 0 0 0 48
14 1 64 1 118 1 0 0 0 0 0 64 0 0 0 0 0 128 0 0 0 0 0 192
15 1 65 1 119 1 0 0 0 18014398509481984 0 0 0 0 0 36028797018963968 0 0 0 0 0 54043195528445952 0 0
16 1 66 1 120 1 0 0 0 72057594037927936 0 0 0 0 0 144115188075855872 0 0 0 0 0 216172782113783808 0 0
17 1 67 1 121 1 0 0 0 288230376151711744 0 0 0 0 0 576460752303423488 0 0 0 0 0 864691128455135232 0 0
18 1 68 1 122 1 0 0 0 1152921504606846976 0 0 0 0 0 2305843009213693952 0 0 0 0 0 3458764513820540928 0 0
19 1 69 1 82 1 0 0 0 4611686018427387904 0 0 0 0 0 9223372036854775808 0 0 0 0 0 13835058055282163712 0 0
20 1 70 1 83 1 0 0 0 0 1 0 0 0 0 0 2 0 0 0 0 0 3 0
21 1 71 1 84 1 0 0 0 0 4 0 0 0 0 0 8 0 0 0 0 0 12 0
22 1 72 1 85 1 0 0 0 0 16 0 0 0 0 0 32 0 0 0 0 0 48 0
23 1 73 1 86 1 0 0 0 0 64 0 0 0 0 0 128 0 0 0 0 0 192 0
24 1 74 1 87 1 0 0 0 0 256 0 0 0 0 0 512 0 0 0 0 0 768 0
25 1 75 1 88 1 0 0 0 0 1024 0 0 0 0 0 2048 0 0 0 0 0 3072 0
26 1 76 1 89 1 0 0 0 0 4096 0 0 0 0 0 8192 0 0 0 0 0 12288 0
27 1 77 1 90 1 0 0 0 0 16384 0 0 0 0 0 32768 0 0 0 0 0 49152 0
28 1 78 1 91 1 0 0 0 0 65536 0 0 0 0 0 131072 0 0 0 0 0 196608 0
29 1 79 1 92 1 0 0 0 0 262144 0 0 0 0 0 524288 0 0 0 0 0 786432 0
30 1 80 1 93 1 0 0 0 0 1048576 0 0 0 0 0 2097152 0 0 0 0 0 3145728 0
31 1 81 1 94 1 0 0 0 0 4194304 0 0 0 0 0 8388608 0 0 0 0 0 12582912 0
32 1 41 1 95 1 0 0 0 0 16777216 0 0 0 0 0 33554432 0 0 0 0 0 50331648 0
33 1 42 1 96 1 0 0 0 0 67108864 0 0 0 0 0 134217728 0 0 0 0 0 201326592 0
34 1 43 1 97 1 0 0 0 0 268435456 0 0 0 0 0 536870912 0 0 0 0 0 805306368 0
35 1 44 1 98 1 0 0 0 0 1073741824 0 0 0 0 0 2147483648 0 0 0 0 0 3221225472 0
36 1 45 1 99 1 0 0 0 0 4294967296 0 0 0 0 0 8589934592 0 0 0 0 0 12884901888 0
37 1 46 1 100 1 0 0 0 0 17179869184 0 0 0 0 0 34359738368 0 0 0 0 0 51539607552 0
38 1 47 1 101 1 0 0 0 0 68719476736 0 0 0 0 0 137438953472 0 0 0 0 0 206158430208 0
39 1 48 1 102 1 0 0 0 0 274877906944 0 0 0 0 0 549755813888 0 0 0 0 0 824633720832 0
40 1 49 1 103 1 0 0 0 0 1099511627776 0 0 0 0 0 2199023255552 0 0 0 0 0 3298534883328 0
0 1 50 1 104 1 0 0 0 0 4398046511104 0 0 0 0 0 8796093022208 0 0 0 0 0 13194139533312 0
1 1 51 1 105 1 0 0 0 0 17592186044416 0 0 0 0 0 35184372088832 0 0 0 0 0 52776558133248 0
2 1 52 1 106 1 0 0 0 0 70368744177664 0 0 0 0 0 140737488355328 0 0 0 0 0 211106232532992 0
3 1 53 1 107 1 0 0 0 0 281474976710656 0 0 0 0 0 562949953421312 0 0 0 0 0 844424930131968 0
4 1 54 1 108 1 0 0 0 0 1125899906842624 0 0 0 0 0 2251799813685248 0 0 0 0 0 3377699720527872 0
5 1 55 1 109 1 0 0 0 0 4503599627370496 0 0 0 0 0 9007199254740992 0 0 0 0 0 13510798882111488 0
6 1 56 1 110 1 0 0 0 0 18014398509481984 0 0 0 0 0 36028797018963968 0 0 0 0 0 54043195528445952 0
7 1 57 1 111 1 0 0 0 0 72057594037927936 0 0 0 0 0 144115188075855872 0 0 0 0 0 216172782113783808 0
8 1 58 1 112 1 0 0 0 0 288230376151711744 0 0 0 0 0 576460752303423488 0 0 0 0 0 864691128455135232 0
9 1 59 1 113 1 0 0 0 0 1152921504606846976 0 0 0 0 0 2305843009213693952 0 0 0 0 0 3458764513820540928 0
10 1 60 1 114 1 0 0 0 0 4611686018427387904 0 0 0 0 0 9223372036854775808 0 0 0 0 0 13835058055282163712 0
11 1 61 1 115 1 0 0 0 0 0 1 0 0 0 0 0 2 0 0 0 0 0 3
12 1 62 1 116 1 0 0 0 0 0 4 0 0 0 0 0 8 0 0 0 0 0 12
