384 144 3 48
0 1 48 1 96 1 2305843009213706240 72057598334992384 9009399083434016 3458764513820545024 144115196668936192 13514097685626928 1152921504606855168 216172794999734272 4504699675934736
1 1 49 1 97 1 9223372036854824960 288230393339969536 36037596333736064 13835058055282180096 576460786675744768 54056390742507712 4611686018427420672 864691179998937088 18018798703738944
2 1 50 1 98 1 196608 1152921573359878146 144150385334944256 65536 2305843146702979075 216225562970030848 131072 3458764719995748353 72075194814955776
3 1 51 1 99 1 786432 4611686293439512584 576601541339777024 262144 9223372586811916300 864902251880123392 524288 13835058879982993412 288300779259823104
4 1 52 1 100 1 3145728 1100048498720 2306406165359108097 1048576 2199828561968 3459609007520493570 2097152 3298803318800 1153203117039292419
5 1 53 1 101 1 12582912 4400193994880 9225624661436432388 4194304 8799314247872 13838436030081974280 8388608 13195213275200 4612812468157169676
6 1 54 1 102 1 50331650 17600775979520 9010498326626320 16777219 35197256991488 13511899199242272 33554433 52780853100800 4505798919127088
7 1 55 1 103 1 201326600 70403103918080 36041993306505280 67108876 140789027965952 54047596796969088 134217732 211123412403200 18023195676508352
8 1 56 1 104 1 805306400 281612415672320 144167973226021120 268435504 563156111863808 216190387187876352 536870928 844493649612800 72092782706033408
9 1 57 1 105 1 3221225600 1126449662689280 576671892904084480 1073742016 2252624447455232 864761548751505408 2147483712 3377974598451200 288371130824133632
10 1 58 1 106 1 12884902400 4505798650757120 2306687571616337920 4294968064 9010497789820928 3459046195006021632 8589934848 13511898393804800 1153484523296534528
11 1 59 1 107 1 51539609600 18023194603028480 9226750286465351680 17179872256 36041991159283712 13836184780024086528 34359739392 54047593575219200 4613938093186138112
12 1 60 1 108 1 206158438400 72092787002048512 13512998442303488 68719489024 144167977522036736 4506898967691264 137438957568 216190378595844096 9008299035000832
13 1 61 1 109 1 824633753600 288371148008194048 54051993769213952 274877956096 576671910088146944 18027595870765056 549755830272 864761514383376384 36033196140003328
14 1 62 1 110 1 3298535014400 1153484592032776192 216207975076855808 1099511824384 2306687640352587776 72110383483060224 2199023321088 3459046057533505536 144132784560013312
15 1 63 1 111 1 13194140057600 4613938368131104768 864831900307423232 4398047297536 9226750561410351104 288441533932240896 8796093284352 13836184230134022144 576531138240053248
16 1 64 1 112 1 52776560230400 9009398814867456 3459327601229692929 17592189190144 13514098222301184 1153766135728963586 35184373137408 4504699407433728 2306124552960212995
17 1 65 1 113 1 211106240921600 36037595259469824 13837310404918771716 70368756760576 54056392889204736 4615064542915854344 140737492549632 18018797629734912 9224498211840851980
18 1 66 1 114 1 844424963686402 144150385332846592 9009398546432016 281475027042307 216225562966884352 13514097953865760 562949970198529 72075194813906944 4504699944304688
19 1 67 1 115 1 3377699854745608 576601541331386368 36037594185728064 1125900108169228 864902251867537408 54056391815463040 2251799880794116 288300779255627776 18018799777218752
20 1 68 1 116 1 13510799418982432 2306406165325545472 144150376742912256 4503600432676912 3459609007470149632 216225567261852160 9007199523176464 1153203117022511104 72075199108875008
21 1 69 1 117 1 54043197675929728 9225624661302181888 576601506971649024 18014401730707648 13838436029880598528 864902269047408640 36028798092705856 4612812468090044416 288300796435500032
22 1 70 1 118 1 216172790703718912 9010497789624320 2306406027886596098 72057606922830592 13511898393739264 3459609076189634563 144115192370823424 4505798650626048 1153203185742000129
23 1 71 1 119 1 864691162814875648 36041991158497280 9225624111546384392 288230427691322368 54047593574957056 13838436304758538252 576460769483293696 18023194602504192 4612812742968000516
24 1 72 1 120 1 3458764651259502592 144167973223923712 9008298766434336 1152921710765289472 216190387184730112 13512997905498160 2305843077933174784 72092782704984064 4506898162450448
25 1 73 1 121 1 13835058605038010368 576671892895694848 36033195065737344 4611686843061157888 864761548738920448 54051991621992640 9223372311732699136 288371130819936256 18027592649801792
26 1 74 1 122 1 2199023386624 2306687571582779395 144132780262949376 3298535079936 3459046194955681793 216207966487970560 1099511693312 1153484523279745026 72110370599207168
27 1 75 1 123 1 8796093546496 9226750286331117580 576531121051797504 13194140319744 13836184779822727172 864831865951882240 4398046773248 4613938093118980104 288441482396828672
28 1 76 1 124 1 35184374185984 13512997905367088 2306124484207190018 52776561278976 4506898162253840 3459327463807528963 17592187092992 9008298766368800 1153765929587314689
29 1 77 1 125 1 140737496743936 54051991621468352 9224497936828760072 211106245115904 18027592649015360 13837309855230115852 70368748371968 36033195065475200 4615063718349258756
30 1 78 1 126 1 562949986975744 216207975075808000 4503599895937056 844424980463616 72110383480963328 9007199791808560 281474993487872 144132784556868096 13510799687483408
31 1 79 1 127 1 2251799947902976 864831900303232000 18014399583748224 3377699921854464 288441533923853312 36028799167234240 1125899973951488 576531138227472384 54043198749933632
32 1 80 1 128 1 9007199791611904 3459327601212928000 72057598334992896 13510799687417856 1153766135695413248 144115196668936960 4503599895805952 2306124552909889536 216172794999734528
33 1 81 1 129 1 36028799166447616 13837310404851712000 288230393339971584 54043198749671424 4615064542781652992 576460786675747840 18014399583223808 9224498211639558144 864691179998938112
34 1 82 1 130 1 144115196665790464 9009398278193152 1152921573359886339 216172794998685696 13514097417060352 2305843146702991361 72057598332895232 4504699139129344 3458764719995752450
35 1 83 1 131 1 576460786663161856 36037593112772608 4611686293439545356 864691179994742784 54056389668241408 9223372586811965444 288230393331580928 18018796556517376 13835058879983009800
36 1 84 1 132 1 2305843146652647424 144150376746057728 1100048629808 3458764719978971136 216225567262900224 2199828758544 1152921573326323712 72075199110971392 3298803384352
37 1 85 1 133 1 9223372586610589696 576601506984230912 4400194519232 13835058879915884544 864902269051600896 8799315034176 4611686293305294848 288300796443885568 13195213537408
38 1 86 1 134 1 2199023255552 2306406027936923650 17600778076928 3298534883328 3459609076206403587 35197260136704 1099511627776 1153203185775542273 52780854149632
39 1 87 1 135 1 8796093022208 9225624111747694600 70403112307712 13194139533312 13838436304825614348 140789040546816 4398046511104 4612812743102169092 211123416598528
40 1 88 1 136 1 35184372088832 9008299571675168 281612449230850 52776558133248 13512998173802544 563156162187267 17592186044416 4506898699124752 844493666394113
41 1 89 1 137 1 140737488355328 36033198286700672 1126449796923400 211106232532992 54051992695210176 2252624648749068 70368744177664 18027594796499008 3377974665576452
42 1 90 1 138 1 562949953421315 144132780261900800 4505799187693600 844424930131969 216207966485873408 9010498594996272 281474976710658 72110370596061440 13511898662305808
43 1 91 1 139 1 2251799813685260 576531121047603200 18023196750774400 3377699720527876 864831865943493632 36041994379985088 1125899906842632 288441482384245760 54047594649223232
44 1 92 1 140 1 9007199254741040 2306124484190412800 72092787003097600 13510798882111504 3459327463773974528 144167977519940352 4503599627370528 1153765929536983040 216190378596892928
45 1 93 1 141 1 36028797018964160 9224497936761651200 288371148012390400 54043195528446016 13837309855095898112 576671910079761408 18014398509482112 4615063718147932160 864761514387571712
46 1 94 1 142 1 144115188075856640 4503599627501568 1153484592049561602 216172782113784064 9007199254937600 2306687640319045635 72057594037928448 13510798882177024 3459046057550286849
47 1 95 1 143 1 576460752303426560 18014398510006272 4613938368198246408 864691128455136256 36028797019750400 9226750561276182540 288230376151713792 54043195528708096 13836184230201147396
25 1 53 1 138 1 2306124621646143490 216225558671917824 9007199254741008 3459327669965959171 72075186223972608 13510798882111520 1153765998306791425 144150372447945216 4503599627370544
26 1 54 1 139 1 9224498486584573960 864902234687671296 36028797018964032 13837310679863836684 288300744895890432 54043195528446080 4615063993227165700 576601489791780864 18014398509482176
27 1 55 1 140 1 4505798919192608 3459608938750685186 144115188075856128 9010498326691888 1153202979583561731 216172782113784320 13511899199111184 2306405959167123457 72057594037928704
28 1 56 1 141 1 18023195676770432 13838435755002740744 576460752303424512 36041993306767552 4612811918334246924 864691128455137280 54047596796444736 9225623836668493828 288230376151714816
29 1 57 1 142 1 72092782707081728 13510798882308128 2305843009213698051 144167973227070208 4503599627436080 3458764513820549121 216190387185778944 9007199254872080 1152921504606859266
30 1 58 1 143 1 288371130828326912 54043195529232512 9223372036854792204 576671892908280832 18014398509744320 13835058055282196484 864761548743115776 36028797019488320 4611686018427437064
31 1 59 1 96 1 1153484523313307648 216172790706864640 65584 2306687571633123328 72057606923879168 131088 3459046194972463104 144115192372920576 196640
32 1 60 1 97 1 4613938093253230592 864691162827458560 262336 9226750286532493312 288230427695516672 524352 13836184779889852416 576460769491682304 786560
33 1 61 1 98 1 9008299303370752 3458764651309834241 1049344 13512998710870016 1152921710782066690 2097408 4506898430754816 2305843077966729219 3146240
34 1 62 1 99 1 36033197213483008 13835058605239336964 4197376 54051994843480064 4611686843128266760 8389632 18027593723019264 9223372311866916876 12584960
35 1 63 1 100 1 144132788853932032 2199828693008 16789507 216207979373920256 3298803515424 33558529 72110374892077056 1100048564272 50339842
36 1 64 1 101 1 576531155415728128 8799314772032 67158028 864831917495681024 13195214061696 134234116 288441499568308224 4400194257088 201359368
37 1 65 1 102 1 2306124621662912515 35184374186240 268632112 3459327669982724097 52776561279488 536936464 1153765998273232898 17592187093760 805437472
38 1 66 1 103 1 9224498486651650060 140737496744960 1074528448 13837310679930896388 211106245117952 2147745856 4615063993092931592 70368748375040 3221749888
39 1 67 1 104 1 4505799187497008 562949986979842 4298113792 9010498594930704 844424980471811 8590983424 13511898662174752 281474993500161 12886999552
40 1 68 1 105 1 18023196749988032 2251799947919368 17192455168 36041994379722816 3377699921887244 34363933696 54047594648699008 1125899974000644 51547998208
41 1 69 1 106 1 72092786999952128 9007199791677472 68769820672 144167977518891264 13510799687548976 137455734784 216190378594796032 4503599896002576 206191992832
42 1 70 1 107 1 288371147999808512 36028799166709888 275079282688 576671910075565056 54043198750195904 549822939136 864761514379184128 18014399584010304 824767971328
43 1 71 1 108 1 1153484591999234050 144115188076904960 1100317130752 2306687640302260227 216172782115881728 2199291756544 3459046057516736513 72057594041073920 3299071885312
44 1 72 1 109 1 4613938367996936200 576460752307619840 4401268523008 9226750561209040908 864691128463526912 8797167026176 13836184230066946052 288230376164295680 13196287541248
45 1 73 1 110 1 9009398278193184 2305843009230479361 17605074092032 13514097417060400 3458764513854107650 35188668104704 4504699139129360 1152921504657182723 52785150164992
46 1 74 1 111 1 36037593112772736 9223372036921917444 70420296368128 54056389668241600 13835058055416430600 140754672418816 18018796556517440 4611686018628730892 211140600659968
47 1 75 1 112 1 144150372451090944 268566544 281681185472514 216225558672966400 537067552 563018689675267 72075186226069760 805371952 844562402639873
0 1 76 1 113 1 576601489804363776 1074266176 1126724741890056 864902234691865600 2148270208 2252074758701068 288300744904279040 3221487808 3378249610559492
1 1 77 1 114 1 2306405959217455105 2097408 4506898967560224 3459608938767462402 3146240 9008299034804272 1153202979617116163 1049344 13512998442237968
2 1 78 1 115 1 9225623836869820420 8389632 18027595870240896 13838435755069849608 12584960 36033196139217088 4612811918468464652 4197376 54051993768951872
3 1 79 1 116 1 9007200060178448 33558530 72110383480963584 13510799150743584 50339843 144132784556868352 4503600164306992 16789505 216207975075807488
4 1 80 1 117 1 36028800240713792 134234120 288441533923854336 54043196602974336 201359372 576531138227473408 18014400657227968 67158020 864831900303229952
5 1 81 1 118 1 144115200962855168 536936480 1153766135695417344 216172786411897344 805437488 2306124552909893632 72057602628911872 268632080 3459327601212919808
6 1 82 1 119 1 576460803851420672 2147745920 4615064542781669376 864691145647589376 3221749952 9224498211639574528 288230410515647488 1074528320 13837310404851679232
7 1 83 1 120 1 2305843215405682690 4296016384 13514097417125888 3458764582590357507 8592032512 4504699139194880 1152921642062589953 12888047872 9009398278062080
8 1 84 1 121 1 9223372861622730760 17184065536 54056389668503552 13835058330361430028 34368130048 18018796556779520 4611686568250359812 51552191488 36037593112248320
9 1 85 1 122 1 3299071819808 68736262146 216225558674014208 1100317065264 137472520195 72075186227118080 2199291887632 206208765953 144150372448993280
10 1 86 1 123 1 13196287279232 274945048584 864902234696056832 4401268261056 549890080780 288300744908472320 8797167550528 824835063812 576601489795973120
11 1 87 1 124 1 52785149116928 1099780194336 3459608938784227328 17605073044224 2199560323120 1153202979633889280 35188670202112 3299340255248 2306405959183892480
12 1 88 1 125 1 211140596467712 4399120777344 13838435755136909312 70420292176896 8798241292480 4612811918535557120 140754680808448 13197361020992 9225623836735569920
13 1 89 1 126 1 844562385870849 17605073043968 13510799418982400 281681168707586 35188670202624 4503600432676864 563018723233795 52785149116672 9007199523176448
14 1 90 1 127 1 3378249543483396 70420292175872 54043197675929600 1126724674830344 140754680810496 18014401730707456 2252074892935180 211140596466688 36028798092705792
15 1 91 1 128 1 13512998173933584 281681168703488 216172790703718400 4506898699321376 563018723241984 72057606922829824 9008299571740720 844562385866752 144115192370823168
16 1 92 1 129 1 54051992695734336 1126724674813952 864691162814873600 18027594797285504 2252074892967936 288230427691319296 36033198286962880 3378249543467008 576460769483292672
17 1 93 1 130 1 216207970782937344 4506898699255808 3458764651259494400 72110379189142016 9008299571871744 1152921710765277184 144132793147851520 13512998173868032 2305843077933170688
18 1 94 1 131 1 864831883131749376 18027594797023232 13835058605037977600 288441516756568064 36033198287486976 4611686843061108736 576531172591406080 54051992695472128 9223372311732682752
19 1 95 1 132 1 3459327532526997506 72110383483060224 2199023255552 1153766067026272259 144132784560013312 3298534883328 2306124690365624321 216207975076855808 1099511627776
20 1 48 1 133 1 13837310130107990024 288441533932240896 8796093022208 4615064268105089036 576531138240053248 13194139533312 9224498761462497284 864831900307423232 4398046511104
21 1 49 1 134 1 9008299303305248 1153766135728963587 35184372088832 13512998710804528 2306124552960212993 52776558133248 4506898430885904 3459327601229692930 17592186044416
22 1 50 1 135 1 36033197213220992 4615064542915854348 140737488355328 54051994843218112 9224498211840851972 211106232532992 18027593723543616 13837310404918771720 70368744177664
23 1 51 1 136 1 144132788852883968 13514097953865776 562949953421313 216207979372872448 4504699944304656 844424930131970 72110374894174464 9009398546432032 281474976710659
24 1 52 1 137 1 576531155411535872 54056391815463104 2251799813685252 864831917491489792 18018799777218624 3377699720527880 288441499576697856 36037594185728128 1125899906842636
25 1 72 1 137 1 1153203117039300611 72110383484109568 4506898430885920 2306406165359104001 144132784557916416 9008299303305264 3459609007520489474 216207975077904896 13512998710804496
26 1 73 1 138 1 4612812468157202444 288441533936438272 18027593723543680 9225624661436416004 576531138231665664 36033197213221056 13838436030081957896 864831900311619584 54051994843217984
27 1 74 1 139 1 4505798919258160 1153766135745753089 72110374894174720 9010498326560784 2306124552926662658 144132788852884224 13511899199176736 3459327601246478339 216207979372871936
28 1 75 1 140 1 18023195677032640 4615064542983012356 288441499576698880 36041993306243136 9224498211706650632 576531155411536896 54047596796706944 13837310404985913356 864831917491487744
29 1 76 1 141 1 72092782708130560 13514098222497808 1153765998306795521 144167973224972544 4504699407499296 2306124621646147586 216190387186827776 9009398814998576 3459327669965950979
30 1 77 1 142 1 288371130832522240 54056392889991232 4615063993227182084 576671892899890176 18018797629997184 9224498486584590344 864761548747311104 36037595259994304 13837310679863803916
31 1 78 1 143 1 1153484523330088963 216225562970030336 13511899199176720 2306687571599560705 72075194814956032 4505798919258144 3459046194989244418 144150385334944512 9010498326560816
32 1 79 1 96 1 4613938093320355852 864902251880121344 54047596796706880 9226750286398242820 288300779259824128 18023195677032576 13836184779956977672 576601541339778048 36041993306243264
33 1 80 1 97 1 9008299571871792 3459609007520485377 216190387186827520 13512998173868048 1153203117039296514 72092782708130304 4506898699255840 2306406165359112195 144167973224973056
34 1 81 1 98 1 36033198287487168 13838436030081941508 864761548747310080 54051992695472192 4612812468157186056 288371130832521216 18027594797023360 9225624661436448780 576671892899892224
35 1 82 1 99 1 144132793149948672 13511899199111184 3459046194989240323 216207970781888768 4505798919192608 1153484523330084865 72110379188093440 9010498326691888 2306687571599568898
36 1 83 1 100 1 576531172599794688 54047596796444736 13836184779956961292 864831883127555072 18023195676770432 4613938093320339460 288441516752373760 36041993306767552 9226750286398275592
37 1 84 1 101 1 2306124690399178755 216190387185778944 4506898699190320 3459327532510220289 72092782707081728 9008299571806224 1153766067009495042 144167973227070208 13512998173999136
38 1 85 1 102 1 9224498761596715020 864761548743115776 18027594796761280 13837310130040881156 288371130828326912 36033198287224896 4615064268037980168 576671892908280832 54051992695996544
39 1 86 1 103 1 4506898967756848 3459046194972463106 72110379187045120 9008299034869776 1153484523313307651 144132793148899584 13512998442369056 2306687571633123329 216207970783986176
40 1 87 1 104 1 18027595871027392 13836184779889852424 288441516748180480 36033196139479104 4613938093253230604 576531172595598336 54051993769476224 9226750286532493316 864831883135944704
41 1 88 1 105 1 72110383484109568 4506898430754848 1153766066992721923 144132784557916416 9008299303370800 2306124690382393345 216207975077904896 13512998710870032 3459327532543778818
42 1 89 1 106 1 288441533936438272 18027593723019392 4615064267970887692 576531138231665664 36033197213483200 9224498761529573380 864831900311619584 54051994843480128 13837310130175115272
43 1 90 1 107 1 1153766135745753089 72110374892077568 13512998173999152 2306124552926662658 144132788853932800 4506898699190288 3459327601246478339 216207979373920512 9008299571806240
44 1 91 1 108 1 4615064542983012356 288441499568310272 54051992695996608 9224498211706650632 576531155415731200 18027594796761152 13837310404985913356 864831917495682048 36033198287224960
45 1 92 1 109 1 13514098222497808 1153765998273241089 216207970783986432 4504699407499296 2306124621662924802 72110379187044608 9009398814998576 3459327669982728195 144132793148899840
46 1 93 1 110 1 54056392889991232 4615063993092964356 864831883135945728 18018797629997184 9224498486651699208 288441516748178432 36037595259994304 13837310679930912780 576531172595599360
47 1 94 1 111 1 216225571559964928 13511898662305808 3459327532543782913 72075190519988736 4505799187693600 1153766066992713730 144150381039977216 9010498594996272 2306124690382397443
0 1 95 1 112 1 864902286239859712 54047594649223232 13837310130175131652 288300762079954944 18023196750774400 4615064267970854920 576601524159908864 36041994379985088 9224498761529589772
1 1 48 1 113 1 3459609144959438849 216190387186827520 9008299571871760 1153203048319819778 72092782708130304 13512998173868064 2306406096639635459 144167973224973056 4506898699255856
2 1 49 1 114 1 13838436579837755396 864761548747310080 36033198287487040 4612812193279279112 288371130832521216 54051992695472256 9225624386558541836 576671892899892224 18027594797023424
3 1 50 1 115 1 13514098222366736 3459046194989240323 144132793149948160 4504699407564832 1153484523330084865 216207970781889024 9009398815064112 2306687571599568898 72110379188093696
4 1 51 1 116 1 54056392889466944 13836184779956961292 576531172599792640 18018797630259328 4613938093320339460 864831883127556096 36037595260256448 9226750286398275592 288441516752374784
5 1 52 1 117 1 216225571557867776 4506898699190320 2306124690399170563 72075190521037312 9008299571806224 3459327532510224385 144150381041025792 13512998173999136 1153766067009499138
6 1 53 1 118 1 864902286231471104 18027594796761280 9224498761596682252 288300762084149248 36033198287224896 13837310130040897540 576601524164103168 54051992695996544 4615064268037996552
7 1 54 1 119 1 3459609144925884418 72110379187045120 4506898967625776 1153203048336596995 144132793148899584 9008299034935312 2306406096656412673 216207970783986176 13512998442434592
8 1 55 1 120 1 13838436579703537672 288441516748180480 18027595870503104 4612812193346387980 576531172595598336 36033196139741248 9225624386625650692 864831883135944704 54051993769738368
9 1 56 1 121 1 13514097685495840 1153766066992721923 72110383482012416 4504699676000304 2306124690382393345 144132784558964992 9009399083499536 3459327532543778818 216207975078953472
10 1 57 1 122 1 54056390741983360 4615064267970887692 288441533928049664 18018798704001216 9224498761529573380 576531138235859968 36037596333998144 13837310130175115272 864831900315813888
11 1 58 1 123 1 216225562967933440 13512998173999152 1153766135712198657 72075194816004864 4506898699190288 2306124552943439874 144150385335992576 9008299571806240 3459327601263255555
12 1 59 1 124 1 864902251871733760 54051992695996608 4615064542848794628 288300779264019456 18027594796761152 9224498211773759496 576601541343970304 36033198287224960 13837310405053022220
13 1 60 1 125 1 3459609007486935041 216207970783986432 13514097685626896 1153203117056077826 72110379187044608 4504699675934752 2306406165375881219 144132793148899840 9009399083434032
14 1 61 1 126 1 13838436029947740164 864831883135945728 54056390742507584 4612812468224311304 288441516748178432 18018798703739008 9225624661503524876 576531172595599360 36037596333736128
15 1 62 1 127 1 13511898662305808 3459327532543782915 216225562970030336 4505799187693600 1153766066992713729 72075194814956032 9010498594996272 2306124690382397442 144150385334944512
16 1 63 1 128 1 54047594649223232 13837310130175131660 864902251880121344 18023196750774400 4615064267970854916 288300779259824128 36041994379985088 9224498761529589768 576601541339778048
17 1 64 1 129 1 216190378596892928 9008299571871792 3459609007520485379 72092787003097600 13512998173868048 1153203117039296513 144167977519940352 4506898699255840 2306406165359112194
18 1 65 1 130 1 864761514387571712 36033198287487168 13838436030081941516 288371148012390400 54051992695472192 4612812468157186052 576671910079761408 18027594797023360 9225624661436448776
19 1 66 1 131 1 3459046057550286851 144132793149948672 13511899199111216 1153484592049561601 216207970781888768 4505798919192592 2306687640319045634 72110379188093440 9010498326691872
20 1 67 1 132 1 13836184230201147404 576531172599794688 54047596796444864 4613938368198246404 864831883127555072 18023195676770368 9226750561276182536 288441516752373760 36041993306767488
21 1 68 1 133 1 4504699675934768 2306124690399178755 216190387185779456 9009399083434000 3459327532510220289 72092782707081472 13514097685626912 1153766067009495042 144167973227069952
22 1 69 1 134 1 18018798703739072 9224498761596715020 864761548743117824 36037596333736000 13837310130040881156 288371130828325888 54056390742507648 4615064268037980168 576671892908279808
23 1 70 1 135 1 72075194814956288 4506898967756848 3459046194972471298 144150385334944000 9008299034869776 1153484523313303555 216225562970030592 13512998442369056 2306687571633119233
24 1 71 1 136 1 288300779259825152 18027595871027392 13836184779889885192 576601541339776000 36033196139479104 4613938093253214220 864902251880122368 54051993769476224 9226750286532476932
31 1 90 1 102 1 1 0 0 2 0 0 3 0 0
32 1 91 1 103 1 4 0 0 8 0 0 12 0 0
33 1 92 1 104 1 16 0 0 32 0 0 48 0 0
34 1 93 1 105 1 64 0 0 128 0 0 192 0 0
35 1 94 1 106 1 256 0 0 512 0 0 768 0 0
36 1 95 1 107 1 1024 0 0 2048 0 0 3072 0 0
37 1 48 1 108 1 4096 0 0 8192 0 0 12288 0 0
38 1 49 1 109 1 16384 0 0 32768 0 0 49152 0 0
39 1 50 1 110 1 65536 0 0 131072 0 0 196608 0 0
40 1 51 1 111 1 262144 0 0 524288 0 0 786432 0 0
41 1 52 1 112 1 1048576 0 0 2097152 0 0 3145728 0 0
42 1 53 1 113 1 4194304 0 0 8388608 0 0 12582912 0 0
43 1 54 1 114 1 16777216 0 0 33554432 0 0 50331648 0 0
44 1 55 1 115 1 67108864 0 0 134217728 0 0 201326592 0 0
45 1 56 1 116 1 268435456 0 0 536870912 0 0 805306368 0 0
46 1 57 1 117 1 1073741824 0 0 2147483648 0 0 3221225472 0 0
47 1 58 1 118 1 4294967296 0 0 8589934592 0 0 12884901888 0 0
0 1 59 1 119 1 17179869184 0 0 34359738368 0 0 51539607552 0 0
1 1 60 1 120 1 68719476736 0 0 137438953472 0 0 206158430208 0 0
2 1 61 1 121 1 274877906944 0 0 549755813888 0 0 824633720832 0 0
3 1 62 1 122 1 1099511627776 0 0 2199023255552 0 0 3298534883328 0 0
4 1 63 1 123 1 4398046511104 0 0 8796093022208 0 0 13194139533312 0 0
5 1 64 1 124 1 17592186044416 0 0 35184372088832 0 0 52776558133248 0 0
6 1 65 1 125 1 70368744177664 0 0 140737488355328 0 0 211106232532992 0 0
7 1 66 1 126 1 281474976710656 0 0 562949953421312 0 0 844424930131968 0 0
8 1 67 1 127 1 1125899906842624 0 0 2251799813685248 0 0 3377699720527872 0 0
9 1 68 1 128 1 4503599627370496 0 0 9007199254740992 0 0 13510798882111488 0 0
10 1 69 1 129 1 18014398509481984 0 0 36028797018963968 0 0 54043195528445952 0 0
11 1 70 1 130 1 72057594037927936 0 0 144115188075855872 0 0 216172782113783808 0 0
12 1 71 1 131 1 288230376151711744 0 0 576460752303423488 0 0 864691128455135232 0 0
13 1 72 1 132 1 1152921504606846976 0 0 2305843009213693952 0 0 3458764513820540928 0 0
14 1 73 1 133 1 4611686018427387904 0 0 9223372036854775808 0 0 13835058055282163712 0 0
15 1 74 1 134 1 0 1 0 0 2 0 0 3 0
16 1 75 1 135 1 0 4 0 0 8 0 0 12 0
17 1 76 1 136 1 0 16 0 0 32 0 0 48 0
18 1 77 1 137 1 0 64 0 0 128 0 0 192 0
19 1 78 1 138 1 0 256 0 0 512 0 0 768 0
20 1 79 1 139 1 0 1024 0 0 2048 0 0 3072 0
21 1 80 1 140 1 0 4096 0 0 8192 0 0 12288 0
22 1 81 1 141 1 0 16384 0 0 32768 0 0 49152 0
23 1 82 1 142 1 0 65536 0 0 131072 0 0 196608 0
24 1 83 1 143 1 0 262144 0 0 524288 0 0 786432 0
25 1 84 1 96 1 0 1048576 0 0 2097152 0 0 3145728 0
26 1 85 1 97 1 0 4194304 0 0 8388608 0 0 12582912 0
27 1 86 1 98 1 0 16777216 0 0 33554432 0 0 50331648 0
28 1 87 1 99 1 0 67108864 0 0 134217728 0 0 201326592 0
29 1 88 1 100 1 0 268435456 0 0 536870912 0 0 805306368 0
30 1 89 1 101 1 0 1073741824 0 0 2147483648 0 0 3221225472 0
0 2 53 1 137 1 0 0 0 0 0 0 0 0 0
1 2 54 1 138 1 0 0 0 0 0 0 0 0 0
2 2 55 1 139 1 0 0 0 0 0 0 0 0 0
3 2 56 1 140 1 0 0 0 0 0 0 0 0 0
4 2 57 1 141 1 0 0 0 0 0 0 0 0 0
5 2 58 1 142 1 0 0 0 0 0 0 0 0 0
6 2 59 1 143 1 0 0 0 0 0 0 0 0 0
7 2 60 1 96 1 0 0 0 0 0 0 0 0 0
8 2 61 1 97 1 0 0 0 0 0 0 0 0 0
9 2 62 1 98 1 0 0 0 0 0 0 0 0 0
10 2 63 1 99 1 0 0 0 0 0 0 0 0 0
11 2 64 1 100 1 0 0 0 0 0 0 0 0 0
12 2 65 1 101 1 0 0 0 0 0 0 0 0 0
13 2 66 1 102 1 0 0 0 0 0 0 0 0 0
14 2 67 1 103 1 0 0 0 0 0 0 0 0 0
15 2 68 1 104 1 0 0 0 0 0 0 0 0 0
16 2 69 1 105 1 0 0 0 0 0 0 0 0 0
17 2 70 1 106 1 0 0 0 0 0 0 0 0 0
18 2 71 1 107 1 0 0 0 0 0 0 0 0 0
19 2 72 1 108 1 0 0 0 0 0 0 0 0 0
20 2 73 1 109 1 0 0 0 0 0 0 0 0 0
21 2 74 1 110 1 0 0 0 0 0 0 0 0 0
22 2 75 1 111 1 0 0 0 0 0 0 0 0 0
23 2 76 1 112 1 0 0 0 0 0 0 0 0 0
24 2 77 1 113 1 0 0 0 0 0 0 0 0 0
25 2 78 1 114 1 0 0 0 0 0 0 0 0 0
26 2 79 1 115 1 0 0 0 0 0 0 0 0 0
27 2 80 1 116 1 0 0 0 0 0 0 0 0 0
28 2 81 1 117 1 0 0 0 0 0 0 0 0 0
29 2 82 1 118 1 0 0 0 0 0 0 0 0 0
30 2 83 1 119 1 0 0 0 0 0 0 0 0 0
31 2 84 1 120 1 0 0 0 0 0 0 0 0 0
32 2 85 1 121 1 0 0 0 0 0 0 0 0 0
33 2 86 1 122 1 0 0 0 0 0 0 0 0 0
34 2 87 1 123 1 0 0 0 0 0 0 0 0 0
35 2 88 1 124 1 0 0 0 0 0 0 0 0 0
36 2 89 1 125 1 0 0 0 0 0 0 0 0 0
37 2 90 1 126 1 0 0 0 0 0 0 0 0 0
38 2 91 1 127 1 0 0 0 0 0 0 0 0 0
39 2 92 1 128 1 0 0 0 0 0 0 0 0 0
40 2 93 1 129 1 0 0 0 0 0 0 0 0 0
41 2 94 1 130 1 0 0 0 0 0 0 0 0 0
42 2 95 1 131 1 0 0 0 0 0 0 0 0 0
43 2 48 1 132 1 0 0 0 0 0 0 0 0 0
44 2 49 1 133 1 0 0 0 0 0 0 0 0 0
45 2 50 1 134 1 0 0 0 0 0 0 0 0 0
46 2 51 1 135 1 0 0 0 0 0 0 0 0 0
47 2 52 1 136 1 0 0 0 0 0 0 0 0 0
31 1 48 2 138 1 0 0 0 0 0 0 0 0 0
32 1 49 2 139 1 0 0 0 0 0 0 0 0 0
33 1 50 2 140 1 0 0 0 0 0 0 0 0 0
34 1 51 2 141 1 0 0 0 0 0 0 0 0 0
35 1 52 2 142 1 0 0 0 0 0 0 0 0 0
36 1 53 2 143 1 0 0 0 0 0 0 0 0 0
37 1 54 2 96 1 0 0 0 0 0 0 0 0 0
38 1 55 2 97 1 0 0 0 0 0 0 0 0 0
39 1 56 2 98 1 0 0 0 0 0 0 0 0 0
40 1 57 2 99 1 0 0 0 0 0 0 0 0 0
41 1 58 2 100 1 0 0 0 0 0 0 0 0 0
42 1 59 2 101 1 0 0 0 0 0 0 0 0 0
43 1 60 2 102 1 0 0 0 0 0 0 0 0 0
44 1 61 2 103 1 0 0 0 0 0 0 0 0 0
45 1 62 2 104 1 0 0 0 0 0 0 0 0 0
46 1 63 2 105 1 0 0 0 0 0 0 0 0 0
47 1 64 2 106 1 0 0 0 0 0 0 0 0 0
0 1 65 2 107 1 0 0 0 0 0 0 0 0 0
1 1 66 2 108 1 0 0 0 0 0 0 0 0 0
2 1 67 2 109 1 0 0 0 0 0 0 0 0 0
3 1 68 2 110 1 0 0 0 0 0 0 0 0 0
4 1 69 2 111 1 0 0 0 0 0 0 0 0 0
5 1 70 2 112 1 0 0 0 0 0 0 0 0 0
6 1 71 2 113 1 0 0 0 0 0 0 0 0 0
7 1 72 2 114 1 0 0 0 0 0 0 0 0 0
8 1 73 2 115 1 0 0 0 0 0 0 0 0 0
9 1 74 2 116 1 0 0 0 0 0 0 0 0 0
10 1 75 2 117 1 0 0 0 0 0 0 0 0 0
11 1 76 2 118 1 0 0 0 0 0 0 0 0 0
12 1 77 2 119 1 0 0 0 0 0 0 0 0 0
13 1 78 2 120 1 0 0 0 0 0 0 0 0 0
14 1 79 2 121 1 0 0 0 0 0 0 0 0 0
15 1 80 2 122 1 0 0 0 0 0 0 0 0 0
16 1 81 2 123 1 0 0 0 0 0 0 0 0 0
17 1 82 2 124 1 0 0 0 0 0 0 0 0 0
18 1 83 2 125 1 0 0 0 0 0 0 0 0 0
19 1 84 2 126 1 0 0 0 0 0 0 0 0 0
20 1 85 2 127 1 0 0 0 0 0 0 0 0 0
21 1 86 2 128 1 0 0 0 0 0 0 0 0 0
22 1 87 2 129 1 0 0 0 0 0 0 0 0 0
23 1 88 2 130 1 0 0 0 0 0 0 0 0 0
24 1 89 2 131 1 0 0 0 0 0 0 0 0 0
25 1 90 2 132 1 0 0 0 0 0 0 0 0 0
26 1 91 2 133 1 0 0 0 0 0 0 0 0 0
27 1 92 2 134 1 0 0 0 0 0 0 0 0 0
28 1 93 2 135 1 0 0 0 0 0 0 0 0 0
29 1 94 2 136 1 0 0 0 0 0 0 0 0 0
30 1 95 2 137 1 0 0 0 0 0 0 0 0 0
1 1 90 1 96 2 0 0 0 0 0 0 0 0 0
2 1 91 1 97 2 0 0 0 0 0 0 0 0 0
3 1 92 1 98 2 0 0 0 0 0 0 0 0 0
4 1 93 1 99 2 0 0 0 0 0 0 0 0 0
5 1 94 1 100 2 0 0 0 0 0 0 0 0 0
6 1 95 1 101 2 0 0 0 0 0 0 0 0 0
7 1 48 1 102 2 0 0 0 0 0 0 0 0 0
8 1 49 1 103 2 0 0 0 0 0 0 0 0 0
9 1 50 1 104 2 0 0 0 0 0 0 0 0 0
10 1 51 1 105 2 0 0 0 0 0 0 0 0 0
11 1 52 1 106 2 0 0 0 0 0 0 0 0 0
12 1 53 1 107 2 0 0 0 0 0 0 0 0 0
13 1 54 1 108 2 0 0 0 0 0 0 0 0 0
14 1 55 1 109 2 0 0 0 0 0 0 0 0 0
15 1 56 1 110 2 0 0 0 0 0 0 0 0 0
16 1 57 1 111 2 0 0 0 0 0 0 0 0 0
17 1 58 1 112 2 0 0 0 0 0 0 0 0 0
18 1 59 1 113 2 0 0 0 0 0 0 0 0 0
19 1 60 1 114 2 0 0 0 0 0 0 0 0 0
20 1 61 1 115 2 0 0 0 0 0 0 0 0 0
21 1 62 1 116 2 0 0 0 0 0 0 0 0 0
22 1 63 1 117 2 0 0 0 0 0 0 0 0 0
23 1 64 1 118 2 0 0 0 0 0 0 0 0 0
24 1 65 1 119 2 0 0 0 0 0 0 0 0 0
25 1 66 1 120 2 0 0 0 0 0 0 0 0 0
26 1 67 1 121 2 0 0 0 0 0 0 0 0 0
27 1 68 1 122 2 0 0 0 0 0 0 0 0 0
28 1 69 1 123 2 0 0 0 0 0 0 0 0 0
29 1 70 1 124 2 0 0 0 0 0 0 0 0 0
30 1 71 1 125 2 0 0 0 0 0 0 0 0 0
31 1 72 1 126 2 0 0 0 0 0 0 0 0 0
32 1 73 1 127 2 0 0 0 0 0 0 0 0 0
33 1 74 1 128 2 0 0 0 0 0 0 0 0 0
34 1 75 1 129 2 0 0 0 0 0 0 0 0 0
35 1 76 1 130 2 0 0 0 0 0 0 0 0 0
36 1 77 1 131 2 0 0 0 0 0 0 0 0 0
37 1 78 1 132 2 0 0 0 0 0 0 0 0 0
38 1 79 1 133 2 0 0 0 0 0 0 0 0 0
39 1 80 1 134 2 0 0 0 0 0 0 0 0 0
40 1 81 1 135 2 0 0 0 0 0 0 0 0 0
41 1 82 1 136 2 0 0 0 0 0 0 0 0 0
42 1 83 1 137 2 0 0 0 0 0 0 0 0 0
43 1 84 1 138 2 0 0 0 0 0 0 0 0 0
44 1 85 1 139 2 0 0 0 0 0 0 0 0 0
45 1 86 1 140 2 0 0 0 0 0 0 0 0 0
46 1 87 1 141 2 0 0 0 0 0 0 0 0 0
47 1 88 1 142 2 0 0 0 0 0 0 0 0 0
0 1 89 1 143 2 0 0 0 0 0 0 0 0 0
1 1 72 1 102 1 0 4294967296 0 0 8589934592 0 0 12884901888 0
2 1 73 1 103 1 0 17179869184 0 0 34359738368 0 0 51539607552 0
3 1 74 1 104 1 0 68719476736 0 0 137438953472 0 0 206158430208 0
4 1 75 1 105 1 0 274877906944 0 0 549755813888 0 0 824633720832 0
5 1 76 1 106 1 0 1099511627776 0 0 2199023255552 0 0 3298534883328 0
6 1 77 1 107 1 0 4398046511104 0 0 8796093022208 0 0 13194139533312 0
7 1 78 1 108 1 0 17592186044416 0 0 35184372088832 0 0 52776558133248 0
8 1 79 1 109 1 0 70368744177664 0 0 140737488355328 0 0 211106232532992 0
9 1 80 1 110 1 0 281474976710656 0 0 562949953421312 0 0 844424930131968 0
10 1 81 1 111 1 0 1125899906842624 0 0 2251799813685248 0 0 3377699720527872 0
11 1 82 1 112 1 0 4503599627370496 0 0 9007199254740992 0 0 13510798882111488 0
12 1 83 1 113 1 0 18014398509481984 0 0 36028797018963968 0 0 54043195528445952 0
13 1 84 1 114 1 0 72057594037927936 0 0 144115188075855872 0 0 216172782113783808 0
14 1 85 1 115 1 0 288230376151711744 0 0 576460752303423488 0 0 864691128455135232 0
15 1 86 1 116 1 0 1152921504606846976 0 0 2305843009213693952 0 0 3458764513820540928 0
16 1 87 1 117 1 0 4611686018427387904 0 0 9223372036854775808 0 0 13835058055282163712 0
17 1 88 1 118 1 0 0 1 0 0 2 0 0 3
18 1 89 1 119 1 0 0 4 0 0 8 0 0 12
19 1 90 1 120 1 0 0 16 0 0 32 0 0 48
20 1 91 1 121 1 0 0 64 0 0 128 0 0 192
21 1 92 1 122 1 0 0 256 0 0 512 0 0 768
22 1 93 1 123 1 0 0 1024 0 0 2048 0 0 3072
23 1 94 1 124 1 0 0 4096 0 0 8192 0 0 12288
24 1 95 1 125 1 0 0 16384 0 0 32768 0 0 49152
25 1 48 1 126 1 0 0 65536 0 0 131072 0 0 196608
26 1 49 1 127 1 0 0 262144 0 0 524288 0 0 786432
27 1 50 1 128 1 0 0 1048576 0 0 2097152 0 0 3145728
28 1 51 1 129 1 0 0 4194304 0 0 8388608 0 0 12582912
29 1 52 1 130 1 0 0 16777216 0 0 33554432 0 0 50331648
30 1 53 1 131 1 0 0 67108864 0 0 134217728 0 0 201326592
31 1 54 1 132 1 0 0 268435456 0 0 536870912 0 0 805306368
32 1 55 1 133 1 0 0 1073741824 0 0 2147483648 0 0 3221225472
33 1 56 1 134 1 0 0 4294967296 0 0 8589934592 0 0 12884901888
34 1 57 1 135 1 0 0 17179869184 0 0 34359738368 0 0 51539607552
35 1 58 1 136 1 0 0 68719476736 0 0 137438953472 0 0 206158430208
36 1 59 1 137 1 0 0 274877906944 0 0 549755813888 0 0 824633720832
37 1 60 1 138 1 0 0 1099511627776 0 0 2199023255552 0 0 3298534883328
38 1 61 1 139 1 0 0 4398046511104 0 0 8796093022208 0 0 13194139533312
39 1 62 1 140 1 0 0 17592186044416 0 0 35184372088832 0 0 52776558133248
40 1 63 1 141 1 0 0 70368744177664 0 0 140737488355328 0 0 211106232532992
41 1 64 1 142 1 0 0 281474976710656 0 0 562949953421312 0 0 844424930131968
42 1 65 1 143 1 0 0 1125899906842624 0 0 2251799813685248 0 0 3377699720527872
43 1 66 1 96 1 0 0 4503599627370496 0 0 9007199254740992 0 0 13510798882111488
44 1 67 1 97 1 0 0 18014398509481984 0 0 36028797018963968 0 0 54043195528445952
45 1 68 1 98 1 0 0 72057594037927936 0 0 144115188075855872 0 0 216172782113783808
46 1 69 1 99 1 0 0 288230376151711744 0 0 576460752303423488 0 0 864691128455135232
47 1 70 1 100 1 0 0 1152921504606846976 0 0 2305843009213693952 0 0 3458764513820540928
0 1 71 1 101 1 0 0 4611686018427387904 0 0 9223372036854775808 0 0 13835058055282163712
