384 144 3 48
0 2 48 1 96 1 0 0 0 0 0 0 0 0 0
1 2 49 1 97 1 0 0 0 0 0 0 0 0 0
2 2 50 1 98 1 0 0 0 0 0 0 0 0 0
3 2 51 1 99 1 0 0 0 0 0 0 0 0 0
4 2 52 1 100 1 0 0 0 0 0 0 0 0 0
5 2 53 1 101 1 0 0 0 0 0 0 0 0 0
6 2 54 1 102 1 0 0 0 0 0 0 0 0 0
7 2 55 1 103 1 0 0 0 0 0 0 0 0 0
8 2 56 1 104 1 0 0 0 0 0 0 0 0 0
9 2 57 1 105 1 0 0 0 0 0 0 0 0 0
10 2 58 1 106 1 0 0 0 0 0 0 0 0 0
11 2 59 1 107 1 0 0 0 0 0 0 0 0 0
12 2 60 1 108 1 0 0 0 0 0 0 0 0 0
13 2 61 1 109 1 0 0 0 0 0 0 0 0 0
14 2 62 1 110 1 0 0 0 0 0 0 0 0 0
15 2 63 1 111 1 0 0 0 0 0 0 0 0 0
16 2 64 1 112 1 0 0 0 0 0 0 0 0 0
17 2 65 1 113 1 0 0 0 0 0 0 0 0 0
18 2 66 1 114 1 0 0 0 0 0 0 0 0 0
19 2 67 1 115 1 0 0 0 0 0 0 0 0 0
20 2 68 1 116 1 0 0 0 0 0 0 0 0 0
21 2 69 1 117 1 0 0 0 0 0 0 0 0 0
22 2 70 1 118 1 0 0 0 0 0 0 0 0 0
23 2 71 1 119 1 0 0 0 0 0 0 0 0 0
24 2 72 1 120 1 0 0 0 0 0 0 0 0 0
25 2 73 1 121 1 0 0 0 0 0 0 0 0 0
26 2 74 1 122 1 0 0 0 0 0 0 0 0 0
27 2 75 1 123 1 0 0 0 0 0 0 0 0 0
28 2 76 1 124 1 0 0 0 0 0 0 0 0 0
29 2 77 1 125 1 0 0 0 0 0 0 0 0 0
30 2 78 1 126 1 0 0 0 0 0 0 0 0 0
31 2 79 1 127 1 0 0 0 0 0 0 0 0 0
32 2 80 1 128 1 0 0 0 0 0 0 0 0 0
33 2 81 1 129 1 0 0 0 0 0 0 0 0 0
34 2 82 1 130 1 0 0 0 0 0 0 0 0 0
35 2 83 1 131 1 0 0 0 0 0 0 0 0 0
36 2 84 1 132 1 0 0 0 0 0 0 0 0 0
37 2 85 1 133 1 0 0 0 0 0 0 0 0 0
38 2 86 1 134 1 0 0 0 0 0 0 0 0 0
39 2 87 1 135 1 0 0 0 0 0 0 0 0 0
40 2 88 1 136 1 0 0 0 0 0 0 0 0 0
41 2 89 1 137 1 0 0 0 0 0 0 0 0 0
42 2 90 1 138 1 0 0 0 0 0 0 0 0 0
43 2 91 1 139 1 0 0 0 0 0 0 0 0 0
44 2 92 1 140 1 0 0 0 0 0 0 0 0 0
45 2 93 1 141 1 0 0 0 0 0 0 0 0 0
46 2 94 1 142 1 0 0 0 0 0 0 0 0 0
47 2 95 1 143 1 0 0 0 0 0 0 0 0 0
0 1 84 2 108 1 0 0 0 0 0 0 0 0 0
1 1 85 2 109 1 0 0 0 0 0 0 0 0 0
2 1 86 2 110 1 0 0 0 0 0 0 0 0 0
3 1 87 2 111 1 0 0 0 0 0 0 0 0 0
4 1 88 2 112 1 0 0 0 0 0 0 0 0 0
5 1 89 2 113 1 0 0 0 0 0 0 0 0 0
6 1 90 2 114 1 0 0 0 0 0 0 0 0 0
7 1 91 2 115 1 0 0 0 0 0 0 0 0 0
8 1 92 2 116 1 0 0 0 0 0 0 0 0 0
9 1 93 2 117 1 0 0 0 0 0 0 0 0 0
10 1 94 2 118 1 0 0 0 0 0 0 0 0 0
11 1 95 2 119 1 0 0 0 0 0 0 0 0 0
12 1 48 2 120 1 0 0 0 0 0 0 0 0 0
13 1 49 2 121 1 0 0 0 0 0 0 0 0 0
14 1 50 2 122 1 0 0 0 0 0 0 0 0 0
15 1 51 2 123 1 0 0 0 0 0 0 0 0 0
16 1 52 2 124 1 0 0 0 0 0 0 0 0 0
17 1 53 2 125 1 0 0 0 0 0 0 0 0 0
18 1 54 2 126 1 0 0 0 0 0 0 0 0 0
19 1 55 2 127 1 0 0 0 0 0 0 0 0 0
20 1 56 2 128 1 0 0 0 0 0 0 0 0 0
21 1 57 2 129 1 0 0 0 0 0 0 0 0 0
22 1 58 2 130 1 0 0 0 0 0 0 0 0 0
23 1 59 2 131 1 0 0 0 0 0 0 0 0 0
24 1 60 2 132 1 0 0 0 0 0 0 0 0 0
25 1 61 2 133 1 0 0 0 0 0 0 0 0 0
26 1 62 2 134 1 0 0 0 0 0 0 0 0 0
27 1 63 2 135 1 0 0 0 0 0 0 0 0 0
28 1 64 2 136 1 0 0 0 0 0 0 0 0 0
29 1 65 2 137 1 0 0 0 0 0 0 0 0 0
30 1 66 2 138 1 0 0 0 0 0 0 0 0 0
31 1 67 2 139 1 0 0 0 0 0 0 0 0 0
32 1 68 2 140 1 0 0 0 0 0 0 0 0 0
33 1 69 2 141 1 0 0 0 0 0 0 0 0 0
34 1 70 2 142 1 0 0 0 0 0 0 0 0 0
35 1 71 2 143 1 0 0 0 0 0 0 0 0 0
36 1 72 2 96 1 0 0 0 0 0 0 0 0 0
37 1 73 2 97 1 0 0 0 0 0 0 0 0 0
38 1 74 2 98 1 0 0 0 0 0 0 0 0 0
39 1 75 2 99 1 0 0 0 0 0 0 0 0 0
40 1 76 2 100 1 0 0 0 0 0 0 0 0 0
41 1 77 2 101 1 0 0 0 0 0 0 0 0 0
42 1 78 2 102 1 0 0 0 0 0 0 0 0 0
43 1 79 2 103 1 0 0 0 0 0 0 0 0 0
44 1 80 2 104 1 0 0 0 0 0 0 0 0 0
45 1 81 2 105 1 0 0 0 0 0 0 0 0 0
46 1 82 2 106 1 0 0 0 0 0 0 0 0 0
47 1 83 2 107 1 0 0 0 0 0 0 0 0 0
0 1 78 1 138 2 0 0 0 0 0 0 0 0 0
1 1 79 1 139 2 0 0 0 0 0 0 0 0 0
2 1 80 1 140 2 0 0 0 0 0 0 0 0 0
3 1 81 1 141 2 0 0 0 0 0 0 0 0 0
4 1 82 1 142 2 0 0 0 0 0 0 0 0 0
5 1 83 1 143 2 0 0 0 0 0 0 0 0 0
6 1 84 1 96 2 0 0 0 0 0 0 0 0 0
7 1 85 1 97 2 0 0 0 0 0 0 0 0 0
8 1 86 1 98 2 0 0 0 0 0 0 0 0 0
9 1 87 1 99 2 0 0 0 0 0 0 0 0 0
10 1 88 1 100 2 0 0 0 0 0 0 0 0 0
11 1 89 1 101 2 0 0 0 0 0 0 0 0 0
12 1 90 1 102 2 0 0 0 0 0 0 0 0 0
13 1 91 1 103 2 0 0 0 0 0 0 0 0 0
14 1 92 1 104 2 0 0 0 0 0 0 0 0 0
15 1 93 1 105 2 0 0 0 0 0 0 0 0 0
16 1 94 1 106 2 0 0 0 0 0 0 0 0 0
17 1 95 1 107 2 0 0 0 0 0 0 0 0 0
18 1 48 1 108 2 0 0 0 0 0 0 0 0 0
19 1 49 1 109 2 0 0 0 0 0 0 0 0 0
20 1 50 1 110 2 0 0 0 0 0 0 0 0 0
21 1 51 1 111 2 0 0 0 0 0 0 0 0 0
22 1 52 1 112 2 0 0 0 0 0 0 0 0 0
23 1 53 1 113 2 0 0 0 0 0 0 0 0 0
24 1 54 1 114 2 0 0 0 0 0 0 0 0 0
25 1 55 1 115 2 0 0 0 0 0 0 0 0 0
26 1 56 1 116 2 0 0 0 0 0 0 0 0 0
27 1 57 1 117 2 0 0 0 0 0 0 0 0 0
28 1 58 1 118 2 0 0 0 0 0 0 0 0 0
29 1 59 1 119 2 0 0 0 0 0 0 0 0 0
30 1 60 1 120 2 0 0 0 0 0 0 0 0 0
31 1 61 1 121 2 0 0 0 0 0 0 0 0 0
32 1 62 1 122 2 0 0 0 0 0 0 0 0 0
33 1 63 1 123 2 0 0 0 0 0 0 0 0 0
34 1 64 1 124 2 0 0 0 0 0 0 0 0 0
35 1 65 1 125 2 0 0 0 0 0 0 0 0 0
36 1 66 1 126 2 0 0 0 0 0 0 0 0 0
37 1 67 1 127 2 0 0 0 0 0 0 0 0 0
38 1 68 1 128 2 0 0 0 0 0 0 0 0 0
39 1 69 1 129 2 0 0 0 0 0 0 0 0 0
40 1 70 1 130 2 0 0 0 0 0 0 0 0 0
41 1 71 1 131 2 0 0 0 0 0 0 0 0 0
42 1 72 1 132 2 0 0 0 0 0 0 0 0 0
43 1 73 1 133 2 0 0 0 0 0 0 0 0 0
44 1 74 1 134 2 0 0 0 0 0 0 0 0 0
45 1 75 1 135 2 0 0 0 0 0 0 0 0 0
46 1 76 1 136 2 0 0 0 0 0 0 0 0 0
47 1 77 1 137 2 0 0 0 0 0 0 0 0 0
0 1 72 1 102 1 1 0 0 2 0 0 3 0 0
1 1 73 1 103 1 4 0 0 8 0 0 12 0 0
2 1 74 1 104 1 16 0 0 32 0 0 48 0 0
3 1 75 1 105 1 64 0 0 128 0 0 192 0 0
4 1 76 1 106 1 256 0 0 512 0 0 768 0 0
5 1 77 1 107 1 1024 0 0 2048 0 0 3072 0 0
6 1 78 1 108 1 4096 0 0 8192 0 0 12288 0 0
7 1 79 1 109 1 16384 0 0 32768 0 0 49152 0 0
8 1 80 1 110 1 65536 0 0 131072 0 0 196608 0 0
9 1 81 1 111 1 262144 0 0 524288 0 0 786432 0 0
10 1 82 1 112 1 1048576 0 0 2097152 0 0 3145728 0 0
11 1 83 1 113 1 4194304 0 0 8388608 0 0 12582912 0 0
12 1 84 1 114 1 16777216 0 0 33554432 0 0 50331648 0 0
13 1 85 1 115 1 67108864 0 0 134217728 0 0 201326592 0 0
14 1 86 1 116 1 268435456 0 0 536870912 0 0 805306368 0 0
15 1 87 1 117 1 1073741824 0 0 2147483648 0 0 3221225472 0 0
16 1 88 1 118 1 4294967296 0 0 8589934592 0 0 12884901888 0 0
17 1 89 1 119 1 17179869184 0 0 34359738368 0 0 51539607552 0 0
18 1 90 1 120 1 68719476736 0 0 137438953472 0 0 206158430208 0 0
19 1 91 1 121 1 274877906944 0 0 549755813888 0 0 824633720832 0 0
20 1 92 1 122 1 1099511627776 0 0 2199023255552 0 0 3298534883328 0 0
21 1 93 1 123 1 4398046511104 0 0 8796093022208 0 0 13194139533312 0 0
22 1 94 1 124 1 17592186044416 0 0 35184372088832 0 0 52776558133248 0 0
23 1 95 1 125 1 70368744177664 0 0 140737488355328 0 0 211106232532992 0 0
24 1 48 1 126 1 281474976710656 0 0 562949953421312 0 0 844424930131968 0 0
25 1 49 1 127 1 1125899906842624 0 0 2251799813685248 0 0 3377699720527872 0 0
26 1 50 1 128 1 4503599627370496 0 0 9007199254740992 0 0 13510798882111488 0 0
27 1 51 1 129 1 18014398509481984 0 0 36028797018963968 0 0 54043195528445952 0 0
28 1 52 1 130 1 72057594037927936 0 0 144115188075855872 0 0 216172782113783808 0 0
29 1 53 1 131 1 288230376151711744 0 0 576460752303423488 0 0 864691128455135232 0 0
30 1 54 1 132 1 1152921504606846976 0 0 2305843009213693952 0 0 3458764513820540928 0 0
31 1 55 1 133 1 4611686018427387904 0 0 9223372036854775808 0 0 13835058055282163712 0 0
32 1 56 1 134 1 0 1 0 0 2 0 0 3 0
33 1 57 1 135 1 0 4 0 0 8 0 0 12 0
34 1 58 1 136 1 0 16 0 0 32 0 0 48 0
35 1 59 1 137 1 0 64 0 0 128 0 0 192 0
36 1 60 1 138 1 0 256 0 0 512 0 0 768 0
37 1 61 1 139 1 0 1024 0 0 2048 0 0 3072 0
38 1 62 1 140 1 0 4096 0 0 8192 0 0 12288 0
39 1 63 1 141 1 0 16384 0 0 32768 0 0 49152 0
40 1 64 1 142 1 0 65536 0 0 131072 0 0 196608 0
41 1 65 1 143 1 0 262144 0 0 524288 0 0 786432 0
42 1 66 1 96 1 0 1048576 0 0 2097152 0 0 3145728 0
43 1 67 1 97 1 0 4194304 0 0 8388608 0 0 12582912 0
44 1 68 1 98 1 0 16777216 0 0 33554432 0 0 50331648 0
45 1 69 1 99 1 0 67108864 0 0 134217728 0 0 201326592 0
46 1 70 1 100 1 0 268435456 0 0 536870912 0 0 805306368 0
47 1 71 1 101 1 0 1073741824 0 0 2147483648 0 0 3221225472 0
0 1 59 1 113 1 864761531571635200 18018799777480896 13838436579837755400 288371165183870976 36037594186252352 4612812193279279116 576671875724217344 54056391816249472 9225624386558541828
1 1 60 1 114 1 3459046126286540803 72075199109923584 13514098222366752 1153484660735483905 144150376745009408 4504699407564848 2306687502896869378 216225567264997888 9009398815064080
2 1 61 1 115 1 13836184505146163212 288300796439694336 54056392889467008 4613938642941935620 576601506980037632 18018797630259392 9226750011587477512 864902269059991552 36037595260256320
3 1 62 1 116 1 4505799455998000 1153203185758777347 216225571557868032 9010498058190864 2306406027920150529 72075190521037568 13511898930806816 3459609076239966210 144150381041025280
4 1 63 1 117 1 18023197823992000 4612812743035109388 864902286231472128 36041992232763456 9225624111680602116 288300762084150272 54047595723227264 13838436304959864840 576601524164101120
5 1 64 1 118 1 72092791295968000 4506898430885936 3459609144925888513 144167968931053824 9008299303305232 1153203048336601090 216190382892909056 13512998710804512 2306406096656404483
6 1 65 1 119 1 288371165183872000 18027593723543744 13838436579703554052 576671875724215296 36033197213220928 4612812193346404360 864761531571636224 54051994843218048 9225624386625617932
7 1 66 1 120 1 1153484660735488001 72110383484109568 13514097685561360 2306687502896861186 144132784557916416 4504699676065824 3459046126286544899 216207975077904896 9009399083368496
8 1 67 1 121 1 4613938642941952004 288441533936438272 54056390742245440 9226750011587444744 576531138231665664 18018798704263296 13836184505146179596 864831900311619584 36037596333473984
9 1 68 1 122 1 9010498058256400 1153766135745753089 216225562968981760 13511898930675744 2306124552926662658 72075194817053184 4505799456063536 3459327601246478339 144150385333895936
10 1 69 1 123 1 36041992233025600 4615064542983012356 864902251875927040 54047595722702976 9224498211706650632 288300779268212736 18023197824254144 13837310404985913356 576601541335583744
11 1 70 1 124 1 144167968932102400 13514098222497808 3459609007503708161 216190382890811904 4504699407499296 1153203117072850946 72092791297016576 9009398814998576 2306406165342334979
12 1 71 1 125 1 576671875728409600 54056392889991232 13838436030014832644 864761531563247616 18018797629997184 4612812468291403784 288371165188066304 36037595259994304 9225624661369339916
13 1 72 1 126 1 2306687502913638403 216225571559964928 13511898930675728 3459046126252990465 72075190519988736 4505799456063520 1153484660752265218 144150381039977216 9010498058256432
14 1 73 1 127 1 9226750011654553612 864902286239859712 54047595722702912 13836184505011961860 288300762079954944 18023197824254080 4613938643009060872 576601524159908864 36041992233025728
15 1 74 1 128 1 13511899199111216 3459609144959438850 216190382890811648 4505798919192592 1153203048319819779 72092791297016320 9010498326691872 2306406096639635457 144167968932102912
16 1 75 1 129 1 54047596796444864 13838436579837755400 864761531563246592 18023195676770368 4612812193279279116 288371165188065280 36041993306767488 9225624386558541828 576671875728411648
17 1 76 1 130 1 216190387185779456 13514098222366752 3459046126252986371 72092782707081472 4504699407564848 1153484660752261121 144167973227069952 9009398815064080 2306687502913646594
18 1 77 1 131 1 864761548743117824 54056392889467008 13836184505011945484 288371130828325888 18018797630259392 4613938643009044484 576671892908279808 36037595260256320 9226750011654586376
19 1 78 1 132 1 3459046194972471299 216225571557868032 4505798919127088 1153484523313303553 72075190521037568 9010498326626320 2306687571633119234 144150381041025280 13511899199242272
20 1 79 1 133 1 13836184779889885196 864902286231472128 18023195676508352 4613938093253214212 288300762084150272 36041993306505280 9226750286532476936 576601524164101120 54047596796969088
21 1 80 1 134 1 4506898430885936 3459609144925888515 72092782706033408 9008299303305232 1153203048336601089 144167973226021120 13512998710804512 2306406096656404482 216190387187876352
22 1 81 1 135 1 18027593723543744 13838436579703554060 288371130824133632 36033197213220928 4612812193346404356 576671892904084480 54051994843218048 9225624386625617928 864761548751505408
23 1 82 1 136 1 72110374894174976 13514097685561392 1153484523296534531 144132788852883712 4504699676065808 2306687571616337921 216207979372872192 9009399083368480 3459046195006021634
24 1 83 1 137 1 288441499576699904 54056390742245568 4613938093186138124 576531155411534848 18018798704263232 9226750286465351684 864831917491488768 36037596333473920 13836184780024086536
25 1 84 1 138 1 1153765998306799617 216225562968982272 9008299035000880 2306124621646139394 72075194817052928 13512998442303504 3459327669965955075 144150385333895680 4506898967691296
26 1 85 1 139 1 4615063993227198468 864902251875929088 36033196140003520 9224498486584557576 288300779268211712 54051993769214016 13837310679863820300 576601541335582720 18027595870765184
27 1 86 1 140 1 13511899199242256 3459609007503716353 144132784560014080 4505798919127072 1153203117072846850 216207975076856064 9010498326626352 2306406165342330883 72110383483060736
28 1 87 1 141 1 54047596796969024 13838436030014865412 576531138240056320 18023195676508288 4612812468291387400 864831900307424256 36041993306505408 9225624661369323532 288441533932242944
29 1 88 1 142 1 216190387187876096 13511898930806800 2306124552960225283 72092782706033152 4505799455997984 3459327601229697025 144167973226021632 9010498058190896 1153766135728971778
30 1 89 1 143 1 864761548751504384 54047595723227200 9224498211840901132 288371130824132608 18023197823991936 13837310404918788100 576671892904086528 36041992232763584 4615064542915887112
31 1 90 1 96 1 3459046195006017538 216190382892908800 4504699944501296 1153484523296530435 72092791295967744 9009398546497552 2306687571616346113 144167968931054336 13514097953996832
32 1 91 1 97 1 13836184780024070152 864761531571635200 18018799778005184 4613938093186121740 288371165183870976 36037594185990208 9226750286465384452 576671875724217344 54056391815987328
33 1 92 1 98 1 4506898967625760 3459046126286540803 72075199112020736 9008299034935344 1153484660735483905 144150376743960832 13512998442434576 2306687502896869378 216225567263949312
34 1 93 1 99 1 18027595870503040 13836184505146163212 288300796448082944 36033196139741376 4613938642941935620 576601506975843328 54051993769738304 9226750011587477512 864902269055797248
35 1 94 1 100 1 72110383482012160 4505799455998000 1153203185792331779 144132784558965504 9010498058190864 2306406027903373313 216207975078953216 13511898930806816 3459609076223188994
36 1 95 1 101 1 288441533928048640 18023197823992000 4612812743169327116 576531138235862016 36041992232763456 9225624111613493252 864831900315812864 54047595723227264 13838436304892755976
37 1 48 1 102 1 1153766135712194563 72092782706033408 4506898967756848 2306124552943448065 144167973226021120 9008299034869776 3459327601263251458 216190387187876352 13512998442369056
38 1 49 1 103 1 4615064542848778252 288371130824133632 18027595871027392 9224498211773792260 576671892904084480 36033196139479104 13837310405053005832 864761548751505408 54051993769476224
39 1 50 1 104 1 13514097685561392 1153484523296534529 72110383484109568 4504699676065808 2306687571616337922 144132784557916416 9009399083368480 3459046195006021635 216207975077904896
40 1 51 1 105 1 54056390742245568 4613938093186138116 288441533936438272 18018798704263232 9226750286465351688 576531138231665664 36037596333473920 13836184780024086540 864831900311619584
41 1 52 1 106 1 216225562968982272 9008299035000848 1153766135745753089 72075194817052928 13512998442303520 2306124552926662658 144150385333895680 4506898967691312 3459327601246478339
42 1 53 1 107 1 864902251875929088 36033196140003392 4615064542983012356 288300779268211712 54051993769214080 9224498211706650632 576601541335582720 18027595870765248 13837310404985913356
43 1 54 1 108 1 3459609007503716353 144132784560013568 13514098222497808 1153203117072846850 216207975076856320 4504699407499296 2306406165342330883 72110383483060992 9009398814998576
44 1 55 1 109 1 13838436030014865412 576531138240054272 54056392889991232 4612812468291387400 864831900307425280 18018797629997184 9225624661369323532 288441533932243968 36037595259994304
45 1 56 1 110 1 13511898930806800 2306124552960217091 216225571559964928 4505799455997984 3459327601229701121 72075190519988736 9010498058190896 1153766135728975874 144150381039977216
46 1 57 1 111 1 54047595723227200 9224498211840868364 864902286239859712 18023197823991936 13837310404918804484 288300762079954944 36041992232763584 4615064542915903496 576601524159908864
47 1 58 1 112 1 216190382892908800 4504699944370224 3459609144959438850 72092791295967744 9009398546563088 1153203048319819779 144167968931054336 13514097954062368 2306406096639635457
0 1 79 1 114 1 3459609007470149632 72092791297015808 2199560192032 1153203117022511104 144167968932102144 3299340320816 2306406165325545472 216190382890811392 1099780259856
1 1 80 1 115 1 13838436029880598528 288371165188063232 8798240768128 4612812468090044416 576671875728408576 13197361283264 9225624661302181888 864761531563245568 4399121039424
2 1 81 1 116 1 13511898393739264 1153484660752252931 35192963072512 4505798650626048 2306687502913634305 52789445133056 9010497789624320 3459046126252982274 17596484157696
3 1 82 1 117 1 54047593574957056 4613938643009011724 140771852290048 18023194602504192 9226750011654537220 211157780532224 36041991158497280 13836184505011929096 70385936630784
4 1 83 1 118 1 216190374299828224 9010498326495280 563087409160193 72092778410016768 13511899199045648 844631122128898 144167964633989120 4505798919061536 281543746523139
5 1 84 1 119 1 864761497199312896 36041993305981120 2252349636640772 288371113640067072 54047596796182592 3378524488515592 576671858535956480 18023195676246144 1126174986092556
6 1 85 1 120 1 3459045988797251586 144167964633989888 9009398546563088 1153484454560268291 216190374299828480 13514097954062368 2306687434143825921 72092778410017280 4504699944370224
7 1 86 1 121 1 13836183955189006344 576671858535959552 36037594186252352 4613937818241073164 864761497199313920 54056391816249472 9226749736575303684 288371113640069120 18018799777480896
8 1 87 1 122 1 4503599627370528 2306687434143838211 144150376745009408 9007199254741040 3459045988797255681 216225567264997888 13510798882111504 1153484454560276482 72075199109923584
9 1 88 1 123 1 18014398509482112 9226749736575352844 576601506980037632 36028797018964160 13836183955189022724 864902269059991552 54043195528446016 4613937818241105928 288300796439694336
10 1 89 1 124 1 72057594037928448 13510798882308144 2306406027920150530 144115188075856640 4503599627436048 3459609076239966211 216172782113784064 9007199254872096 1153203185758777345
11 1 90 1 125 1 288230376151713792 54043195529232576 9225624111680602120 576460752303426560 18014398509744192 13838436304959864844 864691128455136256 36028797019488384 4612812743035109380
12 1 91 1 126 1 1152921504606855168 216172790706864896 9008299303305248 2305843009213706240 72057606923878656 13512998710804528 3458764513820545024 144115192372920832 4506898430885904
13 1 92 1 127 1 4611686018427420672 864691162827459584 36033197213220992 9223372036854824960 288230427695514624 54051994843218112 13835058055282180096 576460769491683328 18027593723543616
14 1 93 1 128 1 131072 3458764651309838337 144132788852883968 196608 1152921710782058498 216207979372872448 65536 2305843077966733315 72110374894174464
15 1 94 1 129 1 524288 13835058605239353348 576531155411535872 786432 4611686843128233992 864831917491489792 262144 9223372311866933260 288441499576697856
16 1 95 1 130 1 2097152 2199828758544 2306124621646143491 3145728 3298803384352 3459327669965959169 1048576 1100048629808 1153765998306791426
17 1 48 1 131 1 8388608 8799315034176 9224498486584573964 12582912 13195213537408 13837310679863836676 4194304 4400194519232 4615063993227165704
18 1 49 1 132 1 33554435 35192965169408 4505798919192624 50331649 52789444084224 9010498326691856 16777218 17596483109632 13511899199111200
19 1 50 1 133 1 134217740 140771860677632 18023195676770496 201326596 211157776336896 36041993306767424 67108872 70385932438528 54047596796444800
20 1 51 1 134 1 536870960 563087442710528 72092782707081984 805306384 844631105347584 144167973227069696 268435488 281543729754112 216190387185779200
21 1 52 1 135 1 2147483840 2252349770842112 288371130828327936 3221225536 3378524421390336 576671892908278784 1073741952 1126174919016448 864761548743116800
22 1 53 1 136 1 8589935360 9009399083368448 1153484523313311744 12884902144 13514097685561344 2306687571633115136 4294967808 4504699676065792 3459046194972467200
23 1 54 1 137 1 34359741440 36037596333473792 4613938093253246976 51539608576 54056390742245376 9226750286532460544 17179871232 18018798704263168 13836184779889868800
24 1 55 1 138 1 137438965763 144150376743960576 9008299303436288 206158434305 216225567263948800 13512998710738944 68719484930 72075199112019968 4506898430820352
25 1 56 1 139 1 549755863052 576601506975842304 36033197213745152 824633737220 864902269055795200 54051994842955776 274877939720 288300796448079872 18027593723281408
26 1 57 1 140 1 2199023452208 2306406027903369216 144132788854980608 3298534948880 3459609076223180800 216207979371823104 1099511758880 1153203185792319488 72110374893125632
27 1 58 1 141 1 8796093808832 9225624111613476864 576531155419922432 13194139795520 13838436304892723200 864831917487292416 4398047035520 4612812743169277952 288441499572502528
28 1 59 1 142 1 35184375235328 9008299034804224 2306124621679689730 52776559182080 13512998442237952 3459327669949169667 17592188142080 4506898967560192 1153765998290010113
29 1 60 1 143 1 140737500941312 36033196139216896 9224498486718758920 211106236728320 54051993768951808 13837310679796678668 70368752568320 18027595870240768 4615063993160040452
30 1 61 1 96 1 562950003765249 144132788851834880 4505799455932448 844424946913282 216207979370774528 9010498058059824 281475010273283 72110374891028480 13511898930610192
31 1 62 1 97 1 2251800015060996 576531155407339520 18023197823729792 3377699787653128 864831917483098112 36041992232239296 1125900041093132 288441499564113920 54047595722440768
32 1 63 1 98 1 9007200060243984 2306124621629358080 72092791294919168 13510799150612512 3459327669932392448 144167968928957184 4503600164372528 1153765998256455680 216190382889763072
33 1 64 1 99 1 36028800240975936 9224498486517432320 288371165179676672 54043196602450048 13837310679729569792 576671875715828736 18014400657490112 4615063993025822720 864761531559052288
34 1 65 1 100 1 144115200963903744 4505798650626048 1153484660718706690 216172786409800192 9010497789624320 2306687502863314947 72057602629960448 13511898393739264 3459046126236209153
35 1 66 1 101 1 576460803855614976 18023194602504192 4613938642874826760 864691145639200768 36041991158497280 9226750011453259788 288230410519841792 54047593574957056 13836184504944836612
36 1 67 1 102 1 2305843215422459904 72092782704984064 9010497789755424 3458764582556803072 144167973223923712 13511898393935920 1152921642079367168 216190387184730112 4505798650691600
37 1 68 1 103 1 9223372861689839616 288371130819936256 36041991159021696 13835058330227212288 576671892895694848 54047593575743680 4611686568317468672 864761548738920448 18023194602766400
38 1 69 1 104 1 3299340255232 1153484523279745026 144167964636086784 1099780194304 2306687571582779395 216190374302974720 2199560323072 3459046194955681793 72092778411065600
39 1 70 1 105 1 13197361020928 4613938093118980104 576671858544347136 4399120777216 9226750286331117580 864761497211898880 8798241292288 13836184779822727172 288371113644262400
40 1 71 1 106 1 52789444083712 9008298766368800 2306687434177388545 17596483108864 13512997905367088 3459045988847595522 35192965169152 4506898162253840 1153484454577049603
41 1 72 1 107 1 211157776334848 36033195065475200 9226749736709554180 70385932435456 54051991621468352 13836183955390382088 140771860676608 18027592649015360 4613937818308198412
42 1 73 1 108 1 844631105339392 144132788851835392 13510799419113488 281543729741824 216207979370775296 4503600432873504 563087442706432 72110374891028736 9007199523242032
43 1 74 1 109 1 3378524421357568 576531155407341568 54043197676453952 1126174918967296 864831917483101184 18014401731494016 2252349770825728 288441499564114944 36028798092968128
44 1 75 1 110 1 13514097685430272 2306124621629366272 216172790705815808 4504699675869184 3459327669932404736 72057606925976064 9009399083302912 1153765998256459776 144115192371872512
45 1 76 1 111 1 54056390741721088 9224498486517465088 864691162823263232 18018798703476736 13837310679729618944 288230427703904256 36037596333211648 4615063993025839104 576460769487490048
46 1 77 1 112 1 216225562966884352 4505798650757120 3458764651293052930 72075194813906944 9010497789820928 1152921710815617027 144150385332846592 13511898393804800 2305843077949960193
47 1 78 1 113 1 864902251867537408 18023194603028480 13835058605172211720 288300779255627776 36041991159283712 4611686843262468108 576601541331386368 54047593575219200 9223372311799840772
0 1 90 1 97 1 1153484592049561602 144115196666839040 3298534883328 2306687640319045635 216172795000782848 1099511627776 3459046057550286849 72057598336040960 2199023255552
1 1 91 1 98 1 4613938368198246408 576460786667356160 13194139533312 9226750561276182540 864691180003131392 4398046511104 13836184230201147396 288230393344163840 8796093022208
2 1 92 1 99 1 9009399083434016 2305843146669424641 52776558133248 13514097685626928 3458764720012525570 17592186044416 4504699675934736 1152921573376655363 35184372088832
3 1 93 1 100 1 36037596333736064 9223372586677698564 211106232532992 54056390742507712 13835058880050102280 70368744177664 18018798703738944 4611686293506621452 140737488355328
4 1 94 1 101 1 144150385334944256 2199291691024 844424930131970 216225562970030848 3299071754272 281474976710659 72075194814955776 1100316934192 562949953421313
5 1 95 1 102 1 576601541339777024 8797166764096 3377699720527880 864902251880123392 13196287017088 1125899906842636 288300779259823104 4401267736768 2251799813685252
6 1 48 1 103 1 2306406165359108097 35184372089088 13510798882111520 3459609007520493570 52776558133760 4503599627370544 1153203117039292419 17592186045184 9007199254741008
7 1 49 1 104 1 9225624661436432388 140737488356352 54043195528446080 13838436030081974280 211106232535040 18014398509482176 4612812468157169676 70368744180736 36028797018964032
8 1 50 1 105 1 9010498326626320 562949953425410 216172782113784320 13511899199242272 844424930140163 72057594037928704 4505798919127088 281474976722945 144115188075856128
9 1 51 1 106 1 36041993306505280 2251799813701640 864691128455137280 54047596796969088 3377699720560652 288230376151714816 18023195676508352 1125899906891780 576460752303424512
10 1 52 1 107 1 144167973226021120 9007199254806560 3458764513820549120 216190387187876352 13510798882242608 1152921504606859264 72092782706033408 4503599627567120 2305843009213698048
11 1 53 1 108 1 576671892904084480 36028797019226240 13835058055282196480 864761548751505408 54043195528970432 4611686018427437056 288371130824133632 18014398510268480 9223372036854792192
12 1 54 1 109 1 2306687571616337920 144115200961806848 131072 3459046195006021632 216172786410849024 196608 1153484523296534528 72057602631008512 65536
13 1 55 1 110 1 9226750286465351680 576460803847227392 524288 13836184780024086528 864691145643396096 786432 4613938093186138112 288230410524034048 262144
14 1 56 1 111 1 13512998442303488 2305843215388909570 2097152 4506898967691264 3458764582573584387 3145728 9008299035000832 1152921642096136193 1048576
15 1 57 1 112 1 54051993769213952 9223372861555638280 8388608 18027595870765056 13835058330294337548 12582912 36033196140003328 4611686568384544772 4194304
16 1 58 1 113 1 216207975076855808 3298803449888 33554434 72110383483060224 1100048695344 50331651 144132784560013312 2199828627472 16777217
17 1 59 1 114 1 864831900307423232 13195213799552 134217736 288441533932240896 4400194781376 201326604 576531138240053248 8799314509888 67108868
18 1 60 1 115 1 3459327601229692929 52776560230912 536870944 1153766135728963586 17592189190912 805306416 2306124552960212995 35184373137664 268435472
19 1 61 1 116 1 13837310404918771716 211106240923648 2147483776 4615064542915854344 70368756763648 3221225664 9224498211840851980 140737492550656 1073741888
20 1 62 1 117 1 9009398546432016 844424963694595 8589935104 13514097953865760 281475027054593 12884902656 4504699944304688 562949970202626 4294967552
21 1 63 1 118 1 36037594185728064 3377699854778380 34359740416 54056391815463040 1125900108218372 51539610624 18018799777218752 2251799880810504 17179870208
22 1 64 1 119 1 144150376742912256 13510799419113520 137438961664 216225567261852160 4503600432873488 206158442496 72075199108875008 9007199523242016 68719480832
23 1 65 1 120 1 576601506971649024 54043197676454080 549755846656 864902269047408640 18014401731493952 824633769984 288300796435500032 36028798092968064 274877923328
24 1 66 1 121 1 2306406027886596098 216172782115881728 2199023386624 3459609076189634563 72057594041073920 3298535079936 1153203185742000129 144115188076904960 1099511693312
25 1 67 1 122 1 9225624111546384392 864691128463526912 8796093546496 13838436304758538252 288230376164295680 13194140319744 4612812742968000516 576460752307619840 4398046773248
26 1 68 1 123 1 9008298766434336 3458764513854107650 35184374185984 13512997905498160 1152921504657182723 52776561278976 4506898162450448 2305843009230479361 17592187092992
27 1 69 1 124 1 36033195065737344 13835058055416430600 140737496743936 54051991621992640 4611686018628730892 211106245115904 18027592649801792 9223372036921917444 70368748371968
28 1 70 1 125 1 144132780262949376 537067552 562949986975747 216207966487970560 805371952 844424980463617 72110370599207168 268566544 281474993487874
29 1 71 1 126 1 576531121051797504 2148270208 2251799947902988 864831865951882240 3221487808 3377699921854468 288441482396828672 1074266176 1125899973951496
30 1 72 1 127 1 2306124484207190018 3146240 9007199791611952 3459327463807528963 1049344 13510799687417872 1153765929587314689 2097408 4503599895805984
31 1 73 1 128 1 9224497936828760072 12584960 36028799166447808 13837309855230115852 4197376 54043198749671488 4615063718349258756 8389632 18014399583223936
32 1 74 1 129 1 4503599895937056 50339842 144115196665791232 9007199791808560 16789507 216172794998685952 13510799687483408 33558529 72057598332895744
33 1 75 1 130 1 18014399583748224 201359368 576460786663164928 36028799167234240 67158028 864691179994743808 54043198749933632 134234116 288230393331582976
34 1 76 1 131 1 72057598334992896 805437472 2305843146652659712 144115196668936960 268632112 3458764719978975232 216172794999734528 536936464 1152921573326331904
35 1 77 1 132 1 288230393339971584 3221749888 9223372586610638848 576460786675747840 1074528448 13835058879915900928 864691179998938112 2147745856 4611686293305327616
36 1 78 1 133 1 1152921573359886339 8592032256 2199023452160 2305843146702991361 12888048384 3298534948864 3458764719995752450 4296016128 1099511758848
37 1 79 1 134 1 4611686293439545356 34368129024 8796093808640 9223372586811965444 51552193536 13194139795456 13835058879983009800 17184064512 4398047035392
38 1 80 1 135 1 1100048629808 137472516097 35184375234560 2199828758544 206208774146 52776559181824 3298803384352 68736258051 17592188141568
39 1 81 1 136 1 4400194519232 549890064388 140737500938240 8799315034176 824835096584 211106236727296 13195213537408 274945032204 70368752566272
40 1 82 1 137 1 17600778076928 2199560257552 562950003752960 35197260136704 3299340386336 844424946909184 52780854149632 1099780128816 281475010265088
41 1 83 1 138 1 70403112307712 8798241030208 2251800015011840 140789040546816 13197361545344 3377699787636736 211123416598528 4399120515264 1125900041060352
42 1 84 1 139 1 281612449230850 35184374186240 9007200060047360 563156162187267 52776561279488 13510799150546944 844493666394113 17592187093760 4503600164241408
43 1 85 1 140 1 1126449796923400 140737496744960 36028800240189440 2252624648749068 211106245117952 54043196602187776 3377974665576452 70368748375040 18014400656965632
44 1 86 1 141 1 4505799187693600 562949986979840 144115200960757760 9010498594996272 844424980471808 216172786408751104 13511898662305808 281474993500160 72057602627862528
45 1 87 1 142 1 18023196750774400 2251799947919360 576460803843031040 36041994379985088 3377699921887232 864691145635004416 54047594649223232 1125899974000640 288230410511450112
46 1 88 1 143 1 72092787003097600 9007199791677440 2305843215372124160 144167977519940352 13510799687548928 3458764582540017664 216190378596892928 4503599896002560 1152921642045800448
47 1 89 1 96 1 288371148012390400 36028799166709760 9223372861488496640 576671910079761408 54043198750195712 13835058330160070656 864761514387571712 18014399584010240 4611686568183201792
0 1 54 1 120 1 0 4294967296 0 0 8589934592 0 0 12884901888 0
1 1 55 1 121 1 0 17179869184 0 0 34359738368 0 0 51539607552 0
2 1 56 1 122 1 0 68719476736 0 0 137438953472 0 0 206158430208 0
3 1 57 1 123 1 0 274877906944 0 0 549755813888 0 0 824633720832 0
4 1 58 1 124 1 0 1099511627776 0 0 2199023255552 0 0 3298534883328 0
5 1 59 1 125 1 0 4398046511104 0 0 8796093022208 0 0 13194139533312 0
6 1 60 1 126 1 0 17592186044416 0 0 35184372088832 0 0 52776558133248 0
7 1 61 1 127 1 0 70368744177664 0 0 140737488355328 0 0 211106232532992 0
8 1 62 1 128 1 0 281474976710656 0 0 562949953421312 0 0 844424930131968 0
9 1 63 1 129 1 0 1125899906842624 0 0 2251799813685248 0 0 3377699720527872 0
10 1 64 1 130 1 0 4503599627370496 0 0 9007199254740992 0 0 13510798882111488 0
11 1 65 1 131 1 0 18014398509481984 0 0 36028797018963968 0 0 54043195528445952 0
12 1 66 1 132 1 0 72057594037927936 0 0 144115188075855872 0 0 216172782113783808 0
13 1 67 1 133 1 0 288230376151711744 0 0 576460752303423488 0 0 864691128455135232 0
14 1 68 1 134 1 0 1152921504606846976 0 0 2305843009213693952 0 0 3458764513820540928 0
15 1 69 1 135 1 0 4611686018427387904 0 0 9223372036854775808 0 0 13835058055282163712 0
16 1 70 1 136 1 0 0 1 0 0 2 0 0 3
17 1 71 1 137 1 0 0 4 0 0 8 0 0 12
18 1 72 1 138 1 0 0 16 0 0 32 0 0 48
19 1 73 1 139 1 0 0 64 0 0 128 0 0 192
20 1 74 1 140 1 0 0 256 0 0 512 0 0 768
21 1 75 1 141 1 0 0 1024 0 0 2048 0 0 3072
22 1 76 1 142 1 0 0 4096 0 0 8192 0 0 12288
23 1 77 1 143 1 0 0 16384 0 0 32768 0 0 49152
24 1 78 1 96 1 0 0 65536 0 0 131072 0 0 196608
25 1 79 1 97 1 0 0 262144 0 0 524288 0 0 786432
26 1 80 1 98 1 0 0 1048576 0 0 2097152 0 0 3145728
27 1 81 1 99 1 0 0 4194304 0 0 8388608 0 0 12582912
28 1 82 1 100 1 0 0 16777216 0 0 33554432 0 0 50331648
29 1 83 1 101 1 0 0 67108864 0 0 134217728 0 0 201326592
30 1 84 1 102 1 0 0 268435456 0 0 536870912 0 0 805306368
31 1 85 1 103 1 0 0 1073741824 0 0 2147483648 0 0 3221225472
32 1 86 1 104 1 0 0 4294967296 0 0 8589934592 0 0 12884901888
33 1 87 1 105 1 0 0 17179869184 0 0 34359738368 0 0 51539607552
34 1 88 1 106 1 0 0 68719476736 0 0 137438953472 0 0 206158430208
35 1 89 1 107 1 0 0 274877906944 0 0 549755813888 0 0 824633720832
36 1 90 1 108 1 0 0 1099511627776 0 0 2199023255552 0 0 3298534883328
37 1 91 1 109 1 0 0 4398046511104 0 0 8796093022208 0 0 13194139533312
38 1 92 1 110 1 0 0 17592186044416 0 0 35184372088832 0 0 52776558133248
39 1 93 1 111 1 0 0 70368744177664 0 0 140737488355328 0 0 211106232532992
40 1 94 1 112 1 0 0 281474976710656 0 0 562949953421312 0 0 844424930131968
41 1 95 1 113 1 0 0 1125899906842624 0 0 2251799813685248 0 0 3377699720527872
42 1 48 1 114 1 0 0 4503599627370496 0 0 9007199254740992 0 0 13510798882111488
43 1 49 1 115 1 0 0 18014398509481984 0 0 36028797018963968 0 0 54043195528445952
44 1 50 1 116 1 0 0 72057594037927936 0 0 144115188075855872 0 0 216172782113783808
45 1 51 1 117 1 0 0 288230376151711744 0 0 576460752303423488 0 0 864691128455135232
46 1 52 1 118 1 0 0 1152921504606846976 0 0 2305843009213693952 0 0 3458764513820540928
47 1 53 1 119 1 0 0 4611686018427387904 0 0 9223372036854775808 0 0 13835058055282163712
