512 192 4 64
0 1 64 1 128 1 216172782113785856 216173331869600780 216172851370133504 234187180623265792 72057594037931008 72058418671649796 72057732282190848 108086391056891904 144115188075856896 144115462953764872 144115394502722560 198158383604301824
1 1 65 1 129 1 864691128455143424 864693327478403120 864691405480534016 936748722493063168 288230376151724032 288233674686599184 288230929128763392 432345564227567616 576460752303427584 576461851815059488 576461578010890240 792633534417207296
2 1 66 1 130 1 3458764513820573696 3458773309913612480 3458765621922136064 3746994889972252672 1152921504606896128 1152934698746396736 1152923716515053568 1729382256910270464 2305843009213710336 2305847407260237952 2305846312043560960 3170534137668829184
3 1 67 1 131 1 13835058055282294784 13835093239654449920 13835062487688544256 14987979559889010688 4611686018427584512 4611738794985586944 4611694866060214272 6917529027641081856 9223372036854841344 9223389629040951808 9223385248174243840 12682136550675316736
4 1 68 1 132 1 524291 140737489144835 17729625522179 4611686018427387907 786433 211106232796161 35390531305473 9223372036854775809 262146 70368744704002 52845277872130 13835058055282163714
5 1 69 1 133 1 2097164 562949956579340 70918502088717 12 3145732 844424931184644 141562125221894 4 1048584 281474978816008 211381111488523 8
6 1 70 1 134 1 8388656 2251799826317360 283674008354868 48 12582928 3377699724738576 566248500887576 16 4194336 1125899915264032 845524445954092 32
7 1 71 1 135 1 33554624 9007199305269440 1134696033419472 192 50331712 13510798898954304 2264994003550304 64 16777344 4503599661056128 3382097783816368 128
8 1 72 1 136 1 134218496 36028797221077760 4538784133677888 768 201326848 54043195595817216 9059976014201216 256 67109376 18014398644224512 13528391135265472 512
9 1 73 1 137 1 536873984 144115188884311040 18155136534711552 3072 805307392 216172782383268864 36239904056804864 1024 268437504 72057594576898048 54113564541061888 2048
10 1 74 1 138 1 2147495936 576460755537244160 72620546138846208 12288 3221229568 864691129533075456 144959616227219456 4096 1073750016 288230378307592192 216454258164247552 8192
11 1 75 1 139 1 8589983744 2305843022148976640 290482184555384832 49152 12884918272 3458764518132301824 579838464908877824 16384 4295000064 1152921513230368768 865817032656990208 32768
12 1 76 1 140 1 34359934976 9223372088595906560 1161928738221539328 196608 51539673088 13835058072529207296 2319353859635511296 65536 17180000256 4611686052921475072 3463268130627960832 131072
13 1 77 1 141 1 137439739906 206964523008 4647714952886157312 786432 206158692355 68988174336 9277415438542045184 262144 68720001025 137976348672 13853072522511843328 524288
14 1 78 1 142 1 549758959624 827858092032 144115737835077632 3145729 824634769420 275952697344 216173606749077504 1048578 274880004100 551905394688 72057868918718464 2097155
15 1 79 1 143 1 2199035838496 3311432368128 576462951340310528 12582916 3298539077680 1103810789376 864694426996310016 4194312 1099520016400 2207621578752 288231475674873856 8388620
16 1 80 1 144 1 8796143353984 13245729472512 2305851805361242112 50331664 13194156310720 4415243157504 3458777707985240064 16777248 4398080065600 8830486315008 1152925902699495424 33554480
17 1 81 1 145 1 35184573415936 52982917890048 9223407221444968448 201326656 52776625242880 17660972630016 13835110831940960256 67108992 17592320262400 35321945260032 4611703610797981696 134217920
18 1 82 1 146 1 140738293663744 211931671560192 140738360770560 805306626 211106500971520 70643890520064 211106635186176 268435971 70369281049600 141287781040128 70369482375168 536871681
19 1 83 1 147 1 562953174654976 847726686240768 562953443082240 3221226504 844426003886080 282575562080256 844426540744704 1073743884 281477124198400 565151124160512 281477929500672 2147486724
20 1 84 1 148 1 2251812698619904 3390906744963072 2251813772328960 12884906016 3377704015544320 1130302248321024 3377706162978816 4294975536 1125908496793600 2260604496642048 1125911718002688 8589946896
21 1 85 1 149 1 9007250794479616 13563626979852288 9007255089315840 51539624064 13510816062177280 4521208993284096 13510824651915264 17179902144 4503633987174400 9042417986568192 4503646872010752 34359787584
22 1 86 1 150 1 36029003177918464 54254507919409152 36029020357263360 206158496256 54043264248709120 18084835973136384 54043298607661056 68719608576 18014535948697600 36169671946272768 18014587488043008 137439150336
23 1 87 1 151 1 144116012711673856 217018031677636608 144116081429053440 824633985024 216173056994836480 72339343892545536 216173194430644224 274878434304 72058143794790400 144678687785091072 72058349952172032 549756601344
24 1 88 1 152 1 576464050846695424 868072126710546432 576464325716213760 3298535940096 864692227979345920 289357375570182144 864692777722576896 1099513737216 288232575179161600 578714751140364288 288233399808688128 2199026405376
25 1 89 1 153 1 2305856203386781696 3472288506842185728 2305857302864855040 13194143760384 3458768911917383680 1157429502280728576 3458771110890307584 4398054948864 1152930300716646400 2314859004561457152 1152933599234752512 8796105621504
26 1 90 1 154 1 9223424813547126784 13889154027368742912 9223429211459420160 52776575041536 13835075647669534720 4629718009122914304 13835084443561230336 17592219795456 4611721202866585600 9259436018245828608 4611734396939010048 35184422486016
27 1 91 1 155 1 211106769403907 216383888346316802 228698418577408 211106300166146 70369549484033 72127962782105603 105553116266496 70368879181827 140737756790786 144255925564211201 193514046488576 140737689944065
28 1 92 1 156 1 844427077615628 865535553385267208 914793674309632 844425200664584 281478197936132 288511851128422412 422212465065984 281475516727308 562951027163144 577023702256844804 774056185954304 562950759776260
29 1 93 1 157 1 3377708310462512 3462142213541068832 3659174697238528 3377700802658336 1125912791744528 1154047404513689648 1688849860263936 1125902066909232 2251804108652576 2308094809027379216 3096224743817216 2251803039105040
30 1 94 1 158 1 13510833241850048 13848568854164275328 14636698788954112 13510803210633344 4503651166978112 4616189618054758592 6755399441055744 4503608267636928 9007216434610304 9232379236109516864 12384898975268864 9007212156420160
31 1 95 1 159 1 54043332967400195 54043195528446464 58546795155816448 54043212842533376 18014604667912449 18014398509482752 27021597764222976 18014433070547712 36028865738441218 36028797018964224 49539595901075456 36028848625680640
32 1 96 1 160 1 216173331869600780 216172782113785856 234187180623265792 216172851370133504 72058418671649796 72057594037931008 108086391056891904 72057732282190848 144115462953764872 144115188075856896 198158383604301824 144115394502722560
33 1 97 1 161 1 864693327478403120 864691128455143424 936748722493063168 864691405480534016 288233674686599184 288230376151724032 432345564227567616 288230929128763392 576461851815059488 576460752303427584 792633534417207296 576461578010890240
34 1 98 1 162 1 3458773309913612480 3458764513820573696 3746994889972252672 3458765621922136064 1152934698746396736 1152921504606896128 1729382256910270464 1152923716515053568 2305847407260237952 2305843009213710336 3170534137668829184 2305846312043560960
35 1 99 1 163 1 13835093239654449920 13835058055282294784 14987979559889010688 13835062487688544256 4611738794985586944 4611686018427584512 6917529027641081856 4611694866060214272 9223389629040951808 9223372036854841344 12682136550675316736 9223385248174243840
36 1 100 1 164 1 140737489144835 524291 4611686018427387907 17729625522179 211106232796161 786433 9223372036854775809 35390531305473 70368744704002 262146 13835058055282163714 52845277872130
37 1 101 1 165 1 562949956579340 2097164 12 70918502088717 844424931184644 3145732 4 141562125221894 281474978816008 1048584 8 211381111488523
38 1 102 1 166 1 2251799826317360 8388656 48 283674008354868 3377699724738576 12582928 16 566248500887576 1125899915264032 4194336 32 845524445954092
39 1 103 1 167 1 9007199305269440 33554624 192 1134696033419472 13510798898954304 50331712 64 2264994003550304 4503599661056128 16777344 128 3382097783816368
40 1 104 1 168 1 36028797221077760 134218496 768 4538784133677888 54043195595817216 201326848 256 9059976014201216 18014398644224512 67109376 512 13528391135265472
41 1 105 1 169 1 144115188884311040 536873984 3072 18155136534711552 216172782383268864 805307392 1024 36239904056804864 72057594576898048 268437504 2048 54113564541061888
42 1 106 1 170 1 576460755537244160 2147495936 12288 72620546138846208 864691129533075456 3221229568 4096 144959616227219456 288230378307592192 1073750016 8192 216454258164247552
43 1 107 1 171 1 2305843022148976640 8589983744 49152 290482184555384832 3458764518132301824 12884918272 16384 579838464908877824 1152921513230368768 4295000064 32768 865817032656990208
44 1 108 1 172 1 9223372088595906560 34359934976 196608 1161928738221539328 13835058072529207296 51539673088 65536 2319353859635511296 4611686052921475072 17180000256 131072 3463268130627960832
45 1 109 1 173 1 206964523008 137439739906 786432 4647714952886157312 68988174336 206158692355 262144 9277415438542045184 137976348672 68720001025 524288 13853072522511843328
46 1 110 1 174 1 827858092032 549758959624 3145729 144115737835077632 275952697344 824634769420 1048578 216173606749077504 551905394688 274880004100 2097155 72057868918718464
47 1 111 1 175 1 3311432368128 2199035838496 12582916 576462951340310528 1103810789376 3298539077680 4194312 864694426996310016 2207621578752 1099520016400 8388620 288231475674873856
48 1 112 1 176 1 13245729472512 8796143353984 50331664 2305851805361242112 4415243157504 13194156310720 16777248 3458777707985240064 8830486315008 4398080065600 33554480 1152925902699495424
49 1 113 1 177 1 52982917890048 35184573415936 201326656 9223407221444968448 17660972630016 52776625242880 67108992 13835110831940960256 35321945260032 17592320262400 134217920 4611703610797981696
50 1 114 1 178 1 211931671560192 140738293663744 805306626 140738360770560 70643890520064 211106500971520 268435971 211106635186176 141287781040128 70369281049600 536871681 70369482375168
51 1 115 1 179 1 847726686240768 562953174654976 3221226504 562953443082240 282575562080256 844426003886080 1073743884 844426540744704 565151124160512 281477124198400 2147486724 281477929500672
52 1 116 1 180 1 3390906744963072 2251812698619904 12884906016 2251813772328960 1130302248321024 3377704015544320 4294975536 3377706162978816 2260604496642048 1125908496793600 8589946896 1125911718002688
53 1 117 1 181 1 13563626979852288 9007250794479616 51539624064 9007255089315840 4521208993284096 13510816062177280 17179902144 13510824651915264 9042417986568192 4503633987174400 34359787584 4503646872010752
54 1 118 1 182 1 54254507919409152 36029003177918464 206158496256 36029020357263360 18084835973136384 54043264248709120 68719608576 54043298607661056 36169671946272768 18014535948697600 137439150336 18014587488043008
55 1 119 1 183 1 217018031677636608 144116012711673856 824633985024 144116081429053440 72339343892545536 216173056994836480 274878434304 216173194430644224 144678687785091072 72058143794790400 549756601344 72058349952172032
56 1 120 1 184 1 868072126710546432 576464050846695424 3298535940096 576464325716213760 289357375570182144 864692227979345920 1099513737216 864692777722576896 578714751140364288 288232575179161600 2199026405376 288233399808688128
57 1 121 1 185 1 3472288506842185728 2305856203386781696 13194143760384 2305857302864855040 1157429502280728576 3458768911917383680 4398054948864 3458771110890307584 2314859004561457152 1152930300716646400 8796105621504 1152933599234752512
58 1 122 1 186 1 13889154027368742912 9223424813547126784 52776575041536 9223429211459420160 4629718009122914304 13835075647669534720 17592219795456 13835084443561230336 9259436018245828608 4611721202866585600 35184422486016 4611734396939010048
59 1 123 1 187 1 216383888346316802 211106769403907 211106300166146 228698418577408 72127962782105603 70369549484033 70368879181827 105553116266496 144255925564211201 140737756790786 140737689944065 193514046488576
60 1 124 1 188 1 865535553385267208 844427077615628 844425200664584 914793674309632 288511851128422412 281478197936132 281475516727308 422212465065984 577023702256844804 562951027163144 562950759776260 774056185954304
61 1 125 1 189 1 3462142213541068832 3377708310462512 3377700802658336 3659174697238528 1154047404513689648 1125912791744528 1125902066909232 1688849860263936 2308094809027379216 2251804108652576 2251803039105040 3096224743817216
62 1 126 1 190 1 13848568854164275328 13510833241850048 13510803210633344 14636698788954112 4616189618054758592 4503651166978112 4503608267636928 6755399441055744 9232379236109516864 9007216434610304 9007212156420160 12384898975268864
63 1 127 1 191 1 54043195528446464 54043332967400195 54043212842533376 58546795155816448 18014398509482752 18014604667912449 18014433070547712 27021597764222976 36028797018964224 36028865738441218 36028848625680640 49539595901075456
0 2 75 1 156 1 206158692354 140874927308802 52913997348864 36028934457982976 68720001027 211312390963203 17798344998912 54043401687007232 137439739905 70437463654401 35253092352000 18014467229155328
1 2 76 1 157 1 824634769416 563499709235208 211655989395456 144115737831931904 274880004108 845249563852812 71193379995648 216173606748028928 549758959620 281749854617604 141012369408000 72057868916621312
2 2 77 1 158 1 3298539077664 2253998836940832 846623957581824 576462951327727616 1099520016432 3380998255411248 284773519982592 864694426992115712 2199035838480 1126999418470416 564049477632000 288231475666485248
3 2 78 1 159 1 13194156310656 9015995347763328 3386495830327296 2305851805310910464 4398080065728 13523993021644992 1139094079930368 3458777707968462848 8796143353920 4507997673881664 2256197910528000 1152925902665940992
4 2 79 1 160 1 52776625242624 36063981391053312 13545983321309184 9223407221243641856 17592320262912 54095972086579968 4556376319721472 13835110831873851392 35184573415680 18031990695526656 9024791642112000 4611703610663763968
5 2 80 1 161 1 211106500970496 144255925564213248 54183933285236738 140737555464192 70369281051648 216383888346319872 18225505278885891 211106366750720 140738293662720 72127962782106624 36099166568448001 70368945504256
6 2 81 1 162 1 844426003881984 577023702256852992 216735733140946952 562950221856768 281477124206592 865535553385279488 72902021115543564 844425467002880 562953174650880 288511851128426496 144396666273792004 281475782017024
7 2 82 1 163 1 3377704015527936 2308094809027411968 866942932563787808 2251800887427072 1125908496826368 3462142213541117952 291608084462174256 3377701868011520 2251812698603520 1154047404513705984 577586665095168016 1125903128068096
8 2 83 1 164 1 13510816062111744 9232379236109647872 3467771730255151232 9007203549708288 4503633987305472 13848568854164471808 1166432337848697024 13510807472046080 9007250794414080 4616189618054823936 2310346660380672064 4503612512272384
9 2 84 1 165 1 54043264248446978 36028797019488256 13871086921020604928 36028814198833152 18014535949221891 54043195529232384 4665729351394788096 54043229888184320 36029003177656321 18014398509744128 9241386641522688256 18014450049089536
10 2 85 1 166 1 216173056993787912 144115188077953024 144115462953764864 144115256795332611 72058143796887564 216172782116929536 216173331869600768 216172919552737281 144116012710625284 72057594038976512 72058418671649792 72057800196358146
11 2 86 1 167 1 864692227975151648 576460752311812096 576461851815059456 576461027181330444 288232575187550256 864691128467718144 864693327478403072 864691678210949124 576464050842501136 288230376155906048 288233674686599168 288231200785432584
12 2 87 1 168 1 3458768911900606592 2305843009247248384 2305847407260237824 2305844108725321776 1152930300750201024 3458764513870872576 3458773309913612288 3458766712843796496 2305856203370004544 1152921504623624192 1152934698746396672 1152924803141730336
13 2 88 1 169 1 13835075647602426368 9223372036988993536 9223389629040951296 9223376434901287104 4611721203000804096 13835058055483490304 13835093239654449152 13835066851375185984 9223424813480018176 4611686018494496768 4611738794985586688 4611699212566921344
14 2 89 1 170 1 70369281050626 536870915 70368744701954 17592186045186 140738293664771 805306369 140737489141763 35184372089091 211106500969473 268435458 211106232795137 52776558133761
15 2 90 1 171 1 281477124202504 2147483660 281474978807816 70368744180744 562953174659084 3221225476 562949956567052 140737488356364 844426003877892 1073741832 844424931180548 211106232535044
16 2 91 1 172 1 1125908496810016 8589934640 1125899915231264 281474976722976 2251812698636336 12884901904 2251799826268208 562949953425456 3377704015511568 4294967328 3377699724722192 844424930140176
17 2 92 1 173 1 4503633987240064 34359738560 4503599660925056 1125899906891904 9007250794545344 51539607616 9007199305072832 2251799813701824 13510816062046272 17179869312 13510798898888768 3377699720560704
18 2 93 1 174 1 18014535948960256 137438954240 18014398643700224 4503599627567616 36029003178181376 206158430464 36028797220291328 9007199254807296 54043264248185088 68719477248 54043195595555072 13510798882242816
19 2 94 1 175 1 72058143795841024 549755816960 72057594574800896 18014398510270464 144116012712725504 824633721856 144115188881165312 36028797019229184 216173056992740352 274877908992 216172782382220288 54043195528971264
20 2 95 1 176 1 288232575183364096 2199023267840 288230378299203584 72057594041081856 576464050850902016 3298534887424 576460755524661248 144115188076916736 864692227970961408 1099511635968 864691129528881152 216172782115885056
21 2 96 1 177 1 1152930300733456384 8796093071360 1152921513196814336 288230376164327424 2305856203403608064 13194139549696 2305843022098644992 576460752307666944 3458768911883845632 4398046543872 3458764518115524608 864691128463540224
22 2 97 1 178 1 4611721202933825536 35184372285440 4611686052787257344 1152921504657309696 9223424813614432256 52776558198784 9223372088394579968 2305843009230667776 13835075647535382528 17592186175488 13835058072462098432 3458764513854160896
23 2 98 1 179 1 140738025750528 140737489141761 137439477760 4611686018629238785 211107038625792 211106232795138 206159216640 9223372036922671106 70369012875264 70368744701955 68719738880 13835058055416643587
24 2 99 1 180 1 562952103002112 562949956567044 549757911041 807403524 844428154503168 844424931180552 824636866562 271581192 281476051501056 281474978807820 274878955523 537919500
25 2 100 1 181 1 2251808412008448 2251799826268176 2199031644164 3229614096 3377712618012672 3377699724722208 3298547466248 1086324768 1125904206004224 1125899915231280 1099515822092 2151678000
26 2 101 1 182 1 9007233648033792 9007199305072704 8796126576656 12918456384 13510850472050688 13510798898888832 13194189864992 4345299072 4503616824016896 4503599660925120 4398063288368 8606712000
27 2 102 1 183 1 36028934592135168 36028797220290816 35184506306624 51673825536 54043401888202752 54043195595555328 52776759459968 17381196288 18014467296067584 18014398643700480 17592253153472 34426848000
28 2 103 1 184 1 144115738368540672 144115188881163264 140738025226496 206695302144 216173607552811008 216172782382221312 211107037839872 69524785152 72057869184270336 72057594574801920 70369012613888 137707392000
29 2 104 1 185 1 576462953474162688 576460755524653056 562952100905984 826781208576 864694430211244032 864691129528885248 844428151359488 278099140608 288231476737081344 288230378299207680 281476050455552 550829568000
30 2 105 1 186 1 2305851813896650752 2305843022098612224 2251808403623936 3307124834304 3458777720844976128 3458764518115540992 3377712605437952 1112396562432 1152925906948325376 1152921513196830720 1125904201822208 2203318272000
31 2 106 1 187 1 9223407255586603008 9223372088394448896 9007233614495744 13228499337216 13835110883379904512 13835058072462163968 13510850421751808 4449586249728 4611703627793301504 4611686052787322880 4503616807288832 8813273088000
32 2 107 1 188 1 140874927308802 206158692354 36028934457982976 52913997348864 211312390963203 68720001027 54043401687007232 17798344998912 70437463654401 137439739905 18014467229155328 35253092352000
33 2 108 1 189 1 563499709235208 824634769416 144115737831931904 211655989395456 845249563852812 274880004108 216173606748028928 71193379995648 281749854617604 549758959620 72057868916621312 141012369408000
34 2 109 1 190 1 2253998836940832 3298539077664 576462951327727616 846623957581824 3380998255411248 1099520016432 864694426992115712 284773519982592 1126999418470416 2199035838480 288231475666485248 564049477632000
35 2 110 1 191 1 9015995347763328 13194156310656 2305851805310910464 3386495830327296 13523993021644992 4398080065728 3458777707968462848 1139094079930368 4507997673881664 8796143353920 1152925902665940992 2256197910528000
36 2 111 1 128 1 36063981391053312 52776625242624 9223407221243641856 13545983321309184 54095972086579968 17592320262912 13835110831873851392 4556376319721472 18031990695526656 35184573415680 4611703610663763968 9024791642112000
37 2 112 1 129 1 144255925564213248 211106500970496 140737555464192 54183933285236738 216383888346319872 70369281051648 211106366750720 18225505278885891 72127962782106624 140738293662720 70368945504256 36099166568448001
38 2 113 1 130 1 577023702256852992 844426003881984 562950221856768 216735733140946952 865535553385279488 281477124206592 844425467002880 72902021115543564 288511851128426496 562953174650880 281475782017024 144396666273792004
39 2 114 1 131 1 2308094809027411968 3377704015527936 2251800887427072 866942932563787808 3462142213541117952 1125908496826368 3377701868011520 291608084462174256 1154047404513705984 2251812698603520 1125903128068096 577586665095168016
40 2 115 1 132 1 9232379236109647872 13510816062111744 9007203549708288 3467771730255151232 13848568854164471808 4503633987305472 13510807472046080 1166432337848697024 4616189618054823936 9007250794414080 4503612512272384 2310346660380672064
41 2 116 1 133 1 36028797019488256 54043264248446978 36028814198833152 13871086921020604928 54043195529232384 18014535949221891 54043229888184320 4665729351394788096 18014398509744128 36029003177656321 18014450049089536 9241386641522688256
42 2 117 1 134 1 144115188077953024 216173056993787912 144115256795332611 144115462953764864 216172782116929536 72058143796887564 216172919552737281 216173331869600768 72057594038976512 144116012710625284 72057800196358146 72058418671649792
43 2 118 1 135 1 576460752311812096 864692227975151648 576461027181330444 576461851815059456 864691128467718144 288232575187550256 864691678210949124 864693327478403072 288230376155906048 576464050842501136 288231200785432584 288233674686599168
44 2 119 1 136 1 2305843009247248384 3458768911900606592 2305844108725321776 2305847407260237824 3458764513870872576 1152930300750201024 3458766712843796496 3458773309913612288 1152921504623624192 2305856203370004544 1152924803141730336 1152934698746396672
45 2 120 1 137 1 9223372036988993536 13835075647602426368 9223376434901287104 9223389629040951296 13835058055483490304 4611721203000804096 13835066851375185984 13835093239654449152 4611686018494496768 9223424813480018176 4611699212566921344 4611738794985586688
46 2 121 1 138 1 536870915 70369281050626 17592186045186 70368744701954 805306369 140738293664771 35184372089091 140737489141763 268435458 211106500969473 52776558133761 211106232795137
47 2 122 1 139 1 2147483660 281477124202504 70368744180744 281474978807816 3221225476 562953174659084 140737488356364 562949956567052 1073741832 844426003877892 211106232535044 844424931180548
48 2 123 1 140 1 8589934640 1125908496810016 281474976722976 1125899915231264 12884901904 2251812698636336 562949953425456 2251799826268208 4294967328 3377704015511568 844424930140176 3377699724722192
49 2 124 1 141 1 34359738560 4503633987240064 1125899906891904 4503599660925056 51539607616 9007250794545344 2251799813701824 9007199305072832 17179869312 13510816062046272 3377699720560704 13510798898888768
50 2 125 1 142 1 137438954240 18014535948960256 4503599627567616 18014398643700224 206158430464 36029003178181376 9007199254807296 36028797220291328 68719477248 54043264248185088 13510798882242816 54043195595555072
51 2 126 1 143 1 549755816960 72058143795841024 18014398510270464 72057594574800896 824633721856 144116012712725504 36028797019229184 144115188881165312 274877908992 216173056992740352 54043195528971264 216172782382220288
52 2 127 1 144 1 2199023267840 288232575183364096 72057594041081856 288230378299203584 3298534887424 576464050850902016 144115188076916736 576460755524661248 1099511635968 864692227970961408 216172782115885056 864691129528881152
53 2 64 1 145 1 8796093071360 1152930300733456384 288230376164327424 1152921513196814336 13194139549696 2305856203403608064 576460752307666944 2305843022098644992 4398046543872 3458768911883845632 864691128463540224 3458764518115524608
54 2 65 1 146 1 35184372285440 4611721202933825536 1152921504657309696 4611686052787257344 52776558198784 9223424813614432256 2305843009230667776 9223372088394579968 17592186175488 13835075647535382528 3458764513854160896 13835058072462098432
55 2 66 1 147 1 140737489141761 140738025750528 4611686018629238785 137439477760 211106232795138 211107038625792 9223372036922671106 206159216640 70368744701955 70369012875264 13835058055416643587 68719738880
56 2 67 1 148 1 562949956567044 562952103002112 807403524 549757911041 844424931180552 844428154503168 271581192 824636866562 281474978807820 281476051501056 537919500 274878955523
57 2 68 1 149 1 2251799826268176 2251808412008448 3229614096 2199031644164 3377699724722208 3377712618012672 1086324768 3298547466248 1125899915231280 1125904206004224 2151678000 1099515822092
58 2 69 1 150 1 9007199305072704 9007233648033792 12918456384 8796126576656 13510798898888832 13510850472050688 4345299072 13194189864992 4503599660925120 4503616824016896 8606712000 4398063288368
59 2 70 1 151 1 36028797220290816 36028934592135168 51673825536 35184506306624 54043195595555328 54043401888202752 17381196288 52776759459968 18014398643700480 18014467296067584 34426848000 17592253153472
60 2 71 1 152 1 144115188881163264 144115738368540672 206695302144 140738025226496 216172782382221312 216173607552811008 69524785152 211107037839872 72057594574801920 72057869184270336 137707392000 70369012613888
61 2 72 1 153 1 576460755524653056 576462953474162688 826781208576 562952100905984 864691129528885248 864694430211244032 278099140608 844428151359488 288230378299207680 288231476737081344 550829568000 281476050455552
62 2 73 1 154 1 2305843022098612224 2305851813896650752 3307124834304 2251808403623936 3458764518115540992 3458777720844976128 1112396562432 3377712605437952 1152921513196830720 1152925906948325376 2203318272000 1125904201822208
63 2 74 1 155 1 9223372088394448896 9223407255586603008 13228499337216 9007233614495744 13835058072462163968 13835110883379904512 4449586249728 13510850421751808 4611686052787322880 4611703627793301504 8813273088000 4503616807288832
0 1 80 2 172 1 1 0 0 0 2 0 0 0 3 0 0 0
1 1 81 2 173 1 4 0 0 0 8 0 0 0 12 0 0 0
2 1 82 2 174 1 16 0 0 0 32 0 0 0 48 0 0 0
3 1 83 2 175 1 64 0 0 0 128 0 0 0 192 0 0 0
4 1 84 2 176 1 256 0 0 0 512 0 0 0 768 0 0 0
5 1 85 2 177 1 1024 0 0 0 2048 0 0 0 3072 0 0 0
6 1 86 2 178 1 4096 0 0 0 8192 0 0 0 12288 0 0 0
7 1 87 2 179 1 16384 0 0 0 32768 0 0 0 49152 0 0 0
8 1 88 2 180 1 65536 0 0 0 131072 0 0 0 196608 0 0 0
9 1 89 2 181 1 262144 0 0 0 524288 0 0 0 786432 0 0 0
10 1 90 2 182 1 1048576 0 0 0 2097152 0 0 0 3145728 0 0 0
11 1 91 2 183 1 4194304 0 0 0 8388608 0 0 0 12582912 0 0 0
12 1 92 2 184 1 16777216 0 0 0 33554432 0 0 0 50331648 0 0 0
13 1 93 2 185 1 67108864 0 0 0 134217728 0 0 0 201326592 0 0 0
14 1 94 2 186 1 268435456 0 0 0 536870912 0 0 0 805306368 0 0 0
15 1 95 2 187 1 1073741824 0 0 0 2147483648 0 0 0 3221225472 0 0 0
16 1 96 2 188 1 4294967296 0 0 0 8589934592 0 0 0 12884901888 0 0 0
17 1 97 2 189 1 17179869184 0 0 0 34359738368 0 0 0 51539607552 0 0 0
18 1 98 2 190 1 68719476736 0 0 0 137438953472 0 0 0 206158430208 0 0 0
19 1 99 2 191 1 274877906944 0 0 0 549755813888 0 0 0 824633720832 0 0 0
20 1 100 2 128 1 1099511627776 0 0 0 2199023255552 0 0 0 3298534883328 0 0 0
21 1 101 2 129 1 4398046511104 0 0 0 8796093022208 0 0 0 13194139533312 0 0 0
22 1 102 2 130 1 17592186044416 0 0 0 35184372088832 0 0 0 52776558133248 0 0 0
23 1 103 2 131 1 70368744177664 0 0 0 140737488355328 0 0 0 211106232532992 0 0 0
24 1 104 2 132 1 281474976710656 0 0 0 562949953421312 0 0 0 844424930131968 0 0 0
25 1 105 2 133 1 1125899906842624 0 0 0 2251799813685248 0 0 0 3377699720527872 0 0 0
26 1 106 2 134 1 4503599627370496 0 0 0 9007199254740992 0 0 0 13510798882111488 0 0 0
27 1 107 2 135 1 18014398509481984 0 0 0 36028797018963968 0 0 0 54043195528445952 0 0 0
28 1 108 2 136 1 72057594037927936 0 0 0 144115188075855872 0 0 0 216172782113783808 0 0 0
29 1 109 2 137 1 288230376151711744 0 0 0 576460752303423488 0 0 0 864691128455135232 0 0 0
30 1 110 2 138 1 1152921504606846976 0 0 0 2305843009213693952 0 0 0 3458764513820540928 0 0 0
31 1 111 2 139 1 4611686018427387904 0 0 0 9223372036854775808 0 0 0 13835058055282163712 0 0 0
32 1 112 2 140 1 0 1 0 0 0 2 0 0 0 3 0 0
33 1 113 2 141 1 0 4 0 0 0 8 0 0 0 12 0 0
34 1 114 2 142 1 0 16 0 0 0 32 0 0 0 48 0 0
35 1 115 2 143 1 0 64 0 0 0 128 0 0 0 192 0 0
36 1 116 2 144 1 0 256 0 0 0 512 0 0 0 768 0 0
37 1 117 2 145 1 0 1024 0 0 0 2048 0 0 0 3072 0 0
38 1 118 2 146 1 0 4096 0 0 0 8192 0 0 0 12288 0 0
39 1 119 2 147 1 0 16384 0 0 0 32768 0 0 0 49152 0 0
40 1 120 2 148 1 0 65536 0 0 0 131072 0 0 0 196608 0 0
41 1 121 2 149 1 0 262144 0 0 0 524288 0 0 0 786432 0 0
42 1 122 2 150 1 0 1048576 0 0 0 2097152 0 0 0 3145728 0 0
43 1 123 2 151 1 0 4194304 0 0 0 8388608 0 0 0 12582912 0 0
44 1 124 2 152 1 0 16777216 0 0 0 33554432 0 0 0 50331648 0 0
45 1 125 2 153 1 0 67108864 0 0 0 134217728 0 0 0 201326592 0 0
46 1 126 2 154 1 0 268435456 0 0 0 536870912 0 0 0 805306368 0 0
47 1 127 2 155 1 0 1073741824 0 0 0 2147483648 0 0 0 3221225472 0 0
48 1 64 2 156 1 0 4294967296 0 0 0 8589934592 0 0 0 12884901888 0 0
49 1 65 2 157 1 0 17179869184 0 0 0 34359738368 0 0 0 51539607552 0 0
50 1 66 2 158 1 0 68719476736 0 0 0 137438953472 0 0 0 206158430208 0 0
51 1 67 2 159 1 0 274877906944 0 0 0 549755813888 0 0 0 824633720832 0 0
52 1 68 2 160 1 0 1099511627776 0 0 0 2199023255552 0 0 0 3298534883328 0 0
53 1 69 2 161 1 0 4398046511104 0 0 0 8796093022208 0 0 0 13194139533312 0 0
54 1 70 2 162 1 0 17592186044416 0 0 0 35184372088832 0 0 0 52776558133248 0 0
55 1 71 2 163 1 0 70368744177664 0 0 0 140737488355328 0 0 0 211106232532992 0 0
56 1 72 2 164 1 0 281474976710656 0 0 0 562949953421312 0 0 0 844424930131968 0 0
57 1 73 2 165 1 0 1125899906842624 0 0 0 2251799813685248 0 0 0 3377699720527872 0 0
58 1 74 2 166 1 0 4503599627370496 0 0 0 9007199254740992 0 0 0 13510798882111488 0 0
59 1 75 2 167 1 0 18014398509481984 0 0 0 36028797018963968 0 0 0 54043195528445952 0 0
60 1 76 2 168 1 0 72057594037927936 0 0 0 144115188075855872 0 0 0 216172782113783808 0 0
61 1 77 2 169 1 0 288230376151711744 0 0 0 576460752303423488 0 0 0 864691128455135232 0 0
62 1 78 2 170 1 0 1152921504606846976 0 0 0 2305843009213693952 0 0 0 3458764513820540928 0 0
63 1 79 2 171 1 0 4611686018427387904 0 0 0 9223372036854775808 0 0 0 13835058055282163712 0 0
0 1 111 1 176 2 17230201024 16777216 1139094096707616 13510798898888704 34376515648 33554432 2256197876973616 4503599660924928 51573162112 50331648 3386495847104528 9007199305072640
1 1 112 1 177 2 68920804096 67108864 4556376386830464 54043195595554816 137506062592 134217728 9024791507894464 18014398643699712 206292648448 201326592 13545983388418112 36028797220290560
2 1 113 1 178 2 275683216384 268435456 18225505547321856 216172782382219264 550024250368 536870912 36099166031577856 72057594574798848 825170593792 805306368 54183933553672448 144115188881162240
3 1 114 1 179 2 1102732865536 1073741824 72902022189287424 864691129528877056 2200097001472 2147483648 144396664126311424 288230378299195392 3300682375168 3221225472 216735734214689792 576460755524648960
4 1 115 1 180 2 4410931462144 4294967296 291608088757149696 3458764518115508224 8800388005888 8589934592 577586656505245696 1152921513196781568 13202729500672 12884901888 866942936858759168 2305843022098595840
5 1 116 1 181 2 17643725848576 17179869184 1166432355028598784 13835058072462032896 35201552023552 34359738368 2310346626020982784 4611686052787126272 52810918002688 51539607552 3467771747435036672 9223372088394383360
6 1 117 1 182 2 70574903394304 68719476736 4665729420114395139 68719476736 140806208094208 137438953472 9241386504083931137 137438953472 211243672010752 206158430208 13871086989740146690 206158430208
7 1 118 1 183 2 282299613577216 274877906944 216173606748028940 274877906945 563224832376832 549755813888 72057868916621316 549755813890 844974688043008 824633720832 144115737831931912 824633720835
8 1 119 1 184 2 1129198454308864 1099511627776 864694426992115760 1099511627780 2252899329507328 2199023255552 288231475666485264 2199023255560 3379898752172032 3298534883328 576462951327727648 3298534883340
9 1 120 1 185 2 4516793817235456 4398046511104 3458777707968463040 4398046511120 9011597318029312 8796093022208 1152925902665941056 8796093022240 13519595008688128 13194139533312 2305851805310910592 13194139533360
10 1 121 1 186 2 18067175268941824 17592186044416 13835110831873852160 17592186044480 36046389272117248 35184372088832 4611703610663764224 35184372088960 54078380034752512 52776558133248 9223407221243642368 52776558133440
11 1 122 1 187 2 72268701075767296 70368744177664 211106366753792 70368744177923 144185557088468992 140737488355328 70368945505280 140737488355841 216313520139010048 211106232532992 140737555466240 211106232533762
12 1 123 1 188 2 289074804303069184 281474976710656 844425467015168 281474976711692 576742228353875968 562949953421312 281475782021120 562949953423364 865254080556040192 844424930131968 562950221864960 844424930135048
13 1 124 1 189 2 1156299217212276736 1125899906842624 3377701868060672 1125899906846768 2306968913415503872 2251799813685248 1125903128084480 2251799813693456 3461016322224160768 3377699720527872 2251800887459840 3377699720540192
14 1 125 1 190 2 4625196868849106944 4503599627370496 13510807472242688 4503599627387072 9227875653662015488 9007199254740992 4503612512337920 9007199254773824 13844065288896643072 13510798882111488 9007203549839360 13510798882160768
15 1 126 1 191 2 54043401686876160 18014398509481985 54043229888970752 18014398509548288 18014467228958720 36028797018963970 18014450049351680 36028797019095296 36028934457917440 54043195528445955 36028814199357440 54043195528643072
16 1 127 1 128 2 216173606747504640 72057594037927940 216172919555883008 72057594038193152 72057868915834880 144115188075855880 72057800197406720 144115188076381184 144115737831669760 216172782113783820 144115256797429760 216172782114572288
17 1 64 1 129 2 864694426990018560 288230376151711760 864691678223532032 288230376152772608 288231475663339520 576460752303423520 288231200789626880 576460752305524736 576462951326679040 864691128455135280 576461027189719040 864691128458289152
18 1 65 1 130 2 3458777707960074240 1152921504606847040 3458766712894128128 1152921504611090432 1152925902653358080 2305843009213694080 1152924803158507520 2305843009222098944 2305851805306716160 3458764513820541120 2305844108758876160 3458764513833156608
19 1 66 1 131 2 13835110831840296960 4611686018427388160 13835066851576512512 4611686018444361728 4611703610613432320 9223372036854776320 4611699212634030080 9223372036888395776 9223407221226864640 13835058055282164480 9223376435035504640 13835058055332626432
20 1 67 1 132 2 211106232532993 1027 35185177395201 67895299 70368744177666 2049 52776826568706 134479873 140737488355331 3074 17592722915331 201850882
21 1 68 1 133 2 844424930131972 4108 140740709580804 271581196 281474976710664 8196 211107306274824 537919492 562949953421324 12296 70370891661324 807403528
22 1 69 1 134 2 3377699720527888 16432 562962838323216 1086324784 1125899906842656 32784 844429225099296 2151677968 2251799813685296 49184 281483566645296 3229614112
23 1 70 1 135 2 13510798882111552 65728 2251851353292864 4345299136 4503599627370624 131136 3377716900397184 8606711872 9007199254741184 196736 1125934266581184 12918456448
24 1 71 1 136 2 54043195528446208 262912 9007405413171456 17381196544 18014398509482496 524544 13510867601588736 34426847488 36028797018964736 786944 4503737066324736 51673825792
25 1 72 1 137 2 216172782113784832 1051648 36029621652685824 69524786176 72057594037929984 2098176 54043470406354944 137707389952 144115188075858944 3147776 18014948265298944 206695303168
26 1 73 1 138 2 864691128455139328 4206592 144118486610743296 278099144704 288230376151719936 8392704 216173881625419776 550829559808 576460752303435776 12591104 72059793061195776 826781212672
27 1 74 1 139 2 3458764513820557312 16826368 576473946442973184 1112396578816 1152921504606879744 33570816 864695526501679104 2203318239232 2305843009213743104 50364416 288239172244783104 3307124850688
28 1 75 1 140 2 13835058055282229248 67305472 2305895785771892736 4449586315264 4611686018427518976 134283264 3458782106006716416 8813272956928 9223372036854972416 201457664 1152956688979132416 13228499402752
29 1 76 1 141 2 262144 269221891 9223583143087570944 17798345261056 524288 537133057 13835128424026865664 35253091827712 786432 805830658 4611826755916529664 52913997611008
30 1 77 1 142 2 1048576 1076887564 844424931180544 71193381044226 2097152 2148532228 281474978807808 141012367310851 3145728 3223322632 562949956567040 211655990444033
31 1 78 1 143 2 4194304 4307550256 3377699724722176 284773524176904 8388608 8594128912 1125899915231232 564049469243404 12582912 12893290528 2251799826268160 846623961776132
32 1 79 1 144 2 16777216 17230201024 13510798898888704 1139094096707616 33554432 34376515648 4503599660924928 2256197876973616 50331648 51573162112 9007199305072640 3386495847104528
33 1 80 1 145 2 67108864 68920804096 54043195595554816 4556376386830464 134217728 137506062592 18014398643699712 9024791507894464 201326592 206292648448 36028797220290560 13545983388418112
34 1 81 1 146 2 268435456 275683216384 216172782382219264 18225505547321856 536870912 550024250368 72057594574798848 36099166031577856 805306368 825170593792 144115188881162240 54183933553672448
35 1 82 1 147 2 1073741824 1102732865536 864691129528877056 72902022189287424 2147483648 2200097001472 288230378299195392 144396664126311424 3221225472 3300682375168 576460755524648960 216735734214689792
36 1 83 1 148 2 4294967296 4410931462144 3458764518115508224 291608088757149696 8589934592 8800388005888 1152921513196781568 577586656505245696 12884901888 13202729500672 2305843022098595840 866942936858759168
37 1 84 1 149 2 17179869184 17643725848576 13835058072462032896 1166432355028598784 34359738368 35201552023552 4611686052787126272 2310346626020982784 51539607552 52810918002688 9223372088394383360 3467771747435036672
38 1 85 1 150 2 68719476736 70574903394304 68719476736 4665729420114395139 137438953472 140806208094208 137438953472 9241386504083931137 206158430208 211243672010752 206158430208 13871086989740146690
39 1 86 1 151 2 274877906944 282299613577216 274877906945 216173606748028940 549755813888 563224832376832 549755813890 72057868916621316 824633720832 844974688043008 824633720835 144115737831931912
40 1 87 1 152 2 1099511627776 1129198454308864 1099511627780 864694426992115760 2199023255552 2252899329507328 2199023255560 288231475666485264 3298534883328 3379898752172032 3298534883340 576462951327727648
41 1 88 1 153 2 4398046511104 4516793817235456 4398046511120 3458777707968463040 8796093022208 9011597318029312 8796093022240 1152925902665941056 13194139533312 13519595008688128 13194139533360 2305851805310910592
42 1 89 1 154 2 17592186044416 18067175268941824 17592186044480 13835110831873852160 35184372088832 36046389272117248 35184372088960 4611703610663764224 52776558133248 54078380034752512 52776558133440 9223407221243642368
43 1 90 1 155 2 70368744177664 72268701075767296 70368744177923 211106366753792 140737488355328 144185557088468992 140737488355841 70368945505280 211106232532992 216313520139010048 211106232533762 140737555466240
44 1 91 1 156 2 281474976710656 289074804303069184 281474976711692 844425467015168 562949953421312 576742228353875968 562949953423364 281475782021120 844424930131968 865254080556040192 844424930135048 562950221864960
45 1 92 1 157 2 1125899906842624 1156299217212276736 1125899906846768 3377701868060672 2251799813685248 2306968913415503872 2251799813693456 1125903128084480 3377699720527872 3461016322224160768 3377699720540192 2251800887459840
46 1 93 1 158 2 4503599627370496 4625196868849106944 4503599627387072 13510807472242688 9007199254740992 9227875653662015488 9007199254773824 4503612512337920 13510798882111488 13844065288896643072 13510798882160768 9007203549839360
47 1 94 1 159 2 18014398509481985 54043401686876160 18014398509548288 54043229888970752 36028797018963970 18014467228958720 36028797019095296 18014450049351680 54043195528445955 36028934457917440 54043195528643072 36028814199357440
48 1 95 1 160 2 72057594037927940 216173606747504640 72057594038193152 216172919555883008 144115188075855880 72057868915834880 144115188076381184 72057800197406720 216172782113783820 144115737831669760 216172782114572288 144115256797429760
49 1 96 1 161 2 288230376151711760 864694426990018560 288230376152772608 864691678223532032 576460752303423520 288231475663339520 576460752305524736 288231200789626880 864691128455135280 576462951326679040 864691128458289152 576461027189719040
50 1 97 1 162 2 1152921504606847040 3458777707960074240 1152921504611090432 3458766712894128128 2305843009213694080 1152925902653358080 2305843009222098944 1152924803158507520 3458764513820541120 2305851805306716160 3458764513833156608 2305844108758876160
51 1 98 1 163 2 4611686018427388160 13835110831840296960 4611686018444361728 13835066851576512512 9223372036854776320 4611703610613432320 9223372036888395776 4611699212634030080 13835058055282164480 9223407221226864640 13835058055332626432 9223376435035504640
52 1 99 1 164 2 1027 211106232532993 67895299 35185177395201 2049 70368744177666 134479873 52776826568706 3074 140737488355331 201850882 17592722915331
53 1 100 1 165 2 4108 844424930131972 271581196 140740709580804 8196 281474976710664 537919492 211107306274824 12296 562949953421324 807403528 70370891661324
54 1 101 1 166 2 16432 3377699720527888 1086324784 562962838323216 32784 1125899906842656 2151677968 844429225099296 49184 2251799813685296 3229614112 281483566645296
55 1 102 1 167 2 65728 13510798882111552 4345299136 2251851353292864 131136 4503599627370624 8606711872 3377716900397184 196736 9007199254741184 12918456448 1125934266581184
56 1 103 1 168 2 262912 54043195528446208 17381196544 9007405413171456 524544 18014398509482496 34426847488 13510867601588736 786944 36028797018964736 51673825792 4503737066324736
57 1 104 1 169 2 1051648 216172782113784832 69524786176 36029621652685824 2098176 72057594037929984 137707389952 54043470406354944 3147776 144115188075858944 206695303168 18014948265298944
58 1 105 1 170 2 4206592 864691128455139328 278099144704 144118486610743296 8392704 288230376151719936 550829559808 216173881625419776 12591104 576460752303435776 826781212672 72059793061195776
59 1 106 1 171 2 16826368 3458764513820557312 1112396578816 576473946442973184 33570816 1152921504606879744 2203318239232 864695526501679104 50364416 2305843009213743104 3307124850688 288239172244783104
60 1 107 1 172 2 67305472 13835058055282229248 4449586315264 2305895785771892736 134283264 4611686018427518976 8813272956928 3458782106006716416 201457664 9223372036854972416 13228499402752 1152956688979132416
61 1 108 1 173 2 269221891 262144 17798345261056 9223583143087570944 537133057 524288 35253091827712 13835128424026865664 805830658 786432 52913997611008 4611826755916529664
62 1 109 1 174 2 1076887564 1048576 71193381044226 844424931180544 2148532228 2097152 141012367310851 281474978807808 3223322632 3145728 211655990444033 562949956567040
63 1 110 1 175 2 4307550256 4194304 284773524176904 3377699724722176 8594128912 8388608 564049469243404 1125899915231232 12893290528 12582912 846623961776132 2251799826268160
0 1 117 2 150 3 0 0 1 0 0 0 2 0 0 0 3 0
1 1 118 2 151 3 0 0 4 0 0 0 8 0 0 0 12 0
2 1 119 2 152 3 0 0 16 0 0 0 32 0 0 0 48 0
3 1 120 2 153 3 0 0 64 0 0 0 128 0 0 0 192 0
4 1 121 2 154 3 0 0 256 0 0 0 512 0 0 0 768 0
5 1 122 2 155 3 0 0 1024 0 0 0 2048 0 0 0 3072 0
6 1 123 2 156 3 0 0 4096 0 0 0 8192 0 0 0 12288 0
7 1 124 2 157 3 0 0 16384 0 0 0 32768 0 0 0 49152 0
8 1 125 2 158 3 0 0 65536 0 0 0 131072 0 0 0 196608 0
9 1 126 2 159 3 0 0 262144 0 0 0 524288 0 0 0 786432 0
10 1 127 2 160 3 0 0 1048576 0 0 0 2097152 0 0 0 3145728 0
11 1 64 2 161 3 0 0 4194304 0 0 0 8388608 0 0 0 12582912 0
12 1 65 2 162 3 0 0 16777216 0 0 0 33554432 0 0 0 50331648 0
13 1 66 2 163 3 0 0 67108864 0 0 0 134217728 0 0 0 201326592 0
14 1 67 2 164 3 0 0 268435456 0 0 0 536870912 0 0 0 805306368 0
15 1 68 2 165 3 0 0 1073741824 0 0 0 2147483648 0 0 0 3221225472 0
16 1 69 2 166 3 0 0 4294967296 0 0 0 8589934592 0 0 0 12884901888 0
17 1 70 2 167 3 0 0 17179869184 0 0 0 34359738368 0 0 0 51539607552 0
18 1 71 2 168 3 0 0 68719476736 0 0 0 137438953472 0 0 0 206158430208 0
19 1 72 2 169 3 0 0 274877906944 0 0 0 549755813888 0 0 0 824633720832 0
20 1 73 2 170 3 0 0 1099511627776 0 0 0 2199023255552 0 0 0 3298534883328 0
21 1 74 2 171 3 0 0 4398046511104 0 0 0 8796093022208 0 0 0 13194139533312 0
22 1 75 2 172 3 0 0 17592186044416 0 0 0 35184372088832 0 0 0 52776558133248 0
23 1 76 2 173 3 0 0 70368744177664 0 0 0 140737488355328 0 0 0 211106232532992 0
24 1 77 2 174 3 0 0 281474976710656 0 0 0 562949953421312 0 0 0 844424930131968 0
25 1 78 2 175 3 0 0 1125899906842624 0 0 0 2251799813685248 0 0 0 3377699720527872 0
26 1 79 2 176 3 0 0 4503599627370496 0 0 0 9007199254740992 0 0 0 13510798882111488 0
27 1 80 2 177 3 0 0 18014398509481984 0 0 0 36028797018963968 0 0 0 54043195528445952 0
28 1 81 2 178 3 0 0 72057594037927936 0 0 0 144115188075855872 0 0 0 216172782113783808 0
29 1 82 2 179 3 0 0 288230376151711744 0 0 0 576460752303423488 0 0 0 864691128455135232 0
30 1 83 2 180 3 0 0 1152921504606846976 0 0 0 2305843009213693952 0 0 0 3458764513820540928 0
31 1 84 2 181 3 0 0 4611686018427387904 0 0 0 9223372036854775808 0 0 0 13835058055282163712 0
32 1 85 2 182 3 0 0 0 1 0 0 0 2 0 0 0 3
33 1 86 2 183 3 0 0 0 4 0 0 0 8 0 0 0 12
34 1 87 2 184 3 0 0 0 16 0 0 0 32 0 0 0 48
35 1 88 2 185 3 0 0 0 64 0 0 0 128 0 0 0 192
36 1 89 2 186 3 0 0 0 256 0 0 0 512 0 0 0 768
37 1 90 2 187 3 0 0 0 1024 0 0 0 2048 0 0 0 3072
38 1 91 2 188 3 0 0 0 4096 0 0 0 8192 0 0 0 12288
39 1 92 2 189 3 0 0 0 16384 0 0 0 32768 0 0 0 49152
40 1 93 2 190 3 0 0 0 65536 0 0 0 131072 0 0 0 196608
41 1 94 2 191 3 0 0 0 262144 0 0 0 524288 0 0 0 786432
42 1 95 2 128 3 0 0 0 1048576 0 0 0 2097152 0 0 0 3145728
43 1 96 2 129 3 0 0 0 4194304 0 0 0 8388608 0 0 0 12582912
44 1 97 2 130 3 0 0 0 16777216 0 0 0 33554432 0 0 0 50331648
45 1 98 2 131 3 0 0 0 67108864 0 0 0 134217728 0 0 0 201326592
46 1 99 2 132 3 0 0 0 268435456 0 0 0 536870912 0 0 0 805306368
47 1 100 2 133 3 0 0 0 1073741824 0 0 0 2147483648 0 0 0 3221225472
48 1 101 2 134 3 0 0 0 4294967296 0 0 0 8589934592 0 0 0 12884901888
49 1 102 2 135 3 0 0 0 17179869184 0 0 0 34359738368 0 0 0 51539607552
50 1 103 2 136 3 0 0 0 68719476736 0 0 0 137438953472 0 0 0 206158430208
51 1 104 2 137 3 0 0 0 274877906944 0 0 0 549755813888 0 0 0 824633720832
52 1 105 2 138 3 0 0 0 1099511627776 0 0 0 2199023255552 0 0 0 3298534883328
53 1 106 2 139 3 0 0 0 4398046511104 0 0 0 8796093022208 0 0 0 13194139533312
54 1 107 2 140 3 0 0 0 17592186044416 0 0 0 35184372088832 0 0 0 52776558133248
55 1 108 2 141 3 0 0 0 70368744177664 0 0 0 140737488355328 0 0 0 211106232532992
56 1 109 2 142 3 0 0 0 281474976710656 0 0 0 562949953421312 0 0 0 844424930131968
57 1 110 2 143 3 0 0 0 1125899906842624 0 0 0 2251799813685248 0 0 0 3377699720527872
58 1 111 2 144 3 0 0 0 4503599627370496 0 0 0 9007199254740992 0 0 0 13510798882111488
59 1 112 2 145 3 0 0 0 18014398509481984 0 0 0 36028797018963968 0 0 0 54043195528445952
60 1 113 2 146 3 0 0 0 72057594037927936 0 0 0 144115188075855872 0 0 0 216172782113783808
61 1 114 2 147 3 0 0 0 288230376151711744 0 0 0 576460752303423488 0 0 0 864691128455135232
62 1 115 2 148 3 0 0 0 1152921504606846976 0 0 0 2305843009213693952 0 0 0 3458764513820540928
63 1 116 2 149 3 0 0 0 4611686018427387904 0 0 0 9223372036854775808 0 0 0 13835058055282163712
0 3 71 1 141 2 0 0 0 0 0 0 0 0 0 0 0 0
1 3 72 1 142 2 0 0 0 0 0 0 0 0 0 0 0 0
2 3 73 1 143 2 0 0 0 0 0 0 0 0 0 0 0 0
3 3 74 1 144 2 0 0 0 0 0 0 0 0 0 0 0 0
4 3 75 1 145 2 0 0 0 0 0 0 0 0 0 0 0 0
5 3 76 1 146 2 0 0 0 0 0 0 0 0 0 0 0 0
6 3 77 1 147 2 0 0 0 0 0 0 0 0 0 0 0 0
7 3 78 1 148 2 0 0 0 0 0 0 0 0 0 0 0 0
8 3 79 1 149 2 0 0 0 0 0 0 0 0 0 0 0 0
9 3 80 1 150 2 0 0 0 0 0 0 0 0 0 0 0 0
10 3 81 1 151 2 0 0 0 0 0 0 0 0 0 0 0 0
11 3 82 1 152 2 0 0 0 0 0 0 0 0 0 0 0 0
12 3 83 1 153 2 0 0 0 0 0 0 0 0 0 0 0 0
13 3 84 1 154 2 0 0 0 0 0 0 0 0 0 0 0 0
14 3 85 1 155 2 0 0 0 0 0 0 0 0 0 0 0 0
15 3 86 1 156 2 0 0 0 0 0 0 0 0 0 0 0 0
16 3 87 1 157 2 0 0 0 0 0 0 0 0 0 0 0 0
17 3 88 1 158 2 0 0 0 0 0 0 0 0 0 0 0 0
18 3 89 1 159 2 0 0 0 0 0 0 0 0 0 0 0 0
19 3 90 1 160 2 0 0 0 0 0 0 0 0 0 0 0 0
20 3 91 1 161 2 0 0 0 0 0 0 0 0 0 0 0 0
21 3 92 1 162 2 0 0 0 0 0 0 0 0 0 0 0 0
22 3 93 1 163 2 0 0 0 0 0 0 0 0 0 0 0 0
23 3 94 1 164 2 0 0 0 0 0 0 0 0 0 0 0 0
24 3 95 1 165 2 0 0 0 0 0 0 0 0 0 0 0 0
25 3 96 1 166 2 0 0 0 0 0 0 0 0 0 0 0 0
26 3 97 1 167 2 0 0 0 0 0 0 0 0 0 0 0 0
27 3 98 1 168 2 0 0 0 0 0 0 0 0 0 0 0 0
28 3 99 1 169 2 0 0 0 0 0 0 0 0 0 0 0 0
29 3 100 1 170 2 0 0 0 0 0 0 0 0 0 0 0 0
30 3 101 1 171 2 0 0 0 0 0 0 0 0 0 0 0 0
31 3 102 1 172 2 0 0 0 0 0 0 0 0 0 0 0 0
32 3 103 1 173 2 0 0 0 0 0 0 0 0 0 0 0 0
33 3 104 1 174 2 0 0 0 0 0 0 0 0 0 0 0 0
34 3 105 1 175 2 0 0 0 0 0 0 0 0 0 0 0 0
35 3 106 1 176 2 0 0 0 0 0 0 0 0 0 0 0 0
36 3 107 1 177 2 0 0 0 0 0 0 0 0 0 0 0 0
37 3 108 1 178 2 0 0 0 0 0 0 0 0 0 0 0 0
38 3 109 1 179 2 0 0 0 0 0 0 0 0 0 0 0 0
39 3 110 1 180 2 0 0 0 0 0 0 0 0 0 0 0 0
40 3 111 1 181 2 0 0 0 0 0 0 0 0 0 0 0 0
41 3 112 1 182 2 0 0 0 0 0 0 0 0 0 0 0 0
42 3 113 1 183 2 0 0 0 0 0 0 0 0 0 0 0 0
43 3 114 1 184 2 0 0 0 0 0 0 0 0 0 0 0 0
44 3 115 1 185 2 0 0 0 0 0 0 0 0 0 0 0 0
45 3 116 1 186 2 0 0 0 0 0 0 0 0 0 0 0 0
46 3 117 1 187 2 0 0 0 0 0 0 0 0 0 0 0 0
47 3 118 1 188 2 0 0 0 0 0 0 0 0 0 0 0 0
48 3 119 1 189 2 0 0 0 0 0 0 0 0 0 0 0 0
49 3 120 1 190 2 0 0 0 0 0 0 0 0 0 0 0 0
50 3 121 1 191 2 0 0 0 0 0 0 0 0 0 0 0 0
51 3 122 1 128 2 0 0 0 0 0 0 0 0 0 0 0 0
52 3 123 1 129 2 0 0 0 0 0 0 0 0 0 0 0 0
53 3 124 1 130 2 0 0 0 0 0 0 0 0 0 0 0 0
54 3 125 1 131 2 0 0 0 0 0 0 0 0 0 0 0 0
55 3 126 1 132 2 0 0 0 0 0 0 0 0 0 0 0 0
56 3 127 1 133 2 0 0 0 0 0 0 0 0 0 0 0 0
57 3 64 1 134 2 0 0 0 0 0 0 0 0 0 0 0 0
58 3 65 1 135 2 0 0 0 0 0 0 0 0 0 0 0 0
59 3 66 1 136 2 0 0 0 0 0 0 0 0 0 0 0 0
60 3 67 1 137 2 0 0 0 0 0 0 0 0 0 0 0 0
61 3 68 1 138 2 0 0 0 0 0 0 0 0 0 0 0 0
62 3 69 1 139 2 0 0 0 0 0 0 0 0 0 0 0 0
63 3 70 1 140 2 0 0 0 0 0 0 0 0 0 0 0 0
0 3 94 3 182 1 0 0 0 0 0 0 0 0 0 0 0 0
1 3 95 3 183 1 0 0 0 0 0 0 0 0 0 0 0 0
2 3 96 3 184 1 0 0 0 0 0 0 0 0 0 0 0 0
3 3 97 3 185 1 0 0 0 0 0 0 0 0 0 0 0 0
4 3 98 3 186 1 0 0 0 0 0 0 0 0 0 0 0 0
5 3 99 3 187 1 0 0 0 0 0 0 0 0 0 0 0 0
6 3 100 3 188 1 0 0 0 0 0 0 0 0 0 0 0 0
7 3 101 3 189 1 0 0 0 0 0 0 0 0 0 0 0 0
8 3 102 3 190 1 0 0 0 0 0 0 0 0 0 0 0 0
9 3 103 3 191 1 0 0 0 0 0 0 0 0 0 0 0 0
10 3 104 3 128 1 0 0 0 0 0 0 0 0 0 0 0 0
11 3 105 3 129 1 0 0 0 0 0 0 0 0 0 0 0 0
12 3 106 3 130 1 0 0 0 0 0 0 0 0 0 0 0 0
13 3 107 3 131 1 0 0 0 0 0 0 0 0 0 0 0 0
14 3 108 3 132 1 0 0 0 0 0 0 0 0 0 0 0 0
15 3 109 3 133 1 0 0 0 0 0 0 0 0 0 0 0 0
16 3 110 3 134 1 0 0 0 0 0 0 0 0 0 0 0 0
17 3 111 3 135 1 0 0 0 0 0 0 0 0 0 0 0 0
18 3 112 3 136 1 0 0 0 0 0 0 0 0 0 0 0 0
19 3 113 3 137 1 0 0 0 0 0 0 0 0 0 0 0 0
20 3 114 3 138 1 0 0 0 0 0 0 0 0 0 0 0 0
21 3 115 3 139 1 0 0 0 0 0 0 0 0 0 0 0 0
22 3 116 3 140 1 0 0 0 0 0 0 0 0 0 0 0 0
23 3 117 3 141 1 0 0 0 0 0 0 0 0 0 0 0 0
24 3 118 3 142 1 0 0 0 0 0 0 0 0 0 0 0 0
25 3 119 3 143 1 0 0 0 0 0 0 0 0 0 0 0 0
26 3 120 3 144 1 0 0 0 0 0 0 0 0 0 0 0 0
27 3 121 3 145 1 0 0 0 0 0 0 0 0 0 0 0 0
28 3 122 3 146 1 0 0 0 0 0 0 0 0 0 0 0 0
29 3 123 3 147 1 0 0 0 0 0 0 0 0 0 0 0 0
30 3 124 3 148 1 0 0 0 0 0 0 0 0 0 0 0 0
31 3 125 3 149 1 0 0 0 0 0 0 0 0 0 0 0 0
32 3 126 3 150 1 0 0 0 0 0 0 0 0 0 0 0 0
33 3 127 3 151 1 0 0 0 0 0 0 0 0 0 0 0 0
34 3 64 3 152 1 0 0 0 0 0 0 0 0 0 0 0 0
35 3 65 3 153 1 0 0 0 0 0 0 0 0 0 0 0 0
36 3 66 3 154 1 0 0 0 0 0 0 0 0 0 0 0 0
37 3 67 3 155 1 0 0 0 0 0 0 0 0 0 0 0 0
38 3 68 3 156 1 0 0 0 0 0 0 0 0 0 0 0 0
39 3 69 3 157 1 0 0 0 0 0 0 0 0 0 0 0 0
40 3 70 3 158 1 0 0 0 0 0 0 0 0 0 0 0 0
41 3 71 3 159 1 0 0 0 0 0 0 0 0 0 0 0 0
42 3 72 3 160 1 0 0 0 0 0 0 0 0 0 0 0 0
43 3 73 3 161 1 0 0 0 0 0 0 0 0 0 0 0 0
44 3 74 3 162 1 0 0 0 0 0 0 0 0 0 0 0 0
45 3 75 3 163 1 0 0 0 0 0 0 0 0 0 0 0 0
46 3 76 3 164 1 0 0 0 0 0 0 0 0 0 0 0 0
47 3 77 3 165 1 0 0 0 0 0 0 0 0 0 0 0 0
48 3 78 3 166 1 0 0 0 0 0 0 0 0 0 0 0 0
49 3 79 3 167 1 0 0 0 0 0 0 0 0 0 0 0 0
50 3 80 3 168 1 0 0 0 0 0 0 0 0 0 0 0 0
51 3 81 3 169 1 0 0 0 0 0 0 0 0 0 0 0 0
52 3 82 3 170 1 0 0 0 0 0 0 0 0 0 0 0 0
53 3 83 3 171 1 0 0 0 0 0 0 0 0 0 0 0 0
54 3 84 3 172 1 0 0 0 0 0 0 0 0 0 0 0 0
55 3 85 3 173 1 0 0 0 0 0 0 0 0 0 0 0 0
56 3 86 3 174 1 0 0 0 0 0 0 0 0 0 0 0 0
57 3 87 3 175 1 0 0 0 0 0 0 0 0 0 0 0 0
58 3 88 3 176 1 0 0 0 0 0 0 0 0 0 0 0 0
59 3 89 3 177 1 0 0 0 0 0 0 0 0 0 0 0 0
60 3 90 3 178 1 0 0 0 0 0 0 0 0 0 0 0 0
61 3 91 3 179 1 0 0 0 0 0 0 0 0 0 0 0 0
62 3 92 3 180 1 0 0 0 0 0 0 0 0 0 0 0 0
63 3 93 3 181 1 0 0 0 0 0 0 0 0 0 0 0 0
0 2 112 3 159 3 0 0 0 0 0 0 0 0 0 0 0 0
1 2 113 3 160 3 0 0 0 0 0 0 0 0 0 0 0 0
2 2 114 3 161 3 0 0 0 0 0 0 0 0 0 0 0 0
3 2 115 3 162 3 0 0 0 0 0 0 0 0 0 0 0 0
4 2 116 3 163 3 0 0 0 0 0 0 0 0 0 0 0 0
5 2 117 3 164 3 0 0 0 0 0 0 0 0 0 0 0 0
6 2 118 3 165 3 0 0 0 0 0 0 0 0 0 0 0 0
7 2 119 3 166 3 0 0 0 0 0 0 0 0 0 0 0 0
8 2 120 3 167 3 0 0 0 0 0 0 0 0 0 0 0 0
9 2 121 3 168 3 0 0 0 0 0 0 0 0 0 0 0 0
10 2 122 3 169 3 0 0 0 0 0 0 0 0 0 0 0 0
11 2 123 3 170 3 0 0 0 0 0 0 0 0 0 0 0 0
12 2 124 3 171 3 0 0 0 0 0 0 0 0 0 0 0 0
13 2 125 3 172 3 0 0 0 0 0 0 0 0 0 0 0 0
14 2 126 3 173 3 0 0 0 0 0 0 0 0 0 0 0 0
15 2 127 3 174 3 0 0 0 0 0 0 0 0 0 0 0 0
16 2 64 3 175 3 0 0 0 0 0 0 0 0 0 0 0 0
17 2 65 3 176 3 0 0 0 0 0 0 0 0 0 0 0 0
18 2 66 3 177 3 0 0 0 0 0 0 0 0 0 0 0 0
19 2 67 3 178 3 0 0 0 0 0 0 0 0 0 0 0 0
20 2 68 3 179 3 0 0 0 0 0 0 0 0 0 0 0 0
21 2 69 3 180 3 0 0 0 0 0 0 0 0 0 0 0 0
22 2 70 3 181 3 0 0 0 0 0 0 0 0 0 0 0 0
23 2 71 3 182 3 0 0 0 0 0 0 0 0 0 0 0 0
24 2 72 3 183 3 0 0 0 0 0 0 0 0 0 0 0 0
25 2 73 3 184 3 0 0 0 0 0 0 0 0 0 0 0 0
26 2 74 3 185 3 0 0 0 0 0 0 0 0 0 0 0 0
27 2 75 3 186 3 0 0 0 0 0 0 0 0 0 0 0 0
28 2 76 3 187 3 0 0 0 0 0 0 0 0 0 0 0 0
29 2 77 3 188 3 0 0 0 0 0 0 0 0 0 0 0 0
30 2 78 3 189 3 0 0 0 0 0 0 0 0 0 0 0 0
31 2 79 3 190 3 0 0 0 0 0 0 0 0 0 0 0 0
32 2 80 3 191 3 0 0 0 0 0 0 0 0 0 0 0 0
33 2 81 3 128 3 0 0 0 0 0 0 0 0 0 0 0 0
34 2 82 3 129 3 0 0 0 0 0 0 0 0 0 0 0 0
35 2 83 3 130 3 0 0 0 0 0 0 0 0 0 0 0 0
36 2 84 3 131 3 0 0 0 0 0 0 0 0 0 0 0 0
37 2 85 3 132 3 0 0 0 0 0 0 0 0 0 0 0 0
38 2 86 3 133 3 0 0 0 0 0 0 0 0 0 0 0 0
39 2 87 3 134 3 0 0 0 0 0 0 0 0 0 0 0 0
40 2 88 3 135 3 0 0 0 0 0 0 0 0 0 0 0 0
41 2 89 3 136 3 0 0 0 0 0 0 0 0 0 0 0 0
42 2 90 3 137 3 0 0 0 0 0 0 0 0 0 0 0 0
43 2 91 3 138 3 0 0 0 0 0 0 0 0 0 0 0 0
44 2 92 3 139 3 0 0 0 0 0 0 0 0 0 0 0 0
45 2 93 3 140 3 0 0 0 0 0 0 0 0 0 0 0 0
46 2 94 3 141 3 0 0 0 0 0 0 0 0 0 0 0 0
47 2 95 3 142 3 0 0 0 0 0 0 0 0 0 0 0 0
48 2 96 3 143 3 0 0 0 0 0 0 0 0 0 0 0 0
49 2 97 3 144 3 0 0 0 0 0 0 0 0 0 0 0 0
50 2 98 3 145 3 0 0 0 0 0 0 0 0 0 0 0 0
51 2 99 3 146 3 0 0 0 0 0 0 0 0 0 0 0 0
52 2 100 3 147 3 0 0 0 0 0 0 0 0 0 0 0 0
53 2 101 3 148 3 0 0 0 0 0 0 0 0 0 0 0 0
54 2 102 3 149 3 0 0 0 0 0 0 0 0 0 0 0 0
55 2 103 3 150 3 0 0 0 0 0 0 0 0 0 0 0 0
56 2 104 3 151 3 0 0 0 0 0 0 0 0 0 0 0 0
57 2 105 3 152 3 0 0 0 0 0 0 0 0 0 0 0 0
58 2 106 3 153 3 0 0 0 0 0 0 0 0 0 0 0 0
59 2 107 3 154 3 0 0 0 0 0 0 0 0 0 0 0 0
60 2 108 3 155 3 0 0 0 0 0 0 0 0 0 0 0 0
61 2 109 3 156 3 0 0 0 0 0 0 0 0 0 0 0 0
62 2 110 3 157 3 0 0 0 0 0 0 0 0 0 0 0 0
63 2 111 3 158 3 0 0 0 0 0 0 0 0 0 0 0 0
