512 192 4 64
0 1 64 3 128 3 0 0 0 0 0 0 0 0 0 0 0 0
1 1 65 3 129 3 0 0 0 0 0 0 0 0 0 0 0 0
2 1 66 3 130 3 0 0 0 0 0 0 0 0 0 0 0 0
3 1 67 3 131 3 0 0 0 0 0 0 0 0 0 0 0 0
4 1 68 3 132 3 0 0 0 0 0 0 0 0 0 0 0 0
5 1 69 3 133 3 0 0 0 0 0 0 0 0 0 0 0 0
6 1 70 3 134 3 0 0 0 0 0 0 0 0 0 0 0 0
7 1 71 3 135 3 0 0 0 0 0 0 0 0 0 0 0 0
8 1 72 3 136 3 0 0 0 0 0 0 0 0 0 0 0 0
9 1 73 3 137 3 0 0 0 0 0 0 0 0 0 0 0 0
10 1 74 3 138 3 0 0 0 0 0 0 0 0 0 0 0 0
11 1 75 3 139 3 0 0 0 0 0 0 0 0 0 0 0 0
12 1 76 3 140 3 0 0 0 0 0 0 0 0 0 0 0 0
13 1 77 3 141 3 0 0 0 0 0 0 0 0 0 0 0 0
14 1 78 3 142 3 0 0 0 0 0 0 0 0 0 0 0 0
15 1 79 3 143 3 0 0 0 0 0 0 0 0 0 0 0 0
16 1 80 3 144 3 0 0 0 0 0 0 0 0 0 0 0 0
17 1 81 3 145 3 0 0 0 0 0 0 0 0 0 0 0 0
18 1 82 3 146 3 0 0 0 0 0 0 0 0 0 0 0 0
19 1 83 3 147 3 0 0 0 0 0 0 0 0 0 0 0 0
20 1 84 3 148 3 0 0 0 0 0 0 0 0 0 0 0 0
21 1 85 3 149 3 0 0 0 0 0 0 0 0 0 0 0 0
22 1 86 3 150 3 0 0 0 0 0 0 0 0 0 0 0 0
23 1 87 3 151 3 0 0 0 0 0 0 0 0 0 0 0 0
24 1 88 3 152 3 0 0 0 0 0 0 0 0 0 0 0 0
25 1 89 3 153 3 0 0 0 0 0 0 0 0 0 0 0 0
26 1 90 3 154 3 0 0 0 0 0 0 0 0 0 0 0 0
27 1 91 3 155 3 0 0 0 0 0 0 0 0 0 0 0 0
28 1 92 3 156 3 0 0 0 0 0 0 0 0 0 0 0 0
29 1 93 3 157 3 0 0 0 0 0 0 0 0 0 0 0 0
30 1 94 3 158 3 0 0 0 0 0 0 0 0 0 0 0 0
31 1 95 3 159 3 0 0 0 0 0 0 0 0 0 0 0 0
32 1 96 3 160 3 0 0 0 0 0 0 0 0 0 0 0 0
33 1 97 3 161 3 0 0 0 0 0 0 0 0 0 0 0 0
34 1 98 3 162 3 0 0 0 0 0 0 0 0 0 0 0 0
35 1 99 3 163 3 0 0 0 0 0 0 0 0 0 0 0 0
36 1 100 3 164 3 0 0 0 0 0 0 0 0 0 0 0 0
37 1 101 3 165 3 0 0 0 0 0 0 0 0 0 0 0 0
38 1 102 3 166 3 0 0 0 0 0 0 0 0 0 0 0 0
39 1 103 3 167 3 0 0 0 0 0 0 0 0 0 0 0 0
40 1 104 3 168 3 0 0 0 0 0 0 0 0 0 0 0 0
41 1 105 3 169 3 0 0 0 0 0 0 0 0 0 0 0 0
42 1 106 3 170 3 0 0 0 0 0 0 0 0 0 0 0 0
43 1 107 3 171 3 0 0 0 0 0 0 0 0 0 0 0 0
44 1 108 3 172 3 0 0 0 0 0 0 0 0 0 0 0 0
45 1 109 3 173 3 0 0 0 0 0 0 0 0 0 0 0 0
46 1 110 3 174 3 0 0 0 0 0 0 0 0 0 0 0 0
47 1 111 3 175 3 0 0 0 0 0 0 0 0 0 0 0 0
48 1 112 3 176 3 0 0 0 0 0 0 0 0 0 0 0 0
49 1 113 3 177 3 0 0 0 0 0 0 0 0 0 0 0 0
50 1 114 3 178 3 0 0 0 0 0 0 0 0 0 0 0 0
51 1 115 3 179 3 0 0 0 0 0 0 0 0 0 0 0 0
52 1 116 3 180 3 0 0 0 0 0 0 0 0 0 0 0 0
53 1 117 3 181 3 0 0 0 0 0 0 0 0 0 0 0 0
54 1 118 3 182 3 0 0 0 0 0 0 0 0 0 0 0 0
55 1 119 3 183 3 0 0 0 0 0 0 0 0 0 0 0 0
56 1 120 3 184 3 0 0 0 0 0 0 0 0 0 0 0 0
57 1 121 3 185 3 0 0 0 0 0 0 0 0 0 0 0 0
58 1 122 3 186 3 0 0 0 0 0 0 0 0 0 0 0 0
59 1 123 3 187 3 0 0 0 0 0 0 0 0 0 0 0 0
60 1 124 3 188 3 0 0 0 0 0 0 0 0 0 0 0 0
61 1 125 3 189 3 0 0 0 0 0 0 0 0 0 0 0 0
62 1 126 3 190 3 0 0 0 0 0 0 0 0 0 0 0 0
63 1 127 3 191 3 0 0 0 0 0 0 0 0 0 0 0 0
22 2 68 1 173 3 0 0 0 0 0 0 0 0 0 0 0 0
23 2 69 1 174 3 0 0 0 0 0 0 0 0 0 0 0 0
24 2 70 1 175 3 0 0 0 0 0 0 0 0 0 0 0 0
25 2 71 1 176 3 0 0 0 0 0 0 0 0 0 0 0 0
26 2 72 1 177 3 0 0 0 0 0 0 0 0 0 0 0 0
27 2 73 1 178 3 0 0 0 0 0 0 0 0 0 0 0 0
28 2 74 1 179 3 0 0 0 0 0 0 0 0 0 0 0 0
29 2 75 1 180 3 0 0 0 0 0 0 0 0 0 0 0 0
30 2 76 1 181 3 0 0 0 0 0 0 0 0 0 0 0 0
31 2 77 1 182 3 0 0 0 0 0 0 0 0 0 0 0 0
32 2 78 1 183 3 0 0 0 0 0 0 0 0 0 0 0 0
33 2 79 1 184 3 0 0 0 0 0 0 0 0 0 0 0 0
34 2 80 1 185 3 0 0 0 0 0 0 0 0 0 0 0 0
35 2 81 1 186 3 0 0 0 0 0 0 0 0 0 0 0 0
36 2 82 1 187 3 0 0 0 0 0 0 0 0 0 0 0 0
37 2 83 1 188 3 0 0 0 0 0 0 0 0 0 0 0 0
38 2 84 1 189 3 0 0 0 0 0 0 0 0 0 0 0 0
39 2 85 1 190 3 0 0 0 0 0 0 0 0 0 0 0 0
40 2 86 1 191 3 0 0 0 0 0 0 0 0 0 0 0 0
41 2 87 1 128 3 0 0 0 0 0 0 0 0 0 0 0 0
42 2 88 1 129 3 0 0 0 0 0 0 0 0 0 0 0 0
43 2 89 1 130 3 0 0 0 0 0 0 0 0 0 0 0 0
44 2 90 1 131 3 0 0 0 0 0 0 0 0 0 0 0 0
45 2 91 1 132 3 0 0 0 0 0 0 0 0 0 0 0 0
46 2 92 1 133 3 0 0 0 0 0 0 0 0 0 0 0 0
47 2 93 1 134 3 0 0 0 0 0 0 0 0 0 0 0 0
48 2 94 1 135 3 0 0 0 0 0 0 0 0 0 0 0 0
49 2 95 1 136 3 0 0 0 0 0 0 0 0 0 0 0 0
50 2 96 1 137 3 0 0 0 0 0 0 0 0 0 0 0 0
51 2 97 1 138 3 0 0 0 0 0 0 0 0 0 0 0 0
52 2 98 1 139 3 0 0 0 0 0 0 0 0 0 0 0 0
53 2 99 1 140 3 0 0 0 0 0 0 0 0 0 0 0 0
54 2 100 1 141 3 0 0 0 0 0 0 0 0 0 0 0 0
55 2 101 1 142 3 0 0 0 0 0 0 0 0 0 0 0 0
56 2 102 1 143 3 0 0 0 0 0 0 0 0 0 0 0 0
57 2 103 1 144 3 0 0 0 0 0 0 0 0 0 0 0 0
58 2 104 1 145 3 0 0 0 0 0 0 0 0 0 0 0 0
59 2 105 1 146 3 0 0 0 0 0 0 0 0 0 0 0 0
60 2 106 1 147 3 0 0 0 0 0 0 0 0 0 0 0 0
61 2 107 1 148 3 0 0 0 0 0 0 0 0 0 0 0 0
62 2 108 1 149 3 0 0 0 0 0 0 0 0 0 0 0 0
63 2 109 1 150 3 0 0 0 0 0 0 0 0 0 0 0 0
0 2 110 1 151 3 0 0 0 0 0 0 0 0 0 0 0 0
1 2 111 1 152 3 0 0 0 0 0 0 0 0 0 0 0 0
2 2 112 1 153 3 0 0 0 0 0 0 0 0 0 0 0 0
3 2 113 1 154 3 0 0 0 0 0 0 0 0 0 0 0 0
4 2 114 1 155 3 0 0 0 0 0 0 0 0 0 0 0 0
5 2 115 1 156 3 0 0 0 0 0 0 0 0 0 0 0 0
6 2 116 1 157 3 0 0 0 0 0 0 0 0 0 0 0 0
7 2 117 1 158 3 0 0 0 0 0 0 0 0 0 0 0 0
8 2 118 1 159 3 0 0 0 0 0 0 0 0 0 0 0 0
9 2 119 1 160 3 0 0 0 0 0 0 0 0 0 0 0 0
10 2 120 1 161 3 0 0 0 0 0 0 0 0 0 0 0 0
11 2 121 1 162 3 0 0 0 0 0 0 0 0 0 0 0 0
12 2 122 1 163 3 0 0 0 0 0 0 0 0 0 0 0 0
13 2 123 1 164 3 0 0 0 0 0 0 0 0 0 0 0 0
14 2 124 1 165 3 0 0 0 0 0 0 0 0 0 0 0 0
15 2 125 1 166 3 0 0 0 0 0 0 0 0 0 0 0 0
16 2 126 1 167 3 0 0 0 0 0 0 0 0 0 0 0 0
17 2 127 1 168 3 0 0 0 0 0 0 0 0 0 0 0 0
18 2 64 1 169 3 0 0 0 0 0 0 0 0 0 0 0 0
19 2 65 1 170 3 0 0 0 0 0 0 0 0 0 0 0 0
20 2 66 1 171 3 0 0 0 0 0 0 0 0 0 0 0 0
21 2 67 1 172 3 0 0 0 0 0 0 0 0 0 0 0 0
22 3 95 2 182 1 1 0 0 0 2 0 0 0 3 0 0 0
23 3 96 2 183 1 4 0 0 0 8 0 0 0 12 0 0 0
24 3 97 2 184 1 16 0 0 0 32 0 0 0 48 0 0 0
25 3 98 2 185 1 64 0 0 0 128 0 0 0 192 0 0 0
26 3 99 2 186 1 256 0 0 0 512 0 0 0 768 0 0 0
27 3 100 2 187 1 1024 0 0 0 2048 0 0 0 3072 0 0 0
28 3 101 2 188 1 4096 0 0 0 8192 0 0 0 12288 0 0 0
29 3 102 2 189 1 16384 0 0 0 32768 0 0 0 49152 0 0 0
30 3 103 2 190 1 65536 0 0 0 131072 0 0 0 196608 0 0 0
31 3 104 2 191 1 262144 0 0 0 524288 0 0 0 786432 0 0 0
32 3 105 2 128 1 1048576 0 0 0 2097152 0 0 0 3145728 0 0 0
33 3 106 2 129 1 4194304 0 0 0 8388608 0 0 0 12582912 0 0 0
34 3 107 2 130 1 16777216 0 0 0 33554432 0 0 0 50331648 0 0 0
35 3 108 2 131 1 67108864 0 0 0 134217728 0 0 0 201326592 0 0 0
36 3 109 2 132 1 268435456 0 0 0 536870912 0 0 0 805306368 0 0 0
37 3 110 2 133 1 1073741824 0 0 0 2147483648 0 0 0 3221225472 0 0 0
38 3 111 2 134 1 4294967296 0 0 0 8589934592 0 0 0 12884901888 0 0 0
39 3 112 2 135 1 17179869184 0 0 0 34359738368 0 0 0 51539607552 0 0 0
40 3 113 2 136 1 68719476736 0 0 0 137438953472 0 0 0 206158430208 0 0 0
41 3 114 2 137 1 274877906944 0 0 0 549755813888 0 0 0 824633720832 0 0 0
42 3 115 2 138 1 1099511627776 0 0 0 2199023255552 0 0 0 3298534883328 0 0 0
43 3 116 2 139 1 4398046511104 0 0 0 8796093022208 0 0 0 13194139533312 0 0 0
44 3 117 2 140 1 17592186044416 0 0 0 35184372088832 0 0 0 52776558133248 0 0 0
45 3 118 2 141 1 70368744177664 0 0 0 140737488355328 0 0 0 211106232532992 0 0 0
46 3 119 2 142 1 281474976710656 0 0 0 562949953421312 0 0 0 844424930131968 0 0 0
47 3 120 2 143 1 1125899906842624 0 0 0 2251799813685248 0 0 0 3377699720527872 0 0 0
48 3 121 2 144 1 4503599627370496 0 0 0 9007199254740992 0 0 0 13510798882111488 0 0 0
49 3 122 2 145 1 18014398509481984 0 0 0 36028797018963968 0 0 0 54043195528445952 0 0 0
50 3 123 2 146 1 72057594037927936 0 0 0 144115188075855872 0 0 0 216172782113783808 0 0 0
51 3 124 2 147 1 288230376151711744 0 0 0 576460752303423488 0 0 0 864691128455135232 0 0 0
52 3 125 2 148 1 1152921504606846976 0 0 0 2305843009213693952 0 0 0 3458764513820540928 0 0 0
53 3 126 2 149 1 4611686018427387904 0 0 0 9223372036854775808 0 0 0 13835058055282163712 0 0 0
54 3 127 2 150 1 0 1 0 0 0 2 0 0 0 3 0 0
55 3 64 2 151 1 0 4 0 0 0 8 0 0 0 12 0 0
56 3 65 2 152 1 0 16 0 0 0 32 0 0 0 48 0 0
57 3 66 2 153 1 0 64 0 0 0 128 0 0 0 192 0 0
58 3 67 2 154 1 0 256 0 0 0 512 0 0 0 768 0 0
59 3 68 2 155 1 0 1024 0 0 0 2048 0 0 0 3072 0 0
60 3 69 2 156 1 0 4096 0 0 0 8192 0 0 0 12288 0 0
61 3 70 2 157 1 0 16384 0 0 0 32768 0 0 0 49152 0 0
62 3 71 2 158 1 0 65536 0 0 0 131072 0 0 0 196608 0 0
63 3 72 2 159 1 0 262144 0 0 0 524288 0 0 0 786432 0 0
0 3 73 2 160 1 0 1048576 0 0 0 2097152 0 0 0 3145728 0 0
1 3 74 2 161 1 0 4194304 0 0 0 8388608 0 0 0 12582912 0 0
2 3 75 2 162 1 0 16777216 0 0 0 33554432 0 0 0 50331648 0 0
3 3 76 2 163 1 0 67108864 0 0 0 134217728 0 0 0 201326592 0 0
4 3 77 2 164 1 0 268435456 0 0 0 536870912 0 0 0 805306368 0 0
5 3 78 2 165 1 0 1073741824 0 0 0 2147483648 0 0 0 3221225472 0 0
6 3 79 2 166 1 0 4294967296 0 0 0 8589934592 0 0 0 12884901888 0 0
7 3 80 2 167 1 0 17179869184 0 0 0 34359738368 0 0 0 51539607552 0 0
8 3 81 2 168 1 0 68719476736 0 0 0 137438953472 0 0 0 206158430208 0 0
9 3 82 2 169 1 0 274877906944 0 0 0 549755813888 0 0 0 824633720832 0 0
10 3 83 2 170 1 0 1099511627776 0 0 0 2199023255552 0 0 0 3298534883328 0 0
11 3 84 2 171 1 0 4398046511104 0 0 0 8796093022208 0 0 0 13194139533312 0 0
12 3 85 2 172 1 0 17592186044416 0 0 0 35184372088832 0 0 0 52776558133248 0 0
13 3 86 2 173 1 0 70368744177664 0 0 0 140737488355328 0 0 0 211106232532992 0 0
14 3 87 2 174 1 0 281474976710656 0 0 0 562949953421312 0 0 0 844424930131968 0 0
15 3 88 2 175 1 0 1125899906842624 0 0 0 2251799813685248 0 0 0 3377699720527872 0 0
16 3 89 2 176 1 0 4503599627370496 0 0 0 9007199254740992 0 0 0 13510798882111488 0 0
17 3 90 2 177 1 0 18014398509481984 0 0 0 36028797018963968 0 0 0 54043195528445952 0 0
18 3 91 2 178 1 0 72057594037927936 0 0 0 144115188075855872 0 0 0 216172782113783808 0 0
19 3 92 2 179 1 0 288230376151711744 0 0 0 576460752303423488 0 0 0 864691128455135232 0 0
20 3 93 2 180 1 0 1152921504606846976 0 0 0 2305843009213693952 0 0 0 3458764513820540928 0 0
21 3 94 2 181 1 0 4611686018427387904 0 0 0 9223372036854775808 0 0 0 13835058055282163712 0 0
7 3 94 3 176 2 0 0 0 0 0 0 0 0 0 0 0 0
8 3 95 3 177 2 0 0 0 0 0 0 0 0 0 0 0 0
9 3 96 3 178 2 0 0 0 0 0 0 0 0 0 0 0 0
10 3 97 3 179 2 0 0 0 0 0 0 0 0 0 0 0 0
11 3 98 3 180 2 0 0 0 0 0 0 0 0 0 0 0 0
12 3 99 3 181 2 0 0 0 0 0 0 0 0 0 0 0 0
13 3 100 3 182 2 0 0 0 0 0 0 0 0 0 0 0 0
14 3 101 3 183 2 0 0 0 0 0 0 0 0 0 0 0 0
15 3 102 3 184 2 0 0 0 0 0 0 0 0 0 0 0 0
16 3 103 3 185 2 0 0 0 0 0 0 0 0 0 0 0 0
17 3 104 3 186 2 0 0 0 0 0 0 0 0 0 0 0 0
18 3 105 3 187 2 0 0 0 0 0 0 0 0 0 0 0 0
19 3 106 3 188 2 0 0 0 0 0 0 0 0 0 0 0 0
20 3 107 3 189 2 0 0 0 0 0 0 0 0 0 0 0 0
21 3 108 3 190 2 0 0 0 0 0 0 0 0 0 0 0 0
22 3 109 3 191 2 0 0 0 0 0 0 0 0 0 0 0 0
23 3 110 3 128 2 0 0 0 0 0 0 0 0 0 0 0 0
24 3 111 3 129 2 0 0 0 0 0 0 0 0 0 0 0 0
25 3 112 3 130 2 0 0 0 0 0 0 0 0 0 0 0 0
26 3 113 3 131 2 0 0 0 0 0 0 0 0 0 0 0 0
27 3 114 3 132 2 0 0 0 0 0 0 0 0 0 0 0 0
28 3 115 3 133 2 0 0 0 0 0 0 0 0 0 0 0 0
29 3 116 3 134 2 0 0 0 0 0 0 0 0 0 0 0 0
30 3 117 3 135 2 0 0 0 0 0 0 0 0 0 0 0 0
31 3 118 3 136 2 0 0 0 0 0 0 0 0 0 0 0 0
32 3 119 3 137 2 0 0 0 0 0 0 0 0 0 0 0 0
33 3 120 3 138 2 0 0 0 0 0 0 0 0 0 0 0 0
34 3 121 3 139 2 0 0 0 0 0 0 0 0 0 0 0 0
35 3 122 3 140 2 0 0 0 0 0 0 0 0 0 0 0 0
36 3 123 3 141 2 0 0 0 0 0 0 0 0 0 0 0 0
37 3 124 3 142 2 0 0 0 0 0 0 0 0 0 0 0 0
38 3 125 3 143 2 0 0 0 0 0 0 0 0 0 0 0 0
39 3 126 3 144 2 0 0 0 0 0 0 0 0 0 0 0 0
40 3 127 3 145 2 0 0 0 0 0 0 0 0 0 0 0 0
41 3 64 3 146 2 0 0 0 0 0 0 0 0 0 0 0 0
42 3 65 3 147 2 0 0 0 0 0 0 0 0 0 0 0 0
43 3 66 3 148 2 0 0 0 0 0 0 0 0 0 0 0 0
44 3 67 3 149 2 0 0 0 0 0 0 0 0 0 0 0 0
45 3 68 3 150 2 0 0 0 0 0 0 0 0 0 0 0 0
46 3 69 3 151 2 0 0 0 0 0 0 0 0 0 0 0 0
47 3 70 3 152 2 0 0 0 0 0 0 0 0 0 0 0 0
48 3 71 3 153 2 0 0 0 0 0 0 0 0 0 0 0 0
49 3 72 3 154 2 0 0 0 0 0 0 0 0 0 0 0 0
50 3 73 3 155 2 0 0 0 0 0 0 0 0 0 0 0 0
51 3 74 3 156 2 0 0 0 0 0 0 0 0 0 0 0 0
52 3 75 3 157 2 0 0 0 0 0 0 0 0 0 0 0 0
53 3 76 3 158 2 0 0 0 0 0 0 0 0 0 0 0 0
54 3 77 3 159 2 0 0 0 0 0 0 0 0 0 0 0 0
55 3 78 3 160 2 0 0 0 0 0 0 0 0 0 0 0 0
56 3 79 3 161 2 0 0 0 0 0 0 0 0 0 0 0 0
57 3 80 3 162 2 0 0 0 0 0 0 0 0 0 0 0 0
58 3 81 3 163 2 0 0 0 0 0 0 0 0 0 0 0 0
59 3 82 3 164 2 0 0 0 0 0 0 0 0 0 0 0 0
60 3 83 3 165 2 0 0 0 0 0 0 0 0 0 0 0 0
61 3 84 3 166 2 0 0 0 0 0 0 0 0 0 0 0 0
62 3 85 3 167 2 0 0 0 0 0 0 0 0 0 0 0 0
63 3 86 3 168 2 0 0 0 0 0 0 0 0 0 0 0 0
0 3 87 3 169 2 0 0 0 0 0 0 0 0 0 0 0 0
1 3 88 3 170 2 0 0 0 0 0 0 0 0 0 0 0 0
2 3 89 3 171 2 0 0 0 0 0 0 0 0 0 0 0 0
3 3 90 3 172 2 0 0 0 0 0 0 0 0 0 0 0 0
4 3 91 3 173 2 0 0 0 0 0 0 0 0 0 0 0 0
5 3 92 3 174 2 0 0 0 0 0 0 0 0 0 0 0 0
6 3 93 3 175 2 0 0 0 0 0 0 0 0 0 0 0 0
0 1 68 2 182 1 0 0 1 0 0 0 2 0 0 0 3 0
1 1 69 2 183 1 0 0 4 0 0 0 8 0 0 0 12 0
2 1 70 2 184 1 0 0 16 0 0 0 32 0 0 0 48 0
3 1 71 2 185 1 0 0 64 0 0 0 128 0 0 0 192 0
4 1 72 2 186 1 0 0 256 0 0 0 512 0 0 0 768 0
5 1 73 2 187 1 0 0 1024 0 0 0 2048 0 0 0 3072 0
6 1 74 2 188 1 0 0 4096 0 0 0 8192 0 0 0 12288 0
7 1 75 2 189 1 0 0 16384 0 0 0 32768 0 0 0 49152 0
8 1 76 2 190 1 0 0 65536 0 0 0 131072 0 0 0 196608 0
9 1 77 2 191 1 0 0 262144 0 0 0 524288 0 0 0 786432 0
10 1 78 2 128 1 0 0 1048576 0 0 0 2097152 0 0 0 3145728 0
11 1 79 2 129 1 0 0 4194304 0 0 0 8388608 0 0 0 12582912 0
12 1 80 2 130 1 0 0 16777216 0 0 0 33554432 0 0 0 50331648 0
13 1 81 2 131 1 0 0 67108864 0 0 0 134217728 0 0 0 201326592 0
14 1 82 2 132 1 0 0 268435456 0 0 0 536870912 0 0 0 805306368 0
15 1 83 2 133 1 0 0 1073741824 0 0 0 2147483648 0 0 0 3221225472 0
16 1 84 2 134 1 0 0 4294967296 0 0 0 8589934592 0 0 0 12884901888 0
17 1 85 2 135 1 0 0 17179869184 0 0 0 34359738368 0 0 0 51539607552 0
18 1 86 2 136 1 0 0 68719476736 0 0 0 137438953472 0 0 0 206158430208 0
19 1 87 2 137 1 0 0 274877906944 0 0 0 549755813888 0 0 0 824633720832 0
20 1 88 2 138 1 0 0 1099511627776 0 0 0 2199023255552 0 0 0 3298534883328 0
21 1 89 2 139 1 0 0 4398046511104 0 0 0 8796093022208 0 0 0 13194139533312 0
22 1 90 2 140 1 0 0 17592186044416 0 0 0 35184372088832 0 0 0 52776558133248 0
23 1 91 2 141 1 0 0 70368744177664 0 0 0 140737488355328 0 0 0 211106232532992 0
24 1 92 2 142 1 0 0 281474976710656 0 0 0 562949953421312 0 0 0 844424930131968 0
25 1 93 2 143 1 0 0 1125899906842624 0 0 0 2251799813685248 0 0 0 3377699720527872 0
26 1 94 2 144 1 0 0 4503599627370496 0 0 0 9007199254740992 0 0 0 13510798882111488 0
27 1 95 2 145 1 0 0 18014398509481984 0 0 0 36028797018963968 0 0 0 54043195528445952 0
28 1 96 2 146 1 0 0 72057594037927936 0 0 0 144115188075855872 0 0 0 216172782113783808 0
29 1 97 2 147 1 0 0 288230376151711744 0 0 0 576460752303423488 0 0 0 864691128455135232 0
30 1 98 2 148 1 0 0 1152921504606846976 0 0 0 2305843009213693952 0 0 0 3458764513820540928 0
31 1 99 2 149 1 0 0 4611686018427387904 0 0 0 9223372036854775808 0 0 0 13835058055282163712 0
32 1 100 2 150 1 0 0 0 1 0 0 0 2 0 0 0 3
33 1 101 2 151 1 0 0 0 4 0 0 0 8 0 0 0 12
34 1 102 2 152 1 0 0 0 16 0 0 0 32 0 0 0 48
35 1 103 2 153 1 0 0 0 64 0 0 0 128 0 0 0 192
36 1 104 2 154 1 0 0 0 256 0 0 0 512 0 0 0 768
37 1 105 2 155 1 0 0 0 1024 0 0 0 2048 0 0 0 3072
38 1 106 2 156 1 0 0 0 4096 0 0 0 8192 0 0 0 12288
39 1 107 2 157 1 0 0 0 16384 0 0 0 32768 0 0 0 49152
40 1 108 2 158 1 0 0 0 65536 0 0 0 131072 0 0 0 196608
41 1 109 2 159 1 0 0 0 262144 0 0 0 524288 0 0 0 786432
42 1 110 2 160 1 0 0 0 1048576 0 0 0 2097152 0 0 0 3145728
43 1 111 2 161 1 0 0 0 4194304 0 0 0 8388608 0 0 0 12582912
44 1 112 2 162 1 0 0 0 16777216 0 0 0 33554432 0 0 0 50331648
45 1 113 2 163 1 0 0 0 67108864 0 0 0 134217728 0 0 0 201326592
46 1 114 2 164 1 0 0 0 268435456 0 0 0 536870912 0 0 0 805306368
47 1 115 2 165 1 0 0 0 1073741824 0 0 0 2147483648 0 0 0 3221225472
48 1 116 2 166 1 0 0 0 4294967296 0 0 0 8589934592 0 0 0 12884901888
49 1 117 2 167 1 0 0 0 17179869184 0 0 0 34359738368 0 0 0 51539607552
50 1 118 2 168 1 0 0 0 68719476736 0 0 0 137438953472 0 0 0 206158430208
51 1 119 2 169 1 0 0 0 274877906944 0 0 0 549755813888 0 0 0 824633720832
52 1 120 2 170 1 0 0 0 1099511627776 0 0 0 2199023255552 0 0 0 3298534883328
53 1 121 2 171 1 0 0 0 4398046511104 0 0 0 8796093022208 0 0 0 13194139533312
54 1 122 2 172 1 0 0 0 17592186044416 0 0 0 35184372088832 0 0 0 52776558133248
55 1 123 2 173 1 0 0 0 70368744177664 0 0 0 140737488355328 0 0 0 211106232532992
56 1 124 2 174 1 0 0 0 281474976710656 0 0 0 562949953421312 0 0 0 844424930131968
57 1 125 2 175 1 0 0 0 1125899906842624 0 0 0 2251799813685248 0 0 0 3377699720527872
58 1 126 2 176 1 0 0 0 4503599627370496 0 0 0 9007199254740992 0 0 0 13510798882111488
59 1 127 2 177 1 0 0 0 18014398509481984 0 0 0 36028797018963968 0 0 0 54043195528445952
60 1 64 2 178 1 0 0 0 72057594037927936 0 0 0 144115188075855872 0 0 0 216172782113783808
61 1 65 2 179 1 0 0 0 288230376151711744 0 0 0 576460752303423488 0 0 0 864691128455135232
62 1 66 2 180 1 0 0 0 1152921504606846976 0 0 0 2305843009213693952 0 0 0 3458764513820540928
63 1 67 2 181 1 0 0 0 4611686018427387904 0 0 0 9223372036854775808 0 0 0 13835058055282163712
7 1 64 1 173 2 1073743872 144115188344293388 140737488357378 140737756793856 2147486720 216172782650657796 211106232536067 211106769404928 3221226496 72057594843235336 70368744178689 70369549486080
8 1 65 1 174 2 4294975488 576460753377173552 562949953429512 562951027175424 8589946880 864691130602631184 844424930144268 844427077619712 12884905984 288230379372941344 281474976714756 281478197944320
9 1 66 1 175 2 17179901952 2305843013508694208 2251799813718048 2251804108701696 34359787520 3458764522410524736 3377699720577072 3377708310478848 51539623936 1152921517491765376 1125899906859024 1125912791777280
10 1 67 1 176 2 68719607808 9223372054034776832 9007199254872192 9007216434806784 137439150080 13835058089642098944 13510798882308288 13510833241915392 206158495744 4611686069967061504 4503599627436096 4503651167109120
11 1 68 1 177 2 274878431234 68720004096 36028797019488768 36028865739227136 549756600323 137439740928 54043195529233152 54043332967661568 824633982977 206158694400 18014398509744384 18014604668436480
12 1 69 1 178 2 1099513724936 274880016384 144115188077955072 144115462956908544 2199026401292 549758963712 216172782116932608 216173331870646272 3298535931908 824634777600 72057594038977536 72058418673745920
13 1 70 1 179 2 4398054899744 1099520065536 576460752311820288 576461851827634176 8796105605168 2199035854848 864691128467730432 864693327482585088 13194143727632 3298539110400 288230376155910144 288233674694983680
14 1 71 1 180 2 17592219598976 4398080262144 2305843009247281152 2305847407310536704 35184422420672 8796143419392 3458764513870921728 3458773309930340352 52776574910528 13194156441600 1152921504623640576 1152934698779934720
15 1 72 1 181 2 70368878395904 17592321048576 9223372036989124608 9223389629242146816 140737689682688 35184573677568 13835058055483686912 13835093239721361408 211106299642112 52776625766400 4611686018494562304 4611738795119738880
16 1 73 1 182 2 281475513583616 70369284194304 537395202 70369549484034 562950758730752 140738294710272 806092803 140737756790787 844425198568448 211106503065600 268697601 211106769403905
17 1 74 1 183 2 1125902054334464 281477136777216 2149580808 281478197936136 2251803034923008 562953178841088 3224371212 562951027163148 3377700794273792 844426012262400 1074790404 844427077615620
18 1 75 1 184 2 4503608217337856 1125908547108864 8598323232 1125912791744544 9007212139692032 2251812715364352 12897484848 2251804108652592 13510803177095168 3377704049049600 4299161616 3377708310462480
19 1 76 1 185 2 18014432869351424 4503634188435456 34393292928 4503651166978176 36028848558768128 9007250861457408 51589939392 9007216434610368 54043212708380672 13510816196198400 17196646464 13510833241849920
20 1 77 1 186 2 72057731477405696 18014536753741824 137573171712 18014604667912704 144115394235072512 36029003445829632 206359757568 36028865738441472 216172850833522688 54043264784793600 68786585856 54043332967399680
21 1 78 1 187 2 288230925909622784 72058147014967296 550292686848 72058418671650816 576461576940290048 144116013783318528 825439030272 144115462953765888 864691403334090752 216173059139174400 275146343424 216173331869598720
22 1 79 1 188 2 1152923703638491136 288232588059869184 2201170747392 288233674686603264 2305846307761160192 576464055133274112 3301756121088 576461851815063552 3458765613336363008 864692236556697600 1100585373696 864693327478394880
23 1 80 1 189 2 4611694814553964544 1152930352239476736 8804682989568 1152934698746413056 9223385231044640768 2305856220533096448 13207024484352 2305847407260254208 13835062453345452032 3458768946226790400 4402341494784 3458773309913579520
24 1 81 1 190 2 35184506306560 4611721408957906945 35218731958272 4611738794985652224 52776759459840 9223424882132385794 52828097937408 9223389629041016832 17592253153280 13835075784907161603 17609365979136 13835093239654318080
25 1 82 1 191 2 140738025226241 141562122076164 140874927833089 211106233057280 211107037839362 211381110439944 211312391749634 70368744964096 70369012613123 70918499991564 70437463916547 140737488617472
26 1 83 1 128 2 562952100904964 566248488304656 563499711332356 844424932229120 844428151357448 845524441759776 845249566998536 281474979856384 281476050452492 283673999966256 281749855666188 562949954469888
27 1 84 1 129 2 2251808403619856 2264993953218624 2253998845329424 3377699728916480 3377712605429792 3382097767039104 3380998267994144 1125899919425536 1125904201809968 1134695999865024 1126999422664752 2251799817879552
28 1 85 1 130 2 9007233614479424 9059975812874496 9015995381317696 13510798915665920 13510850421719168 13528391068156416 13523993071976576 4503599677702144 4503616807239872 4538783999460096 4507997690659008 9007199271518208
29 1 86 1 131 2 36028934457917696 36239903251497984 36063981525270784 54043195662663680 54043401686876672 54113564272625664 54095972287906304 18014398710808576 18014467228959488 18155135997840384 18031990762636032 36028797086072832
30 1 87 1 132 2 144115737831670784 144959613005991936 144255926101083136 216172782650654720 216173606747506688 216454257090502656 216383889151625216 72057594843234304 72057868915837952 72620543991361536 72127963050544128 144115188344291328
31 1 88 1 133 2 576462951326683136 579838452023967744 577023704404332544 864691130602618880 864694426990026752 865817028362010624 865535556606500864 288230379372937216 288231475663351808 290482175965446144 288511852202176512 576460753377165312
32 1 89 1 134 2 2305851805306732544 2319353808095870976 2308094817617330176 3458764522410475520 3458777707960107008 3463268113448042496 3462142226426003456 1152921517491748864 1152925902653407232 1161928703861784576 1154047408808706048 2305843013508661248
33 1 90 1 135 2 9223407221226930176 9277415232383483904 9232379270469320704 13835058089641902080 13835110831840428032 13853072453792169984 13848568905704013824 4611686069966995456 4611703610613628928 4647714815447138304 4616189635234824192 9223372054034644992
34 1 91 1 136 2 140737488617474 216172782114832386 36028934458179587 137438953474 211106233057283 72057594040025091 54043401687400449 206158430211 70368744964097 144115188079001601 18014467229745154 68719476737
35 1 92 1 137 2 562949954469896 864691128459329544 144115737832718348 549755813896 844424932229132 288230376160100364 216173606749601796 824633720844 281474979856388 576460752316006404 72057868918980616 274877906948
36 1 93 1 138 2 2251799817879584 3458764513837318176 576462951330873392 2199023255584 3377699728916528 1152921504640401456 864694426998407184 3298534883376 1125899919425552 2305843009264025616 288231475675922464 1099511627792
37 1 94 1 139 2 9007199271518336 13835058055349272704 2305851805323493568 8796093022336 13510798915666112 4611686018561605824 3458777707993628736 13194139533504 4503599677702208 9223372037056102464 1152925902703689856 4398046511168
38 1 95 1 140 2 36028797086073347 268435968 9223407221293974272 35184372089344 54043195662664449 536871680 13835110831974514944 52776558134016 18014398710808834 805306624 4611703610814759424 17592186044672
39 1 96 1 141 2 144115188344293388 1073743872 140737756793856 140737488357378 216172782650657796 2147486720 211106769404928 211106232536067 72057594843235336 3221226496 70369549486080 70368744178689
40 1 97 1 142 2 576460753377173552 4294975488 562951027175424 562949953429512 864691130602631184 8589946880 844427077619712 844424930144268 288230379372941344 12884905984 281478197944320 281474976714756
41 1 98 1 143 2 2305843013508694208 17179901952 2251804108701696 2251799813718048 3458764522410524736 34359787520 3377708310478848 3377699720577072 1152921517491765376 51539623936 1125912791777280 1125899906859024
42 1 99 1 144 2 9223372054034776832 68719607808 9007216434806784 9007199254872192 13835058089642098944 137439150080 13510833241915392 13510798882308288 4611686069967061504 206158495744 4503651167109120 4503599627436096
43 1 100 1 145 2 68720004096 274878431234 36028865739227136 36028797019488768 137439740928 549756600323 54043332967661568 54043195529233152 206158694400 824633982977 18014604668436480 18014398509744384
44 1 101 1 146 2 274880016384 1099513724936 144115462956908544 144115188077955072 549758963712 2199026401292 216173331870646272 216172782116932608 824634777600 3298535931908 72058418673745920 72057594038977536
45 1 102 1 147 2 1099520065536 4398054899744 576461851827634176 576460752311820288 2199035854848 8796105605168 864693327482585088 864691128467730432 3298539110400 13194143727632 288233674694983680 288230376155910144
46 1 103 1 148 2 4398080262144 17592219598976 2305847407310536704 2305843009247281152 8796143419392 35184422420672 3458773309930340352 3458764513870921728 13194156441600 52776574910528 1152934698779934720 1152921504623640576
47 1 104 1 149 2 17592321048576 70368878395904 9223389629242146816 9223372036989124608 35184573677568 140737689682688 13835093239721361408 13835058055483686912 52776625766400 211106299642112 4611738795119738880 4611686018494562304
48 1 105 1 150 2 70369284194304 281475513583616 70369549484034 537395202 140738294710272 562950758730752 140737756790787 806092803 211106503065600 844425198568448 211106769403905 268697601
49 1 106 1 151 2 281477136777216 1125902054334464 281478197936136 2149580808 562953178841088 2251803034923008 562951027163148 3224371212 844426012262400 3377700794273792 844427077615620 1074790404
50 1 107 1 152 2 1125908547108864 4503608217337856 1125912791744544 8598323232 2251812715364352 9007212139692032 2251804108652592 12897484848 3377704049049600 13510803177095168 3377708310462480 4299161616
51 1 108 1 153 2 4503634188435456 18014432869351424 4503651166978176 34393292928 9007250861457408 36028848558768128 9007216434610368 51589939392 13510816196198400 54043212708380672 13510833241849920 17196646464
52 1 109 1 154 2 18014536753741824 72057731477405696 18014604667912704 137573171712 36029003445829632 144115394235072512 36028865738441472 206359757568 54043264784793600 216172850833522688 54043332967399680 68786585856
53 1 110 1 155 2 72058147014967296 288230925909622784 72058418671650816 550292686848 144116013783318528 576461576940290048 144115462953765888 825439030272 216173059139174400 864691403334090752 216173331869598720 275146343424
54 1 111 1 156 2 288232588059869184 1152923703638491136 288233674686603264 2201170747392 576464055133274112 2305846307761160192 576461851815063552 3301756121088 864692236556697600 3458765613336363008 864693327478394880 1100585373696
55 1 112 1 157 2 1152930352239476736 4611694814553964544 1152934698746413056 8804682989568 2305856220533096448 9223385231044640768 2305847407260254208 13207024484352 3458768946226790400 13835062453345452032 3458773309913579520 4402341494784
56 1 113 1 158 2 4611721408957906945 35184506306560 4611738794985652224 35218731958272 9223424882132385794 52776759459840 9223389629041016832 52828097937408 13835075784907161603 17592253153280 13835093239654318080 17609365979136
57 1 114 1 159 2 141562122076164 140738025226241 211106233057280 140874927833089 211381110439944 211107037839362 70368744964096 211312391749634 70918499991564 70369012613123 140737488617472 70437463916547
58 1 115 1 160 2 566248488304656 562952100904964 844424932229120 563499711332356 845524441759776 844428151357448 281474979856384 845249566998536 283673999966256 281476050452492 562949954469888 281749855666188
59 1 116 1 161 2 2264993953218624 2251808403619856 3377699728916480 2253998845329424 3382097767039104 3377712605429792 1125899919425536 3380998267994144 1134695999865024 1125904201809968 2251799817879552 1126999422664752
60 1 117 1 162 2 9059975812874496 9007233614479424 13510798915665920 9015995381317696 13528391068156416 13510850421719168 4503599677702144 13523993071976576 4538783999460096 4503616807239872 9007199271518208 4507997690659008
61 1 118 1 163 2 36239903251497984 36028934457917696 54043195662663680 36063981525270784 54113564272625664 54043401686876672 18014398710808576 54095972287906304 18155135997840384 18014467228959488 36028797086072832 18031990762636032
62 1 119 1 164 2 144959613005991936 144115737831670784 216172782650654720 144255926101083136 216454257090502656 216173606747506688 72057594843234304 216383889151625216 72620543991361536 72057868915837952 144115188344291328 72127963050544128
63 1 120 1 165 2 579838452023967744 576462951326683136 864691130602618880 577023704404332544 865817028362010624 864694426990026752 288230379372937216 865535556606500864 290482175965446144 288231475663351808 576460753377165312 288511852202176512
0 1 121 1 166 2 2319353808095870976 2305851805306732544 3458764522410475520 2308094817617330176 3463268113448042496 3458777707960107008 1152921517491748864 3462142226426003456 1161928703861784576 1152925902653407232 2305843013508661248 1154047408808706048
1 1 122 1 167 2 9277415232383483904 9223407221226930176 13835058089641902080 9232379270469320704 13853072453792169984 13835110831840428032 4611686069966995456 13848568905704013824 4647714815447138304 4611703610613628928 9223372054034644992 4616189635234824192
2 1 123 1 168 2 216172782114832386 140737488617474 137438953474 36028934458179587 72057594040025091 211106233057283 206158430211 54043401687400449 144115188079001601 70368744964097 68719476737 18014467229745154
3 1 124 1 169 2 864691128459329544 562949954469896 549755813896 144115737832718348 288230376160100364 844424932229132 824633720844 216173606749601796 576460752316006404 281474979856388 274877906948 72057868918980616
4 1 125 1 170 2 3458764513837318176 2251799817879584 2199023255584 576462951330873392 1152921504640401456 3377699728916528 3298534883376 864694426998407184 2305843009264025616 1125899919425552 1099511627792 288231475675922464
5 1 126 1 171 2 13835058055349272704 9007199271518336 8796093022336 2305851805323493568 4611686018561605824 13510798915666112 13194139533504 3458777707993628736 9223372037056102464 4503599677702208 4398046511168 1152925902703689856
6 1 127 1 172 2 268435968 36028797086073347 35184372089344 9223407221293974272 536871680 54043195662664449 52776558134016 13835110831974514944 805306624 18014398710808834 17592186044672 4611703610814759424
54 1 94 1 128 1 1879050240 144396663857872896 140738293663744 806095872 2415922176 216735732335640576 211106500971520 268698624 3758097408 72902019504930816 70369281049600 537397248
55 1 95 1 129 1 7516200960 577586655431491584 562953174654976 3224383488 9663688704 866942929342562304 844426003886080 1074794496 15032389632 291608078019723264 281477124198400 2149588992
56 1 96 1 130 1 30064803840 2310346621725966336 2251812698619904 12897533952 38654754816 3467771717370249216 3377704015544320 4299177984 60129558528 1166432312078893056 1125908496793600 8598355968
57 1 97 1 131 1 120259215360 9241386486903865344 9007250794479616 51590135808 154619019264 13871086869480996864 13510816062177280 17196711936 240518234112 4665729248315572224 4503633987174400 34393423872
58 1 98 1 132 1 481036861442 72057800196358144 36029003177918464 206360543232 618476077059 144115256795332608 54043264248709120 68786847744 962072936449 216172919552737280 18014535948697600 137573695488
59 1 99 1 133 1 1924147445768 288231200785432576 144116012711673856 825442172928 2473904308236 576461027181330432 216173056994836480 275147390976 3848291745796 864691678210949120 72058143794790400 550294781952
60 1 100 1 134 1 7696589783072 1152924803141730304 576464050846695424 3301768691712 9895617232944 2305844108725321728 864692227979345920 1100589563904 15393166983184 3458766712843796480 288232575179161600 2201179127808
61 1 101 1 135 1 30786359132288 4611699212566921216 2305856203386781696 13207074766848 39582468931776 9223376434901286912 3458768911917383680 4402358255616 61572667932736 13835066851375185920 1152930300716646400 8804716511232
62 1 102 1 136 1 123145436529153 52776558133248 9223424813547126784 52828299067392 158329875727106 17592186044416 13835075647669534720 17609433022464 246290671730947 35184372088832 4611721202866585600 35218866044928
63 1 103 1 137 1 492581746116612 211106232532992 211106769403904 211313196269570 633319502908424 70368744177664 70369549484032 70437732089859 985162686923788 140737488355328 140737756790784 140875464179713
0 1 104 1 138 1 1970326984466448 844424930131968 844427077615616 845252785078280 2533278011633696 281474976710656 281478197936128 281750928359436 3940650747695152 562949953421312 562951027163136 563501856718852
1 1 105 1 139 1 7881307937865792 3377699720527872 3377708310462464 3381011140313120 10133112046534784 1125899906842624 1125912791744512 1127003713437744 15762602990780608 2251799813685248 2251804108652544 2254007426875408
2 1 106 1 140 1 31525231751463168 13510798882111488 13510833241849856 13524044561252480 40532448186139136 4503599627370496 4503651166978048 4508014853750976 63050411963122432 9007199254740992 9007216434610176 9016029707501632
3 1 107 1 141 1 126100927005852672 54043195528445952 54043332967399424 54096178245009920 162129792744556544 18014398509481984 18014604667912192 18032059415003904 252201647852489728 36028797018963968 36028865738440704 36064118830006528
4 1 108 1 142 1 504403708023410688 216172782113783808 216173331869597696 216384712980039680 648519170978226176 72057594037927936 72058418671648768 72128237660015616 1008806591409958912 144115188075855872 144115462953762816 144256475320026112
5 1 109 1 143 1 2017614832093642752 864691128455135232 864693327478390784 865538851920158720 2594076683912904704 288230376151711744 288233674686595072 288512950640062464 4035226365639835648 576460752303423488 576461851815051264 577025901280104448
6 1 110 1 144 1 8070459328374571008 3458764513820540928 3458773309913563136 3462155407680634880 10376306735651618816 1152921504606846976 1152934698746380288 1154051802560249856 16140905462559342592 2305843009213693952 2305847407260205056 2308103605120417792
7 1 111 1 145 1 13835093239788732416 13835058055282163713 13835093239654252544 13848621630722539520 4611738795187372032 4611686018427387906 4611738794985521152 4616207210240999424 9223389629108715520 9223372036854775811 9223389629040820224 9232414420481671168
8 1 112 1 146 1 140738026274819 7 140737488355331 54254301761503235 211107039936513 9 211106232532993 18084767254446081 70369015758850 14 70368744177666 36169534507581442
9 1 113 1 147 1 562952105099276 28 562949953421324 217017207046012940 844428159746052 36 844424930131972 72339069017784324 281476063035400 56 281474976710664 144678138030325768
10 1 114 1 148 1 2251808420397104 112 2251799813685296 868068828184051760 3377712638984208 144 3377699720527888 289356276071137296 1125904252141600 224 1125899906842656 578712552121303072
11 1 115 1 149 1 9007233681588416 448 9007199254741184 3472275312736207040 13510850555936832 576 13510798882111552 1157425104284549184 4503617008566400 896 4503599627370624 2314850208485212288
12 1 116 1 150 1 36028934726353664 1792 36028797018964736 13889101250944828160 54043402223747328 2304 54043195528446208 4629700417138196736 18014468034265600 3584 18014398509482496 9259400833940849152
13 1 117 1 151 1 144115738905414656 7168 144115188075858947 216172782650657792 216173608894989312 9216 216172782113784833 72057594843235328 72057872137062400 14336 72057594037929986 144115188344293376
14 1 118 1 152 1 576462955621658624 28672 576460752303435788 864691130602631168 864694435579957248 36864 864691128455139332 288230379372941312 288231488548249600 57344 288230376151719944 576460753377173504
15 1 119 1 153 1 2305851822486634496 114688 2305843009213743152 3458764522410524672 3458777742319828992 147456 3458764513820557328 1152921517491765248 1152925954192998400 229376 1152921504606879776 2305843013508694016
16 1 120 1 154 1 9223407289946537984 458752 9223372036854972608 13835058089642098688 13835110969279315968 589824 13835058055282229312 4611686069967060992 4611703816771993600 917504 4611686018427519104 9223372054034776064
17 1 121 1 155 1 141012367048704 1835010 787203 137439739906 211655988609024 2359299 262401 206158692355 71193378422784 3670017 524802 68720001025
18 1 122 1 156 1 564049468194816 7340040 3148812 549758959624 846623954436096 9437196 1049604 824634769420 284773513691136 14680068 2099208 274880004100
19 1 123 1 157 1 2256197872779264 29360160 12595248 2199035838496 3386495817744384 37748784 4198416 3298539077680 1139094054764544 58720272 8396832 1099520016400
20 1 124 1 158 1 9024791491117056 117440640 50380992 8796143353984 13545983270977536 150995136 16793664 13194156310720 4556376219058176 234881088 33587328 4398080065600
21 1 125 1 159 1 36099165964468224 469762560 201523968 35184573415936 54183933083910144 603980544 67174656 52776625242880 18225504876232704 939524352 134349312 17592320262400
22 1 126 1 160 1 144396663857872896 1879050240 806095872 140738293663744 216735732335640576 2415922176 268698624 211106500971520 72902019504930816 3758097408 537397248 70369281049600
23 1 127 1 161 1 577586655431491584 7516200960 3224383488 562953174654976 866942929342562304 9663688704 1074794496 844426003886080 291608078019723264 15032389632 2149588992 281477124198400
24 1 64 1 162 1 2310346621725966336 30064803840 12897533952 2251812698619904 3467771717370249216 38654754816 4299177984 3377704015544320 1166432312078893056 60129558528 8598355968 1125908496793600
25 1 65 1 163 1 9241386486903865344 120259215360 51590135808 9007250794479616 13871086869480996864 154619019264 17196711936 13510816062177280 4665729248315572224 240518234112 34393423872 4503633987174400
26 1 66 1 164 1 72057800196358144 481036861442 206360543232 36029003177918464 144115256795332608 618476077059 68786847744 54043264248709120 216172919552737280 962072936449 137573695488 18014535948697600
27 1 67 1 165 1 288231200785432576 1924147445768 825442172928 144116012711673856 576461027181330432 2473904308236 275147390976 216173056994836480 864691678210949120 3848291745796 550294781952 72058143794790400
28 1 68 1 166 1 1152924803141730304 7696589783072 3301768691712 576464050846695424 2305844108725321728 9895617232944 1100589563904 864692227979345920 3458766712843796480 15393166983184 2201179127808 288232575179161600
29 1 69 1 167 1 4611699212566921216 30786359132288 13207074766848 2305856203386781696 9223376434901286912 39582468931776 4402358255616 3458768911917383680 13835066851375185920 61572667932736 8804716511232 1152930300716646400
30 1 70 1 168 1 52776558133248 123145436529153 52828299067392 9223424813547126784 17592186044416 158329875727106 17609433022464 13835075647669534720 35184372088832 246290671730947 35218866044928 4611721202866585600
31 1 71 1 169 1 211106232532992 492581746116612 211313196269570 211106769403904 70368744177664 633319502908424 70437732089859 70369549484032 140737488355328 985162686923788 140875464179713 140737756790784
32 1 72 1 170 1 844424930131968 1970326984466448 845252785078280 844427077615616 281474976710656 2533278011633696 281750928359436 281478197936128 562949953421312 3940650747695152 563501856718852 562951027163136
33 1 73 1 171 1 3377699720527872 7881307937865792 3381011140313120 3377708310462464 1125899906842624 10133112046534784 1127003713437744 1125912791744512 2251799813685248 15762602990780608 2254007426875408 2251804108652544
34 1 74 1 172 1 13510798882111488 31525231751463168 13524044561252480 13510833241849856 4503599627370496 40532448186139136 4508014853750976 4503651166978048 9007199254740992 63050411963122432 9016029707501632 9007216434610176
35 1 75 1 173 1 54043195528445952 126100927005852672 54096178245009920 54043332967399424 18014398509481984 162129792744556544 18032059415003904 18014604667912192 36028797018963968 252201647852489728 36064118830006528 36028865738440704
36 1 76 1 174 1 216172782113783808 504403708023410688 216384712980039680 216173331869597696 72057594037927936 648519170978226176 72128237660015616 72058418671648768 144115188075855872 1008806591409958912 144256475320026112 144115462953762816
37 1 77 1 175 1 864691128455135232 2017614832093642752 865538851920158720 864693327478390784 288230376151711744 2594076683912904704 288512950640062464 288233674686595072 576460752303423488 4035226365639835648 577025901280104448 576461851815051264
38 1 78 1 176 1 3458764513820540928 8070459328374571008 3462155407680634880 3458773309913563136 1152921504606846976 10376306735651618816 1154051802560249856 1152934698746380288 2305843009213693952 16140905462559342592 2308103605120417792 2305847407260205056
39 1 79 1 177 1 13835058055282163713 13835093239788732416 13848621630722539520 13835093239654252544 4611686018427387906 4611738795187372032 4616207210240999424 4611738794985521152 9223372036854775811 9223389629108715520 9232414420481671168 9223389629040820224
40 1 80 1 178 1 7 140738026274819 54254301761503235 140737488355331 9 211107039936513 18084767254446081 211106232532993 14 70369015758850 36169534507581442 70368744177666
41 1 81 1 179 1 28 562952105099276 217017207046012940 562949953421324 36 844428159746052 72339069017784324 844424930131972 56 281476063035400 144678138030325768 281474976710664
42 1 82 1 180 1 112 2251808420397104 868068828184051760 2251799813685296 144 3377712638984208 289356276071137296 3377699720527888 224 1125904252141600 578712552121303072 1125899906842656
43 1 83 1 181 1 448 9007233681588416 3472275312736207040 9007199254741184 576 13510850555936832 1157425104284549184 13510798882111552 896 4503617008566400 2314850208485212288 4503599627370624
44 1 84 1 182 1 1792 36028934726353664 13889101250944828160 36028797018964736 2304 54043402223747328 4629700417138196736 54043195528446208 3584 18014468034265600 9259400833940849152 18014398509482496
45 1 85 1 183 1 7168 144115738905414656 216172782650657792 144115188075858947 9216 216173608894989312 72057594843235328 216172782113784833 14336 72057872137062400 144115188344293376 72057594037929986
46 1 86 1 184 1 28672 576462955621658624 864691130602631168 576460752303435788 36864 864694435579957248 288230379372941312 864691128455139332 57344 288231488548249600 576460753377173504 288230376151719944
47 1 87 1 185 1 114688 2305851822486634496 3458764522410524672 2305843009213743152 147456 3458777742319828992 1152921517491765248 3458764513820557328 229376 1152925954192998400 2305843013508694016 1152921504606879776
48 1 88 1 186 1 458752 9223407289946537984 13835058089642098688 9223372036854972608 589824 13835110969279315968 4611686069967060992 13835058055282229312 917504 4611703816771993600 9223372054034776064 4611686018427519104
49 1 89 1 187 1 1835010 141012367048704 137439739906 787203 2359299 211655988609024 206158692355 262401 3670017 71193378422784 68720001025 524802
50 1 90 1 188 1 7340040 564049468194816 549758959624 3148812 9437196 846623954436096 824634769420 1049604 14680068 284773513691136 274880004100 2099208
51 1 91 1 189 1 29360160 2256197872779264 2199035838496 12595248 37748784 3386495817744384 3298539077680 4198416 58720272 1139094054764544 1099520016400 8396832
52 1 92 1 190 1 117440640 9024791491117056 8796143353984 50380992 150995136 13545983270977536 13194156310720 16793664 234881088 4556376219058176 4398080065600 33587328
53 1 93 1 191 1 469762560 36099165964468224 35184573415936 201523968 603980544 54183933083910144 52776625242880 67174656 939524352 18225504876232704 17592320262400 134349312
54 2 95 1 176 1 268435459 562950758730756 268435456 211107038101504 536870913 844425198568456 536870912 70369013137408 805306370 281475513583628 805306368 140738026012672
55 2 96 1 177 1 1073741836 2251803034923024 1073741824 844428152406016 2147483652 3377700794273824 2147483648 281476052549632 3221225480 1125902054334512 3221225472 562952104050688
56 2 97 1 178 1 4294967344 9007212139692096 4294967296 3377712609624064 8589934608 13510803177095296 8589934592 1125904210198528 12884901920 4503608217338048 12884901888 2251808416202752
57 2 98 1 179 1 17179869376 36028848558768384 17179869184 13510850438496256 34359738432 54043212708381184 34359738368 4503616840794112 51539607680 18014432869352192 51539607552 9007233664811008
58 2 99 1 180 1 68719477504 144115394235073536 68719476736 54043401753985024 137438953728 216172850833524736 137438953472 18014467363176448 206158430720 72057731477408768 206158430208 36028934659244032
59 2 100 1 181 1 274877910016 576461576940294144 274877906944 216173607015940096 549755814912 864691403334098944 549755813888 72057869452705792 824633722880 288230925909635072 824633720832 144115738636976128
60 2 101 1 182 1 1099511640064 2305846307761176576 1099511627776 864694428063760384 2199023259648 3458765613336395776 2199023255552 288231477810823168 3298534891520 1152923703638540288 3298534883328 576462954547904512
61 2 102 1 183 1 4398046560256 9223385231044706304 4398046511104 3458777712255041536 8796093038592 13835062453345583104 8796093022208 1152925911243292672 13194139566080 4611694814554161152 13194139533312 2305851818191618048
62 2 103 1 184 1 17592186241026 52776759721984 17592186044416 13835110849020166144 35184372154371 17592253677568 35184372088832 4611703644973170688 52776558264321 35184507092992 52776558133248 9223407272766472192
63 2 104 1 185 1 70368744964104 211107038887936 70368744177667 211174952009728 140737488617484 70369014710272 140737488355329 70506183131136 211106233057284 140738028371968 211106232532994 140943646785536
0 2 105 1 186 1 281474979856416 844428155551744 281474976710668 844699808038912 562949954469936 281476058841088 562949953421316 282024732524544 844424932229136 562952113487872 844424930131976 563774587142144
1 2 106 1 187 1 1125899919425664 3377712622206976 1125899906842672 3378799232155648 2251799817879744 1125904235364352 2251799813685264 1128098930098176 3377699728916544 2251808453951488 3377699720527904 2255098348568576
2 2 107 1 188 1 4503599677702656 13510850488827904 4503599627370688 13515196928622592 9007199271518976 4503616941457408 9007199254741056 4512395720392704 13510798915666176 9007233815805952 13510798882111616 9020393394274304
3 2 108 1 189 1 18014398710810624 54043401955311616 18014398509482752 54060787714490368 36028797086075904 18014467765829632 36028797018964224 18049582881570816 54043195662664704 36028935263223808 54043195528446464 36081573577097216
4 2 109 1 190 1 72057594843242496 216173607821246464 72057594037931008 216243150857961472 144115188344303616 72057871063318528 144115188075856896 72198331526283264 216172782650658816 144115741052895232 216172782113785856 144326294308388864
5 2 110 1 191 1 288230379372969984 864694431284985856 288230376151724032 864972603431845888 576460753377214464 288231484253274112 576460752303427584 288793326105133056 864691130602635264 576462964211580928 864691128455143424 577305177233555456
6 2 111 1 128 1 1152921517491879936 3458777725139943424 1152921504606896128 3459890413727383552 2305843013508857856 1152925937013096448 2305843009213710336 1155173304420532224 3458764522410541056 2305851856846323712 3458764513820573696 2309220708934221824
7 2 112 1 129 1 4611686069967519744 13835110900559773696 4611686018427584512 13839561654909534208 9223372054035431424 4611703748052385792 9223372036854841344 4620693217682128896 13835058089642164224 9223407427385294848 13835058055282294784 9236882835736887296
8 2 113 1 130 1 206160527363 211381110439937 786435 18014398509481985 68722622465 70918499991554 262145 36028797018963970 137440002050 141562122076163 524290 54043195528445955
9 2 114 1 131 1 824642109452 845524441759748 3145740 72057594037927940 274890489860 283673999966216 1048580 144115188075855880 549760008200 566248488304652 2097160 216172782113783820
10 2 115 1 132 1 3298568437808 3382097767038992 12582960 288230376151711760 1099561959440 1134695999864864 4194320 576460752303423520 2199040032800 2264993953218608 8388640 864691128455135280
11 2 116 1 133 1 13194273751232 13528391068155968 50331840 1152921504606847040 4398247837760 4538783999459456 16777280 2305843009213694080 8796160131200 9059975812874432 33554560 3458764513820541120
12 2 117 1 134 1 52777095004928 54113564272623872 201327360 4611686018427388160 17592991351040 18155135997837824 67109120 9223372036854776320 35184640524800 36239903251497728 134218240 13835058055282164480
13 2 118 1 135 1 211108380019712 216454257090495488 805309441 1024 70371965404160 72620543991351296 268436482 2048 140738562099200 144959613005990912 536872963 3072
14 2 119 1 136 1 844433520078848 865817028361981952 3221237764 4096 281487861616640 290482175965405184 1073745928 8192 562954248396800 579838452023963648 2147491852 12288
15 2 120 1 137 1 3377734080315392 3463268113447927808 12884951056 16384 1125951446466560 1161928703861620736 4294983712 32768 2251816993587200 2319353808095854592 8589967408 49152
16 2 121 1 138 1 13510936321261568 13853072453791711232 51539804224 65536 4503805785866240 4647714815446482944 17179934848 131072 9007267974348800 9277415232383418368 34359869632 196608
17 2 122 1 139 1 54043745285046275 72057594038190080 206159216896 262144 18015223143464961 144115188076380160 68719739392 524288 36029071897395202 216172782114570240 137439478528 786432
18 2 123 1 140 1 216174981140185100 288230376152760320 824636867584 1048576 72060892573859844 576460752305520640 274878957568 2097152 144116287589580808 864691128458280960 549757914112 3145728
19 2 124 1 141 1 864699924560740400 1152921504611041280 3298547470336 4194304 288243570295439376 2305843009222082560 1099515830272 8388608 576465150358323232 3458764513833123840 2199031656448 12582912
20 2 125 1 142 1 3458799698242961600 4611686018444165120 13194189881344 16777216 1152974281181757504 9223372036888330240 4398063321088 33554432 2305860601433292928 13835058055332495360 8796126625792 50331648
21 2 126 1 143 1 13835198792971846401 67108864 52776759525376 67108864 4611897124727030018 134217728 17592253284352 134217728 9223442405733171715 201326592 35184506503168 201326592
22 2 127 1 144 1 562950758730756 268435459 211107038101504 268435456 844425198568456 536870913 70369013137408 536870912 281475513583628 805306370 140738026012672 805306368
23 2 64 1 145 1 2251803034923024 1073741836 844428152406016 1073741824 3377700794273824 2147483652 281476052549632 2147483648 1125902054334512 3221225480 562952104050688 3221225472
24 2 65 1 146 1 9007212139692096 4294967344 3377712609624064 4294967296 13510803177095296 8589934608 1125904210198528 8589934592 4503608217338048 12884901920 2251808416202752 12884901888
25 2 66 1 147 1 36028848558768384 17179869376 13510850438496256 17179869184 54043212708381184 34359738432 4503616840794112 34359738368 18014432869352192 51539607680 9007233664811008 51539607552
26 2 67 1 148 1 144115394235073536 68719477504 54043401753985024 68719476736 216172850833524736 137438953728 18014467363176448 137438953472 72057731477408768 206158430720 36028934659244032 206158430208
27 2 68 1 149 1 576461576940294144 274877910016 216173607015940096 274877906944 864691403334098944 549755814912 72057869452705792 549755813888 288230925909635072 824633722880 144115738636976128 824633720832
28 2 69 1 150 1 2305846307761176576 1099511640064 864694428063760384 1099511627776 3458765613336395776 2199023259648 288231477810823168 2199023255552 1152923703638540288 3298534891520 576462954547904512 3298534883328
29 2 70 1 151 1 9223385231044706304 4398046560256 3458777712255041536 4398046511104 13835062453345583104 8796093038592 1152925911243292672 8796093022208 4611694814554161152 13194139566080 2305851818191618048 13194139533312
30 2 71 1 152 1 52776759721984 17592186241026 13835110849020166144 17592186044416 17592253677568 35184372154371 4611703644973170688 35184372088832 35184507092992 52776558264321 9223407272766472192 52776558133248
31 2 72 1 153 1 211107038887936 70368744964104 211174952009728 70368744177667 70369014710272 140737488617484 70506183131136 140737488355329 140738028371968 211106233057284 140943646785536 211106232532994
32 2 73 1 154 1 844428155551744 281474979856416 844699808038912 281474976710668 281476058841088 562949954469936 282024732524544 562949953421316 562952113487872 844424932229136 563774587142144 844424930131976
33 2 74 1 155 1 3377712622206976 1125899919425664 3378799232155648 1125899906842672 1125904235364352 2251799817879744 1128098930098176 2251799813685264 2251808453951488 3377699728916544 2255098348568576 3377699720527904
34 2 75 1 156 1 13510850488827904 4503599677702656 13515196928622592 4503599627370688 4503616941457408 9007199271518976 4512395720392704 9007199254741056 9007233815805952 13510798915666176 9020393394274304 13510798882111616
35 2 76 1 157 1 54043401955311616 18014398710810624 54060787714490368 18014398509482752 18014467765829632 36028797086075904 18049582881570816 36028797018964224 36028935263223808 54043195662664704 36081573577097216 54043195528446464
36 2 77 1 158 1 216173607821246464 72057594843242496 216243150857961472 72057594037931008 72057871063318528 144115188344303616 72198331526283264 144115188075856896 144115741052895232 216172782650658816 144326294308388864 216172782113785856
37 2 78 1 159 1 864694431284985856 288230379372969984 864972603431845888 288230376151724032 288231484253274112 576460753377214464 288793326105133056 576460752303427584 576462964211580928 864691130602635264 577305177233555456 864691128455143424
38 2 79 1 160 1 3458777725139943424 1152921517491879936 3459890413727383552 1152921504606896128 1152925937013096448 2305843013508857856 1155173304420532224 2305843009213710336 2305851856846323712 3458764522410541056 2309220708934221824 3458764513820573696
39 2 80 1 161 1 13835110900559773696 4611686069967519744 13839561654909534208 4611686018427584512 4611703748052385792 9223372054035431424 4620693217682128896 9223372036854841344 9223407427385294848 13835058089642164224 9236882835736887296 13835058055282294784
40 2 81 1 162 1 211381110439937 206160527363 18014398509481985 786435 70918499991554 68722622465 36028797018963970 262145 141562122076163 137440002050 54043195528445955 524290
41 2 82 1 163 1 845524441759748 824642109452 72057594037927940 3145740 283673999966216 274890489860 144115188075855880 1048580 566248488304652 549760008200 216172782113783820 2097160
42 2 83 1 164 1 3382097767038992 3298568437808 288230376151711760 12582960 1134695999864864 1099561959440 576460752303423520 4194320 2264993953218608 2199040032800 864691128455135280 8388640
43 2 84 1 165 1 13528391068155968 13194273751232 1152921504606847040 50331840 4538783999459456 4398247837760 2305843009213694080 16777280 9059975812874432 8796160131200 3458764513820541120 33554560
44 2 85 1 166 1 54113564272623872 52777095004928 4611686018427388160 201327360 18155135997837824 17592991351040 9223372036854776320 67109120 36239903251497728 35184640524800 13835058055282164480 134218240
45 2 86 1 167 1 216454257090495488 211108380019712 1024 805309441 72620543991351296 70371965404160 2048 268436482 144959613005990912 140738562099200 3072 536872963
46 2 87 1 168 1 865817028361981952 844433520078848 4096 3221237764 290482175965405184 281487861616640 8192 1073745928 579838452023963648 562954248396800 12288 2147491852
47 2 88 1 169 1 3463268113447927808 3377734080315392 16384 12884951056 1161928703861620736 1125951446466560 32768 4294983712 2319353808095854592 2251816993587200 49152 8589967408
48 2 89 1 170 1 13853072453791711232 13510936321261568 65536 51539804224 4647714815446482944 4503805785866240 131072 17179934848 9277415232383418368 9007267974348800 196608 34359869632
49 2 90 1 171 1 72057594038190080 54043745285046275 262144 206159216896 144115188076380160 18015223143464961 524288 68719739392 216172782114570240 36029071897395202 786432 137439478528
50 2 91 1 172 1 288230376152760320 216174981140185100 1048576 824636867584 576460752305520640 72060892573859844 2097152 274878957568 864691128458280960 144116287589580808 3145728 549757914112
51 2 92 1 173 1 1152921504611041280 864699924560740400 4194304 3298547470336 2305843009222082560 288243570295439376 8388608 1099515830272 3458764513833123840 576465150358323232 12582912 2199031656448
52 2 93 1 174 1 4611686018444165120 3458799698242961600 16777216 13194189881344 9223372036888330240 1152974281181757504 33554432 4398063321088 13835058055332495360 2305860601433292928 50331648 8796126625792
53 2 94 1 175 1 67108864 13835198792971846401 67108864 52776759525376 134217728 4611897124727030018 134217728 17592253284352 201326592 9223442405733171715 201326592 35184506503168
