160 60 80 20
0 1 20 1 40 1
1 1 21 1 41 1
2 1 22 1 42 1
3 1 23 1 43 1
4 1 24 1 44 1
5 1 25 1 45 1
6 1 26 1 46 1
7 1 27 1 47 1
8 1 28 1 48 1
9 1 29 1 49 1
10 1 30 1 50 1
11 1 31 1 51 1
12 1 32 1 52 1
13 1 33 1 53 1
14 1 34 1 54 1
15 1 35 1 55 1
16 1 36 1 56 1
17 1 37 1 57 1
18 1 38 1 58 1
19 1 39 1 59 1
17 1 36 1 41 1
18 1 37 1 42 1
19 1 38 1 43 1
0 1 39 1 44 1
1 1 20 1 45 1
2 1 21 1 46 1
3 1 22 1 47 1
4 1 23 1 48 1
5 1 24 1 49 1
6 1 25 1 50 1
7 1 26 1 51 1
8 1 27 1 52 1
9 1 28 1 53 1
10 1 29 1 54 1
11 1 30 1 55 1
12 1 31 1 56 1
13 1 32 1 57 1
14 1 33 1 58 1
15 1 34 1 59 1
16 1 35 1 40 1
17 1 28 1 42 1
18 1 29 1 43 1
19 1 30 1 44 1
0 1 31 1 45 1
1 1 32 1 46 1
2 1 33 1 47 1
3 1 34 1 48 1
4 1 35 1 49 1
5 1 36 1 50 1
6 1 37 1 51 1
7 1 38 1 52 1
8 1 39 1 53 1
9 1 20 1 54 1
10 1 21 1 55 1
11 1 22 1 56 1
12 1 23 1 57 1
13 1 24 1 58 1
14 1 25 1 59 1
15 1 26 1 40 1
16 1 27 1 41 1
15 1 36 1 44 1
16 1 37 1 45 1
17 1 38 1 46 1
18 1 39 1 47 1
19 1 20 1 48 1
0 1 21 1 49 1
1 1 22 1 50 1
2 1 23 1 51 1
3 1 24 1 52 1
4 1 25 1 53 1
5 1 26 1 54 1
6 1 27 1 55 1
7 1 28 1 56 1
8 1 29 1 57 1
9 1 30 1 58 1
10 1 31 1 59 1
11 1 32 1 40 1
12 1 33 1 41 1
13 1 34 1 42 1
14 1 35 1 43 1
0 2 37 1 41 1
1 2 38 1 42 1
2 2 39 1 43 1
3 2 20 1 44 1
4 2 21 1 45 1
5 2 22 1 46 1
6 2 23 1 47 1
7 2 24 1 48 1
8 2 25 1 49 1
9 2 26 1 50 1
10 2 27 1 51 1
11 2 28 1 52 1
12 2 29 1 53 1
13 2 30 1 54 1
14 2 31 1 55 1
15 2 32 1 56 1
16 2 33 1 57 1
17 2 34 1 58 1
18 2 35 1 59 1
19 2 36 1 40 1
15 1 20 2 42 1
16 1 21 2 43 1
17 1 22 2 44 1
18 1 23 2 45 1
19 1 24 2 46 1
0 1 25 2 47 1
1 1 26 2 48 1
2 1 27 2 49 1
3 1 28 2 50 1
4 1 29 2 51 1
5 1 30 2 52 1
6 1 31 2 53 1
7 1 32 2 54 1
8 1 33 2 55 1
9 1 34 2 56 1
10 1 35 2 57 1
11 1 36 2 58 1
12 1 37 2 59 1
13 1 38 2 40 1
14 1 39 2 41 1
1 1 28 1 40 2
2 1 29 1 41 2
3 1 30 1 42 2
4 1 31 1 43 2
5 1 32 1 44 2
6 1 33 1 45 2
7 1 34 1 46 2
8 1 35 1 47 2
9 1 36 1 48 2
10 1 37 1 49 2
11 1 38 1 50 2
12 1 39 1 51 2
13 1 20 1 52 2
14 1 21 1 53 2
15 1 22 1 54 2
16 1 23 1 55 2
17 1 24 1 56 2
18 1 25 1 57 2
19 1 26 1 58 2
0 1 27 1 59 2
1 1 37 1 44 1
2 1 38 1 45 1
3 1 39 1 46 1
4 1 20 1 47 1
5 1 21 1 48 1
6 1 22 1 49 1
7 1 23 1 50 1
8 1 24 1 51 1
9 1 25 1 52 1
10 1 26 1 53 1
11 1 27 1 54 1
12 1 28 1 55 1
13 1 29 1 56 1
14 1 30 1 57 1
15 1 31 1 58 1
16 1 32 1 59 1
17 1 33 1 40 1
18 1 34 1 41 1
19 1 35 1 42 1
0 1 36 1 43 1
4706543223304224857 17
4611989483980718353 5377
94597719939613000 5392
9413086446608449714 34
9223978967961436706 10754
189195439879226000 10784
379428819507347812 69
1213862213321796 21509
378390879758452000 21568
758856539503067849 138
2427724425595017 43018
756780660006324800 43136
364792673910916498 276
1157776953458037010 20500
1513562419524277376 20736
729585347821832996 552
2315553906916074020 41000
3027124839048554752 41472
306250290548446792 1104
5784029318438995016 16464
6054250777608737280 17408
612500581096893584 2208
11568058636877990032 32928
12108501555217474560 34816
72080757098567968 4416
5842294704653275424 321
5770260136237025280 4097
144161514197135936 8832
11684589409306550848 642
11540520272474050560 8194
288323028394271872 17664
4922434744903550080 1285
4634296471238549504 16389
576646056788543744 35328
9844869489807100160 2570
9268592942477099008 32778
1153292113578136064 5120
90073401297801729 5141
1243363315850444801 21
2306584227156272128 10240
180146802595603458 10282
2486726631700889602 42
4613168454311495681 20480
360292505680627716 20564
4973452163890151429 84
9226336908622991362 40960
720585011361255432 41128
9946904327780302858 168
1158850148631650309 16385
1441171122233090065 16720
294143077245255700 337
2317700297262252043 32770
2882341144955600930 33440
588285054978883625 674
5788322099131351062 4
5764683389422829636 1344
23649704862548050 1348
11576644198262702124 8
11529366778845659272 2688
47299409725096100 2696
360661877258392608 17472
4919056831575298144 5205
4703257956395910208 20501
721323754516785216 34944
9838113663150596288 10410
9406515912791820416 41002
1442648608545198208 4352
76562847496421760 20821
1519209256480936192 16469
2885297217089347841 8704
153124595482264320 41642
3038417413450244609 32938
4617672929571848707 17408
1459170695570327041 17748
6076834826901537794 340
9235345859143697414 34816
2918341391140654082 35496
12153669653803075588 680
1176869149184690188 4097
5836683881792935940 5456
4707674828801380360 1361
2353738298369380376 8194
11673367763585871880 10912
9415349657602760720 2722
4707475497227132977 16388
4899991453461143569 21825
383954141985390624 5445
9414950994454265954 32776
9799982906922287138 43650
767908283970781248 10890
1536079419804778693 17
1153221740136071236 21765
382895063334715521 21780
3072158839609557386 34
2306443480272142472 43530
765790126669431042 43560
4991397274123895572 68
5765808465151131920 21524
1531581352850489860 21584
9982794548247791144 136
11531616930302263840 43048
3063162705700979720 43168
365923518180232272 273
5769410191990195265 20561
6126326510912538641 20800
731845936848836769 546
11538820383979341955 41122
12252651922314498082 41600
310771468602454338 1092
5783818198855979270 16709
6058560870431072324 17665
621542937204908676 2184
11567636397711958540 33418
12117121740862144648 35330
90165469314598152 4368
5841450226321212440 1301
5787500507526365456 5125
180330938629196304 8736
11682900452642424880 2602
11575001015052730912 10250
72075255254155568 5376
94575867077919016 1281
22535934239309848 4097
144150510508311136 10752
189151734155838032 2562
45071868478619696 8194
288301021015573697 21504
378302368801096864 5124
90142637445611617 16388
576602042031147394 43008
756604737602193728 10248
180285274891223234 32776
1153204084062294789 20480
360289070108119681 20496
1513490954878714244 16
2306408168124589578 40960
720578140216239362 40992
3026981909757428488 32
5765737840856026132 16384
1441157379944106500 16448
4901043414419637776 64
11531475681712052264 32768
2882314759888213000 32896
9802086828839275552 128
5769128794321399888 1
5764630619288053776 256
4509178873780288 257
11538257588642799776 2
11529261238576107552 512
9018357747560576 514
4629771103576047936 5
4611778403442663488 1025
18036715495121152 1028
9259542207152095872 10
9223556806885326976 2050
36073430990242304 2056
72339241083012353 21
369540060053761 4101
72145762469905408 4112
144678482166024706 42
739080120107522 8202
144291524939810816 8224
289356964332049412 84
1478160240215044 16404
288583049879621632 16448
578712829152471049 168
2956320479381513 32808
577165000248664064 32896
4505253208674323 336
1158833046055030802 80
1154330000497328129 256
9009406906769446 672
2317664992598433829 160
2308660000993607683 512
18018813813538892 1344
4635329985196867658 320
4617320001987215366 1024
36037627627077784 2688
9270659970393735316 640
9234640003974430732 2048
4295234561 0
275952701440 0
280247927809 0
8590469122 0
551905402880 0
560495855618 0
17179889669 0
4300226560 0
21480083461 0
34359779338 0
8600453120 0
42960166922 0
68719558676 0
17200906240 0
85920333844 0
137439117352 0
34401812480 0
171840667688 0
274878234704 0
68803624960 0
343681335376 0
549756469408 0
137607249920 0
687362670752 0
1311041 0
275213451265 0
275214762304 0
2622082 0
550426902530 0
550429524608 0
4195589 0
1343225860 0
1347421441 0
8391178 0
2686451720 0
2694842882 0
16782356 0
5372903440 0
5389685764 0
33564712 0
10745806880 0
10779371528 0
67129424 0
21491613760 0
21558743056 0
134258848 0
42983227520 0
43117486112 0
268517696 0
85966455040 0
86234972224 0
537035392 0
171932910080 0
172469944448 0
1074070784 0
343865820160 0
344939888896 0
2148141568 0
687731640320 0
689879777792 0
0 0
0 0
0 0
0 0
0 0
0 0
0 0
0 0
0 0
0 0
0 0
0 0
0 0
0 0
0 0
0 0
0 0
0 0
0 0
0 0
0 0
0 0
0 0
0 0
0 0
0 0
0 0
0 0
0 0
0 0
0 0
0 0
0 0
0 0
0 0
0 0
0 0
0 0
0 0
0 0
0 0
0 0
0 0
0 0
0 0
0 0
0 0
0 0
0 0
0 0
0 0
0 0
0 0
0 0
0 0
0 0
0 0
0 0
0 0
0 0
0 0
0 0
0 0
0 0
0 0
0 0
0 0
0 0
0 0
0 0
0 0
0 0
0 0
0 0
0 0
0 0
0 0
0 0
0 0
0 0
0 0
0 0
0 0
0 0
0 0
0 0
0 0
0 0
0 0
0 0
0 0
0 0
0 0
0 0
0 0
0 0
0 0
0 0
0 0
0 0
0 0
0 0
0 0
0 0
0 0
0 0
0 0
0 0
0 0
0 0
0 0
0 0
0 0
0 0
0 0
0 0
0 0
0 0
0 0
0 0
0 0
0 0
0 0
0 0
0 0
0 0
0 0
0 0
0 0
0 0
0 0
0 0
0 0
0 0
0 0
0 0
0 0
0 0
0 0
0 0
0 0
0 0
0 0
0 0
0 0
0 0
0 0
0 0
0 0
0 0
0 0
0 0
0 0
0 0
0 0
0 0
0 0
0 0
0 0
0 0
0 0
0 0
0 0
0 0
0 0
0 0
0 0
0 0
0 0
0 0
0 0
0 0
0 0
0 0
0 0
0 0
0 0
0 0
0 0
0 0
4900004355509321728 17473
4919078683227979776 1092
19215065207013376 16389
9800008711018643456 34946
9838157366455959552 2184
38430130414026752 32778
1153274447839363072 4357
76650254107148288 4369
1229781765434900480 20
2306548895678726144 8714
153300508214296576 8738
2459563530869800960 40
4613097791357452288 17428
306601016428593152 17476
4919127061739601920 80
9226195582714904576 34856
613202032857186304 34952
9838254123479203840 160
1158568596327104512 4177
1226405165226000384 4368
76843768153636864 321
2317137192654209024 8354
2452810330452000768 8736
153687536307273728 642
4634274385308418048 16708
4905620660904001536 17472
307375072614547456 1284
9268548770616836096 33416
9811241321808003072 34944
614750145229094912 2568
1243274972130967552 1297
1175739669418082304 4353
76579885362970624 5136
2486549944261935104 2594
2351479338836164608 8706
153159770725941248 10272
4973099888523870208 5188
4702958677672329216 17412
306319541451882496 20544
9946199777047740416 10376
9405917355344658432 34824
612639082903764992 41088
292735075290710016 20753
1518012141586612224 4113
1225279265319157760 16640
585470150581420032 41506
3036024283173224448 8226
2450558530638315520 33280
1170941400674467840 17476
4919128161251229696 16452
6054038565883478016 1024
2341882801348935680 34952
9838256322502459392 32904
12108077131766956032 2048
5836687107304718336 4368
1229769670806994944 273
4616489784729141248 4097
11673374214609436672 8736
2459539341613989888 546
9232979569458282496 8194
