320 120 3 40
0 2 40 1 80 1 0 0 0 0 0 0 0 0 0
1 2 41 1 81 1 0 0 0 0 0 0 0 0 0
2 2 42 1 82 1 0 0 0 0 0 0 0 0 0
3 2 43 1 83 1 0 0 0 0 0 0 0 0 0
4 2 44 1 84 1 0 0 0 0 0 0 0 0 0
5 2 45 1 85 1 0 0 0 0 0 0 0 0 0
6 2 46 1 86 1 0 0 0 0 0 0 0 0 0
7 2 47 1 87 1 0 0 0 0 0 0 0 0 0
8 2 48 1 88 1 0 0 0 0 0 0 0 0 0
9 2 49 1 89 1 0 0 0 0 0 0 0 0 0
10 2 50 1 90 1 0 0 0 0 0 0 0 0 0
11 2 51 1 91 1 0 0 0 0 0 0 0 0 0
12 2 52 1 92 1 0 0 0 0 0 0 0 0 0
13 2 53 1 93 1 0 0 0 0 0 0 0 0 0
14 2 54 1 94 1 0 0 0 0 0 0 0 0 0
15 2 55 1 95 1 0 0 0 0 0 0 0 0 0
16 2 56 1 96 1 0 0 0 0 0 0 0 0 0
17 2 57 1 97 1 0 0 0 0 0 0 0 0 0
18 2 58 1 98 1 0 0 0 0 0 0 0 0 0
19 2 59 1 99 1 0 0 0 0 0 0 0 0 0
20 2 60 1 100 1 0 0 0 0 0 0 0 0 0
21 2 61 1 101 1 0 0 0 0 0 0 0 0 0
22 2 62 1 102 1 0 0 0 0 0 0 0 0 0
23 2 63 1 103 1 0 0 0 0 0 0 0 0 0
24 2 64 1 104 1 0 0 0 0 0 0 0 0 0
25 2 65 1 105 1 0 0 0 0 0 0 0 0 0
26 2 66 1 106 1 0 0 0 0 0 0 0 0 0
27 2 67 1 107 1 0 0 0 0 0 0 0 0 0
28 2 68 1 108 1 0 0 0 0 0 0 0 0 0
29 2 69 1 109 1 0 0 0 0 0 0 0 0 0
30 2 70 1 110 1 0 0 0 0 0 0 0 0 0
31 2 71 1 111 1 0 0 0 0 0 0 0 0 0
32 2 72 1 112 1 0 0 0 0 0 0 0 0 0
33 2 73 1 113 1 0 0 0 0 0 0 0 0 0
34 2 74 1 114 1 0 0 0 0 0 0 0 0 0
35 2 75 1 115 1 0 0 0 0 0 0 0 0 0
36 2 76 1 116 1 0 0 0 0 0 0 0 0 0
37 2 77 1 117 1 0 0 0 0 0 0 0 0 0
38 2 78 1 118 1 0 0 0 0 0 0 0 0 0
39 2 79 1 119 1 0 0 0 0 0 0 0 0 0
0 1 70 2 90 1 0 0 0 0 0 0 0 0 0
1 1 71 2 91 1 0 0 0 0 0 0 0 0 0
2 1 72 2 92 1 0 0 0 0 0 0 0 0 0
3 1 73 2 93 1 0 0 0 0 0 0 0 0 0
4 1 74 2 94 1 0 0 0 0 0 0 0 0 0
5 1 75 2 95 1 0 0 0 0 0 0 0 0 0
6 1 76 2 96 1 0 0 0 0 0 0 0 0 0
7 1 77 2 97 1 0 0 0 0 0 0 0 0 0
8 1 78 2 98 1 0 0 0 0 0 0 0 0 0
9 1 79 2 99 1 0 0 0 0 0 0 0 0 0
10 1 40 2 100 1 0 0 0 0 0 0 0 0 0
11 1 41 2 101 1 0 0 0 0 0 0 0 0 0
12 1 42 2 102 1 0 0 0 0 0 0 0 0 0
13 1 43 2 103 1 0 0 0 0 0 0 0 0 0
14 1 44 2 104 1 0 0 0 0 0 0 0 0 0
15 1 45 2 105 1 0 0 0 0 0 0 0 0 0
16 1 46 2 106 1 0 0 0 0 0 0 0 0 0
17 1 47 2 107 1 0 0 0 0 0 0 0 0 0
18 1 48 2 108 1 0 0 0 0 0 0 0 0 0
19 1 49 2 109 1 0 0 0 0 0 0 0 0 0
20 1 50 2 110 1 0 0 0 0 0 0 0 0 0
21 1 51 2 111 1 0 0 0 0 0 0 0 0 0
22 1 52 2 112 1 0 0 0 0 0 0 0 0 0
23 1 53 2 113 1 0 0 0 0 0 0 0 0 0
24 1 54 2 114 1 0 0 0 0 0 0 0 0 0
25 1 55 2 115 1 0 0 0 0 0 0 0 0 0
26 1 56 2 116 1 0 0 0 0 0 0 0 0 0
27 1 57 2 117 1 0 0 0 0 0 0 0 0 0
28 1 58 2 118 1 0 0 0 0 0 0 0 0 0
29 1 59 2 119 1 0 0 0 0 0 0 0 0 0
30 1 60 2 80 1 0 0 0 0 0 0 0 0 0
31 1 61 2 81 1 0 0 0 0 0 0 0 0 0
32 1 62 2 82 1 0 0 0 0 0 0 0 0 0
33 1 63 2 83 1 0 0 0 0 0 0 0 0 0
34 1 64 2 84 1 0 0 0 0 0 0 0 0 0
35 1 65 2 85 1 0 0 0 0 0 0 0 0 0
36 1 66 2 86 1 0 0 0 0 0 0 0 0 0
37 1 67 2 87 1 0 0 0 0 0 0 0 0 0
38 1 68 2 88 1 0 0 0 0 0 0 0 0 0
39 1 69 2 89 1 0 0 0 0 0 0 0 0 0
0 1 65 1 115 2 0 0 0 0 0 0 0 0 0
1 1 66 1 116 2 0 0 0 0 0 0 0 0 0
2 1 67 1 117 2 0 0 0 0 0 0 0 0 0
3 1 68 1 118 2 0 0 0 0 0 0 0 0 0
4 1 69 1 119 2 0 0 0 0 0 0 0 0 0
5 1 70 1 80 2 0 0 0 0 0 0 0 0 0
6 1 71 1 81 2 0 0 0 0 0 0 0 0 0
7 1 72 1 82 2 0 0 0 0 0 0 0 0 0
8 1 73 1 83 2 0 0 0 0 0 0 0 0 0
9 1 74 1 84 2 0 0 0 0 0 0 0 0 0
10 1 75 1 85 2 0 0 0 0 0 0 0 0 0
11 1 76 1 86 2 0 0 0 0 0 0 0 0 0
12 1 77 1 87 2 0 0 0 0 0 0 0 0 0
13 1 78 1 88 2 0 0 0 0 0 0 0 0 0
14 1 79 1 89 2 0 0 0 0 0 0 0 0 0
15 1 40 1 90 2 0 0 0 0 0 0 0 0 0
16 1 41 1 91 2 0 0 0 0 0 0 0 0 0
17 1 42 1 92 2 0 0 0 0 0 0 0 0 0
18 1 43 1 93 2 0 0 0 0 0 0 0 0 0
19 1 44 1 94 2 0 0 0 0 0 0 0 0 0
20 1 45 1 95 2 0 0 0 0 0 0 0 0 0
21 1 46 1 96 2 0 0 0 0 0 0 0 0 0
22 1 47 1 97 2 0 0 0 0 0 0 0 0 0
23 1 48 1 98 2 0 0 0 0 0 0 0 0 0
24 1 49 1 99 2 0 0 0 0 0 0 0 0 0
25 1 50 1 100 2 0 0 0 0 0 0 0 0 0
26 1 51 1 101 2 0 0 0 0 0 0 0 0 0
27 1 52 1 102 2 0 0 0 0 0 0 0 0 0
28 1 53 1 103 2 0 0 0 0 0 0 0 0 0
29 1 54 1 104 2 0 0 0 0 0 0 0 0 0
30 1 55 1 105 2 0 0 0 0 0 0 0 0 0
31 1 56 1 106 2 0 0 0 0 0 0 0 0 0
32 1 57 1 107 2 0 0 0 0 0 0 0 0 0
33 1 58 1 108 2 0 0 0 0 0 0 0 0 0
34 1 59 1 109 2 0 0 0 0 0 0 0 0 0
35 1 60 1 110 2 0 0 0 0 0 0 0 0 0
36 1 61 1 111 2 0 0 0 0 0 0 0 0 0
37 1 62 1 112 2 0 0 0 0 0 0 0 0 0
38 1 63 1 113 2 0 0 0 0 0 0 0 0 0
39 1 64 1 114 2 0 0 0 0 0 0 0 0 0
0 1 60 1 85 1 1125899906844672 0 0 2251799813688320 0 0 3377699720528896 0 0
1 1 61 1 86 1 4503599627378688 0 0 9007199254753280 0 0 13510798882115584 0 0
2 1 62 1 87 1 18014398509514752 0 0 36028797019013120 0 0 54043195528462336 0 0
3 1 63 1 88 1 72057594038059008 0 0 144115188076052480 0 0 216172782113849344 0 0
4 1 64 1 89 1 288230376152236032 0 0 576460752304209920 0 0 864691128455397376 0 0
5 1 65 1 90 1 1152921504608944128 0 0 2305843009216839680 0 0 3458764513821589504 0 0
6 1 66 1 91 1 4611686018435776512 0 0 9223372036867358720 0 0 13835058055286358016 0 0
7 1 67 1 92 1 33554432 1 0 50331648 2 0 16777216 3 0
8 1 68 1 93 1 134217728 4 0 201326592 8 0 67108864 12 0
9 1 69 1 94 1 536870912 16 0 805306368 32 0 268435456 48 0
10 1 70 1 95 1 2147483648 64 0 3221225472 128 0 1073741824 192 0
11 1 71 1 96 1 8589934592 256 0 12884901888 512 0 4294967296 768 0
12 1 72 1 97 1 34359738368 1024 0 51539607552 2048 0 17179869184 3072 0
13 1 73 1 98 1 137438953472 4096 0 206158430208 8192 0 68719476736 12288 0
14 1 74 1 99 1 549755813888 16384 0 824633720832 32768 0 274877906944 49152 0
15 1 75 1 100 1 2199023255553 0 0 3298534883330 0 0 1099511627779 0 0
16 1 76 1 101 1 8796093022212 0 0 13194139533320 0 0 4398046511116 0 0
17 1 77 1 102 1 35184372088848 0 0 52776558133280 0 0 17592186044464 0 0
18 1 78 1 103 1 140737488355392 0 0 211106232533120 0 0 70368744177856 0 0
19 1 79 1 104 1 562949953421568 0 0 844424930132480 0 0 281474976711424 0 0
20 1 40 1 105 1 2251799813686272 0 0 3377699720529920 0 0 1125899906845696 0 0
21 1 41 1 106 1 9007199254745088 0 0 13510798882119680 0 0 4503599627382784 0 0
22 1 42 1 107 1 36028797018980352 0 0 54043195528478720 0 0 18014398509531136 0 0
23 1 43 1 108 1 144115188075921408 0 0 216172782113914880 0 0 72057594038124544 0 0
24 1 44 1 109 1 576460752303685632 0 0 864691128455659520 0 0 288230376152498176 0 0
25 1 45 1 110 1 2305843009214742528 0 0 3458764513822638080 0 0 1152921504609992704 0 0
26 1 46 1 111 1 9223372036858970112 0 0 13835058055290552320 0 0 4611686018439970816 0 0
27 1 47 1 112 1 16777216 2 0 33554432 3 0 50331648 1 0
28 1 48 1 113 1 67108864 8 0 134217728 12 0 201326592 4 0
29 1 49 1 114 1 268435456 32 0 536870912 48 0 805306368 16 0
30 1 50 1 115 1 1073741824 128 0 2147483648 192 0 3221225472 64 0
31 1 51 1 116 1 4294967296 512 0 8589934592 768 0 12884901888 256 0
32 1 52 1 117 1 17179869184 2048 0 34359738368 3072 0 51539607552 1024 0
33 1 53 1 118 1 68719476736 8192 0 137438953472 12288 0 206158430208 4096 0
34 1 54 1 119 1 274877906944 32768 0 549755813888 49152 0 824633720832 16384 0
35 1 55 1 80 1 1099511627778 0 0 2199023255555 0 0 3298534883329 0 0
36 1 56 1 81 1 4398046511112 0 0 8796093022220 0 0 13194139533316 0 0
37 1 57 1 82 1 17592186044448 0 0 35184372088880 0 0 52776558133264 0 0
38 1 58 1 83 1 70368744177792 0 0 140737488355520 0 0 211106232533056 0 0
39 1 59 1 84 1 281474976711168 0 0 562949953422080 0 0 844424930132224 0 0
0 1 47 1 92 1 17626579353600 3458767815576649730 134217728 35235962060800 1152922605192216579 201326592 52793754828800 2305845210384433153 67108864
1 1 48 1 93 1 70506317414400 13835071262306598920 536870912 140943848243200 4611690420768866316 805306368 211175019315200 9223380841537732612 268435456
2 1 49 1 94 1 282025269657600 52828097740832 2147483651 563775392972800 17609365913648 3221225473 844700077260800 35218731827216 1073741826
3 1 50 1 95 1 1128101078630400 211312391094400 12 2255101571891200 70437463851200 4 3378800309043200 140874927374400 8
4 1 51 1 96 1 4512404314521600 845249564377600 48 9020406287564800 281749855404800 16 13515201236172800 563499709497600 32
5 1 52 1 97 1 18049617258086400 3380998257510400 192 36081625150259200 1126999421619200 64 54060804944691200 2253998837990400 128
6 1 53 1 98 1 72198469032345600 13523993030041600 768 144326500601036800 4507997686476800 256 216243219778764800 9015995351961600 512
7 1 54 1 99 1 288793876129382400 54095972120166400 3072 577306002404147200 18031990745907200 1024 864972879115059200 36063981407846400 2048
8 1 55 1 100 1 1155175504517529602 216383888480534528 12288 2309224009616588803 72127962983432192 4096 3459891516460236801 144255925631320064 8192
9 1 56 1 101 1 4620702018070118408 865535553922138112 49152 9236896038466355212 288511851933728768 16384 13839566065840947204 577023702525280256 32768
10 1 57 1 102 1 36063998570922016 3462142215688552449 196608 54096006446317616 1154047407734915074 65536 18032042235133968 2308094810101121027 131072
11 1 58 1 103 1 144255994283688064 13848568862754209796 786432 216384025785270464 4616189630939660296 262144 72128168940535872 9232379240404484108 524288
12 1 59 1 104 1 577023977134752256 54043229888184336 3145731 865536103141081856 18014450049089568 1048577 288512675762143488 36028814198833200 2097154
13 1 60 1 105 1 2308095908539009024 216172919552737344 12582924 3462144412564327424 72057800196358272 4194308 1154050703048573952 144115256795332800 8388616
14 1 61 1 106 1 9232383634156036096 864691678210949376 50331696 13848577650257309696 288231200785433088 16777232 4616202812194295808 576461027181331200 33554464
15 1 62 1 107 1 36046389205041152 3458766712843797506 201326784 54078379900583936 1152924803141732355 67108928 18067175067631616 2305844108725324801 134217856
16 1 63 1 108 1 144185556820164608 13835066851375190024 805307136 216313519602335744 4611699212566929420 268435712 72268700270526464 9223376434901299204 536871424
17 1 64 1 109 1 576742227280658432 35184372105248 3221228547 865254078409342976 52776558166064 1073742849 289074801082105856 17592186093584 2147485698
18 1 65 1 110 1 2306968909122633729 140737488552064 12300 3461016313637371906 211106232598720 4100 1156299204328423427 70368744308800 8200
19 1 66 1 111 1 9227875636490534916 562949954208256 49200 13844065254549487624 844424930394880 16400 4625196817313693708 281474977235200 32800
20 1 67 1 112 1 18014398543036432 2251799816833026 196800 36028797069295648 3377699721579523 65600 54043195545223216 1125899908940801 131200
21 1 68 1 113 1 72057594172145728 9007199267332104 787200 144115188277182592 13510798886318092 262400 216172782180892864 4503599635763204 524800
22 1 69 1 114 1 288230376688582912 36028797069328416 3148800 576460753108730368 54043195545272368 1049600 864691128723571456 18014398543052816 2099200
23 1 70 1 115 1 1152921506754331650 144115188277182592 12595200 2305843012434921475 216172782180892864 4198400 3458764514894285825 72057594172145728 8396800
24 1 71 1 116 1 4611686027017326600 576460753108730368 50380800 9223372049739685900 864691128723571456 16793600 13835058059577143300 288230376688582912 33587200
25 1 72 1 117 1 34359754784 2305843012434921473 201523200 51539640368 3458764514894285826 67174400 17179918352 1152921506754331651 134348800
26 1 73 1 118 1 137439019136 9223372049739685892 806092800 206158561472 13835058059577143304 268697600 68719673408 4611686027017326604 537395200
27 1 74 1 119 1 549756076544 51539640336 3224371202 824634245888 17179918368 1074790403 274878693632 34359754800 2149580801
28 1 75 1 80 1 2199024306178 206158626880 12582920 3298536983555 68719542400 4194316 1099514774529 137439084736 8388612
29 1 76 1 81 1 8796097224712 824634507520 50331680 13194147934220 274878169600 16777264 4398059098116 549756338944 33554448
30 1 77 1 82 1 35184388898848 3298538030080 201326720 52776591736880 1099512678400 67109056 17592236392464 2199025355776 134217792
31 1 78 1 83 1 140737555595392 13194152120320 805306880 211106366947520 4398050713600 268436224 70368945569856 8796101423104 536871168
32 1 79 1 84 1 562950222381568 52776608481280 3221227520 844425467790080 17592202854400 1073744896 281475782279424 35184405692416 2147484672
33 1 40 1 85 1 2251800889526273 211106434056192 8192 3377701871160322 70368811352064 12288 1125903129117699 140737622704128 4096
34 1 41 1 86 1 9007203558105092 844425736224768 32768 13510807484641288 281475245408256 49152 4503612516470796 562950490816512 16384
35 1 42 1 87 1 36028814232420368 3377702944899072 131072 54043229938565152 1125900981633024 196608 18014450065883184 2251801963266048 65536
36 1 43 1 88 1 144115256929681472 13510811779596288 524288 216172919754260608 4503603926532096 786432 72057800263532736 9007207853064192 262144
37 1 44 1 89 1 576461027718725888 54043247118385152 2097152 864691679017042432 18014415706128384 3145728 288231201054130944 36028831412256768 1048576
38 1 45 1 90 1 2305844110874903552 216172988473540608 8388608 3458766716068169728 72057662824513536 12582912 1152924804216523776 144115325649027072 4194304
39 1 46 1 91 1 9223376443499614208 864691953894162432 33554432 13835066864272678912 288230651298054144 50331648 4611699216866095104 576461302596108288 16777216
0 1 68 1 95 1 1154047404516838402 144115394234351616 4206604 2308094809028428803 216172850833391616 8392708 3462142213543168001 72057731477078016 12591112
1 1 69 1 96 1 4616189618067353608 576461576937406464 16826416 9232379236113715212 864691403333566464 33570832 13848568854172672004 288230925908312064 50364448
2 1 70 1 97 1 18014398559862816 2305846307749625857 67305664 36028797035757616 3458765613334265858 134283328 54043195562033168 1152923703633248259 201457792
3 1 71 1 98 1 72057594239451264 9223385230998503428 269222656 144115188143030464 13835062453337063432 537133312 216172782248132672 4611694814532993036 805831168
4 1 72 1 99 1 288230376957805056 52776574910480 1076890626 576460752572121856 17592219598880 2148533251 864691128992530688 35184422420528 3223324673
5 1 73 1 100 1 1152921507831220224 211106299707456 12595208 2305843010288487424 70368878526592 4198412 3458764515970122752 140737689878720 8396804
6 1 74 1 101 1 4611686031324880896 844425198829824 50380832 9223372041153949696 281475514106368 16793648 13835058063880491008 562950759514880 33587216
7 1 75 1 102 1 51589971968 3377700795319297 201523328 17196695552 1125902056425474 67174592 34393309184 2251803038059523 134348864
8 1 76 1 103 1 206359887872 13510803181277188 806093312 68786782208 4503608225701896 268698368 137573236736 9007212152238092 537395456
9 1 77 1 104 1 825439551488 54043212725108752 3224373248 275147128832 18014432902807584 1074793472 550292946944 36028848608952368 2149581824
10 1 78 1 105 1 3301758205953 216172850900566080 12591104 1100588515330 72057731611164800 4206592 2201171787779 144115394435743936 8392704
11 1 79 1 106 1 13207032823812 864691403602264320 50364416 4402354061320 288230926444659200 16826368 8804687151116 576461577742975744 33570816
12 1 40 1 107 1 52828131295248 3458765614409057280 201457664 17609416245280 1152923705778636800 67305472 35218748604464 2305846310971902976 134283264
13 1 41 1 108 1 211312525180992 13835062457636229120 805830656 70437664981120 4611694823114547200 269221888 140874994417856 9223385243887611904 537133056
14 1 42 1 109 1 845250100723968 17609416261632 3223322627 281750659924480 35218748637184 1076887553 563499977671424 52828131344384 2148532226
15 1 43 1 110 1 3381000402895873 70437665177600 8388620 1127002639697922 140874994483200 12582916 2253999910685699 211312525312000 4194312
16 1 44 1 111 1 13524001611583492 281750660710400 33554480 4508010558791688 563499977932800 50331664 9015999642742796 845250101248000 16777248
17 1 45 1 112 1 54096006446333968 1127002642841600 134217920 18032042235166752 2253999911731200 201326656 36063998570971184 3381000404992000 67108992
18 1 46 1 113 1 216384025785335872 4508010571366400 536871680 72128168940667008 9015999646924800 805306624 144255994283884736 13524001619968000 268435968
19 1 47 1 114 1 865536103141343488 18032042285465600 2147486720 288512675762668032 36063998587699200 3221226496 577023977135538944 54096006479872000 1073743872
20 1 48 1 115 1 3462144412565373952 72128169141993472 12288 1154050703050672128 144255994350993408 4096 2308095908542155776 216384025919553536 8192
21 1 49 1 116 1 13848577650261495808 288512676567973888 49152 4616202812202688512 577023977403973632 16384 9232383634168623104 865536103678214144 32768
22 1 50 1 117 1 54078379917328384 1154050706271895555 196608 18067175101202432 2308095909615894529 65536 36046389255389184 3462144414712856578 131072
23 1 51 1 118 1 216313519669313536 4616202825087582220 786432 72268700404809728 9232383638463578116 262144 144185557021556736 13848577658851426312 524288
24 1 52 1 119 1 865254078677254144 18067226640777264 3145729 289074801619238912 36046406435209232 1048578 576742228086226944 54078414277050400 2097155
25 1 53 1 80 1 3461016314709016576 72268906563109056 12582916 1156299206476955648 144185625740836928 4194312 2306968912344907776 216313657108201600 8388620
26 1 54 1 81 1 13844065258836066304 289075626252436224 50331664 4625196825907822592 576742502963347712 16777248 9227875649379631104 865254628432806400 33554480
27 1 55 1 82 1 36028814215610368 1156302505009744899 201326656 54043229921738752 2306970011853390849 67108992 18014450099421184 3461018513731225602 134217920
28 1 56 1 83 1 144115256862441472 4625210020038979596 805306624 216172919686955008 9227880047413563396 268435968 72057800397684736 13844074054924902408 536871680
29 1 57 1 84 1 576461027449765888 54096006446366768 3221226497 864691678747820032 18032042235150352 1073743874 288231201590738944 36063998570954784 2147486723
30 1 58 1 85 1 2305844109799063555 216384025785467072 4100 3458766714991280129 72128168940601408 8200 1152924806362955778 144255994283819136 12300
31 1 59 1 86 1 9223376439196254220 865536103141868288 16400 13835066859965120516 288512675762405632 32800 4611699225451823112 577023977135276544 49200
32 1 60 1 87 1 17609365913648 3462144412567473154 65600 35218731827216 1154050703049622531 131200 52828097740832 2308095908541106177 196800
33 1 61 1 88 1 70437463654592 13848577650269892616 262400 140874927308864 4616202812198490124 524800 211312390963328 9232383634164424708 787200
34 1 62 1 89 1 281749854618368 54078379950915616 1049603 563499709235456 18067175084408880 2099201 845249563853312 36046389238595600 3148802
35 1 63 1 90 1 1126999418473475 216313519803465856 4198412 2253998836941825 72268700337569984 8396804 3380998255413250 144185556954251328 12595208
36 1 64 1 91 1 4507997673893900 865254079213863424 16793648 9015995347767300 289074801350279936 33587216 13523993021653000 576742227817005312 50380832
37 1 65 1 92 1 18031990695575600 3461016316855453696 67174592 36063981391069200 1156299205401119744 134348864 54095972086612000 2306968911268021248 201523328
38 1 66 1 93 1 72127962782302400 13844065267421814784 268698368 144255925564276800 4625196821604478976 537395456 216383888346448000 9227875645072084992 806093312
39 1 67 1 94 1 288511851129209600 36028848558604288 1074793475 577023702257107200 54043212708364288 2149581825 865535553385792000 18014432869236736 3224373250
0 1 75 1 83 1 1128100005938176 134217920 8388612 2255100499200000 201326656 12582920 3378802454432768 67108992 4194316
1 1 76 1 84 1 4512400023752704 536871680 33554448 9020401996800000 805306624 50331680 13515209817731072 268435968 16777264
2 1 77 1 85 1 18049600095010816 2147486720 134217792 36081607987200000 3221226496 201326720 54060839270924288 1073743872 67109056
3 1 78 1 86 1 72198400380043264 8589946880 536871168 144326431948800000 12884905984 805306880 216243357083697152 4294975488 268436224
4 1 79 1 87 1 288793601520173056 34359787520 2147484672 577305727795200000 51539623936 3221227520 864973428334788608 17179901952 1073744896
5 1 40 1 88 1 1155174406080692227 137439084544 4096 2309222911180800001 206158626816 8192 3459893713339154434 68719542272 12288
6 1 41 1 89 1 4620697624322768908 549756338176 16384 9236891644723200004 824634507264 32768 13839574853356617736 274878169088 49152
7 1 42 1 90 1 36046423581524016 2199025352705 65536 54078431473696784 3298538029058 131072 18067192297816096 1099512676355 196608
8 1 43 1 91 1 144185694326096064 8796101410820 262144 216313725894787136 13194152116232 524288 72268769191264384 4398050705420 786432
9 1 44 1 92 1 576742777304384256 35184405643280 1048576 865254903579148544 52776608464928 2097152 289075076765057536 17592202821680 3145728
10 1 45 1 93 1 2306971109217537024 140737622573120 4194304 3461019614316594176 211106433859712 8388608 1156300307060230144 70368811286720 12582912
11 1 46 1 94 1 9227884436870148096 562950490292480 16777216 13844078457266376704 844425735438848 33554432 4625201228240920576 281475245146880 50331648
12 1 47 1 95 1 18049600061489152 2251801961169922 67108864 36081607936851968 3377702941755395 134217728 54060839254130688 1125900980587521 201326592
13 1 48 1 96 1 72198400245956608 9007207844679688 268435456 144326431747407872 13510811767021580 536870912 216243357016522752 4503603922350084 805306368
14 1 49 1 97 1 288793600983826432 36028831378718752 1073741824 577305726989631488 54043247068086320 2147483648 864973428066091008 18014415689400336 3221225472
15 1 50 1 98 1 1155174403935305729 144115325514875008 0 2309222907958525954 216172988272345280 0 3459893712264364035 72057662757601344 0
16 1 51 1 99 1 4620697615741222916 576461302059500032 0 9236891631834103816 864691953089381120 0 13839574849057456140 288230651030405376 0
17 1 52 1 100 1 36046389255340048 2305845208238000129 0 54078379917312032 3458767812357524482 0 18067175101169712 1152922604121621507 0
18 1 53 1 101 1 144185557021360192 9223380832952000516 0 216313519669248128 13835071249430097928 0 72268700404678848 4611690416486486028 0
19 1 54 1 102 1 576742228085440768 35184388898832 2 865254078676992512 52776591736864 3 289074801618715392 17592236392496 1
20 1 55 1 103 1 2306968912341763074 140737555464256 8 3461016314707970051 211106366750848 12 1156299206474861569 70368945504448 4
21 1 56 1 104 1 9227875649367052296 562950221857024 32 13844065258831880204 844425467003392 48 4625196825899446276 281475782017792 16
22 1 57 1 105 1 18014450049105952 2251800887428098 128 36028814198865968 3377701868013571 192 54043229888233488 1125903128071169 64
23 1 58 1 106 1 72057800196423808 9007203549712392 512 144115256795463872 13510807472054284 768 216172919552933952 4503612512284676 256
24 1 59 1 107 1 288231200785695232 36028814198849568 2048 576461027181855488 54043229888217136 3072 864691678211735808 18014450049138704 1024
25 1 60 1 108 1 1152924803142780929 144115256795332736 8192 2305844108727421954 216172919552737472 12288 3458766712846943235 72057800196358208 4096
26 1 61 1 109 1 4611699212571123716 576461027181330944 32768 9223376434909687816 864691678210949888 49152 13835066851387772940 288231200785432832 16384
27 1 62 1 110 1 52776574943248 2305844108725323777 131072 17592219648032 3458766712843799554 196608 35184422436912 1152924803141731331 65536
28 1 63 1 111 1 211106299772992 9223376434901295108 524288 70368878592128 13835066851375198216 786432 140737689747648 4611699212566925324 262144
29 1 64 1 112 1 844425199091968 17592186077200 2097154 281475514368512 35184372138016 3145731 562950758990592 52776558149680 1048577
30 1 65 1 113 1 3377700796367874 70368744177728 8388616 1125902057474051 140737488355456 12582924 2251803035962369 211106232533184 4194308
31 1 66 1 114 1 13510803185471496 281474976710912 33554464 4503608229896204 562949953421824 50331696 9007212143849476 844424930132736 16777232
32 1 67 1 115 1 54043212741885984 1125899906843648 134217856 18014432919584816 2251799813687296 201326784 36028848575397904 3377699720530944 67108928
33 1 68 1 116 1 216172850967543936 4503599627374592 536871424 72057731678339264 9007199254749184 805307136 144115394301591616 13510798882123776 268435712
34 1 69 1 117 1 864691403870175744 18014398509498368 2147485696 288230926713357056 36028797018996736 3221228544 576461577206366464 54043195528495104 1073742848
35 1 70 1 118 1 3458765615480702977 72057594038059008 8192 1152923706853428226 144115188076052480 12288 2305846308825465859 216172782113849344 4096
36 1 71 1 119 1 13835062461922811908 288230376152236032 32768 4611694827413712904 576460752304209920 49152 9223385235301863436 864691128455397376 16384
37 1 72 1 80 1 17626562592784 1152921504608944131 131072 35235945300000 2305843009216839681 196608 52793788350512 3458764513821589506 65536
38 1 73 1 81 1 70506250371136 4611686018435776524 524288 140943781200000 9223372036867358724 786432 211175153402048 13835058055286358024 262144
39 1 74 1 82 1 282025001484544 33554480 2097153 563775124800000 50331664 3145730 844700613608192 16777248 1048579
0 1 45 1 100 1 0 67108864 12 0 134217728 4 0 201326592 8
1 1 46 1 101 1 0 268435456 48 0 536870912 16 0 805306368 32
2 1 47 1 102 1 0 1073741824 192 0 2147483648 64 0 3221225472 128
3 1 48 1 103 1 0 4294967296 768 0 8589934592 256 0 12884901888 512
4 1 49 1 104 1 0 17179869184 3072 0 34359738368 1024 0 51539607552 2048
5 1 50 1 105 1 0 68719476736 12288 0 137438953472 4096 0 206158430208 8192
6 1 51 1 106 1 0 274877906944 49152 0 549755813888 16384 0 824633720832 32768
7 1 52 1 107 1 0 1099511627776 196608 0 2199023255552 65536 0 3298534883328 131072
8 1 53 1 108 1 0 4398046511104 786432 0 8796093022208 262144 0 13194139533312 524288
9 1 54 1 109 1 0 17592186044416 3145728 0 35184372088832 1048576 0 52776558133248 2097152
10 1 55 1 110 1 0 70368744177664 12582912 0 140737488355328 4194304 0 211106232532992 8388608
11 1 56 1 111 1 0 281474976710656 50331648 0 562949953421312 16777216 0 844424930131968 33554432
12 1 57 1 112 1 0 1125899906842624 201326592 0 2251799813685248 67108864 0 3377699720527872 134217728
13 1 58 1 113 1 0 4503599627370496 805306368 0 9007199254740992 268435456 0 13510798882111488 536870912
14 1 59 1 114 1 0 18014398509481984 3221225472 0 36028797018963968 1073741824 0 54043195528445952 2147483648
15 1 60 1 115 1 0 72057594038124544 0 0 144115188075921408 0 0 216172782113914880 0
16 1 61 1 116 1 0 288230376152498176 0 0 576460752303685632 0 0 864691128455659520 0
17 1 62 1 117 1 0 1152921504609992704 0 0 2305843009214742528 0 0 3458764513822638080 0
18 1 63 1 118 1 0 4611686018439970816 0 0 9223372036858970112 0 0 13835058055290552320 0
19 1 64 1 119 1 0 50331648 1 0 16777216 2 0 33554432 3
20 1 65 1 80 1 0 201326592 4 0 67108864 8 0 134217728 12
21 1 66 1 81 1 0 805306368 16 0 268435456 32 0 536870912 48
22 1 67 1 82 1 0 3221225472 64 0 1073741824 128 0 2147483648 192
23 1 68 1 83 1 0 12884901888 256 0 4294967296 512 0 8589934592 768
24 1 69 1 84 1 0 51539607552 1024 0 17179869184 2048 0 34359738368 3072
25 1 70 1 85 1 0 206158430208 4096 0 68719476736 8192 0 137438953472 12288
26 1 71 1 86 1 0 824633720832 16384 0 274877906944 32768 0 549755813888 49152
27 1 72 1 87 1 0 3298534883328 65536 0 1099511627776 131072 0 2199023255552 196608
28 1 73 1 88 1 0 13194139533312 262144 0 4398046511104 524288 0 8796093022208 786432
29 1 74 1 89 1 0 52776558133248 1048576 0 17592186044416 2097152 0 35184372088832 3145728
30 1 75 1 90 1 0 211106232532992 4194304 0 70368744177664 8388608 0 140737488355328 12582912
31 1 76 1 91 1 0 844424930131968 16777216 0 281474976710656 33554432 0 562949953421312 50331648
32 1 77 1 92 1 0 3377699720527872 67108864 0 1125899906842624 134217728 0 2251799813685248 201326592
33 1 78 1 93 1 0 13510798882111488 268435456 0 4503599627370496 536870912 0 9007199254740992 805306368
34 1 79 1 94 1 0 54043195528445952 1073741824 0 18014398509481984 2147483648 0 36028797018963968 3221225472
35 1 40 1 95 1 0 216172782113849344 0 0 72057594038059008 0 0 144115188076052480 0
36 1 41 1 96 1 0 864691128455397376 0 0 288230376152236032 0 0 576460752304209920 0
37 1 42 1 97 1 0 3458764513821589504 0 0 1152921504608944128 0 0 2305843009216839680 0
38 1 43 1 98 1 0 13835058055286358016 0 0 4611686018435776512 0 0 9223372036867358720 0
39 1 44 1 99 1 0 16777216 3 0 33554432 1 0 50331648 2
