320 120 3 40
0 1 40 1 80 1 1099513724930 72057800196423680 8392712 2199026401283 144115256795463680 12591116 3298535931905 216172919552933888 4206596
1 1 41 1 81 1 4398054899720 288231200785694720 33570848 8796105605132 576461027181854720 50364464 13194143727620 864691678211735552 16826384
2 1 42 1 82 1 17592219598880 1152924803142778880 134283392 35184422420528 2305844108727418880 201457856 52776574910480 3458766712846942208 67305536
3 1 43 1 83 1 70368878395520 4611699212571115520 537133568 140737689682112 9223376434909675520 805831424 211106299641920 13835066851387768832 269222144
4 1 44 1 84 1 281475513582080 52776574910464 2148534273 562950758728448 17592219598848 3223325698 844425198567680 35184422420480 1076888579
5 1 45 1 85 1 1125902054328320 211106299772928 4202500 2251803034913792 70368878592000 8400904 3377700794270720 140737689747456 12587020
6 1 46 1 86 1 4503608217313280 844425199091712 16810000 9007212139655168 281475514368000 33603616 13510803177082880 562950758989824 50348080
7 1 47 1 87 1 18014432869253120 3377700796366848 67240000 36028848558620672 1125902057472000 134414464 54043212708331520 2251803035959296 201392320
8 1 48 1 88 1 72057731477012480 13510803185467392 268960000 144115394234482688 4503608229888000 537657856 216172850833326080 9007212143837184 805569280
9 1 49 1 89 1 288230925908049920 54043212741869568 1075840000 576461576937930752 18014432919552000 2150631424 864691403333304320 36028848575348736 3222277120
10 1 50 1 90 1 1152923703632199680 216172850967543808 8392704 2305846307751723008 72057731678339072 12591104 3458765613333217280 144115394301591552 4206592
11 1 51 1 91 1 4611694814528798720 864691403870175232 33570816 9223385231006892032 288230926713356288 50364416 13835062453332869120 576461577206366208 16826368
12 1 52 1 92 1 35184405643264 3458765615480700929 134283264 52776608464896 1152923706853425154 201457664 17592202821632 2305846308825464835 67305472
13 1 53 1 93 1 140737622573056 13835062461922803716 537133056 211106433859584 4611694827413700616 805830656 70368811286528 9223385235301859340 269221888
14 1 54 1 94 1 562950490292224 17626562560016 2148532227 844425735438336 35235945250848 3223322625 281475245146112 52793788334128 1076887554
15 1 55 1 95 1 2251801961168896 70506250371136 4194316 3377702941753344 140943781200000 8388612 1125900980584448 211175153402048 12582920
16 1 56 1 96 1 9007207844675584 282025001484544 16777264 13510811767013376 563775124800000 33554448 4503603922337792 844700613608192 50331680
17 1 57 1 97 1 36028831378702336 1128100005938176 67109056 54043247068053504 2255100499200000 134217792 18014415689351168 3378802454432768 201326720
18 1 58 1 98 1 144115325514809344 4512400023752704 268436224 216172988272214016 9020401996800000 536871168 72057662757404672 13515209817731072 805306880
19 1 59 1 99 1 576461302059237376 18049600095010816 1073744896 864691953088856064 36081607987200000 2147484672 288230651029618688 54060839270924288 3221227520
20 1 60 1 100 1 2305845208236949505 72198400380043264 12288 3458767812355424258 144326431948800000 4096 1152922604118474755 216243357083697152 8192
21 1 61 1 101 1 9223380832947798020 288793601520173056 49152 13835071249421697032 577305727795200000 16384 4611690416473899020 864973428334788608 32768
22 1 62 1 102 1 35184372088848 1155174406080692226 196608 52776558133280 2309222911180800003 65536 17592186044464 3459893713339154433 131072
23 1 63 1 103 1 140737488355392 4620697624322768904 786432 211106232533120 9236891644723200012 262144 70368744177856 13839574853356617732 524288
24 1 64 1 104 1 562949953421568 36046423581524000 3145729 844424930132480 54078431473696816 1048578 281474976711424 18067192297816080 2097155
25 1 65 1 105 1 2251799813686272 144185694326096000 12582916 3377699720529920 216313725894787264 4194312 1125899906845696 72268769191264320 8388620
26 1 66 1 106 1 9007199254745088 576742777304384000 50331664 13510798882119680 865254903579149056 16777248 4503599627382784 289075076765057280 33554480
27 1 67 1 107 1 36028797018980352 2306971109217536000 201326656 54043195528478720 3461019614316596224 67108992 18014398509531136 1156300307060229120 134217920
28 1 68 1 108 1 144115188075921408 9227884436870144000 805306624 216172782113914880 13844078457266384896 268435968 72057594038124544 4625201228240916480 536871680
29 1 69 1 109 1 576460752303685632 18049600061472768 3221226498 864691128455659520 36081607936884736 1073743875 288230376152498176 54060839254114304 2147486721
30 1 70 1 110 1 2305843009214742530 72198400245956608 4104 3458764513822638083 144326431747407872 8204 1152921504609992705 216243357016522752 12292
31 1 71 1 111 1 9223372036858970120 288793600983826432 16416 13835058055290552332 577305726989631488 32816 4611686018439970820 864973428066091008 49168
32 1 72 1 112 1 16777248 1155174403935305730 65664 33554480 2309222907958525955 131264 50331664 3459893712264364033 196672
33 1 73 1 113 1 67108992 4620697615741222920 262656 134217920 9236891631834103820 525056 201326656 13839574849057456132 786688
34 1 74 1 114 1 268435968 36046389255340064 1050625 536871680 54078379917312048 2100226 805306624 18067175101169680 3146755
35 1 75 1 115 1 1073743872 144185557021360256 4202500 2147486720 216313519669248192 8400904 3221226496 72268700404678720 12587020
36 1 76 1 116 1 4294975488 576742228085441024 16810000 8589946880 865254078676992768 33603616 12884905984 289074801618714880 50348080
37 1 77 1 117 1 17179901952 2306968912341764096 67240000 34359787520 3461016314707971072 134414464 51539623936 1156299206474859520 201392320
38 1 78 1 118 1 68719607808 9227875649367056384 268960000 137439150080 13844065258831884288 537657856 206158495744 4625196825899438080 805569280
39 1 79 1 119 1 274878431232 18014450049122304 1075840002 549756600320 36028814198882304 2150631427 824633982976 54043229888200704 3222277121
23 1 42 1 115 1 3458766716068168705 70437463785472 12595200 1152924804216522754 140874927505408 4198400 2305844110874905603 211312391028736 8396800
24 1 43 1 116 1 13835066864272674820 281749855141888 50380800 4611699216866091016 563499710021632 16793600 9223376443499622412 845249564114944 33587200
25 1 44 1 117 1 35235962044432 1126999420567555 201523200 52793754812448 2253998840086529 67174400 17626579386416 3380998256459778 134348800
26 1 45 1 118 1 140943848177728 4507997682270220 806092800 211175019249792 9015995360346116 268697600 70506317545664 13523993025839112 537395200
27 1 46 1 119 1 563775392710912 18031990729080880 3224371200 844700076999168 36063981441384464 1074790400 282025270182656 54095972103356448 2149580800
28 1 47 1 80 1 2255101570843648 72127962916520128 12582912 3378800307996672 144255925765603392 4194304 1128101080730624 216383888413556864 8388608
29 1 48 1 81 1 9020406283374592 288511851666080512 50331648 13515201231986688 577023703062413568 16777216 4512404322922496 865535553654227456 33554432
30 1 49 1 82 1 36081625133498368 1154047406664322048 201326592 54060804927946752 2308094812249654272 67108864 18049617291689984 3462142214616909824 134217728
31 1 50 1 83 1 144326500533993472 4616189626657288192 805306368 216243219711787008 9232379248998617088 268435456 72198469166759936 13848568858467639296 536870912
32 1 51 1 84 1 577306002135973888 18014432919601152 3221225473 864972878847148032 36028848575365120 1073741826 288793876667039744 54043212741902336 2147483651
33 1 52 1 85 1 2309224008543895555 72057731678404608 4 3459891515388592129 144115394301460480 8 1155175506668158978 216172850967609344 12
34 1 53 1 86 1 9236896034175582220 288230926713618432 16 13839566061554368516 576461577205841920 32 4620702026672635912 864691403870437376 48
35 1 54 1 87 1 54095989283225648 1152923706854473730 64 18032025088819216 2305846308823367683 128 36064032980992032 3458765615481749505 192
36 1 55 1 88 1 216383957132902592 4611694827417894920 256 72128100355276864 9223385235293470732 512 144256131923968128 13835062461926998020 768
37 1 56 1 89 1 865535828531610368 35235962028064 1025 288512401421107456 52793754779696 2050 577024527695872512 17626579337232 3075
38 1 57 1 90 1 3462143314126441472 140943848112256 4100 1154049605684429824 211175019118784 8200 2308098110783490048 70506317348928 12300
39 1 58 1 91 1 13848573256505765888 563775392449024 16400 4616198422737719296 844700076475136 32800 9232392443133960192 282025269395712 49200
0 1 59 1 92 1 54060804894408704 2255101569796099 65600 18049617241325568 3378800305900545 131200 36081625116737536 1128101077582850 196800
1 1 60 1 93 1 216243219577634816 9020406279184396 262400 72198468965302272 13515201223602180 524800 144326500466950144 4512404310331400 787200
2 1 61 1 94 1 864972878310539264 36081625116737584 1049600 288793875861209088 54060804894408720 2099200 577306001867800576 18049617241325600 3148800
3 1 62 1 95 1 3459891513242157058 144326500466819264 4198400 1155175503444836355 216243219577438272 8396800 2309224007471202305 72198468965236864 12595200
4 1 63 1 96 1 13839566052968628232 577306001867277056 16793600 4620702013779345420 864972878309753088 33587200 9236896029884809220 288793875860947456 50380800
5 1 64 1 97 1 18031990745858080 2309224007469108227 67174400 36063981407830064 3459891513239012353 134348800 54095972120133648 1155175503443789826 201523200
6 1 65 1 98 1 72127962983432320 9236896029876432908 268697600 144255925631320256 13839566052956049412 537395200 216383888480534592 4620702013775159304 806092800
7 1 66 1 99 1 288511851933729280 54095972086628400 1074790402 577023702525281024 18031990695542800 2149580803 865535553922138368 36063981391085600 3224371201
8 1 67 1 100 1 1154047407734917123 216383888346382528 4194312 2308094810101124097 72127962782236736 8388620 3462142215688553474 144255925564407936 12582916
9 1 68 1 101 1 4616189630939668492 865535553385530112 16777248 9232379240404496388 288511851128946944 33554480 13848568862754213896 577023702257631744 50331664
10 1 69 1 102 1 18014450049122352 3462142213542120449 67108992 36028814198882320 1154047404515787778 134217920 54043229888200736 2308094809030526979 201326656
11 1 70 1 103 1 72057800196489408 13848568854168481796 268435968 144115256795529280 4616189618063151112 536871680 216172919552802944 9232379236122107916 805306624
12 1 71 1 104 1 288231200785957632 54043195545272336 1073743875 576461027182117120 18014398543052832 2147486721 864691678211211776 36028797069328432 3221226498
13 1 72 1 105 1 1152924803143830531 216172782180958272 8204 2305844108728468481 72057594172276864 12292 3458766712844847106 144115188277379264 4104
14 1 73 1 106 1 4611699212575322124 864691128723833088 32816 9223376434913873924 288230376689107456 49168 13835066851379388424 576460753109517056 16416
15 1 74 1 107 1 52776591736880 3458764514895332353 131264 17592236392464 1152921506756429826 196672 35184388898848 2305843012438068227 65664
16 1 75 1 108 1 211106366947520 13835058059581329412 525056 70368945569856 4611686027025719304 786688 140737555595392 9223372049752272908 262656
17 1 76 1 109 1 844425467790080 17196662800 2100227 281475782279424 34393325600 3146753 562950222381568 51589988400 1050626
18 1 77 1 110 1 3377701871160321 68786585664 8400908 1125903129117698 137573171328 12587012 2251800889526275 206359756992 4202504
19 1 78 1 111 1 13510807484641284 275146342656 33603632 4503612516470792 550292685312 50348048 9007203558105100 825439027968 16810016
20 1 79 1 112 1 54043229938565136 1100585370624 134414528 18014450065883168 2201170741248 201392192 36028814232420400 3301756111872 67240064
21 1 40 1 113 1 216172919754260544 4402341482496 537658112 72057800263532672 8804682964992 805568768 144115256929681600 13207024447488 268960256
22 1 41 1 114 1 864691679017042176 17609365929984 2150632448 288231201054130688 35218731859968 3222275072 576461027718726400 52828097789952 1075841024
23 1 60 1 112 1 3462142216762294274 144185556954251264 4104 1154047405587431427 216313519803465728 8204 2308094811174862849 72268700337569792 12292
24 1 61 1 113 1 13848568867049177096 576742227817005056 16416 4616189622349725708 865254079213862912 32816 9232379244699451396 289074801350279168 49168
25 1 62 1 114 1 54043247068053536 2306968911268020227 65664 18014415689351216 3461016316855451649 131264 36028831378702352 1156299205401116674 196672
26 1 63 1 115 1 216172988272214144 9227875645072080908 262656 72057662757404864 13844065267421806596 525056 144115325514809408 4625196821604466696 786688
27 1 64 1 116 1 864691953088856576 18014432869220400 1050626 288230651029619456 36028848558571536 2100227 576461302059237632 54043212708315168 3146753
28 1 65 1 117 1 3458767812355426304 72057731476881600 4202504 1152922604118477824 144115394234286144 8400908 2305845208236950528 216172850833260672 12587012
29 1 66 1 118 1 13835071249421705216 288230925907526400 16810016 4611690416473911296 576461576937144576 33603632 9223380832947802112 864691403333042688 50348048
30 1 67 1 119 1 52776558166016 1152923703630105603 67240064 17592186093568 2305846307748578305 134414528 35184372105216 3458765613332170754 201392192
31 1 68 1 80 1 211106232664064 4611694814520422412 268960256 70368744374272 9223385230994313220 537658112 140737488420864 13835062453328683016 805568768
32 1 69 1 81 1 844424930656256 35184372138032 1075841025 281474977497088 52776558149648 2150632450 562949953683456 17592186077216 3222275075
33 1 70 1 82 1 3377699722625027 140737488421056 8396804 1125899909988353 211106232664128 12595208 2251799814733826 70368744374400 4198412
34 1 71 1 83 1 13510798890500108 562949953684224 33587216 4503599639953412 844424930656512 50380832 9007199258935304 281474977497600 16793648
35 1 72 1 84 1 54043195562000432 2251799814736896 134348864 18014398559813648 3377699722626048 201523328 36028797035741216 1125899909990400 67174592
36 1 73 1 85 1 216172782248001728 9007199258947584 537395456 72057594239254592 13510798890504192 806093312 144115188142964864 4503599639961600 268698368
37 1 74 1 86 1 864691128992006912 36028797035790336 2149581824 288230376957018368 54043195562016768 3224373248 576460752571859456 18014398559846400 1074793472
38 1 75 1 87 1 3458764515968027651 144115188143095808 8392704 1152921507828073473 216172782248198144 12591104 2305843010287437826 72057594239320064 4206592
39 1 76 1 88 1 13835058063872110604 576460752572383232 33570816 4611686031312293892 864691128992792576 50364416 9223372041149751304 288230376957280256 16826368
0 1 77 1 89 1 34359787568 2305843010289532931 134283264 51539623952 3458764515971170305 201457664 17179901984 1152921507829121026 67305472
1 1 78 1 90 1 137439150272 9223372041158131724 537133056 206158495808 13835058063884681220 805830656 68719607936 4611686031316484104 269221888
2 1 79 1 91 1 549756601088 17213423664 2148532226 824633983232 34410070032 3223322627 274878431744 51556384800 1076887553
3 1 40 1 92 1 2199026404352 68853825728 4194312 3298535932928 137640476736 8388620 1099513726976 206225604736 12582916
4 1 41 1 93 1 8796105617408 275415302912 16777248 13194143731712 550561906944 33554480 4398054907904 824902418944 50331664
5 1 42 1 94 1 35184422469632 1101661211648 67108992 52776574926848 2202247627776 134217920 17592219631616 3299609675776 201326656
6 1 43 1 95 1 140737689878528 4406644846592 268435968 211106299707392 8808990511104 536871680 70368878526464 13198438703104 805306624
7 1 44 1 96 1 562950759514112 17626579386368 1073743872 844425198829568 35235962044416 2147486720 281475514105856 52793754812416 3221226496
8 1 45 1 97 1 2251803038056451 70506317414400 8192 3377700795318273 140943848243200 12288 1125902056423426 211175019315200 4096
9 1 46 1 98 1 9007212152225804 282025269657600 32768 13510803181273092 563775392972800 49152 4503608225693704 844700077260800 16384
10 1 47 1 99 1 36028848608903216 1128101078630400 131072 54043212725092368 2255101571891200 196608 18014432902774816 3378800309043200 65536
11 1 48 1 100 1 144115394435612864 4512404314521600 524288 216172850900369472 9020406287564800 786432 72057731611099264 13515201236172800 262144
12 1 49 1 101 1 576461577742451456 18049617258086400 2097152 864691403601477888 36081625150259200 3145728 288230926444397056 54060804944691200 1048576
13 1 50 1 102 1 2305846310969805824 72198469032345600 8388608 3458765614405911552 144326500601036800 12582912 1152923705777588224 216243219778764800 4194304
14 1 51 1 103 1 9223385243879223296 288793876129382400 33554432 13835062457623646208 577306002404147200 50331648 4611694823110352896 864972879115059200 16777216
15 1 52 1 104 1 52828097789952 1155175504517529602 134217728 17609365929984 2309224009616588803 201326592 35218731859968 3459891516460236801 67108864
16 1 53 1 105 1 211312391159808 4620702018070118408 536870912 70437463719936 9236896038466355212 805306368 140874927439872 13839566065840947204 268435456
17 1 54 1 106 1 845249564639232 36063998570922016 2147483649 281749854879744 54096006446317616 3221225474 563499709759488 18032042235133968 1073741827
18 1 55 1 107 1 3380998258556928 144255994283819136 4 1126999419518976 216384025785467072 8 2253998839037952 72128168940601408 12
19 1 56 1 108 1 13523993034227712 577023977135276544 16 4507997678075904 865536103141868288 32 9015995356151808 288512675762405632 48
20 1 57 1 109 1 54095972136910848 2308095908541106176 64 18031990712303616 3462144412567473152 128 36063981424607232 1154050703049622528 192
21 1 58 1 110 1 216383888547643392 9232383634164424704 256 72127962849214464 13848577650269892608 512 144255925698428928 4616202812198490112 768
22 1 59 1 111 1 865535554190573568 36046389238595584 1026 288511851396857856 54078379950915584 2051 577023702793715712 18067175084408832 3073
28 1 75 1 85 1 3377699720528896 0 0 1125899906844672 0 0 2251799813688320 0 0
29 1 76 1 86 1 13510798882115584 0 0 4503599627378688 0 0 9007199254753280 0 0
30 1 77 1 87 1 54043195528462336 0 0 18014398509514752 0 0 36028797019013120 0 0
31 1 78 1 88 1 216172782113849344 0 0 72057594038059008 0 0 144115188076052480 0 0
32 1 79 1 89 1 864691128455397376 0 0 288230376152236032 0 0 576460752304209920 0 0
33 1 40 1 90 1 3458764513821589504 0 0 1152921504608944128 0 0 2305843009216839680 0 0
34 1 41 1 91 1 13835058055286358016 0 0 4611686018435776512 0 0 9223372036867358720 0 0
35 1 42 1 92 1 16777216 3 0 33554432 1 0 50331648 2 0
36 1 43 1 93 1 67108864 12 0 134217728 4 0 201326592 8 0
37 1 44 1 94 1 268435456 48 0 536870912 16 0 805306368 32 0
38 1 45 1 95 1 1073741824 192 0 2147483648 64 0 3221225472 128 0
39 1 46 1 96 1 4294967296 768 0 8589934592 256 0 12884901888 512 0
0 1 47 1 97 1 17179869184 3072 0 34359738368 1024 0 51539607552 2048 0
1 1 48 1 98 1 68719476736 12288 0 137438953472 4096 0 206158430208 8192 0
2 1 49 1 99 1 274877906944 49152 0 549755813888 16384 0 824633720832 32768 0
3 1 50 1 100 1 1099511627779 0 0 2199023255553 0 0 3298534883330 0 0
4 1 51 1 101 1 4398046511116 0 0 8796093022212 0 0 13194139533320 0 0
5 1 52 1 102 1 17592186044464 0 0 35184372088848 0 0 52776558133280 0 0
6 1 53 1 103 1 70368744177856 0 0 140737488355392 0 0 211106232533120 0 0
7 1 54 1 104 1 281474976711424 0 0 562949953421568 0 0 844424930132480 0 0
8 1 55 1 105 1 1125899906845696 0 0 2251799813686272 0 0 3377699720529920 0 0
9 1 56 1 106 1 4503599627382784 0 0 9007199254745088 0 0 13510798882119680 0 0
10 1 57 1 107 1 18014398509531136 0 0 36028797018980352 0 0 54043195528478720 0 0
11 1 58 1 108 1 72057594038124544 0 0 144115188075921408 0 0 216172782113914880 0 0
12 1 59 1 109 1 288230376152498176 0 0 576460752303685632 0 0 864691128455659520 0 0
13 1 60 1 110 1 1152921504609992704 0 0 2305843009214742528 0 0 3458764513822638080 0 0
14 1 61 1 111 1 4611686018439970816 0 0 9223372036858970112 0 0 13835058055290552320 0 0
15 1 62 1 112 1 50331648 1 0 16777216 2 0 33554432 3 0
16 1 63 1 113 1 201326592 4 0 67108864 8 0 134217728 12 0
17 1 64 1 114 1 805306368 16 0 268435456 32 0 536870912 48 0
18 1 65 1 115 1 3221225472 64 0 1073741824 128 0 2147483648 192 0
19 1 66 1 116 1 12884901888 256 0 4294967296 512 0 8589934592 768 0
20 1 67 1 117 1 51539607552 1024 0 17179869184 2048 0 34359738368 3072 0
21 1 68 1 118 1 206158430208 4096 0 68719476736 8192 0 137438953472 12288 0
22 1 69 1 119 1 824633720832 16384 0 274877906944 32768 0 549755813888 49152 0
23 1 70 1 80 1 3298534883329 0 0 1099511627778 0 0 2199023255555 0 0
24 1 71 1 81 1 13194139533316 0 0 4398046511112 0 0 8796093022220 0 0
25 1 72 1 82 1 52776558133264 0 0 17592186044448 0 0 35184372088880 0 0
26 1 73 1 83 1 211106232533056 0 0 70368744177792 0 0 140737488355520 0 0
27 1 74 1 84 1 844424930132224 0 0 281474976711168 0 0 562949953422080 0 0
0 2 42 1 112 1 0 0 0 0 0 0 0 0 0
1 2 43 1 113 1 0 0 0 0 0 0 0 0 0
2 2 44 1 114 1 0 0 0 0 0 0 0 0 0
3 2 45 1 115 1 0 0 0 0 0 0 0 0 0
4 2 46 1 116 1 0 0 0 0 0 0 0 0 0
5 2 47 1 117 1 0 0 0 0 0 0 0 0 0
6 2 48 1 118 1 0 0 0 0 0 0 0 0 0
7 2 49 1 119 1 0 0 0 0 0 0 0 0 0
8 2 50 1 80 1 0 0 0 0 0 0 0 0 0
9 2 51 1 81 1 0 0 0 0 0 0 0 0 0
10 2 52 1 82 1 0 0 0 0 0 0 0 0 0
11 2 53 1 83 1 0 0 0 0 0 0 0 0 0
12 2 54 1 84 1 0 0 0 0 0 0 0 0 0
13 2 55 1 85 1 0 0 0 0 0 0 0 0 0
14 2 56 1 86 1 0 0 0 0 0 0 0 0 0
15 2 57 1 87 1 0 0 0 0 0 0 0 0 0
16 2 58 1 88 1 0 0 0 0 0 0 0 0 0
17 2 59 1 89 1 0 0 0 0 0 0 0 0 0
18 2 60 1 90 1 0 0 0 0 0 0 0 0 0
19 2 61 1 91 1 0 0 0 0 0 0 0 0 0
20 2 62 1 92 1 0 0 0 0 0 0 0 0 0
21 2 63 1 93 1 0 0 0 0 0 0 0 0 0
22 2 64 1 94 1 0 0 0 0 0 0 0 0 0
23 2 65 1 95 1 0 0 0 0 0 0 0 0 0
24 2 66 1 96 1 0 0 0 0 0 0 0 0 0
25 2 67 1 97 1 0 0 0 0 0 0 0 0 0
26 2 68 1 98 1 0 0 0 0 0 0 0 0 0
27 2 69 1 99 1 0 0 0 0 0 0 0 0 0
28 2 70 1 100 1 0 0 0 0 0 0 0 0 0
29 2 71 1 101 1 0 0 0 0 0 0 0 0 0
30 2 72 1 102 1 0 0 0 0 0 0 0 0 0
31 2 73 1 103 1 0 0 0 0 0 0 0 0 0
32 2 74 1 104 1 0 0 0 0 0 0 0 0 0
33 2 75 1 105 1 0 0 0 0 0 0 0 0 0
34 2 76 1 106 1 0 0 0 0 0 0 0 0 0
35 2 77 1 107 1 0 0 0 0 0 0 0 0 0
36 2 78 1 108 1 0 0 0 0 0 0 0 0 0
37 2 79 1 109 1 0 0 0 0 0 0 0 0 0
38 2 40 1 110 1 0 0 0 0 0 0 0 0 0
39 2 41 1 111 1 0 0 0 0 0 0 0 0 0
28 1 40 2 115 1 0 0 0 0 0 0 0 0 0
29 1 41 2 116 1 0 0 0 0 0 0 0 0 0
30 1 42 2 117 1 0 0 0 0 0 0 0 0 0
31 1 43 2 118 1 0 0 0 0 0 0 0 0 0
32 1 44 2 119 1 0 0 0 0 0 0 0 0 0
33 1 45 2 80 1 0 0 0 0 0 0 0 0 0
34 1 46 2 81 1 0 0 0 0 0 0 0 0 0
35 1 47 2 82 1 0 0 0 0 0 0 0 0 0
36 1 48 2 83 1 0 0 0 0 0 0 0 0 0
37 1 49 2 84 1 0 0 0 0 0 0 0 0 0
38 1 50 2 85 1 0 0 0 0 0 0 0 0 0
39 1 51 2 86 1 0 0 0 0 0 0 0 0 0
0 1 52 2 87 1 0 0 0 0 0 0 0 0 0
1 1 53 2 88 1 0 0 0 0 0 0 0 0 0
2 1 54 2 89 1 0 0 0 0 0 0 0 0 0
3 1 55 2 90 1 0 0 0 0 0 0 0 0 0
4 1 56 2 91 1 0 0 0 0 0 0 0 0 0
5 1 57 2 92 1 0 0 0 0 0 0 0 0 0
6 1 58 2 93 1 0 0 0 0 0 0 0 0 0
7 1 59 2 94 1 0 0 0 0 0 0 0 0 0
8 1 60 2 95 1 0 0 0 0 0 0 0 0 0
9 1 61 2 96 1 0 0 0 0 0 0 0 0 0
10 1 62 2 97 1 0 0 0 0 0 0 0 0 0
11 1 63 2 98 1 0 0 0 0 0 0 0 0 0
12 1 64 2 99 1 0 0 0 0 0 0 0 0 0
13 1 65 2 100 1 0 0 0 0 0 0 0 0 0
14 1 66 2 101 1 0 0 0 0 0 0 0 0 0
15 1 67 2 102 1 0 0 0 0 0 0 0 0 0
16 1 68 2 103 1 0 0 0 0 0 0 0 0 0
17 1 69 2 104 1 0 0 0 0 0 0 0 0 0
18 1 70 2 105 1 0 0 0 0 0 0 0 0 0
19 1 71 2 106 1 0 0 0 0 0 0 0 0 0
20 1 72 2 107 1 0 0 0 0 0 0 0 0 0
21 1 73 2 108 1 0 0 0 0 0 0 0 0 0
22 1 74 2 109 1 0 0 0 0 0 0 0 0 0
23 1 75 2 110 1 0 0 0 0 0 0 0 0 0
24 1 76 2 111 1 0 0 0 0 0 0 0 0 0
25 1 77 2 112 1 0 0 0 0 0 0 0 0 0
26 1 78 2 113 1 0 0 0 0 0 0 0 0 0
27 1 79 2 114 1 0 0 0 0 0 0 0 0 0
3 1 75 1 80 2 0 0 0 0 0 0 0 0 0
4 1 76 1 81 2 0 0 0 0 0 0 0 0 0
5 1 77 1 82 2 0 0 0 0 0 0 0 0 0
6 1 78 1 83 2 0 0 0 0 0 0 0 0 0
7 1 79 1 84 2 0 0 0 0 0 0 0 0 0
8 1 40 1 85 2 0 0 0 0 0 0 0 0 0
9 1 41 1 86 2 0 0 0 0 0 0 0 0 0
10 1 42 1 87 2 0 0 0 0 0 0 0 0 0
11 1 43 1 88 2 0 0 0 0 0 0 0 0 0
12 1 44 1 89 2 0 0 0 0 0 0 0 0 0
13 1 45 1 90 2 0 0 0 0 0 0 0 0 0
14 1 46 1 91 2 0 0 0 0 0 0 0 0 0
15 1 47 1 92 2 0 0 0 0 0 0 0 0 0
16 1 48 1 93 2 0 0 0 0 0 0 0 0 0
17 1 49 1 94 2 0 0 0 0 0 0 0 0 0
18 1 50 1 95 2 0 0 0 0 0 0 0 0 0
19 1 51 1 96 2 0 0 0 0 0 0 0 0 0
20 1 52 1 97 2 0 0 0 0 0 0 0 0 0
21 1 53 1 98 2 0 0 0 0 0 0 0 0 0
22 1 54 1 99 2 0 0 0 0 0 0 0 0 0
23 1 55 1 100 2 0 0 0 0 0 0 0 0 0
24 1 56 1 101 2 0 0 0 0 0 0 0 0 0
25 1 57 1 102 2 0 0 0 0 0 0 0 0 0
26 1 58 1 103 2 0 0 0 0 0 0 0 0 0
27 1 59 1 104 2 0 0 0 0 0 0 0 0 0
28 1 60 1 105 2 0 0 0 0 0 0 0 0 0
29 1 61 1 106 2 0 0 0 0 0 0 0 0 0
30 1 62 1 107 2 0 0 0 0 0 0 0 0 0
31 1 63 1 108 2 0 0 0 0 0 0 0 0 0
32 1 64 1 109 2 0 0 0 0 0 0 0 0 0
33 1 65 1 110 2 0 0 0 0 0 0 0 0 0
34 1 66 1 111 2 0 0 0 0 0 0 0 0 0
35 1 67 1 112 2 0 0 0 0 0 0 0 0 0
36 1 68 1 113 2 0 0 0 0 0 0 0 0 0
37 1 69 1 114 2 0 0 0 0 0 0 0 0 0
38 1 70 1 115 2 0 0 0 0 0 0 0 0 0
39 1 71 1 116 2 0 0 0 0 0 0 0 0 0
0 1 72 1 117 2 0 0 0 0 0 0 0 0 0
1 1 73 1 118 2 0 0 0 0 0 0 0 0 0
2 1 74 1 119 2 0 0 0 0 0 0 0 0 0
3 1 60 1 85 1 0 134217728 4 0 201326592 8 0 67108864 12
4 1 61 1 86 1 0 536870912 16 0 805306368 32 0 268435456 48
5 1 62 1 87 1 0 2147483648 64 0 3221225472 128 0 1073741824 192
6 1 63 1 88 1 0 8589934592 256 0 12884901888 512 0 4294967296 768
7 1 64 1 89 1 0 34359738368 1024 0 51539607552 2048 0 17179869184 3072
8 1 65 1 90 1 0 137438953472 4096 0 206158430208 8192 0 68719476736 12288
9 1 66 1 91 1 0 549755813888 16384 0 824633720832 32768 0 274877906944 49152
10 1 67 1 92 1 0 2199023255552 65536 0 3298534883328 131072 0 1099511627776 196608
11 1 68 1 93 1 0 8796093022208 262144 0 13194139533312 524288 0 4398046511104 786432
12 1 69 1 94 1 0 35184372088832 1048576 0 52776558133248 2097152 0 17592186044416 3145728
13 1 70 1 95 1 0 140737488355328 4194304 0 211106232532992 8388608 0 70368744177664 12582912
14 1 71 1 96 1 0 562949953421312 16777216 0 844424930131968 33554432 0 281474976710656 50331648
15 1 72 1 97 1 0 2251799813685248 67108864 0 3377699720527872 134217728 0 1125899906842624 201326592
16 1 73 1 98 1 0 9007199254740992 268435456 0 13510798882111488 536870912 0 4503599627370496 805306368
17 1 74 1 99 1 0 36028797018963968 1073741824 0 54043195528445952 2147483648 0 18014398509481984 3221225472
18 1 75 1 100 1 0 144115188075921408 0 0 216172782113914880 0 0 72057594038124544 0
19 1 76 1 101 1 0 576460752303685632 0 0 864691128455659520 0 0 288230376152498176 0
20 1 77 1 102 1 0 2305843009214742528 0 0 3458764513822638080 0 0 1152921504609992704 0
21 1 78 1 103 1 0 9223372036858970112 0 0 13835058055290552320 0 0 4611686018439970816 0
22 1 79 1 104 1 0 16777216 2 0 33554432 3 0 50331648 1
23 1 40 1 105 1 0 67108864 8 0 134217728 12 0 201326592 4
24 1 41 1 106 1 0 268435456 32 0 536870912 48 0 805306368 16
25 1 42 1 107 1 0 1073741824 128 0 2147483648 192 0 3221225472 64
26 1 43 1 108 1 0 4294967296 512 0 8589934592 768 0 12884901888 256
27 1 44 1 109 1 0 17179869184 2048 0 34359738368 3072 0 51539607552 1024
28 1 45 1 110 1 0 68719476736 8192 0 137438953472 12288 0 206158430208 4096
29 1 46 1 111 1 0 274877906944 32768 0 549755813888 49152 0 824633720832 16384
30 1 47 1 112 1 0 1099511627776 131072 0 2199023255552 196608 0 3298534883328 65536
31 1 48 1 113 1 0 4398046511104 524288 0 8796093022208 786432 0 13194139533312 262144
32 1 49 1 114 1 0 17592186044416 2097152 0 35184372088832 3145728 0 52776558133248 1048576
33 1 50 1 115 1 0 70368744177664 8388608 0 140737488355328 12582912 0 211106232532992 4194304
34 1 51 1 116 1 0 281474976710656 33554432 0 562949953421312 50331648 0 844424930131968 16777216
35 1 52 1 117 1 0 1125899906842624 134217728 0 2251799813685248 201326592 0 3377699720527872 67108864
36 1 53 1 118 1 0 4503599627370496 536870912 0 9007199254740992 805306368 0 13510798882111488 268435456
37 1 54 1 119 1 0 18014398509481984 2147483648 0 36028797018963968 3221225472 0 54043195528445952 1073741824
38 1 55 1 80 1 0 72057594038059008 0 0 144115188076052480 0 0 216172782113849344 0
39 1 56 1 81 1 0 288230376152236032 0 0 576460752304209920 0 0 864691128455397376 0
0 1 57 1 82 1 0 1152921504608944128 0 0 2305843009216839680 0 0 3458764513821589504 0
1 1 58 1 83 1 0 4611686018435776512 0 0 9223372036867358720 0 0 13835058055286358016 0
2 1 59 1 84 1 0 33554432 1 0 50331648 2 0 16777216 3
