176 66 88 22
0 1 22 1 44 1
1 1 23 1 45 1
2 1 24 1 46 1
3 1 25 1 47 1
4 1 26 1 48 1
5 1 27 1 49 1
6 1 28 1 50 1
7 1 29 1 51 1
8 1 30 1 52 1
9 1 31 1 53 1
10 1 32 1 54 1
11 1 33 1 55 1
12 1 34 1 56 1
13 1 35 1 57 1
14 1 36 1 58 1
15 1 37 1 59 1
16 1 38 1 60 1
17 1 39 1 61 1
18 1 40 1 62 1
19 1 41 1 63 1
20 1 42 1 64 1
21 1 43 1 65 1
9 1 32 1 61 1
10 1 33 1 62 1
11 1 34 1 63 1
12 1 35 1 64 1
13 1 36 1 65 1
14 1 37 1 44 1
15 1 38 1 45 1
16 1 39 1 46 1
17 1 40 1 47 1
18 1 41 1 48 1
19 1 42 1 49 1
20 1 43 1 50 1
21 1 22 1 51 1
0 1 23 1 52 1
1 1 24 1 53 1
2 1 25 1 54 1
3 1 26 1 55 1
4 1 27 1 56 1
5 1 28 1 57 1
6 1 29 1 58 1
7 1 30 1 59 1
8 1 31 1 60 1
17 1 30 1 60 1
18 1 31 1 61 1
19 1 32 1 62 1
20 1 33 1 63 1
21 1 34 1 64 1
0 1 35 1 65 1
1 1 36 1 44 1
2 1 37 1 45 1
3 1 38 1 46 1
4 1 39 1 47 1
5 1 40 1 48 1
6 1 41 1 49 1
7 1 42 1 50 1
8 1 43 1 51 1
9 1 22 1 52 1
10 1 23 1 53 1
11 1 24 1 54 1
12 1 25 1 55 1
13 1 26 1 56 1
14 1 27 1 57 1
15 1 28 1 58 1
16 1 29 1 59 1
2 1 28 1 48 1
3 1 29 1 49 1
4 1 30 1 50 1
5 1 31 1 51 1
6 1 32 1 52 1
7 1 33 1 53 1
8 1 34 1 54 1
9 1 35 1 55 1
10 1 36 1 56 1
11 1 37 1 57 1
12 1 38 1 58 1
13 1 39 1 59 1
14 1 40 1 60 1
15 1 41 1 61 1
16 1 42 1 62 1
17 1 43 1 63 1
18 1 22 1 64 1
19 1 23 1 65 1
20 1 24 1 44 1
21 1 25 1 45 1
0 1 26 1 46 1
1 1 27 1 47 1
0 2 32 1 60 1
1 2 33 1 61 1
2 2 34 1 62 1
3 2 35 1 63 1
4 2 36 1 64 1
5 2 37 1 65 1
6 2 38 1 44 1
7 2 39 1 45 1
8 2 40 1 46 1
9 2 41 1 47 1
10 2 42 1 48 1
11 2 43 1 49 1
12 2 22 1 50 1
13 2 23 1 51 1
14 2 24 1 52 1
15 2 25 1 53 1
16 2 26 1 54 1
17 2 27 1 55 1
18 2 28 1 56 1
19 2 29 1 57 1
20 2 30 1 58 1
21 2 31 1 59 1
2 1 22 2 61 1
3 1 23 2 62 1
4 1 24 2 63 1
5 1 25 2 64 1
6 1 26 2 65 1
7 1 27 2 44 1
8 1 28 2 45 1
9 1 29 2 46 1
10 1 30 2 47 1
11 1 31 2 48 1
12 1 32 2 49 1
13 1 33 2 50 1
14 1 34 2 51 1
15 1 35 2 52 1
16 1 36 2 53 1
17 1 37 2 54 1
18 1 38 2 55 1
19 1 39 2 56 1
20 1 40 2 57 1
21 1 41 2 58 1
0 1 42 2 59 1
1 1 43 2 60 1
17 1 28 1 44 2
18 1 29 1 45 2
19 1 30 1 46 2
20 1 31 1 47 2
21 1 32 1 48 2
0 1 33 1 49 2
1 1 34 1 50 2
2 1 35 1 51 2
3 1 36 1 52 2
4 1 37 1 53 2
5 1 38 1 54 2
6 1 39 1 55 2
7 1 40 1 56 2
8 1 41 1 57 2
9 1 42 1 58 2
10 1 43 1 59 2
11 1 22 1 60 2
12 1 23 1 61 2
13 1 24 1 62 2
14 1 25 1 63 2
15 1 26 1 64 2
16 1 27 1 65 2
9 1 30 1 48 1
10 1 31 1 49 1
11 1 32 1 50 1
12 1 33 1 51 1
13 1 34 1 52 1
14 1 35 1 53 1
15 1 36 1 54 1
16 1 37 1 55 1
17 1 38 1 56 1
18 1 39 1 57 1
19 1 40 1 58 1
20 1 41 1 59 1
21 1 42 1 60 1
0 1 43 1 61 1
1 1 22 1 62 1
2 1 23 1 63 1
3 1 24 1 64 1
4 1 25 1 65 1
5 1 26 1 44 1
6 1 27 1 45 1
7 1 28 1 46 1
8 1 29 1 47 1
4616198422746105856 8392707
18023194612992002 5248002
4634204025156272130 13632513
9232396845496406016 8198
36046389225984005 10496000
9268408050308349957 10487814
18067209469304832 16393
72092778451968010 4214788
90089619093192714 4198413
36134418938609664 32786
144185556903936020 8429576
180179238186385428 8396826
72286430063263744 65568
288371113807872040 81940
360376068558815272 16436
144572860126527488 131136
576742227615744080 163880
720752137117630544 32872
289145720253054976 262272
1153484455231488160 327760
1441504274235261088 65744
578291440506109952 524544
2306968910462976320 655520
2883008548470522176 131488
1156582881012219904 1049088
4613937820925952640 1311040
5766017096941044352 262976
2313165762024439808 2098176
9227875641851905280 2622080
11532034193882088704 525952
4626331524048879616 4196352
9007209994258944 5244161
4617324314054625792 1051905
9252645455911714817 8392704
18014419984323585 10488322
9234631035927401472 2103810
58546838113878018 8197
36046432154691586 4199428
22535590331295744 4207617
117093676227756036 16394
72092864309383172 8398856
45071180662591488 8415234
234204944641556488 32784
144185728618766344 20500
90159953511227392 53252
468409889283112976 65568
288371457237532688 41000
180319907022454784 106504
936819778566225952 131136
576742914475065376 82000
360639814044909568 213008
1873639557132451904 262272
1153485828950130752 164000
721279628089819136 426016
3747279114264903808 524544
2306971657900261504 328000
1442559256179638272 852032
7494558228529807616 1049088
4613943315800523008 656000
2885118512359276544 1704064
14989116457059615232 2098176
9227886631601046016 1312000
5770237024718553088 3408128
11531471248227828736 4196353
9011597306496001 2624001
11540474049432911873 6816256
17181971456 0
8800387993600 0
8817569956864 0
34359748609 0
8594137088 0
42953869313 0
68719497218 0
17188274176 0
85907738626 0
137438994436 0
34376548352 0
171815477252 0
274877988872 0
68753096704 0
343630954504 0
549755977744 0
137506193408 0
687261909008 0
1099511955488 0
275012386816 0
1374523818016 0
2199023910976 0
550024773632 0
2749047636032 0
4398047821952 0
1100049547264 0
5498095272064 0
8796095643904 0
2200099094528 0
10996190544128 0
5243393 0
4400193994753 0
4400199238144 0
10486786 0
8800387989506 0
8800398476288 0
16779269 0
8594128900 0
8610908161 0
33558538 0
17188257800 0
17221816322 0
67117076 0
34376515600 0
34443632644 0
134234152 0
68753031200 0
68887265288 0
268468304 0
137506062400 0
137774530576 0
536936608 0
275012124800 0
275549061152 0
1073873216 0
550024249600 0
551098122304 0
2147746432 0
1100048499200 0
1102196244608 0
4295492864 0
2200096998400 0
2204392489216 0
8590985728 0
4400193996800 0
4408784978432 0
54052025985403905 5242883
4611694861767155713 9449473
4665729226847038464 12595202
108104051975002114 10485762
9223372131348267011 2121734
9331476045875927041 8413188
216225696136048644 4194308
17781173026822 4243465
216208018042302466 49165
432451392272097288 8388616
35562346053644 8486930
432416036084604932 98330
864902784544194576 20
88716878151704 196644
864849664355254280 196656
1729805569088389152 40
177433756303408 393288
1729699328710508560 393312
3459611138176778304 80
354867512606816 786576
3459398657421017120 786624
6919222276353556608 160
709735025213632 1573152
6918797314842034240 1573248
13838444552707113216 320
1419470050427264 3146304
13837594629684068480 3146496
9230127439522824704 641
2821347914810113 6292608
9228445185654391041 6292993
13510805336097792 1283
5642695829620226 12585216
10146297599230466 12585987
27039202854045697 2562
11267799477390340 8393220
20292595198460933 8394758
54095997889941507 5120
22518006772930568 9228
40585190396921867 12300
108191995779883014 10240
45036013545861136 18456
81170380793843734 24600
216383991559766028 20480
90072027091722272 36912
162340761587687468 49200
432767983119532056 40960
180144054183444544 73824
324681523175374936 98400
865535966239064112 81920
360288108366889088 147648
649363046350749872 196800
1731071932478128224 163840
720576216733778176 295296
1298726092701499744 393600
3462143864956256448 327680
1441152433467556352 590592
2597452185402999488 787200
6924287729912512896 655360
2882304866935112704 1181184
5194904370805998976 1574400
13848575459825025792 1310720
5764609733870225408 2362368
10389808741611997952 3148800
9250406845940499968 2621441
11529219467740450816 4724736
2332873409514444288 6297601
54043247080640515 8406019
76561228025049091 4224002
130604406386204672 12595201
108104086347325446 34822
153140048236142598 8448000
261208812772409344 8413190
216225764880695308 69640
306280096472285196 118788
522435217730863104 49164
432451529761390616 139280
612560192944570392 237576
1044870435461726208 98328
864903059522781232 278560
1225120385889140784 475152
2089740870923452416 196656
1729806119045562464 557120
2450240771778281568 950304
4179481741846904832 393312
3459612238091124928 1114240
4900481543556563136 1900608
8358963483693809664 786624
6919224476182249856 2228480
9800963087113126272 3801216
16717926967387619328 1573248
13838448952364499712 4456960
1155182100516700928 7602433
14989109861065687040 3146497
9230136238837597696 8913921
2310346608847357441 15204866
11531475648417628161 6292995
13510811779599361 1050631
4620710809876564995 13632516
4616207223129899010 12585987
27039215745243138 2101258
9241421619753129990 10487820
9232432038445842436 8394758
54096023676530692 4202512
36099165796708364 4198429
18137595368177672 12301
108192047353061384 8405024
72198331593416728 8396858
36275190736355344 24602
216384094706122768 32836
144414255372877872 16500
72567973658755104 49200
432768189412245536 65672
288828510745755744 33000
145135947317510208 98400
865536378824491072 131344
577657021491511488 66000
290271894635020416 196800
1731072757648982144 262688
1155314042983022976 132000
580543789270040832 393600
3462145515297964288 525376
2310628085966045952 264000
1161087578540081664 787200
6924291030595928576 1050752
4621256171932091904 528000
2322175157080163328 1574400
13848582061191857152 2101504
9242512343864183808 1056000
4644350314160326656 3148800
9250402456488118273 4203009
38280614014621697 2112001
9288683036138803200 6297600
0 0
0 0
0 0
0 0
0 0
0 0
0 0
0 0
0 0
0 0
0 0
0 0
0 0
0 0
0 0
0 0
0 0
0 0
0 0
0 0
0 0
0 0
0 0
0 0
0 0
0 0
0 0
0 0
0 0
0 0
0 0
0 0
0 0
0 0
0 0
0 0
0 0
0 0
0 0
0 0
0 0
0 0
0 0
0 0
0 0
0 0
0 0
0 0
0 0
0 0
0 0
0 0
0 0
0 0
0 0
0 0
0 0
0 0
0 0
0 0
0 0
0 0
0 0
0 0
0 0
0 0
18014398509481984 8409090
90071992547409920 16386
72057594037927936 8392704
36046389205008384 40964
180161577280864256 32768
144115188075855872 8196
72092778410016768 81928
360323154561728512 65536
288230376151711744 16392
144185556820033536 163856
720646309123457024 131072
576460752303423488 32784
288371113640067072 327712
1441292618246914048 262144
1152921504606846976 65568
576742227280134144 655424
2882585236493828096 524288
2305843009213693952 131136
1153484454560268288 1310848
5765170472987656192 1048576
4611686018427387904 262272
2306968909120536576 2621696
11530340945975312384 2097152
9223372036854775808 524544
4613937818241073152 5243392
4613937818241073152 4194305
0 1049089
9227875636482146304 10486784
9227875636482146304 8388610
0 2098178
9007199254740992 4196357
9024791440785408 5
17592186044416 4196352
18014398509481984 8392714
18049582881570816 10
35184372088832 8392704
36046389205008384 8212
36116757949186048 16
70368744177664 8196
72092778410016768 16424
72233515898372096 32
140737488355328 16392
144185556820033536 32848
144467031796744192 64
281474976710656 32784
288371113640067072 65696
288934063593488384 128
562949953421312 65568
576742227280134144 131392
577868127186976768 256
1125899906842624 131136
1153484454560268288 262784
1155736254373953536 512
2251799813685248 262272
2306968909120536576 525568
2311472508747907072 1024
4503599627370496 524544
4613937818241073152 1051136
4622945017495814144 2048
9007199254740992 1049088
9227875636482146304 2102272
9245890034991628288 4096
18014398509481984 2098176
9007199254740992 4204545
45035996273704960 8193
36028797018963968 4196352
0 0
0 0
0 0
0 0
0 0
0 0
0 0
0 0
0 0
0 0
0 0
0 0
0 0
0 0
0 0
0 0
0 0
0 0
0 0
0 0
0 0
0 0
0 0
0 0
0 0
0 0
0 0
0 0
0 0
0 0
0 0
0 0
0 0
0 0
0 0
0 0
0 0
0 0
0 0
0 0
0 0
0 0
0 0
0 0
0 0
0 0
0 0
0 0
0 0
0 0
0 0
0 0
0 0
0 0
0 0
0 0
0 0
0 0
0 0
0 0
0 0
0 0
0 0
0 0
0 0
0 0
0 0
0 0
0 0
0 0
0 0
0 0
0 0
0 0
0 0
0 0
0 0
0 0
0 0
0 0
0 0
0 0
0 0
0 0
0 0
0 0
0 0
0 0
0 0
0 0
0 0
0 0
0 0
0 0
0 0
0 0
0 0
0 0
0 0
0 0
0 0
0 0
0 0
0 0
0 0
0 0
0 0
0 0
0 0
0 0
0 0
0 0
0 0
0 0
0 0
0 0
0 0
0 0
0 0
0 0
0 0
0 0
0 0
0 0
0 0
0 0
0 0
0 0
0 0
0 0
0 0
0 0
