176 66 88 22
0 2 22 1 44 1
1 2 23 1 45 1
2 2 24 1 46 1
3 2 25 1 47 1
4 2 26 1 48 1
5 2 27 1 49 1
6 2 28 1 50 1
7 2 29 1 51 1
8 2 30 1 52 1
9 2 31 1 53 1
10 2 32 1 54 1
11 2 33 1 55 1
12 2 34 1 56 1
13 2 35 1 57 1
14 2 36 1 58 1
15 2 37 1 59 1
16 2 38 1 60 1
17 2 39 1 61 1
18 2 40 1 62 1
19 2 41 1 63 1
20 2 42 1 64 1
21 2 43 1 65 1
0 1 23 2 54 1
1 1 24 2 55 1
2 1 25 2 56 1
3 1 26 2 57 1
4 1 27 2 58 1
5 1 28 2 59 1
6 1 29 2 60 1
7 1 30 2 61 1
8 1 31 2 62 1
9 1 32 2 63 1
10 1 33 2 64 1
11 1 34 2 65 1
12 1 35 2 44 1
13 1 36 2 45 1
14 1 37 2 46 1
15 1 38 2 47 1
16 1 39 2 48 1
17 1 40 2 49 1
18 1 41 2 50 1
19 1 42 2 51 1
20 1 43 2 52 1
21 1 22 2 53 1
0 1 34 1 55 2
1 1 35 1 56 2
2 1 36 1 57 2
3 1 37 1 58 2
4 1 38 1 59 2
5 1 39 1 60 2
6 1 40 1 61 2
7 1 41 1 62 2
8 1 42 1 63 2
9 1 43 1 64 2
10 1 22 1 65 2
11 1 23 1 44 2
12 1 24 1 45 2
13 1 25 1 46 2
14 1 26 1 47 2
15 1 27 1 48 2
16 1 28 1 49 2
17 1 29 1 50 2
18 1 30 1 51 2
19 1 31 1 52 2
20 1 32 1 53 2
21 1 33 1 54 2
0 1 24 1 56 1
1 1 25 1 57 1
2 1 26 1 58 1
3 1 27 1 59 1
4 1 28 1 60 1
5 1 29 1 61 1
6 1 30 1 62 1
7 1 31 1 63 1
8 1 32 1 64 1
9 1 33 1 65 1
10 1 34 1 44 1
11 1 35 1 45 1
12 1 36 1 46 1
13 1 37 1 47 1
14 1 38 1 48 1
15 1 39 1 49 1
16 1 40 1 50 1
17 1 41 1 51 1
18 1 42 1 52 1
19 1 43 1 53 1
20 1 22 1 54 1
21 1 23 1 55 1
0 1 36 1 60 1
1 1 37 1 61 1
2 1 38 1 62 1
3 1 39 1 63 1
4 1 40 1 64 1
5 1 41 1 65 1
6 1 42 1 44 1
7 1 43 1 45 1
8 1 22 1 46 1
9 1 23 1 47 1
10 1 24 1 48 1
11 1 25 1 49 1
12 1 26 1 50 1
13 1 27 1 51 1
14 1 28 1 52 1
15 1 29 1 53 1
16 1 30 1 54 1
17 1 31 1 55 1
18 1 32 1 56 1
19 1 33 1 57 1
20 1 34 1 58 1
21 1 35 1 59 1
0 1 35 1 47 1
1 1 36 1 48 1
2 1 37 1 49 1
3 1 38 1 50 1
4 1 39 1 51 1
5 1 40 1 52 1
6 1 41 1 53 1
7 1 42 1 54 1
8 1 43 1 55 1
9 1 22 1 56 1
10 1 23 1 57 1
11 1 24 1 58 1
12 1 25 1 59 1
13 1 26 1 60 1
14 1 27 1 61 1
15 1 28 1 62 1
16 1 29 1 63 1
17 1 30 1 64 1
18 1 31 1 65 1
19 1 32 1 44 1
20 1 33 1 45 1
21 1 34 1 46 1
0 1 28 1 61 1
1 1 29 1 62 1
2 1 30 1 63 1
3 1 31 1 64 1
4 1 32 1 65 1
5 1 33 1 44 1
6 1 34 1 45 1
7 1 35 1 46 1
8 1 36 1 47 1
9 1 37 1 48 1
10 1 38 1 49 1
11 1 39 1 50 1
12 1 40 1 51 1
13 1 41 1 52 1
14 1 42 1 53 1
15 1 43 1 54 1
16 1 22 1 55 1
17 1 23 1 56 1
18 1 24 1 57 1
19 1 25 1 58 1
20 1 26 1 59 1
21 1 27 1 60 1
0 1 26 1 63 1
1 1 27 1 64 1
2 1 28 1 65 1
3 1 29 1 44 1
4 1 30 1 45 1
5 1 31 1 46 1
6 1 32 1 47 1
7 1 33 1 48 1
8 1 34 1 49 1
9 1 35 1 50 1
10 1 36 1 51 1
11 1 37 1 52 1
12 1 38 1 53 1
13 1 39 1 54 1
14 1 40 1 55 1
15 1 41 1 56 1
16 1 42 1 57 1
17 1 43 1 58 1
18 1 22 1 59 1
19 1 23 1 60 1
20 1 24 1 61 1
21 1 25 1 62 1
0 0
0 0
0 0
0 0
0 0
0 0
0 0
0 0
0 0
0 0
0 0
0 0
0 0
0 0
0 0
0 0
0 0
0 0
0 0
0 0
0 0
0 0
0 0
0 0
0 0
0 0
0 0
0 0
0 0
0 0
0 0
0 0
0 0
0 0
0 0
0 0
0 0
0 0
0 0
0 0
0 0
0 0
0 0
0 0
0 0
0 0
0 0
0 0
0 0
0 0
0 0
0 0
0 0
0 0
0 0
0 0
0 0
0 0
0 0
0 0
0 0
0 0
0 0
0 0
0 0
0 0
85932916744 0
17179889672 0
68753035264 0
171865833488 0
34359779344 0
137506070528 0
343731666976 0
68719558688 0
275012141056 0
687463333952 0
137439117376 0
550024282112 0
1374926667904 0
274878234752 0
1100048564224 0
2749853335808 0
549756469504 0
2200097128448 0
5499706671616 0
1099512939008 0
4400194256896 0
10999413343232 0
2199025878016 0
8800388513792 0
4406640642049 0
4398047561729 0
8595177472 0
8813281284098 0
8796095123458 0
17190354944 0
34380718084 0
4202501 0
34376515585 0
68761436168 0
8405002 0
68753031170 0
137522872336 0
16810004 0
137506062340 0
275045744672 0
33620008 0
275012124680 0
550091489344 0
67240016 0
550024249360 0
1100182978688 0
134480032 0
1100048498720 0
2200365957376 0
268960064 0
2200096997440 0
4400731914752 0
537920128 0
4400193994880 0
8801463829504 0
1075840256 0
8800387989760 0
10741614593 0
2147486209 0
8594129408 0
21483229186 0
4294972418 0
17188258816 0
42966458372 0
8589944836 0
34376517632 0
0 0
0 0
0 0
0 0
0 0
0 0
0 0
0 0
0 0
0 0
0 0
0 0
0 0
0 0
0 0
0 0
0 0
0 0
0 0
0 0
0 0
0 0
0 0
0 0
0 0
0 0
0 0
0 0
0 0
0 0
0 0
0 0
0 0
0 0
0 0
0 0
0 0
0 0
0 0
0 0
0 0
0 0
0 0
0 0
0 0
0 0
0 0
0 0
0 0
0 0
0 0
0 0
0 0
0 0
0 0
0 0
0 0
0 0
0 0
0 0
0 0
0 0
0 0
0 0
0 0
0 0
0 0
0 0
0 0
0 0
0 0
0 0
0 0
0 0
0 0
0 0
0 0
0 0
0 0
0 0
0 0
0 0
0 0
0 0
0 0
0 0
0 0
0 0
0 0
0 0
0 0
0 0
0 0
0 0
0 0
0 0
0 0
0 0
0 0
0 0
0 0
0 0
0 0
0 0
0 0
0 0
0 0
0 0
0 0
0 0
0 0
0 0
0 0
0 0
0 0
0 0
0 0
0 0
0 0
0 0
0 0
0 0
0 0
0 0
0 0
0 0
0 0
0 0
0 0
0 0
0 0
0 0
216207966653657100 4120
18120003316351016 53264
234257600957394980 49160
432415933307314200 8240
36240006632702032 106528
468515201914789960 98320
864831866614628400 16480
72480013265404064 213056
937030403829579920 196640
1729663733229256800 32960
144960026530808128 426112
1874060807659159840 393280
3459327466458513600 65920
289920053061616256 852224
3748121615318319680 786560
6918654932917027200 131840
579840106123232512 1704448
7496243230636639360 1573120
13837309865834054400 263680
1159680212246465024 3408896
14992486461273278720 3146240
9227875657958557184 527361
2319360424492930048 6817792
11538228848837005824 6292481
9007242207562752 1054723
4638720848985860096 13635584
4629713623964460032 12584963
18032076596975617 2109442
9277424105789870080 10493956
9259427247928920065 8392710
36081745375801347 4218880
108086545688338432 4210701
72110422148288515 8205
72163490751602694 8437760
216173091376676864 8421402
144220844296577030 16410
144326981503205388 98308
432363774939398144 65588
288459280779198476 32816
288653963006410776 196616
864727549878796288 131176
576918561558396952 65632
577307926012821552 393232
1729455099757592576 262352
1153837123116793904 131264
1154615852025643104 786464
3458910199515185152 524704
2307674246233587808 262528
2309231704051286208 1572928
6917820399030370304 1049408
4615348492467175616 525056
4618445815920722304 3145856
13835623205874696193 2098816
9230696984930156929 1050112
9236891631841444608 6291712
9224502338039840770 4197633
14649896150762242 2100225
27021597787293185 12583425
2260602365935621 8395267
29282200119674372 4200450
54043195570392067 8389638
4521204736065546 13318
58564400239348745 8400896
108103983326828550 2060
9060001658175508 26632
117128800478697490 24580
360428707677995008 16384
72057594037927936 65568
288371113640067072 81952
720857415355990016 32768
144115188075855872 131136
576742227280134144 163904
1441714830711980032 65536
288230376151711744 262272
1153484454560268288 327808
2883429661423960064 131072
576460752303423488 524544
2306968909120536576 655616
5766859322847920128 262144
1152921504606846976 1049088
4613937818241073152 1311232
11533718645695840256 524288
2305843009213693952 2098176
9227875636482146304 2622464
4620693217682128896 1048577
4611686018427387904 4196352
9007199254740992 5244929
9241386435364257792 2097154
9223372036854775808 8392704
18014398509481984 10489858
36046389205008384 4194305
0 8197
36046389205008384 4202500
72092778410016768 8388610
0 16394
72092778410016768 8405000
144203149006077952 4
17592186044416 32784
144185556820033536 32788
288406298012155904 8
35184372088832 65568
288371113640067072 65576
576812596024311808 16
70368744177664 131136
576742227280134144 131152
1153625192048623616 32
140737488355328 262272
1153484454560268288 262304
2307250384097247232 64
281474976710656 524544
2306968909120536576 524608
4614500768194494464 128
562949953421312 1049088
4613937818241073152 1049216
9229001536388988928 256
1125899906842624 2098176
9227875636482146304 2098432
11258999068426240 513
2251799813685248 4196352
9007199254740992 4196865
22517998136852480 1026
4503599627370496 8392704
18014398509481984 8393730
45053588459749376 2048
9007199254740992 8196
36046389205008384 10244
90107176919498752 4096
18014398509481984 16392
72092778410016768 20488
180214353838997504 8192
36028797018963968 32784
144185556820033536 40976
4611688218526485248 1049856
4617326523815821568 1280
5638307441019392 1048576
9223376437048776193 2099712
9234635455449793024 2560
11259022695994369 2097152
8800388000770 4199425
22526837190034432 5121
22518045391988738 4194304
8594151428 8398850
45036082194024449 10242
45036090779783173 8388608
17609374347272 20484
90089756574093314 20480
90072181559566346 4
35218748694544 40968
180179513148186628 40960
180144363119132692 8
70437497389088 81936
360359026296373256 81920
360288726238265384 16
140874994778176 163872
720718052592746512 163840
720577452476530768 32
281749989556352 327744
1441436105185493024 327680
1441154904953061536 64
563499979112704 655488
2882872210370986048 655360
2882309809906123072 128
1126999958225408 1310976
5765744420741972096 1310720
5764619619812246144 256
2253999912256513 2621952
11531471249302094080 2621440
11529221647438447873 512
4507999824513026 5243904
4616198424894636544 5242881
4611699221167344130 1025
9015999644831749 10487808
9232379257607422976 10485762
9223380850148643845 2050
18014407103619083 4198404
18032033687144449 4194309
17626591930378 4097
36028814207238166 8396808
36064067374288898 8388618
35253183860756 8194
72057628414476332 16404
72145726934622212 20
88098553765928 16384
144115256828952664 32808
144291453869244424 40
176197107531856 32768
288230513657905328 65616
288582907738488848 80
352394215063712 65536
576461027315810656 131232
577165815476977696 160
704788430127424 131072
1152922054631621312 262464
1154331630953955392 320
1409576860254848 262144
2305844109263242624 524928
2308663261907910784 640
2819153720509696 524288
54052008834904067 12595202
54052026029445128 4194307
51554295819 8400897
108104017674002438 8413188
108104052058890257 8388610
103104397335 24582
216208035348004876 49164
216225696303824930 4
17798394839086 49160
432416070696009752 98328
432451392607649860 8
35596789678172 98320
864832141392019504 196656
864902785215299720 16
71193579356344 196640
1729664282784039008 393312
1729805570430599440 32
142387158712688 393280
3459328565568078016 786624
3459611140861198880 64
284774317425376 786560
6918657131136156032 1573248
6919222281722397760 128
569548634850752 1573120
13837314262272312064 3146496
13838444563444795520 256
1139097269701504 3146240
9227884450830878209 6292993
9230127460998189312 513
2260602353358593 6292480
9007235766160387 12585987
13510848282632705 1027
4503612524867074 12584960
18032063718365190 8394758
27039288751309826 2050
9007225049734148 8392708
36081719622774796 12300
54096169688664068 4096
18014450099468296 8204
72163439245549592 24600
108192339377328136 8192
36028900198936592 16408
144326878491099184 49200
216384678754656272 16384
72057800397873184 32816
288653756982198368 98400
432769357509312544 32768
144115600795746368 65632
577307513964396736 196800
865538715018625088 65536
288231201591492736 131264
1154615027928793472 393600
1731077430037250176 131072
576462403182985472 262528
2309230055857586944 787200
3462154860074500352 262144
1152924806365970944 525056
4618442519533323776 1574400
6924292127962956289 524288
2305849612727747585 1050112
9236885039066647552 3148800
13848584255925912578 1048576
4611699225455495170 2100224
27026004419549185 6297601
9250406845960423428 2097153
9223380858724945925 4200448
