132 352
8 0 70 98 172 177 260 274 334
9 1 71 99 173 176 177 261 275 335
8 2 72 100 174 179 262 276 336
9 3 73 101 175 178 179 263 277 337
8 4 74 102 132 181 220 278 338
9 5 75 103 133 180 181 221 279 339
8 6 76 104 134 183 222 280 340
9 7 77 105 135 182 183 223 281 341
8 8 78 106 136 185 224 282 342
9 9 79 107 137 184 185 225 283 343
8 10 80 108 138 187 226 284 344
9 11 81 109 139 186 187 227 285 345
8 12 82 110 140 189 228 286 346
9 13 83 111 141 188 189 229 287 347
8 14 84 112 142 191 230 288 348
9 15 85 113 143 190 191 231 289 349
8 16 86 114 144 193 232 290 350
9 17 87 115 145 192 193 233 291 351
8 18 44 116 146 195 234 292 308
9 19 45 117 147 194 195 235 293 309
8 20 46 118 148 197 236 294 310
9 21 47 119 149 196 197 237 295 311
8 22 48 120 150 199 238 296 312
9 23 49 121 151 198 199 239 297 313
8 24 50 122 152 201 240 298 314
9 25 51 123 153 200 201 241 299 315
8 26 52 124 154 203 242 300 316
9 27 53 125 155 202 203 243 301 317
8 28 54 126 156 205 244 302 318
9 29 55 127 157 204 205 245 303 319
8 30 56 128 158 207 246 304 320
9 31 57 129 159 206 207 247 305 321
8 32 58 130 160 209 248 306 322
9 33 59 131 161 208 209 249 307 323
8 34 60 88 162 211 250 264 324
9 35 61 89 163 210 211 251 265 325
8 36 62 90 164 213 252 266 326
9 37 63 91 165 212 213 253 267 327
8 38 64 92 166 215 254 268 328
9 39 65 93 167 214 215 255 269 329
8 40 66 94 168 217 256 270 330
9 41 67 95 169 216 217 257 271 331
8 42 68 96 170 219 258 272 332
9 43 69 97 171 218 219 259 273 333
8 0 68 116 164 200 221 296 336
9 1 69 117 165 201 220 221 297 337
8 2 70 118 166 202 223 298 338
9 3 71 119 167 203 222 223 299 339
8 4 72 120 168 204 225 300 340
9 5 73 121 169 205 224 225 301 341
8 6 74 122 170 206 227 302 342
9 7 75 123 171 207 226 227 303 343
8 8 76 124 172 208 229 304 344
9 9 77 125 173 209 228 229 305 345
8 10 78 126 174 210 231 306 346
9 11 79 127 175 211 230 231 307 347
8 12 80 128 132 212 233 264 348
9 13 81 129 133 213 232 233 265 349
8 14 82 130 134 214 235 266 350
9 15 83 131 135 215 234 235 267 351
8 16 84 88 136 216 237 268 308
9 17 85 89 137 217 236 237 269 309
8 18 86 90 138 218 239 270 310
9 19 87 91 139 219 238 239 271 311
8 20 44 92 140 176 241 272 312
9 21 45 93 141 177 240 241 273 313
8 22 46 94 142 178 243 274 314
9 23 47 95 143 179 242 243 275 315
8 24 48 96 144 180 245 276 316
9 25 49 97 145 181 244 245 277 317
8 26 50 98 146 182 247 278 318
9 27 51 99 147 183 246 247 279 319
8 28 52 100 148 184 249 280 320
9 29 53 101 149 185 248 249 281 321
8 30 54 102 150 186 251 282 322
9 31 55 103 151 187 250 251 283 323
8 32 56 104 152 188 253 284 324
9 33 57 105 153 189 252 253 285 325
8 34 58 106 154 190 255 286 326
9 35 59 107 155 191 254 255 287 327
8 36 60 108 156 192 257 288 328
9 37 61 109 157 193 256 257 289 329
8 38 62 110 158 194 259 290 330
9 39 63 111 159 195 258 259 291 331
8 40 64 112 160 196 261 292 332
9 41 65 113 161 197 260 261 293 333
8 42 66 114 162 198 263 294 334
9 43 67 115 163 199 262 263 295 335
8 0 54 100 168 188 230 265 344
9 1 55 101 169 189 231 264 265 345
8 2 56 102 170 190 232 267 346
9 3 57 103 171 191 233 266 267 347
8 4 58 104 172 192 234 269 348
9 5 59 105 173 193 235 268 269 349
8 6 60 106 174 194 236 271 350
9 7 61 107 175 195 237 270 271 351
8 8 62 108 132 196 238 273 308
9 9 63 109 133 197 239 272 273 309
8 10 64 110 134 198 240 275 310
9 11 65 111 135 199 241 274 275 311
8 12 66 112 136 200 242 277 312
9 13 67 113 137 201 243 276 277 313
8 14 68 114 138 202 244 279 314
9 15 69 115 139 203 245 278 279 315
8 16 70 116 140 204 246 281 316
9 17 71 117 141 205 247 280 281 317
8 18 72 118 142 206 248 283 318
9 19 73 119 143 207 249 282 283 319
8 20 74 120 144 208 250 285 320
9 21 75 121 145 209 251 284 285 321
8 22 76 122 146 210 252 287 322
9 23 77 123 147 211 253 286 287 323
8 24 78 124 148 212 254 289 324
9 25 79 125 149 213 255 288 289 325
8 26 80 126 150 214 256 291 326
9 27 81 127 151 215 257 290 291 327
8 28 82 128 152 216 258 293 328
9 29 83 129 153 217 259 292 293 329
8 30 84 130 154 218 260 295 330
9 31 85 131 155 219 261 294 295 331
8 32 86 88 156 176 262 297 332
9 33 87 89 157 177 263 296 297 333
8 34 44 90 158 178 220 299 334
9 35 45 91 159 179 221 298 299 335
8 36 46 92 160 180 222 301 336
9 37 47 93 161 181 223 300 301 337
8 38 48 94 162 182 224 303 338
9 39 49 95 163 183 225 302 303 339
8 40 50 96 164 184 226 305 340
9 41 51 97 165 185 227 304 305 341
8 42 52 98 166 186 228 307 342
9 43 53 99 167 187 229 306 307 343
