132 352
8 1 44 88 132 176 220 264 308
9 0 1 45 89 133 177 221 265 309
8 3 46 90 134 178 222 266 310
9 2 3 47 91 135 179 223 267 311
8 5 48 92 136 180 224 268 312
9 4 5 49 93 137 181 225 269 313
8 7 50 94 138 182 226 270 314
9 6 7 51 95 139 183 227 271 315
8 9 52 96 140 184 228 272 316
9 8 9 53 97 141 185 229 273 317
8 11 54 98 142 186 230 274 318
9 10 11 55 99 143 187 231 275 319
8 13 56 100 144 188 232 276 320
9 12 13 57 101 145 189 233 277 321
8 15 58 102 146 190 234 278 322
9 14 15 59 103 147 191 235 279 323
8 17 60 104 148 192 236 280 324
9 16 17 61 105 149 193 237 281 325
8 19 62 106 150 194 238 282 326
9 18 19 63 107 151 195 239 283 327
8 21 64 108 152 196 240 284 328
9 20 21 65 109 153 197 241 285 329
8 23 66 110 154 198 242 286 330
9 22 23 67 111 155 199 243 287 331
8 25 68 112 156 200 244 288 332
9 24 25 69 113 157 201 245 289 333
8 27 70 114 158 202 246 290 334
9 26 27 71 115 159 203 247 291 335
8 29 72 116 160 204 248 292 336
9 28 29 73 117 161 205 249 293 337
8 31 74 118 162 206 250 294 338
9 30 31 75 119 163 207 251 295 339
8 33 76 120 164 208 252 296 340
9 32 33 77 121 165 209 253 297 341
8 35 78 122 166 210 254 298 342
9 34 35 79 123 167 211 255 299 343
8 37 80 124 168 212 256 300 344
9 36 37 81 125 169 213 257 301 345
8 39 82 126 170 214 258 302 346
9 38 39 83 127 171 215 259 303 347
8 41 84 128 172 216 260 304 348
9 40 41 85 129 173 217 261 305 349
8 43 86 130 174 218 262 306 350
9 42 43 87 131 175 219 263 307 351
8 0 87 108 172 192 238 296 344
9 1 86 87 109 173 193 239 297 345
8 2 45 110 174 194 240 298 346
9 3 44 45 111 175 195 241 299 347
8 4 47 112 132 196 242 300 348
9 5 46 47 113 133 197 243 301 349
8 6 49 114 134 198 244 302 350
9 7 48 49 115 135 199 245 303 351
8 8 51 116 136 200 246 304 308
9 9 50 51 117 137 201 247 305 309
8 10 53 118 138 202 248 306 310
9 11 52 53 119 139 203 249 307 311
8 12 55 120 140 204 250 264 312
9 13 54 55 121 141 205 251 265 313
8 14 57 122 142 206 252 266 314
9 15 56 57 123 143 207 253 267 315
8 16 59 124 144 208 254 268 316
9 17 58 59 125 145 209 255 269 317
8 18 61 126 146 210 256 270 318
9 19 60 61 127 147 211 257 271 319
8 20 63 128 148 212 258 272 320
9 21 62 63 129 149 213 259 273 321
8 22 65 130 150 214 260 274 322
9 23 64 65 131 151 215 261 275 323
8 24 67 88 152 216 262 276 324
9 25 66 67 89 153 217 263 277 325
8 26 69 90 154 218 220 278 326
9 27 68 69 91 155 219 221 279 327
8 28 71 92 156 176 222 280 328
9 29 70 71 93 157 177 223 281 329
8 30 73 94 158 178 224 282 330
9 31 72 73 95 159 179 225 283 331
8 32 75 96 160 180 226 284 332
9 33 74 75 97 161 181 227 285 333
8 34 77 98 162 182 228 286 334
9 35 76 77 99 163 183 229 287 335
8 36 79 100 164 184 230 288 336
9 37 78 79 101 165 185 231 289 337
8 38 81 102 166 186 232 290 338
9 39 80 81 103 167 187 233 291 339
8 40 83 104 168 188 234 292 340
9 41 82 83 105 169 189 235 293 341
8 42 85 106 170 190 236 294 342
9 43 84 85 107 171 191 237 295 343
8 0 68 111 152 188 258 274 314
9 1 69 110 111 153 189 259 275 315
8 2 70 113 154 190 260 276 316
9 3 71 112 113 155 191 261 277 317
8 4 72 115 156 192 262 278 318
9 5 73 114 115 157 193 263 279 319
8 6 74 117 158 194 220 280 320
9 7 75 116 117 159 195 221 281 321
8 8 76 119 160 196 222 282 322
9 9 77 118 119 161 197 223 283 323
8 10 78 121 162 198 224 284 324
9 11 79 120 121 163 199 225 285 325
8 12 80 123 164 200 226 286 326
9 13 81 122 123 165 201 227 287 327
8 14 82 125 166 202 228 288 328
9 15 83 124 125 167 203 229 289 329
8 16 84 127 168 204 230 290 330
9 17 85 126 127 169 205 231 291 331
8 18 86 129 170 206 232 292 332
9 19 87 128 129 171 207 233 293 333
8 20 44 131 172 208 234 294 334
9 21 45 130 131 173 209 235 295 335
8 22 46 89 174 210 236 296 336
9 23 47 88 89 175 211 237 297 337
8 24 48 91 132 212 238 298 338
9 25 49 90 91 133 213 239 299 339
8 26 50 93 134 214 240 300 340
9 27 51 92 93 135 215 241 301 341
8 28 52 95 136 216 242 302 342
9 29 53 94 95 137 217 243 303 343
8 30 54 97 138 218 244 304 344
9 31 55 96 97 139 219 245 305 345
8 32 56 99 140 176 246 306 346
9 33 57 98 99 141 177 247 307 347
8 34 58 101 142 178 248 264 348
9 35 59 100 101 143 179 249 265 349
8 36 60 103 144 180 250 266 350
9 37 61 102 103 145 181 251 267 351
8 38 62 105 146 182 252 268 308
9 39 63 104 105 147 183 253 269 309
8 40 64 107 148 184 254 270 310
9 41 65 106 107 149 185 255 271 311
8 42 66 109 150 186 256 272 312
9 43 67 108 109 151 187 257 273 313
