384 144 3 48
0 2 48 1 96 1 0 0 0 0 0 0 0 0 0
1 2 49 1 97 1 0 0 0 0 0 0 0 0 0
2 2 50 1 98 1 0 0 0 0 0 0 0 0 0
3 2 51 1 99 1 0 0 0 0 0 0 0 0 0
4 2 52 1 100 1 0 0 0 0 0 0 0 0 0
5 2 53 1 101 1 0 0 0 0 0 0 0 0 0
6 2 54 1 102 1 0 0 0 0 0 0 0 0 0
7 2 55 1 103 1 0 0 0 0 0 0 0 0 0
8 2 56 1 104 1 0 0 0 0 0 0 0 0 0
9 2 57 1 105 1 0 0 0 0 0 0 0 0 0
10 2 58 1 106 1 0 0 0 0 0 0 0 0 0
11 2 59 1 107 1 0 0 0 0 0 0 0 0 0
12 2 60 1 108 1 0 0 0 0 0 0 0 0 0
13 2 61 1 109 1 0 0 0 0 0 0 0 0 0
14 2 62 1 110 1 0 0 0 0 0 0 0 0 0
15 2 63 1 111 1 0 0 0 0 0 0 0 0 0
16 2 64 1 112 1 0 0 0 0 0 0 0 0 0
17 2 65 1 113 1 0 0 0 0 0 0 0 0 0
18 2 66 1 114 1 0 0 0 0 0 0 0 0 0
19 2 67 1 115 1 0 0 0 0 0 0 0 0 0
20 2 68 1 116 1 0 0 0 0 0 0 0 0 0
21 2 69 1 117 1 0 0 0 0 0 0 0 0 0
22 2 70 1 118 1 0 0 0 0 0 0 0 0 0
23 2 71 1 119 1 0 0 0 0 0 0 0 0 0
24 2 72 1 120 1 0 0 0 0 0 0 0 0 0
25 2 73 1 121 1 0 0 0 0 0 0 0 0 0
26 2 74 1 122 1 0 0 0 0 0 0 0 0 0
27 2 75 1 123 1 0 0 0 0 0 0 0 0 0
28 2 76 1 124 1 0 0 0 0 0 0 0 0 0
29 2 77 1 125 1 0 0 0 0 0 0 0 0 0
30 2 78 1 126 1 0 0 0 0 0 0 0 0 0
31 2 79 1 127 1 0 0 0 0 0 0 0 0 0
32 2 80 1 128 1 0 0 0 0 0 0 0 0 0
33 2 81 1 129 1 0 0 0 0 0 0 0 0 0
34 2 82 1 130 1 0 0 0 0 0 0 0 0 0
35 2 83 1 131 1 0 0 0 0 0 0 0 0 0
36 2 84 1 132 1 0 0 0 0 0 0 0 0 0
37 2 85 1 133 1 0 0 0 0 0 0 0 0 0
38 2 86 1 134 1 0 0 0 0 0 0 0 0 0
39 2 87 1 135 1 0 0 0 0 0 0 0 0 0
40 2 88 1 136 1 0 0 0 0 0 0 0 0 0
41 2 89 1 137 1 0 0 0 0 0 0 0 0 0
42 2 90 1 138 1 0 0 0 0 0 0 0 0 0
43 2 91 1 139 1 0 0 0 0 0 0 0 0 0
44 2 92 1 140 1 0 0 0 0 0 0 0 0 0
45 2 93 1 141 1 0 0 0 0 0 0 0 0 0
46 2 94 1 142 1 0 0 0 0 0 0 0 0 0
47 2 95 1 143 1 0 0 0 0 0 0 0 0 0
0 1 84 2 108 1 0 0 0 0 0 0 0 0 0
1 1 85 2 109 1 0 0 0 0 0 0 0 0 0
2 1 86 2 110 1 0 0 0 0 0 0 0 0 0
3 1 87 2 111 1 0 0 0 0 0 0 0 0 0
4 1 88 2 112 1 0 0 0 0 0 0 0 0 0
5 1 89 2 113 1 0 0 0 0 0 0 0 0 0
6 1 90 2 114 1 0 0 0 0 0 0 0 0 0
7 1 91 2 115 1 0 0 0 0 0 0 0 0 0
8 1 92 2 116 1 0 0 0 0 0 0 0 0 0
9 1 93 2 117 1 0 0 0 0 0 0 0 0 0
10 1 94 2 118 1 0 0 0 0 0 0 0 0 0
11 1 95 2 119 1 0 0 0 0 0 0 0 0 0
12 1 48 2 120 1 0 0 0 0 0 0 0 0 0
13 1 49 2 121 1 0 0 0 0 0 0 0 0 0
14 1 50 2 122 1 0 0 0 0 0 0 0 0 0
15 1 51 2 123 1 0 0 0 0 0 0 0 0 0
16 1 52 2 124 1 0 0 0 0 0 0 0 0 0
17 1 53 2 125 1 0 0 0 0 0 0 0 0 0
18 1 54 2 126 1 0 0 0 0 0 0 0 0 0
19 1 55 2 127 1 0 0 0 0 0 0 0 0 0
20 1 56 2 128 1 0 0 0 0 0 0 0 0 0
21 1 57 2 129 1 0 0 0 0 0 0 0 0 0
22 1 58 2 130 1 0 0 0 0 0 0 0 0 0
23 1 59 2 131 1 0 0 0 0 0 0 0 0 0
24 1 60 2 132 1 0 0 0 0 0 0 0 0 0
25 1 61 2 133 1 0 0 0 0 0 0 0 0 0
26 1 62 2 134 1 0 0 0 0 0 0 0 0 0
27 1 63 2 135 1 0 0 0 0 0 0 0 0 0
28 1 64 2 136 1 0 0 0 0 0 0 0 0 0
29 1 65 2 137 1 0 0 0 0 0 0 0 0 0
30 1 66 2 138 1 0 0 0 0 0 0 0 0 0
31 1 67 2 139 1 0 0 0 0 0 0 0 0 0
32 1 68 2 140 1 0 0 0 0 0 0 0 0 0
33 1 69 2 141 1 0 0 0 0 0 0 0 0 0
34 1 70 2 142 1 0 0 0 0 0 0 0 0 0
35 1 71 2 143 1 0 0 0 0 0 0 0 0 0
36 1 72 2 96 1 0 0 0 0 0 0 0 0 0
37 1 73 2 97 1 0 0 0 0 0 0 0 0 0
38 1 74 2 98 1 0 0 0 0 0 0 0 0 0
39 1 75 2 99 1 0 0 0 0 0 0 0 0 0
40 1 76 2 100 1 0 0 0 0 0 0 0 0 0
41 1 77 2 101 1 0 0 0 0 0 0 0 0 0
42 1 78 2 102 1 0 0 0 0 0 0 0 0 0
43 1 79 2 103 1 0 0 0 0 0 0 0 0 0
44 1 80 2 104 1 0 0 0 0 0 0 0 0 0
45 1 81 2 105 1 0 0 0 0 0 0 0 0 0
46 1 82 2 106 1 0 0 0 0 0 0 0 0 0
47 1 83 2 107 1 0 0 0 0 0 0 0 0 0
0 1 78 1 138 2 0 0 0 0 0 0 0 0 0
1 1 79 1 139 2 0 0 0 0 0 0 0 0 0
2 1 80 1 140 2 0 0 0 0 0 0 0 0 0
3 1 81 1 141 2 0 0 0 0 0 0 0 0 0
4 1 82 1 142 2 0 0 0 0 0 0 0 0 0
5 1 83 1 143 2 0 0 0 0 0 0 0 0 0
6 1 84 1 96 2 0 0 0 0 0 0 0 0 0
7 1 85 1 97 2 0 0 0 0 0 0 0 0 0
8 1 86 1 98 2 0 0 0 0 0 0 0 0 0
9 1 87 1 99 2 0 0 0 0 0 0 0 0 0
10 1 88 1 100 2 0 0 0 0 0 0 0 0 0
11 1 89 1 101 2 0 0 0 0 0 0 0 0 0
12 1 90 1 102 2 0 0 0 0 0 0 0 0 0
13 1 91 1 103 2 0 0 0 0 0 0 0 0 0
14 1 92 1 104 2 0 0 0 0 0 0 0 0 0
15 1 93 1 105 2 0 0 0 0 0 0 0 0 0
16 1 94 1 106 2 0 0 0 0 0 0 0 0 0
17 1 95 1 107 2 0 0 0 0 0 0 0 0 0
18 1 48 1 108 2 0 0 0 0 0 0 0 0 0
19 1 49 1 109 2 0 0 0 0 0 0 0 0 0
20 1 50 1 110 2 0 0 0 0 0 0 0 0 0
21 1 51 1 111 2 0 0 0 0 0 0 0 0 0
22 1 52 1 112 2 0 0 0 0 0 0 0 0 0
23 1 53 1 113 2 0 0 0 0 0 0 0 0 0
24 1 54 1 114 2 0 0 0 0 0 0 0 0 0
25 1 55 1 115 2 0 0 0 0 0 0 0 0 0
26 1 56 1 116 2 0 0 0 0 0 0 0 0 0
27 1 57 1 117 2 0 0 0 0 0 0 0 0 0
28 1 58 1 118 2 0 0 0 0 0 0 0 0 0
29 1 59 1 119 2 0 0 0 0 0 0 0 0 0
30 1 60 1 120 2 0 0 0 0 0 0 0 0 0
31 1 61 1 121 2 0 0 0 0 0 0 0 0 0
32 1 62 1 122 2 0 0 0 0 0 0 0 0 0
33 1 63 1 123 2 0 0 0 0 0 0 0 0 0
34 1 64 1 124 2 0 0 0 0 0 0 0 0 0
35 1 65 1 125 2 0 0 0 0 0 0 0 0 0
36 1 66 1 126 2 0 0 0 0 0 0 0 0 0
37 1 67 1 127 2 0 0 0 0 0 0 0 0 0
38 1 68 1 128 2 0 0 0 0 0 0 0 0 0
39 1 69 1 129 2 0 0 0 0 0 0 0 0 0
40 1 70 1 130 2 0 0 0 0 0 0 0 0 0
41 1 71 1 131 2 0 0 0 0 0 0 0 0 0
42 1 72 1 132 2 0 0 0 0 0 0 0 0 0
43 1 73 1 133 2 0 0 0 0 0 0 0 0 0
44 1 74 1 134 2 0 0 0 0 0 0 0 0 0
45 1 75 1 135 2 0 0 0 0 0 0 0 0 0
46 1 76 1 136 2 0 0 0 0 0 0 0 0 0
47 1 77 1 137 2 0 0 0 0 0 0 0 0 0
0 3 72 3 102 3 1 0 0 2 0 0 3 0 0
1 3 73 3 103 3 4 0 0 8 0 0 12 0 0
2 3 74 3 104 3 16 0 0 32 0 0 48 0 0
3 3 75 3 105 3 64 0 0 128 0 0 192 0 0
4 3 76 3 106 3 256 0 0 512 0 0 768 0 0
5 3 77 3 107 3 1024 0 0 2048 0 0 3072 0 0
6 3 78 3 108 3 4096 0 0 8192 0 0 12288 0 0
7 3 79 3 109 3 16384 0 0 32768 0 0 49152 0 0
8 3 80 3 110 3 65536 0 0 131072 0 0 196608 0 0
9 3 81 3 111 3 262144 0 0 524288 0 0 786432 0 0
10 3 82 3 112 3 1048576 0 0 2097152 0 0 3145728 0 0
11 3 83 3 113 3 4194304 0 0 8388608 0 0 12582912 0 0
12 3 84 3 114 3 16777216 0 0 33554432 0 0 50331648 0 0
13 3 85 3 115 3 67108864 0 0 134217728 0 0 201326592 0 0
14 3 86 3 116 3 268435456 0 0 536870912 0 0 805306368 0 0
15 3 87 3 117 3 1073741824 0 0 2147483648 0 0 3221225472 0 0
16 3 88 3 118 3 4294967296 0 0 8589934592 0 0 12884901888 0 0
17 3 89 3 119 3 17179869184 0 0 34359738368 0 0 51539607552 0 0
18 3 90 3 120 3 68719476736 0 0 137438953472 0 0 206158430208 0 0
19 3 91 3 121 3 274877906944 0 0 549755813888 0 0 824633720832 0 0
20 3 92 3 122 3 1099511627776 0 0 2199023255552 0 0 3298534883328 0 0
21 3 93 3 123 3 4398046511104 0 0 8796093022208 0 0 13194139533312 0 0
22 3 94 3 124 3 17592186044416 0 0 35184372088832 0 0 52776558133248 0 0
23 3 95 3 125 3 70368744177664 0 0 140737488355328 0 0 211106232532992 0 0
24 3 48 3 126 3 281474976710656 0 0 562949953421312 0 0 844424930131968 0 0
25 3 49 3 127 3 1125899906842624 0 0 2251799813685248 0 0 3377699720527872 0 0
26 3 50 3 128 3 4503599627370496 0 0 9007199254740992 0 0 13510798882111488 0 0
27 3 51 3 129 3 18014398509481984 0 0 36028797018963968 0 0 54043195528445952 0 0
28 3 52 3 130 3 72057594037927936 0 0 144115188075855872 0 0 216172782113783808 0 0
29 3 53 3 131 3 288230376151711744 0 0 576460752303423488 0 0 864691128455135232 0 0
30 3 54 3 132 3 1152921504606846976 0 0 2305843009213693952 0 0 3458764513820540928 0 0
31 3 55 3 133 3 4611686018427387904 0 0 9223372036854775808 0 0 13835058055282163712 0 0
32 3 56 3 134 3 0 1 0 0 2 0 0 3 0
33 3 57 3 135 3 0 4 0 0 8 0 0 12 0
34 3 58 3 136 3 0 16 0 0 32 0 0 48 0
35 3 59 3 137 3 0 64 0 0 128 0 0 192 0
36 3 60 3 138 3 0 256 0 0 512 0 0 768 0
37 3 61 3 139 3 0 1024 0 0 2048 0 0 3072 0
38 3 62 3 140 3 0 4096 0 0 8192 0 0 12288 0
39 3 63 3 141 3 0 16384 0 0 32768 0 0 49152 0
40 3 64 3 142 3 0 65536 0 0 131072 0 0 196608 0
41 3 65 3 143 3 0 262144 0 0 524288 0 0 786432 0
42 3 66 3 96 3 0 1048576 0 0 2097152 0 0 3145728 0
43 3 67 3 97 3 0 4194304 0 0 8388608 0 0 12582912 0
44 3 68 3 98 3 0 16777216 0 0 33554432 0 0 50331648 0
45 3 69 3 99 3 0 67108864 0 0 134217728 0 0 201326592 0
46 3 70 3 100 3 0 268435456 0 0 536870912 0 0 805306368 0
47 3 71 3 101 3 0 1073741824 0 0 2147483648 0 0 3221225472 0
0 1 56 1 110 1 4505799455997984 1153766135712194561 144150381039977216 9010498058190896 2306124552943448066 216225571559964928 13511898930806800 3459327601263251459 72075190519988736
1 1 57 1 111 1 18023197823991936 4615064542848778244 576601524159908864 36041992232763584 9224498211773792264 864902286239859712 54047595723227200 13837310405053005836 288300762079954944
2 1 58 1 112 1 72092791295967744 13514097685561360 2306406096639635457 144167968931054336 4504699676065824 3459609144959438850 216190382892908800 9009399083368496 1153203048319819779
3 1 59 1 113 1 288371165183870976 54056390742245440 9225624386558541828 576671875724217344 18018798704263296 13838436579837755400 864761531571635200 36037596333473984 4612812193279279116
4 1 60 1 114 1 1153484660735483905 216225567263949056 9009398815064080 2306687502896869378 72075199112020480 13514098222366752 3459046126286540803 144150376743961344 4504699407564848
5 1 61 1 115 1 4613938642941935620 864902269055796224 36037595260256320 9226750011587477512 288300796448081920 54056392889467008 13836184505146163212 576601506975845376 18018797630259392
6 1 62 1 116 1 9010498058190864 3459609076223184897 144150381041025280 13511898930806816 1153203185792327682 216225571557868032 4505799455998000 2306406027903381507 72075190521037568
7 1 63 1 117 1 36041992232763456 13838436304892739588 576601524164101120 54047595723227264 4612812743169310728 864902286231472128 18023197823992000 9225624111613526028 288300762084150272
8 1 64 1 118 1 144167968931053824 13512998442303504 2306406096656404483 216190382892909056 4506898967691296 3459609144925888513 72092791295968000 9008299035000880 1153203048336601090
9 1 65 1 119 1 576671875724215296 54051993769214016 9225624386625617932 864761531571636224 18027595870765184 13838436579703554052 288371165183872000 36033196140003520 4612812193346404360
10 1 66 1 120 1 2306687502896861186 216207975076856064 9009399083368496 3459046126286544899 72110383483060736 13514097685561360 1153484660735488001 144132784560014080 4504699676065824
11 1 67 1 121 1 9226750011587444744 864831900307424256 36037596333473984 13836184505146179596 288441533932242944 54056390742245440 4613938642941952004 576531138240056320 18018798704263296
12 1 68 1 122 1 13511898930675744 3459327601229697026 144150385333895936 4505799456063536 1153766135728971779 216225562968981760 9010498058256400 2306124552960225281 72075194817053184
13 1 69 1 123 1 54047595722702976 13837310404918788104 576601541335583744 18023197824254144 4615064542915887116 864902251875927040 36041992233025600 9224498211840901124 288300779268212736
14 1 70 1 124 1 216190382890811904 9009398546497568 2306406165342334979 72092791297016576 13514097953996848 3459609007503708161 144167968932102400 4504699944501264 1153203117072850946
15 1 71 1 125 1 864761531563247616 36037594185990272 9225624661369339916 288371165188066304 54056391815987392 13838436030014832644 576671875728409600 18018799778005056 4612812468291403784
16 1 72 1 126 1 3459046126252990465 144150381038928384 9010498058256432 1153484660752265218 216225571558916864 13511898930675728 2306687502913638403 72075190522085632 4505799456063520
17 1 73 1 127 1 13836184505011961860 576601524155713536 36041992233025728 4613938643009060872 864902286235667456 54047595722702912 9226750011654553612 288300762088342528 18023197824254080
18 1 74 1 128 1 4505798919192592 2306406096622854147 144167968932102912 9010498326691872 3459609144942669825 216190382890811648 13511899199111216 1153203048353370114 72092791297016320
19 1 75 1 129 1 18023195676770368 9225624386491416588 576671875728411648 36041993306767488 13838436579770679300 864761531563246592 54047596796444864 4612812193413480456 288371165188065280
20 1 76 1 130 1 72092782707081472 9009398546563120 2306687502913646594 144167973227069952 13514097954062352 3459046126252986371 216190387185779456 4504699944370208 1153484660752261121
21 1 77 1 131 1 288371130828325888 36037594186252480 9226750011654586376 576671892908279808 54056391816249408 13836184505011945484 864761548743117824 18018799777480832 4613938643009044484
22 1 78 1 132 1 1153484523313303553 144150381039977216 13511899199242272 2306687571633119234 216225571559964928 4505798919127088 3459046194972471299 72075190519988736 9010498326626320
23 1 79 1 133 1 4613938093253214212 576601524159908864 54047596796969088 9226750286532476936 864902286239859712 18023195676508352 13836184779889885196 288300762079954944 36041993306505280
24 1 80 1 134 1 9008299303305232 2306406096639635457 216190387187876352 13512998710804512 3459609144959438850 72092782706033408 4506898430885936 1153203048319819779 144167973226021120
25 1 81 1 135 1 36033197213220928 9225624386558541828 864761548751505408 54051994843218048 13838436579837755400 288371130824133632 18027593723543744 4612812193279279116 576671892904084480
26 1 82 1 136 1 144132788852883712 9009398815064080 3459046195006021634 216207979372872192 13514098222366752 1153484523296534531 72110374894174976 4504699407564848 2306687571616337921
27 1 83 1 137 1 576531155411534848 36037595260256320 13836184780024086536 864831917491488768 54056392889467008 4613938093186138124 288441499576699904 18018797630259392 9226750286465351684
28 1 84 1 138 1 2306124621646139394 144150385335992576 4506898967691296 3459327669965955075 216225562967933440 9008299035000880 1153765998306799617 72075194816004864 13512998442303504
29 1 85 1 139 1 9224498486584557576 576601541343970304 18027595870765184 13837310679863820300 864902251871733760 36033196140003520 4615063993227198468 288300779264019456 54051993769214016
30 1 86 1 140 1 4505798919127072 2306406165375881218 72110383483060736 9010498326626352 3459609007486935043 144132784560014080 13511899199242256 1153203117056077825 216207975076856064
31 1 87 1 141 1 18023195676508288 9225624661503524872 288441533932242944 36041993306505408 13838436029947740172 576531138240056320 54047596796969024 4612812468224311300 864831900307424256
32 1 88 1 142 1 72092782706033152 9010498594996256 1153766135728971778 144167973226021632 13511898662305840 2306124552960225283 216190387187876096 4505799187693584 3459327601229697025
33 1 89 1 143 1 288371130824132608 36041994379985024 4615064542915887112 576671892904086528 54047594649223360 9224498211840901132 864761548751504384 18023196750774336 13837310404918788100
34 1 90 1 96 1 1153484523296530435 144167968930005504 13514097953996832 2306687571616346113 216190382891860736 4504699944501296 3459046195006017538 72092791298064640 9009398546497552
35 1 91 1 97 1 4613938093186121740 576671875720022016 54056391815987328 9226750286465384452 864761531567442944 18018799778005184 13836184780024070152 288371165192258560 36037594185990208
36 1 92 1 98 1 9008299034935344 2306687502880088065 216225567263949312 13512998442434576 3459046126269771778 72075199112020736 4506898967625760 1153484660769034243 144150376743960832
37 1 93 1 99 1 36033196139741376 9226750011520352260 864902269055797248 54051993769738304 13836184505079087112 288300796448082944 18027595870503040 4613938643076136972 576601506975843328
38 1 94 1 100 1 144132784558965504 13511898662305808 3459609076223188994 216207975078953216 4505799187693600 1153203185792331779 72110383482012160 9010498594996272 2306406027903373313
39 1 95 1 101 1 576531138235862016 54047594649223232 13838436304892755976 864831900315812864 18023196750774400 4612812743169327116 288441533928048640 36041994379985088 9225624111613493252
40 1 48 1 102 1 2306124552943448065 216190387186827520 13512998442369056 3459327601263251458 72092782708130304 4506898967756848 1153766135712194563 144167973224973056 9008299034869776
41 1 49 1 103 1 9224498211773792260 864761548747310080 54051993769476224 13837310405053005832 288371130832521216 18027595871027392 4615064542848778252 576671892899892224 36033196139479104
42 1 50 1 104 1 4504699676065808 3459046194989240322 216207975077904896 9009399083368480 1153484523330084867 72110383484109568 13514097685561392 2306687571599568897 144132784557916416
43 1 51 1 105 1 18018798704263232 13836184779956961288 864831900311619584 36037596333473920 4613938093320339468 288441533936438272 54056390742245568 9226750286398275588 576531138231665664
44 1 52 1 106 1 72075194817052928 4506898699190304 3459327601246478339 144150385333895680 9008299571806256 1153766135745753089 216225562968982272 13512998173999120 2306124552926662658
45 1 53 1 107 1 288300779268211712 18027594796761216 13837310404985913356 576601541335582720 36033198287225024 4615064542983012356 864902251875929088 54051992695996480 9224498211706650632
46 1 54 1 108 1 1153203117072846850 72110383482012160 9009398814998576 2306406165342330883 144132784558965504 13514098222497808 3459609007503716353 216207975078953216 4504699407499296
47 1 55 1 109 1 4612812468291387400 288441533928048640 36037595259994304 9225624661369323532 576531138235862016 54056392889991232 13838436030014865412 864831900315812864 18018797629997184
0 1 82 1 114 1 1153203117022511104 216190382892908544 1099780259856 2306406165325545472 72092791295967232 2199560192032 3459609007470149632 144167968931053568 3299340320816
1 1 83 1 115 1 4612812468090044416 864761531571634176 4399121039424 9225624661302181888 288371165183868928 8798240768128 13838436029880598528 576671875724214272 13197361283264
2 1 84 1 116 1 4505798650626048 3459046126286536705 17596484157696 9010497789624320 1153484660735475714 35192963072512 13511898393739264 2306687502896857091 52789445133056
3 1 85 1 117 1 18023194602504192 13836184505146146820 70385936630784 36041991158497280 4613938642941902856 140771852290048 54047593574957056 9226750011587428364 211157780532224
4 1 86 1 118 1 72092778410016768 4505799455932432 281543746523139 144167964633989120 9010498058059808 563087409160193 216190374299828224 13511898930610224 844631122128898
5 1 87 1 119 1 288371113640067072 18023197823729728 1126174986092556 576671858535956480 36041992232239232 2252349636640772 864761497199312896 54047595722440896 3378524488515592
6 1 88 1 120 1 1153484454560268291 72092778410017024 4504699944370224 2306687434143825921 144167964633989632 9009398546563088 3459045988797251586 216190374299828992 13514097954062368
7 1 89 1 121 1 4613937818241073164 288371113640068096 18018799777480896 9226749736575303684 576671858535958528 36037594186252352 13836183955189006344 864761497199315968 54056391816249472
8 1 90 1 122 1 9007199254741040 1153484454560272385 72075199109923584 13510798882111504 2306687434143834114 144150376745009408 4503599627370528 3459045988797263875 216225567264997888
9 1 91 1 123 1 36028797018964160 4613937818241089540 288300796439694336 54043195528446016 9226749736575336456 576601506980037632 18014398509482112 13836183955189055500 864902269059991552
10 1 92 1 124 1 144115188075856640 9007199254806544 1153203185758777345 216172782113784064 13510798882242592 2306406027920150530 72057594037928448 4503599627567152 3459609076239966211
11 1 93 1 125 1 576460752303426560 36028797019226176 4612812743035109380 864691128455136256 54043195528970368 9225624111680602120 288230376151713792 18014398510268608 13838436304959864844
12 1 94 1 126 1 2305843009213706240 144115192371872000 4506898430885904 3458764513820545024 216172790705816064 9008299303305248 1152921504606855168 72057606925976320 13512998710804528
13 1 95 1 127 1 9223372036854824960 576460769487488000 18027593723543616 13835058055282180096 864691162823264256 36033197213220992 4611686018427420672 288230427703905280 54051994843218112
14 1 48 1 128 1 196608 2305843077949952002 72110374894174464 65536 3458764651293057027 144132788852883968 131072 1152921710815621121 216207979372872448
15 1 49 1 129 1 786432 9223372311799808008 288441499576697856 262144 13835058605172228108 576531155411535872 524288 4611686843262484484 864831917491489792
16 1 50 1 130 1 3145728 1099780128800 1153765998306791426 1048576 2199560257584 2306124621646143491 2097152 3299340386320 3459327669965959169
17 1 51 1 131 1 12582912 4399120515200 4615063993227165704 4194304 8798241030336 9224498486584573964 8388608 13197361545280 13837310679863836676
18 1 52 1 132 1 50331649 17596482060800 13511899199111200 16777218 35192964121344 4505798919192624 33554435 52789446181120 9010498326691856
19 1 53 1 133 1 201326596 70385928243200 54047596796444800 67108872 140771856485376 18023195676770496 134217740 211157784724480 36041993306767424
20 1 54 1 134 1 805306384 281543712972800 216190387185779200 268435488 563087425941504 72092782707081984 536870960 844631138897920 144167973227069696
21 1 55 1 135 1 3221225536 1126174851891200 864761548743116800 1073741952 2252349703766016 288371130828327936 2147483840 3378524555591680 576671892908278784
22 1 56 1 136 1 12884902144 4504699407564800 3459046194972467200 4294967808 9009398815064064 1153484523313311744 8589935360 13514098222366720 2306687571633115136
23 1 57 1 137 1 51539608576 18018797630259200 13836184779889868800 17179871232 36037595260256256 4613938093253246976 34359741440 54056392889466880 9226750286532460544
24 1 58 1 138 1 206158434305 72075199110971392 4506898430820352 68719484930 144150376746057728 9008299303436288 137438965763 216225567262900224 13512998710738944
25 1 59 1 139 1 824633737220 288300796443885568 18027593723281408 274877939720 576601506984230912 36033197213745152 549755863052 864902269051600896 54051994842955776
26 1 60 1 140 1 3298534948880 1153203185775542272 72110374893125632 1099511758880 2306406027936923648 144132788854980608 2199023452208 3459609076206403584 216207979371823104
27 1 61 1 141 1 13194139795520 4612812743102169088 288441499572502528 4398047035520 9225624111747694592 576531155419922432 8796093808832 13838436304825614336 864831917487292416
28 1 62 1 142 1 52776559182080 4506898699124736 1153765998290010113 17592188142080 9008299571675136 2306124621679689730 35184375235328 13512998173802496 3459327669949169667
29 1 63 1 143 1 211106236728320 18027594796498944 4615063993160040452 70368752568320 36033198286700544 9224498486718758920 140737500941312 54051992695209984 13837310679796678668
30 1 64 1 96 1 844424946913282 72110374891028480 13511898930610192 281475010273283 144132788851834880 4505799455932448 562950003765249 216207979370774528 9010498058059824
31 1 65 1 97 1 3377699787653128 288441499564113920 54047595722440768 1125900041093132 576531155407339520 18023197823729792 2251800015060996 864831917483098112 36041992232239296
32 1 66 1 98 1 13510799150612512 1153765998256455680 216190382889763072 4503600164372528 2306124621629358080 72092791294919168 9007200060243984 3459327669932392448 144167968928957184
33 1 67 1 99 1 54043196602450048 4615063993025822720 864761531559052288 18014400657490112 9224498486517432320 288371165179676672 36028800240975936 13837310679729569792 576671875715828736
34 1 68 1 100 1 216172786409800192 13511898393739264 3459046126236209153 72057602629960448 4505798650626048 1153484660718706690 144115200963903744 9010497789624320 2306687502863314947
35 1 69 1 101 1 864691145639200768 54047593574957056 13836184504944836612 288230410519841792 18023194602504192 4613938642874826760 576460803855614976 36041991158497280 9226750011453259788
36 1 70 1 102 1 3458764582556803072 216190387184730112 4505798650691600 1152921642079367168 72092782704984064 9010497789755424 2305843215422459904 144167973223923712 13511898393935920
37 1 71 1 103 1 13835058330227212288 864761548738920448 18023194602766400 4611686568317468672 288371130819936256 36041991159021696 9223372861689839616 576671892895694848 54047593575743680
38 1 72 1 104 1 1099780194304 3459046194955681795 72092778411065600 2199560323072 1153484523279745025 144167964636086784 3299340255232 2306687571582779394 216190374302974720
39 1 73 1 105 1 4399120777216 13836184779822727180 288371113644262400 8798241292288 4613938093118980100 576671858544347136 13197361020928 9226750286331117576 864761497211898880
40 1 74 1 106 1 17596483108864 4506898162253872 1153484454577049603 35192965169152 9008298766368784 2306687434177388545 52789444083712 13512997905367072 3459045988847595522
41 1 75 1 107 1 70385932435456 18027592649015488 4613937818308198412 140771860676608 36033195065475136 9226749736709554180 211157776334848 54051991621468288 13836183955390382088
42 1 76 1 108 1 281543729741824 72110374891029248 9007199523242032 563087442706432 144132788851835136 13510799419113488 844631105339392 216207979370775040 4503600432873504
43 1 77 1 109 1 1126174918967296 288441499564116992 36028798092968128 2252349770825728 576531155407340544 54043197676453952 3378524421357568 864831917483100160 18014401731494016
44 1 78 1 110 1 4504699675869184 1153765998256467968 144115192371872512 9009399083302912 2306124621629362176 216172790705815808 13514097685430272 3459327669932400640 72057606925976064
45 1 79 1 111 1 18018798703476736 4615063993025871872 576460769487490048 36037596333211648 9224498486517448704 864691162823263232 54056390741721088 13837310679729602560 288230427703904256
46 1 80 1 112 1 72075194813906944 13511898393935872 2305843077949960193 144150385332846592 4505798650691584 3458764651293052930 216225562966884352 9010497789755392 1152921710815617027
47 1 81 1 113 1 288300779255627776 54047593575743488 9223372311799840772 576601541331386368 18023194602766336 13835058605172211720 864902251867537408 36041991159021568 4611686843262468108
0 1 90 1 100 1 2306687640319045635 72057598334992384 2199023255552 3459046057550286849 144115196668936192 3298534883328 1153484592049561602 216172794999734272 1099511627776
1 1 91 1 101 1 9226750561276182540 288230393339969536 8796093022208 13836184230201147396 576460786675744768 13194139533312 4613938368198246408 864691179998937088 4398046511104
2 1 92 1 102 1 13514097685626928 1152921573359878146 35184372088832 4504699675934736 2305843146702979075 52776558133248 9009399083434016 3458764719995748353 17592186044416
3 1 93 1 103 1 54056390742507712 4611686293439512584 140737488355328 18018798703738944 9223372586811916300 211106232532992 36037596333736064 13835058879982993412 70368744177664
4 1 94 1 104 1 216225562970030848 1100048498720 562949953421313 72075194814955776 2199828561968 844424930131970 144150385334944256 3298803318800 281474976710659
5 1 95 1 105 1 864902251880123392 4400193994880 2251799813685252 288300779259823104 8799314247872 3377699720527880 576601541339777024 13195213275200 1125899906842636
6 1 48 1 106 1 3459609007520493570 17592186044928 9007199254741008 1153203117039292419 35184372089600 13510798882111520 2306406165359108097 52776558133504 4503599627370544
7 1 49 1 107 1 13838436030081974280 70368744179712 36028797018964032 4612812468157169676 140737488358400 54043195528446080 9225624661436432388 211106232534016 18014398509482176
8 1 50 1 108 1 13511899199242272 281474976718851 144115188075856128 4505798919127088 562949953433601 216172782113784320 9010498326626320 844424930136066 72057594037928704
9 1 51 1 109 1 54047596796969088 1125899906875404 576460752303424512 18023195676508352 2251799813734404 864691128455137280 36041993306505280 3377699720544264 288230376151714816
10 1 52 1 110 1 216190387187876352 4503599627501616 2305843009213698048 72092782706033408 9007199254937616 3458764513820549120 144167973226021120 13510798882177056 1152921504606859264
11 1 53 1 111 1 864761548751505408 18014398510006464 9223372036854792192 288371130824133632 36028797019750464 13835058055282196480 576671892904084480 54043195528708224 4611686018427437056
12 1 54 1 112 1 3459046195006021632 72057602629960448 65536 1153484523296534528 144115200963903744 131072 2306687571616337920 216172786409800192 196608
13 1 55 1 113 1 13836184780024086528 288230410519841792 262144 4613938093186138112 576460803855614976 524288 9226750286465351680 864691145639200768 786432
14 1 56 1 114 1 4506898967691264 1152921642079367171 1048576 9008299035000832 2305843215422459905 2097152 13512998442303488 3458764582556803074 3145728
15 1 57 1 115 1 18027595870765056 4611686568317468684 4194304 36033196140003328 9223372861689839620 8388608 54051993769213952 13835058330227212296 12582912
16 1 58 1 116 1 72110383483060224 2199560323120 16777217 144132784560013312 3299340255248 33554434 216207975076855808 1099780194336 50331651
17 1 59 1 117 1 288441533932240896 8798241292480 67108868 576531138240053248 13197361020992 134217736 864831900307423232 4399120777344 201326604
18 1 60 1 118 1 1153766135728963586 35184375235328 268435472 2306124552960212995 52776559182080 536870944 3459327601229692929 17592188142080 805306416
19 1 61 1 119 1 4615064542915854344 140737500941312 1073741888 9224498211840851980 211106236728320 2147483776 13837310404918771716 70368752568320 3221225664
20 1 62 1 120 1 13514097953865760 562950003765249 4294967552 4504699944304688 844424946913282 8589935104 9009398546432016 281475010273283 12884902656
21 1 63 1 121 1 54056391815463040 2251800015060996 17179870208 18018799777218752 3377699787653128 34359740416 36037594185728064 1125900041093132 51539610624
22 1 64 1 122 1 216225567261852160 9007200060243984 68719480832 72075199108875008 13510799150612512 137438961664 144150376742912256 4503600164372528 206158442496
23 1 65 1 123 1 864902269047408640 36028800240975936 274877923328 288300796435500032 54043196602450048 549755846656 576601506971649024 18014400657490112 824633769984
24 1 66 1 124 1 3459609076189634563 144115188079001856 1099511693312 1153203185742000129 216172782114832896 2199023386624 2306406027886596098 72057594040025856 3298535079936
25 1 67 1 125 1 13838436304758538252 576460752316007424 4398046773248 4612812742968000516 864691128459331584 8796093546496 9225624111546384392 288230376160103424 13194140319744
26 1 68 1 126 1 13512997905498160 2305843009264029699 17592187092992 4506898162450448 3458764513837326337 35184374185984 9008298766434336 1152921504640413698 52776561278976
27 1 69 1 127 1 54051991621992640 9223372037056118796 70368748371968 18027592649801792 13835058055349305348 140737496743936 36033195065737344 4611686018561654792 211106245115904
28 1 70 1 128 1 216207966487970560 805371952 281474993487874 72110370599207168 268566544 562949986975747 144132780262949376 537067552 844424980463617
29 1 71 1 129 1 864831865951882240 3221487808 1125899973951496 288441482396828672 1074266176 2251799947902988 576531121051797504 2148270208 3377699921854468
30 1 72 1 130 1 3459327463807528963 1049344 4503599895805984 1153765929587314689 2097408 9007199791611952 2306124484207190018 3146240 13510799687417872
31 1 73 1 131 1 13837309855230115852 4197376 18014399583223936 4615063718349258756 8389632 36028799166447808 9224497936828760072 12584960 54043198749671488
32 1 74 1 132 1 9007199791808560 16789507 72057598332895744 13510799687483408 33558529 144115196665791232 4503599895937056 50339842 216172794998685952
33 1 75 1 133 1 36028799167234240 67158028 288230393331582976 54043198749933632 134234116 576460786663164928 18014399583748224 201359368 864691179994743808
34 1 76 1 134 1 144115196668936960 268632112 1152921573326331904 216172794999734528 536936464 2305843146652659712 72057598334992896 805437472 3458764719978975232
35 1 77 1 135 1 576460786675747840 1074528448 4611686293305327616 864691179998938112 2147745856 9223372586610638848 288230393339971584 3221749888 13835058879915900928
36 1 78 1 136 1 2305843146702991361 4298113792 1099511758848 3458764719995752450 8590983424 2199023452160 1152921573359886339 12886999552 3298534948864
37 1 79 1 137 1 9223372586811965444 17192455168 4398047035392 13835058879983009800 34363933696 8796093808640 4611686293439545356 51547998208 13194139795456
38 1 80 1 138 1 2199828758544 68769820674 17592188141568 3298803384352 137455734787 35184375234560 1100048629808 206191992833 52776559181824
39 1 81 1 139 1 8799315034176 275079282696 70368752566272 13195213537408 549822939148 140737500938240 4400194519232 824767971332 211106236727296
40 1 82 1 140 1 35197260136704 1100317130784 281475010265088 52780854149632 2199291756592 562950003752960 17600778076928 3299071885328 844424946909184
41 1 83 1 141 1 140789040546816 4401268523136 1125900041060352 211123416598528 8797167026368 2251800015011840 70403112307712 13196287541312 3377699787636736
42 1 84 1 142 1 563156162187267 17592189190656 4503600164241408 844493666394113 35184373138176 9007200060047360 281612449230850 52776560230656 13510799150546944
43 1 85 1 143 1 2252624648749068 70368756762624 18014400656965632 3377974665576452 140737492552704 36028800240189440 1126449796923400 211106240922624 54043196602187776
44 1 86 1 96 1 9010498594996272 281475027050496 72057602627862528 13511898662305808 562949970210816 144115200960757760 4505799187693600 844424963690496 216172786408751104
45 1 87 1 97 1 36041994379985088 1125900108201984 288230410511450112 54047594649223232 2251799880843264 576460803843031040 18023196750774400 3377699854761984 864691145635004416
46 1 88 1 98 1 144167977519940352 4503600432807936 1152921642045800448 216190378596892928 9007199523373056 2305843215372124160 72092787003097600 13510799419047936 3458764582540017664
47 1 89 1 99 1 576671910079761408 18014401731231744 4611686568183201792 864761514387571712 36028798093492224 9223372861488496640 288371148012390400 54043197676191744 13835058330160070656
0 2 54 2 120 2 0 4294967296 0 0 8589934592 0 0 12884901888 0
1 2 55 2 121 2 0 17179869184 0 0 34359738368 0 0 51539607552 0
2 2 56 2 122 2 0 68719476736 0 0 137438953472 0 0 206158430208 0
3 2 57 2 123 2 0 274877906944 0 0 549755813888 0 0 824633720832 0
4 2 58 2 124 2 0 1099511627776 0 0 2199023255552 0 0 3298534883328 0
5 2 59 2 125 2 0 4398046511104 0 0 8796093022208 0 0 13194139533312 0
6 2 60 2 126 2 0 17592186044416 0 0 35184372088832 0 0 52776558133248 0
7 2 61 2 127 2 0 70368744177664 0 0 140737488355328 0 0 211106232532992 0
8 2 62 2 128 2 0 281474976710656 0 0 562949953421312 0 0 844424930131968 0
9 2 63 2 129 2 0 1125899906842624 0 0 2251799813685248 0 0 3377699720527872 0
10 2 64 2 130 2 0 4503599627370496 0 0 9007199254740992 0 0 13510798882111488 0
11 2 65 2 131 2 0 18014398509481984 0 0 36028797018963968 0 0 54043195528445952 0
12 2 66 2 132 2 0 72057594037927936 0 0 144115188075855872 0 0 216172782113783808 0
13 2 67 2 133 2 0 288230376151711744 0 0 576460752303423488 0 0 864691128455135232 0
14 2 68 2 134 2 0 1152921504606846976 0 0 2305843009213693952 0 0 3458764513820540928 0
15 2 69 2 135 2 0 4611686018427387904 0 0 9223372036854775808 0 0 13835058055282163712 0
16 2 70 2 136 2 0 0 1 0 0 2 0 0 3
17 2 71 2 137 2 0 0 4 0 0 8 0 0 12
18 2 72 2 138 2 0 0 16 0 0 32 0 0 48
19 2 73 2 139 2 0 0 64 0 0 128 0 0 192
20 2 74 2 140 2 0 0 256 0 0 512 0 0 768
21 2 75 2 141 2 0 0 1024 0 0 2048 0 0 3072
22 2 76 2 142 2 0 0 4096 0 0 8192 0 0 12288
23 2 77 2 143 2 0 0 16384 0 0 32768 0 0 49152
24 2 78 2 96 2 0 0 65536 0 0 131072 0 0 196608
25 2 79 2 97 2 0 0 262144 0 0 524288 0 0 786432
26 2 80 2 98 2 0 0 1048576 0 0 2097152 0 0 3145728
27 2 81 2 99 2 0 0 4194304 0 0 8388608 0 0 12582912
28 2 82 2 100 2 0 0 16777216 0 0 33554432 0 0 50331648
29 2 83 2 101 2 0 0 67108864 0 0 134217728 0 0 201326592
30 2 84 2 102 2 0 0 268435456 0 0 536870912 0 0 805306368
31 2 85 2 103 2 0 0 1073741824 0 0 2147483648 0 0 3221225472
32 2 86 2 104 2 0 0 4294967296 0 0 8589934592 0 0 12884901888
33 2 87 2 105 2 0 0 17179869184 0 0 34359738368 0 0 51539607552
34 2 88 2 106 2 0 0 68719476736 0 0 137438953472 0 0 206158430208
35 2 89 2 107 2 0 0 274877906944 0 0 549755813888 0 0 824633720832
36 2 90 2 108 2 0 0 1099511627776 0 0 2199023255552 0 0 3298534883328
37 2 91 2 109 2 0 0 4398046511104 0 0 8796093022208 0 0 13194139533312
38 2 92 2 110 2 0 0 17592186044416 0 0 35184372088832 0 0 52776558133248
39 2 93 2 111 2 0 0 70368744177664 0 0 140737488355328 0 0 211106232532992
40 2 94 2 112 2 0 0 281474976710656 0 0 562949953421312 0 0 844424930131968
41 2 95 2 113 2 0 0 1125899906842624 0 0 2251799813685248 0 0 3377699720527872
42 2 48 2 114 2 0 0 4503599627370496 0 0 9007199254740992 0 0 13510798882111488
43 2 49 2 115 2 0 0 18014398509481984 0 0 36028797018963968 0 0 54043195528445952
44 2 50 2 116 2 0 0 72057594037927936 0 0 144115188075855872 0 0 216172782113783808
45 2 51 2 117 2 0 0 288230376151711744 0 0 576460752303423488 0 0 864691128455135232
46 2 52 2 118 2 0 0 1152921504606846976 0 0 2305843009213693952 0 0 3458764513820540928
47 2 53 2 119 2 0 0 4611686018427387904 0 0 9223372036854775808 0 0 13835058055282163712
