384 144 192 48
0 1 48 1 96 1
1 1 49 1 97 1
2 1 50 1 98 1
3 1 51 1 99 1
4 1 52 1 100 1
5 1 53 1 101 1
6 1 54 1 102 1
7 1 55 1 103 1
8 1 56 1 104 1
9 1 57 1 105 1
10 1 58 1 106 1
11 1 59 1 107 1
12 1 60 1 108 1
13 1 61 1 109 1
14 1 62 1 110 1
15 1 63 1 111 1
16 1 64 1 112 1
17 1 65 1 113 1
18 1 66 1 114 1
19 1 67 1 115 1
20 1 68 1 116 1
21 1 69 1 117 1
22 1 70 1 118 1
23 1 71 1 119 1
24 1 72 1 120 1
25 1 73 1 121 1
26 1 74 1 122 1
27 1 75 1 123 1
28 1 76 1 124 1
29 1 77 1 125 1
30 1 78 1 126 1
31 1 79 1 127 1
32 1 80 1 128 1
33 1 81 1 129 1
34 1 82 1 130 1
35 1 83 1 131 1
36 1 84 1 132 1
37 1 85 1 133 1
38 1 86 1 134 1
39 1 87 1 135 1
40 1 88 1 136 1
41 1 89 1 137 1
42 1 90 1 138 1
43 1 91 1 139 1
44 1 92 1 140 1
45 1 93 1 141 1
46 1 94 1 142 1
47 1 95 1 143 1
1 1 53 1 124 1
2 1 54 1 125 1
3 1 55 1 126 1
4 1 56 1 127 1
5 1 57 1 128 1
6 1 58 1 129 1
7 1 59 1 130 1
8 1 60 1 131 1
9 1 61 1 132 1
10 1 62 1 133 1
11 1 63 1 134 1
12 1 64 1 135 1
13 1 65 1 136 1
14 1 66 1 137 1
15 1 67 1 138 1
16 1 68 1 139 1
17 1 69 1 140 1
18 1 70 1 141 1
19 1 71 1 142 1
20 1 72 1 143 1
21 1 73 1 96 1
22 1 74 1 97 1
23 1 75 1 98 1
24 1 76 1 99 1
25 1 77 1 100 1
26 1 78 1 101 1
27 1 79 1 102 1
28 1 80 1 103 1
29 1 81 1 104 1
30 1 82 1 105 1
31 1 83 1 106 1
32 1 84 1 107 1
33 1 85 1 108 1
34 1 86 1 109 1
35 1 87 1 110 1
36 1 88 1 111 1
37 1 89 1 112 1
38 1 90 1 113 1
39 1 91 1 114 1
40 1 92 1 115 1
41 1 93 1 116 1
42 1 94 1 117 1
43 1 95 1 118 1
44 1 48 1 119 1
45 1 49 1 120 1
46 1 50 1 121 1
47 1 51 1 122 1
0 1 52 1 123 1
1 1 77 1 120 1
2 1 78 1 121 1
3 1 79 1 122 1
4 1 80 1 123 1
5 1 81 1 124 1
6 1 82 1 125 1
7 1 83 1 126 1
8 1 84 1 127 1
9 1 85 1 128 1
10 1 86 1 129 1
11 1 87 1 130 1
12 1 88 1 131 1
13 1 89 1 132 1
14 1 90 1 133 1
15 1 91 1 134 1
16 1 92 1 135 1
17 1 93 1 136 1
18 1 94 1 137 1
19 1 95 1 138 1
20 1 48 1 139 1
21 1 49 1 140 1
22 1 50 1 141 1
23 1 51 1 142 1
24 1 52 1 143 1
25 1 53 1 96 1
26 1 54 1 97 1
27 1 55 1 98 1
28 1 56 1 99 1
29 1 57 1 100 1
30 1 58 1 101 1
31 1 59 1 102 1
32 1 60 1 103 1
33 1 61 1 104 1
34 1 62 1 105 1
35 1 63 1 106 1
36 1 64 1 107 1
37 1 65 1 108 1
38 1 66 1 109 1
39 1 67 1 110 1
40 1 68 1 111 1
41 1 69 1 112 1
42 1 70 1 113 1
43 1 71 1 114 1
44 1 72 1 115 1
45 1 73 1 116 1
46 1 74 1 117 1
47 1 75 1 118 1
0 1 76 1 119 1
10 1 53 1 121 1
11 1 54 1 122 1
12 1 55 1 123 1
13 1 56 1 124 1
14 1 57 1 125 1
15 1 58 1 126 1
16 1 59 1 127 1
17 1 60 1 128 1
18 1 61 1 129 1
19 1 62 1 130 1
20 1 63 1 131 1
21 1 64 1 132 1
22 1 65 1 133 1
23 1 66 1 134 1
24 1 67 1 135 1
25 1 68 1 136 1
26 1 69 1 137 1
27 1 70 1 138 1
28 1 71 1 139 1
29 1 72 1 140 1
30 1 73 1 141 1
31 1 74 1 142 1
32 1 75 1 143 1
33 1 76 1 96 1
34 1 77 1 97 1
35 1 78 1 98 1
36 1 79 1 99 1
37 1 80 1 100 1
38 1 81 1 101 1
39 1 82 1 102 1
40 1 83 1 103 1
41 1 84 1 104 1
42 1 85 1 105 1
43 1 86 1 106 1
44 1 87 1 107 1
45 1 88 1 108 1
46 1 89 1 109 1
47 1 90 1 110 1
0 1 91 1 111 1
1 1 92 1 112 1
2 1 93 1 113 1
3 1 94 1 114 1
4 1 95 1 115 1
5 1 48 1 116 1
6 1 49 1 117 1
7 1 50 1 118 1
8 1 51 1 119 1
9 1 52 1 120 1
0 2 62 1 124 1
1 2 63 1 125 1
2 2 64 1 126 1
3 2 65 1 127 1
4 2 66 1 128 1
5 2 67 1 129 1
6 2 68 1 130 1
7 2 69 1 131 1
8 2 70 1 132 1
9 2 71 1 133 1
10 2 72 1 134 1
11 2 73 1 135 1
12 2 74 1 136 1
13 2 75 1 137 1
14 2 76 1 138 1
15 2 77 1 139 1
16 2 78 1 140 1
17 2 79 1 141 1
18 2 80 1 142 1
19 2 81 1 143 1
20 2 82 1 96 1
21 2 83 1 97 1
22 2 84 1 98 1
23 2 85 1 99 1
24 2 86 1 100 1
25 2 87 1 101 1
26 2 88 1 102 1
27 2 89 1 103 1
28 2 90 1 104 1
29 2 91 1 105 1
30 2 92 1 106 1
31 2 93 1 107 1
32 2 94 1 108 1
33 2 95 1 109 1
34 2 48 1 110 1
35 2 49 1 111 1
36 2 50 1 112 1
37 2 51 1 113 1
38 2 52 1 114 1
39 2 53 1 115 1
40 2 54 1 116 1
41 2 55 1 117 1
42 2 56 1 118 1
43 2 57 1 119 1
44 2 58 1 120 1
45 2 59 1 121 1
46 2 60 1 122 1
47 2 61 1 123 1
10 1 48 2 120 1
11 1 49 2 121 1
12 1 50 2 122 1
13 1 51 2 123 1
14 1 52 2 124 1
15 1 53 2 125 1
16 1 54 2 126 1
17 1 55 2 127 1
18 1 56 2 128 1
19 1 57 2 129 1
20 1 58 2 130 1
21 1 59 2 131 1
22 1 60 2 132 1
23 1 61 2 133 1
24 1 62 2 134 1
25 1 63 2 135 1
26 1 64 2 136 1
27 1 65 2 137 1
28 1 66 2 138 1
29 1 67 2 139 1
30 1 68 2 140 1
31 1 69 2 141 1
32 1 70 2 142 1
33 1 71 2 143 1
34 1 72 2 96 1
35 1 73 2 97 1
36 1 74 2 98 1
37 1 75 2 99 1
38 1 76 2 100 1
39 1 77 2 101 1
40 1 78 2 102 1
41 1 79 2 103 1
42 1 80 2 104 1
43 1 81 2 105 1
44 1 82 2 106 1
45 1 83 2 107 1
46 1 84 2 108 1
47 1 85 2 109 1
0 1 86 2 110 1
1 1 87 2 111 1
2 1 88 2 112 1
3 1 89 2 113 1
4 1 90 2 114 1
5 1 91 2 115 1
6 1 92 2 116 1
7 1 93 2 117 1
8 1 94 2 118 1
9 1 95 2 119 1
35 1 62 1 96 2
36 1 63 1 97 2
37 1 64 1 98 2
38 1 65 1 99 2
39 1 66 1 100 2
40 1 67 1 101 2
41 1 68 1 102 2
42 1 69 1 103 2
43 1 70 1 104 2
44 1 71 1 105 2
45 1 72 1 106 2
46 1 73 1 107 2
47 1 74 1 108 2
0 1 75 1 109 2
1 1 76 1 110 2
2 1 77 1 111 2
3 1 78 1 112 2
4 1 79 1 113 2
5 1 80 1 114 2
6 1 81 1 115 2
7 1 82 1 116 2
8 1 83 1 117 2
9 1 84 1 118 2
10 1 85 1 119 2
11 1 86 1 120 2
12 1 87 1 121 2
13 1 88 1 122 2
14 1 89 1 123 2
15 1 90 1 124 2
16 1 91 1 125 2
17 1 92 1 126 2
18 1 93 1 127 2
19 1 94 1 128 2
20 1 95 1 129 2
21 1 48 1 130 2
22 1 49 1 131 2
23 1 50 1 132 2
24 1 51 1 133 2
25 1 52 1 134 2
26 1 53 1 135 2
27 1 54 1 136 2
28 1 55 1 137 2
29 1 56 1 138 2
30 1 57 1 139 2
31 1 58 1 140 2
32 1 59 1 141 2
33 1 60 1 142 2
34 1 61 1 143 2
35 1 77 1 121 1
36 1 78 1 122 1
37 1 79 1 123 1
38 1 80 1 124 1
39 1 81 1 125 1
40 1 82 1 126 1
41 1 83 1 127 1
42 1 84 1 128 1
43 1 85 1 129 1
44 1 86 1 130 1
45 1 87 1 131 1
46 1 88 1 132 1
47 1 89 1 133 1
0 1 90 1 134 1
1 1 91 1 135 1
2 1 92 1 136 1
3 1 93 1 137 1
4 1 94 1 138 1
5 1 95 1 139 1
6 1 48 1 140 1
7 1 49 1 141 1
8 1 50 1 142 1
9 1 51 1 143 1
10 1 52 1 96 1
11 1 53 1 97 1
12 1 54 1 98 1
13 1 55 1 99 1
14 1 56 1 100 1
15 1 57 1 101 1
16 1 58 1 102 1
17 1 59 1 103 1
18 1 60 1 104 1
19 1 61 1 105 1
20 1 62 1 106 1
21 1 63 1 107 1
22 1 64 1 108 1
23 1 65 1 109 1
24 1 66 1 110 1
25 1 67 1 111 1
26 1 68 1 112 1
27 1 69 1 113 1
28 1 70 1 114 1
29 1 71 1 115 1
30 1 72 1 116 1
31 1 73 1 117 1
32 1 74 1 118 1
33 1 75 1 119 1
34 1 76 1 120 1
0 0 0
0 0 0
0 0 0
0 0 0
0 0 0
0 0 0
0 0 0
0 0 0
0 0 0
0 0 0
0 0 0
0 0 0
0 0 0
0 0 0
0 0 0
0 0 0
0 0 0
0 0 0
0 0 0
0 0 0
0 0 0
0 0 0
0 0 0
0 0 0
0 0 0
0 0 0
0 0 0
0 0 0
0 0 0
0 0 0
0 0 0
0 0 0
0 0 0
0 0 0
0 0 0
0 0 0
0 0 0
0 0 0
0 0 0
0 0 0
0 0 0
0 0 0
0 0 0
0 0 0
0 0 0
0 0 0
0 0 0
0 0 0
0 0 0
0 0 0
0 0 0
0 0 0
0 0 0
0 0 0
0 0 0
0 0 0
0 0 0
0 0 0
0 0 0
0 0 0
0 0 0
0 0 0
0 0 0
0 0 0
0 0 0
0 0 0
0 0 0
0 0 0
0 0 0
0 0 0
0 0 0
0 0 0
0 0 0
0 0 0
0 0 0
0 0 0
0 0 0
0 0 0
0 0 0
0 0 0
0 0 0
0 0 0
0 0 0
0 0 0
0 0 0
0 0 0
0 0 0
0 0 0
0 0 0
0 0 0
0 0 0
0 0 0
0 0 0
0 0 0
0 0 0
0 0 0
0 0 0
0 0 0
0 0 0
0 0 0
0 0 0
0 0 0
0 0 0
0 0 0
0 0 0
0 0 0
0 0 0
0 0 0
0 0 0
0 0 0
0 0 0
0 0 0
0 0 0
0 0 0
0 0 0
0 0 0
0 0 0
0 0 0
0 0 0
0 0 0
0 0 0
0 0 0
0 0 0
0 0 0
0 0 0
0 0 0
0 0 0
0 0 0
0 0 0
0 0 0
0 0 0
0 0 0
0 0 0
0 0 0
0 0 0
0 0 0
0 0 0
0 0 0
0 0 0
0 0 0
0 0 0
0 0 0
0 0 0
0 0 0
18295874560983040 6989591019725783056 68721573888
18295890667110465 4503737066602496 106721416577024
18253611073 6994094756791861264 106652695003136
36591749121966080 13979182039451566112 137443147776
36591781334220930 9007474133204992 213442833154048
36507222146 13988189513583722528 213305390006272
73183498243932160 9511620005193580608 274886295553
73183562668441860 18014948266409984 426885666308096
73014444292 9529634953457893440 426610780012545
146366996487864320 576495936677609600 549772591107
146367125336883720 36029896532819968 853771332616192
146028888584 612525833206235264 853221560025091
292733992975728640 1152991873355219200 1099545182214
292734250673767440 72059793065639936 1707542665232384
292057777168 1225051666412470528 1706443120050182
585467985951457280 2305983746710438400 2199090364428
585468501347534880 144119586131279872 3415085330464768
584115554336 2450103332824941056 3412886240100364
1170935971902914560 4611967493420876800 4398180728856
1170937002695069760 288239172262559744 6830170660929536
1168231108672 4900206665649882112 6825772480200728
2341871943805829120 9223934986841753600 8796361457712
2341874005390139520 576478344525119488 13660341321859072
2336462217344 9800413331299764224 13651544960401456
4683743887611658240 1125899973955584 17592722915425
4683748010780279040 1152956689050238976 27320682643718144
4672924434688 1154082588889976832 27303089920802913
9367487775223316480 2251799947911168 35185445830850
9367496021560558080 2305913378100477952 54641365287436288
9345848869376 2308165177779953664 54606179841605826
288231476737081344 4503599895822337 70370891661700
288247969411564544 4611826756200955905 109282730574872576
18691697738752 4616330355559907328 109212359683211652
576462953474162688 9007199791644674 140741783323400
576495938823129088 9223653512401911810 218565461149745152
37383395477504 9232660711119814656 218424719366423304
1152925906948325376 18014399583289348 281483566646800
1152991877646258176 562951094272004 437130922299490305
74766790955008 18577348530077696 436849438732846609
2305851813896650752 36028799166578696 562967133293600
2305983755292516352 1125902188544008 874261844598980610
149533581910016 37154697060155392 873698877465693218
4611985102770012160 72057594038190096 1125934266587200
4611967510585032705 2251800082120720 1748523689197961220
17592187109377 74309394120310784 1747397754931386436
9223970205540024320 144115188076380192 2251868533174400
9223935021170065410 4503600164241440 3497047378395922440
35184374218754 148618788240621568 3494795509862772872
1196337370497024 288230376152760385 4503737066348800
1125968630579204 9007200328482881 6994094756791844880
70368748437508 297237576481243136 6989591019725545744
2392674740994048 576460752305520770 9007474132697600
2251937261158408 18014400656965762 13988189513583689760
140737496875016 594475152962486272 13979182039451091488
4503874505277441 1152921508906008836 18014948265329664
4785349499027472 36028797018964228 9529634953457893440
281474993750033 1188950305924972544 9511620005192631360
9007749010554882 2305843022106984968 36029896530593792
9570698998054944 72057594037928456 612525833206300800
562949987500066 2377900616144912384 576495936675711104
18015498021109764 4611686044213969936 72059793061187584
19141397996109888 144115188075856912 1225051666412601600
1125899975000132 4755801232289824768 1152991873351422208
36030996042219528 9223372088427939872 144119586122375168
38282795992219776 288230376151713824 2450103332825203200
2251799950000264 9511602464579649536 2305983746702844416
72061992084439056 103146328128 288239172244750337
76565591984439552 576460752303427648 4900206665650406400
4503599900000528 576460855449747456 4611967493405688833
144123984168878112 206292656256 576478344489500674
153131183968879104 1152921504606855296 9800413331300812800
9007199800001056 1152921710899494912 9223934986811377666
288247968337756224 416880279808 1152956688978935812
306262367937758208 2305843009213710592 1154082588892139520
18014399600002112 2305843426093957120 1125899913203716
576495936675512448 833760559616 2305913377957871624
612524735875516416 4611686018427421184 2308165177784279040
36028799200004224 4611686852187914240 2251799826407432
1152991873351024896 1667521119232 4611826755915743248
1225049471751032832 9223372036854842368 4616330355568558080
72057598400008448 9223373704375828480 4503599652814864
2305983746702049792 3335042238464 9223653511831486496
2450098943502065664 133120 9232660711137116161
144115196800016896 3335042105344 9007199305629729
4611967493404099585 6665789509632 562949953486912
4899916412027420673 4295233536 18577348564680706
288511868576744448 6670084210688 18014398611193922
9223934986808199170 13331579019264 1125899906973824
9799832824054841346 8590467072 37154697129361412
577023737153488896 13340168421376 36028797222387844
1125899906846724 26663158038529 2251799813947648
1152921574400131076 17180934145 74309394258722824
1154047474306977792 26680336842752 72057594444775688
2251799813693448 53326316077058 4503599627895296
2305843148800262152 34361868290 148618788517445648
2308094948613955584 53360673685504 144115188889551376
4503599627386896 106652632154116 9007199255790592
4611686297600524304 68723736580 297237577034891296
4616189897227911168 106721347371008 288230377779102752
9007199254773792 213305264308232 18014398511581184
9223372595201048608 137447473160 594475154069782592
9232379794455822336 213442694742016 576460755558205504
18014398509547584 426610528616464 36028797023162368
1116692545600 274894946321 1188950308139565184
18015515202093056 426885389484033 1152921511116411008
36028797019095168 853221057232928 72057594046324736
2233385091200 549789892642 2377900616279130368
36031030404186112 853770778968066 2305843022232822016
72057594038190336 1706442114465856 144115188092649472
4466770182400 1099579785284 4755801232558260736
72062060808372224 1707541557936132 4611686044465644032
144115188076380672 3412884228931712 288230376185298944
8933540364800 2199159570568 9511602465116521472
144124121616744448 3415083115872264 9223372088931288064
288230376152761344 6825772752830720 576460752370532352
17867080729600 4398319141136 576460856523556864
288248243233488896 6830170526711824 104153024512
576460752305522688 13651545505661440 1152921504741064704
35734161459200 8796638282272 1152921713047113728
576496486466977792 13660341053423648 208306049024
1152921504611045376 27303091011322880 2305843009482129408
71468322918400 17593276564544 2305843426094227456
1152992972933955584 27320682106847296 416612098048
2305843009222090752 54606182022645760 4611686018964258816
142936645836800 35186553129088 4611686852188454912
2305985945867911168 54641364213694592 833224196096
4611967493420892160 109212359750324224 9223372037928517632
285873291673601 70368811290880 9223373704376909824
4611690416759111681 109282728427389184 1666448392192
9223934986841784320 218424719500648448 2147549184
571746583347202 140741917549056 3335044268032
9223380833518223362 218565461149745664 3332896718848
1125899974017024 436849439001296897 4295098368
1143493166694404 281483835098112 6670088536064
17593326895108 437130922299491329 6665793437696
2251799948034048 873698878002593794 8590196736
2286986333388808 562967670196224 13340177072128
35186653790216 874261844598982658 13331586875392
4503599896068096 1747397756005187588 17180393472
4573972666777616 1125935340392448 26680354144256
70373307580432 1748523689197965316 26663173750784
9007199792136192 3494795512010375176 34360786944
9147945333555232 2251870680784896 53360708288512
140746615160864 3497047378395930632 53326347501568
18295873487306752 6989727359184158737 1152921508901814272
18296974072676417 281474993504256 1153028163677196288
1100585369665 6990008834144075793 106654775382016
36591746974613504 13979454718368317474 2305843017803628544
36593948145352834 562949987008512 2306056327354392576
2201170739330 13980017668288151586 213309550764032
73183493949227008 9512165363027083332 4611686035607257089
73187896290705668 1125899974017024 4612112654708785152
4402341478660 9513291262866751556 426619101528065
146366987898454016 577586652344615048 9223372071214514179
146375792581411336 2251799948034048 9224225309417570304
8804682957320 579838452023951496 853238203056131
292733975796908032 1155173304689230096 68719542278
292751585162822672 4503604191035392 1706545125588992
17609365914640 1159676908342870288 1706476406046726
585467951593816064 2310346609378460192 137439084556
585503170325645344 9007208382070784 3413090251177984
35218731829280 2319353816685740576 3412952812093452
1170935903187632128 4620693218756920384 274878169112
1171006340651290688 18014416764141568 6826180502355968
70437463658560 4638707633371481152 6825905624186904
2341871806375264256 9241386437513840768 549756338224
2342012681302581376 36028833528283136 13652361004711936
140874927317120 9277415266742962304 13651811248373808
4684025087727239168 36028797023162624 1099512676449
4684025362605162753 72057662761598976 27304722009423872
274877923585 108086459776372992 27303622496747617
9368050175454478336 72057594046325248 2199025352898
9368050725210325506 144115325523197952 54609444018847744
549755847170 216172919552745984 54607244993495234
289356277199405056 144115188092650497 4398050705796
289357376711099396 288230651046395905 109218888037695488
1099511694340 432345839105491968 109214489986990468
578712554398810112 288230376185300994 8796101411592
578714753422198792 576461302092791810 218437776075390976
2199023388680 864691678210983936 218428979973980936
1157425108797620224 576460752370601988 17592202823184
1157429506844397584 1152922604185583620 436875552150781952
4398046777360 1729383356421967872 436857959947961872
2314850217595240448 1152921504741203976 35184405646368
2314859013688795168 2305845208371167240 873751104301563904
8796093554720 3458766712843935744 873715919895923744
4629700435190480896 2305843009482407952 70368811292736
4629718027377590336 4611690416742334480 1747502208603127808
17592187109440 6917533425687871488 1747431839791847488
9259400870380961792 4611686018964815904 140737622585472
9259436054755180672 9223380833484668960 3495004417206255616
35184374218880 13835066851375742976 3494863679583694976
72057667052371968 9223372037929631809 281475245170944
72128035800809728 17593259786305 6990008834412511233
70368748437760 9223389629041934336 6989727359167389953
144115334104743936 2149712002 562950490341889
144256071601619456 35186519572610 13980017668825022466
140737496875520 35184374317056 13979454718334779907
288512143186198528 4299424004 1125900980618242
288512143203238913 70368744177924 9513291263940558852
17040385 70373043601408 9512165362960008198
577024286372397056 12893815304 2251801961170948
577024286406477826 140737488355848 579838454171631624
34080770 140750382170112 577586652210464780
1154048572744794112 25787630608 4503603922341896
1154048572812955652 281474976711696 1159676908343263248
68161540 281500764340224 1155173304420929560
2308097145489588224 51575261216 9007207844683792
2308097145625911304 562949953423392 2319353816686526496
136323080 563001528680448 2310346608841859120
4616194290979176448 103150522432 18014415689367584
4616194291251822608 1125899906846784 4638707633373052992
272646160 1126003057360896 4620693217683718240
9232388581958352896 206301044864 36028831378735168
9232388582503645216 2251799813693568 9277415266746105984
545292320 2252006114721792 9241386435367436480
18033090207154176 416897057025 72057662757404800
18033091297738816 4503599627387137 108086459782725888
1090584640 4504016524410880 36028797025321344
36066180414308352 833794114050 144115325514809600
36066182595477632 9007199254774274 216172919565451776
2181169280 9008033048821760 72057594050642688
72132360828616704 1667588228100 288230651029619200
72132365190955264 18014398509548548 432345839130903552
4362338560 18016066097643520 144115188101285376
144264721657233408 3335176456200 576461302059238400
144264730381910528 36028797019097096 864691678261807104
8724677120 36032132195287040 288230376202570752
288529443314466817 6666057945104 1152922604118476800
288247985787110401 72057594038194192 1729383356523614208
281492426064896 72064260095606784 576460752405141504
577058886628933634 13332115890208 2305845208236953600
576495971574220802 144115188076388384 3458766713047228416
562984852129792 144128520191213568 1152921504810283008
1154117773257867268 26664231780416 4611690416473907200
1152991943148441604 288230376152776768 6917533426094456832
1125969704259584 288257040382427136 2305843009620566016
2308235546515734536 53328463560832 9223380832947814400
2305983886296883208 576460752305553536 13835066852188913664
2251939408519168 576514080764854272 4611686019241132032
4616471093031469073 106652632154368 17592186142720
4611686297617055761 1152921508906074368 9223389630668275712
4785353793748992 1153028161529708544 9223372038482198528
9232942186062938146 213309559276032 35184372219904
9223372595234111522 2305843017812148736 35187627065344
9570707587497984 2306056327354384384 3254845440
19140298416324676 426619118552065 70368744439808
1116758671428 4611686035624297473 70375254130688
19141415174995968 4612112654708768768 6509690880
38280596832649352 853238237104130 140737488879616
2233517342856 9223372071248594946 140750508261376
38282830349991936 9224225309417537536 13019381760
76561193665298704 1706476474208260 281474977759232
4467034685712 68787638276 281501016522753
76565660699983872 1706545125523456 26038763521
153122387330597408 3412952948416520 562949955518464
8934069371424 137575276552 563002033045506
153131321399967744 3413090251046912 52077527042
306244774661194816 6825905896833040 1125899911036928
17868138742848 275150553104 1126004066091012
306262642799935488 6826180502093824 104155054084
612489549322389632 13651811793666080 2251799822073856
35736277485696 550301106208 2252008132182024
612525285599870976 13652361004187648 208310108168
1224979098644779264 27303623587332160 4503599644147712
71472554971392 1100602212416 4504016264364048
1225050571199741952 27304722008375296 416620216336
2449958197289558528 54607247174664320 9007199288295424
142945109942784 2201204424832 9008032528728096
2450101142399483904 54609444016750592 833240432672
4900197869555827712 109214490054361344 18014398576590848
285890219885569 4398113882368 18016065057456192
4899920809822257153 109218888033501184 1666480865344
9800395739111655424 218428980108722688 36028797153181696
571780439771138 8796227764736 36032130114912384
9799841619644514306 218437776067002368 3332961730688
1154047404513759232 436857960217445377 72057594306363392
1143560879542276 17592455529472 72064260229824768
1152939165579476996 436875552134004737 6665923461376
2308094809027518464 873715920434890754 144115188612726784
2287121759084552 35184911058944 144128520459649536
2305878331158953992 873751104268009474 13331846922752
4616189618055036928 1747431840869781508 288230377225453568
4574243518169104 70369822117888 288257040919299072
4611756662317907984 1747502208536018948 26663693845504
9232379236110073856 3494863681739563016 576460754450907136
9148487036338208 140739644235776 576514081838598144
9223513324635815968 3495004417072037896 53327387691008
1099512741888 16 0
1048576 16777217 0
1099511693312 16777233 0
2199025483776 32 0
2097152 33554434 0
2199023386624 33554466 0
4398050967552 64 0
4194304 67108868 0
4398046773248 67108932 0
8796101935104 128 0
8388608 134217736 0
8796093546496 134217864 0
17592203870208 256 0
16777216 268435472 0
17592187092992 268435728 0
35184407740416 512 0
33554432 536870944 0
35184374185984 536871456 0
70368815480832 1024 0
67108864 1073741888 0
70368748371968 1073742912 0
140737630961664 2048 0
134217728 2147483776 0
140737496743936 2147485824 0
285212673 4096 0
281475245146112 256 0
281474993487873 4352 0
570425346 8192 0
562950490292224 512 0
562949986975746 8704 0
1140850692 16384 0
1125900980584448 1024 0
1125899973951492 17408 0
2281701384 32768 0
2251801961168896 2048 0
2251799947902984 34816 0
4563402768 65536 0
4503603922337792 4096 0
4503599895805968 69632 0
9126805536 131072 0
9007207844675584 8192 0
9007199791611936 139264 0
18253611072 262144 0
18014415689351168 16384 0
18014399583223872 278528 0
36507222144 524288 0
36028831378702336 32768 0
36028799166447744 557056 0
73014444288 1048576 0
72057662757404672 65536 0
72057598332895488 1114112 0
146028888576 2097152 0
144115325514809344 131072 0
144115196665790976 2228224 0
292057777152 4194304 0
288230651029618688 262144 0
288230393331581952 4456448 0
584115554304 8388608 0
576461302059237376 524288 0
576460786663163904 8912896 0
1168231108608 16777216 0
1152922604118474752 1048576 0
1152921573326327808 17825792 0
2336462217216 33554432 0
2305845208236949504 2097152 0
2305843146652655616 35651584 0
4672924434432 67108864 0
4611690416473899008 4194304 0
4611686293305311232 71303168 0
9345848868864 134217728 0
9223380832947798016 8388608 0
9223372586610622464 142606336 0
18691697737728 268435456 0
17592186044416 16777217 0
1099511693312 285212673 0
37383395475456 536870912 0
35184372088832 33554434 0
2199023386624 570425346 0
74766790950912 1073741824 0
70368744177664 67108868 0
4398046773248 1140850692 0
149533581901824 2147483648 0
140737488355328 134217736 0
8796093546496 2281701384 0
299067163803649 0 0
1 268435472 0
299067163803648 268435472 0
598134327607298 0 0
2 536870944 0
598134327607296 536870944 0
1196268655214596 0 0
4 1073741888 0
1196268655214592 1073741888 0
2392537310429192 0 0
8 2147483776 0
2392537310429184 2147483776 0
4503599644147729 0 0
281474976710672 256 0
4785074620858369 256 0
9007199288295458 0 0
562949953421344 512 0
9570149241716738 512 0
18014398576590916 0 0
1125899906842688 1024 0
19140298483433476 1024 0
36028797153181832 0 0
2251799813685376 2048 0
38280596966866952 2048 0
72057594306363664 0 0
4503599627370752 4096 0
76561193933733904 4096 0
144115188612727328 0 0
9007199254741504 8192 0
153122387867467808 8192 0
288230377225454656 0 0
18014398509483008 16384 0
306244775734935616 16384 0
576460754450909312 0 0
36028797018966016 32768 0
612489551469871232 32768 0
1152921508901818624 0 0
72057594037932032 65536 0
1224979102939742464 65536 0
2305843017803637248 0 0
144115188075864064 131072 0
2449958205879484928 131072 0
4611686035607274496 0 0
288230376151728128 262144 0
4899916411758969856 262144 0
9223372071214548992 0 0
576460752303456256 524288 0
9799832823517939712 524288 0
68719546368 1 0
1152921504606912512 1048576 0
1152921573326327808 1048577 0
137439092736 2 0
2305843009213825024 2097152 0
2305843146652655616 2097154 0
274878185472 4 0
4611686018427650048 4194304 0
4611686293305311232 4194308 0
549756370944 8 0
9223372036855300096 8388608 0
9223372586610622464 8388616 0
0 0 0
0 0 0
0 0 0
0 0 0
0 0 0
0 0 0
0 0 0
0 0 0
0 0 0
0 0 0
0 0 0
0 0 0
0 0 0
0 0 0
0 0 0
0 0 0
0 0 0
0 0 0
0 0 0
0 0 0
0 0 0
0 0 0
0 0 0
0 0 0
0 0 0
0 0 0
0 0 0
0 0 0
0 0 0
0 0 0
0 0 0
0 0 0
0 0 0
0 0 0
0 0 0
0 0 0
0 0 0
0 0 0
0 0 0
0 0 0
0 0 0
0 0 0
0 0 0
0 0 0
0 0 0
0 0 0
0 0 0
0 0 0
0 0 0
0 0 0
0 0 0
0 0 0
0 0 0
0 0 0
0 0 0
0 0 0
0 0 0
0 0 0
0 0 0
0 0 0
0 0 0
0 0 0
0 0 0
0 0 0
0 0 0
0 0 0
0 0 0
0 0 0
0 0 0
0 0 0
0 0 0
0 0 0
0 0 0
0 0 0
0 0 0
0 0 0
0 0 0
0 0 0
0 0 0
0 0 0
0 0 0
0 0 0
0 0 0
0 0 0
0 0 0
0 0 0
0 0 0
0 0 0
0 0 0
0 0 0
0 0 0
0 0 0
0 0 0
0 0 0
0 0 0
0 0 0
0 0 0
0 0 0
0 0 0
0 0 0
0 0 0
0 0 0
0 0 0
0 0 0
0 0 0
0 0 0
0 0 0
0 0 0
0 0 0
0 0 0
0 0 0
0 0 0
0 0 0
0 0 0
0 0 0
0 0 0
0 0 0
0 0 0
0 0 0
0 0 0
0 0 0
0 0 0
0 0 0
0 0 0
0 0 0
0 0 0
0 0 0
0 0 0
0 0 0
0 0 0
0 0 0
0 0 0
0 0 0
0 0 0
0 0 0
0 0 0
0 0 0
0 0 0
0 0 0
0 0 0
0 0 0
0 0 0
0 0 0
0 0 0
0 0 0
0 0 0
0 0 0
0 0 0
0 0 0
0 0 0
0 0 0
0 0 0
0 0 0
0 0 0
0 0 0
0 0 0
0 0 0
0 0 0
0 0 0
0 0 0
0 0 0
0 0 0
0 0 0
0 0 0
0 0 0
0 0 0
0 0 0
0 0 0
0 0 0
0 0 0
0 0 0
0 0 0
0 0 0
0 0 0
0 0 0
0 0 0
0 0 0
0 0 0
0 0 0
0 0 0
0 0 0
0 0 0
0 0 0
0 0 0
0 0 0
0 0 0
0 0 0
0 0 0
0 0 0
0 0 0
0 0 0
0 0 0
0 0 0
0 0 0
0 0 0
0 0 0
0 0 0
0 0 0
0 0 0
0 0 0
0 0 0
0 0 0
0 0 0
0 0 0
0 0 0
0 0 0
0 0 0
0 0 0
0 0 0
0 0 0
0 0 0
0 0 0
0 0 0
0 0 0
0 0 0
0 0 0
0 0 0
0 0 0
0 0 0
0 0 0
0 0 0
0 0 0
0 0 0
0 0 0
0 0 0
0 0 0
0 0 0
0 0 0
0 0 0
0 0 0
0 0 0
0 0 0
0 0 0
0 0 0
0 0 0
0 0 0
0 0 0
0 0 0
0 0 0
0 0 0
0 0 0
0 0 0
0 0 0
0 0 0
0 0 0
0 0 0
0 0 0
0 0 0
0 0 0
0 0 0
0 0 0
0 0 0
0 0 0
0 0 0
0 0 0
0 0 0
0 0 0
0 0 0
0 0 0
0 0 0
0 0 0
0 0 0
0 0 0
0 0 0
0 0 0
0 0 0
0 0 0
0 0 0
0 0 0
0 0 0
0 0 0
0 0 0
0 0 0
0 0 0
0 0 0
0 0 0
0 0 0
0 0 0
0 0 0
0 0 0
0 0 0
0 0 0
0 0 0
0 0 0
0 0 0
0 0 0
0 0 0
0 0 0
1100586418176 426610528632849 1224979098646872320
1117766352896 137439215617 1152921511118508288
17179934720 426747967324176 72057600547491840
2201172836352 853221057265698 2449958197293744640
2235532705792 274878431234 2305843022237016576
34359869440 853495934648352 144115201094983680
4402345672704 1706442114531396 4899916394587489280
4471065411584 549756862468 4611686044474033152
68719738880 1706991869296704 288230402189967360
8804691345408 3412884229062792 9799832789174978560
8942130823168 1099513724936 9223372088948066304
137439477760 3413983738593408 576460804379934720
17609382690816 6825768458125584 1152921504640471040
17884261646336 2203322417168 104186580992
274878955520 6827971772154112 1152921608759803904
35218765381632 13651536916251168 2305843009280942080
35768523292672 4406644834336 208373161984
549757911040 13655943544308224 2305843217519607808
70437530763264 27303073832502336 4611686018561884160
71537046585344 8813289668672 416746323968
1099515822080 27311887088616448 4611686435039215616
140875061526528 54606147665004672 9223372037123768320
143074093170688 17626579337344 833492647936
2199031644160 54623774177232896 9223372870078431232
281750123053057 109212295330009344 537985024
4673209630721 35257453641984 1666985230336
285873039998976 109247544059498496 1666447376384
563500246106114 218424590660018688 1075970048
9346419261442 70514907283968 3333970460672
571746079997952 218495088118996992 3332894752768
1127000492212228 436849181320037376 2151940096
18692838522884 141029814567936 6667940921344
1143492159995904 436990176237993984 6665789505536
2254000984424456 873698362640074752 4303880192
37385677045768 282059629135872 13335881842688
2286984319991808 873980352475987968 13331579011072
4508001968848912 1747396725280149504 8607760384
74771354091536 564119258271744 26671763685376
4573968639983616 1747960704951975936 26663158022144
9016003937697824 3494793450560299008 17215520768
149542708183072 1128238516543488 53343527370752
9147937279967232 3495921409903951872 53326316044288
18313482852106304 6989586896825630720 34431041536
299085416366145 2256472738119680 106687054741504
18014399583223809 6991842819807903744 106652632088576
36626965704212608 13979173793651261440 68862083072
598170832732290 4512945476239360 213374109483008
36028799166447618 13983685639615807488 213305264177152
73253931408425216 9511603513592971264 137724166145
1196341665464580 9025890952478720 426748218966016
72057598332895236 9520627205522063360 426610528354305
146507862816850432 576462953476390912 275448332291
2392683330929160 18051781904957440 853496437932032
144115196665790472 594510337334575104 853221056708611
293015725633700865 1152925902657814528 550896664582
4503891685147665 36103563809914880 1706992875864064
288511868308291600 1189020670374182912 1706442113417222
586031451267401730 2305851805315629056 1101793329164
9007783370295330 72207127619829760 3413985751728128
577023736616583200 2378041340748365824 3412884226834444
1172062902534803460 4611703610631258112 2203586658328
18015566740590660 144414255239659520 6827971503456256
1154047473233166400 4756082681496731648 6825768453668888
2344125805069606920 9223407221262516224 4407173316656
36031133481181320 288828510479319040 13655943006912512
2308094946466332800 9512165362993463296 13651536907337776
4688251610139213840 70368815480832 8814346633313
72062266962362640 577657020958638080 27311886013825024
4616189892932665600 577586652277374976 27303073814675553
9376503220278427680 140737630961664 17628693266626
144124533924725280 1155314041917276160 54623772027650048
9232379785865331200 1155173304554749952 54606147629351106
306262366847303744 281475261923329 35257386533252
288249067849450560 2310628083834552320 109247544055300096
18015498021110784 2310346609109499905 109212295258702212
612524733694607488 562950523846658 70514773066504
576498135698901120 4621256167669104640 218495088110600192
36030996042221568 4620693218218999810 218424590517404424
1225049467389214976 1125901047693316 141029546133008
1152996271397802240 9242512335338209280 436990176221200384
72061992084443136 9241386436437999620 436849181034808848
2450098934778429952 2251802095386632 282059092266016
2305992542795604480 38280596966866944 873980352442400769
144123984168886272 36028799166447624 873698362069617697
4900197869556859905 4503599895805968 564118184532032
4611703610614498305 76561193933733888 1747960704884801538
288529443314483200 72057594037927952 1747396724139235394
9800395739113719810 9007199791611936 1128236369064064
9223407221228996610 153122387867467776 3495921409769603076
577058886628966400 144115188075855904 3494793448278470788
1154047404517888004 18014399583223873 2256472738128128
70368748441604 306244775734935553 6991842819539206152
1154117773257932800 288230376151711808 6989586896556941576
2308094809035776008 36028799166447746 4512945476256256
140737496883208 612489551469871106 13983685639078412304
2308235546515865600 576460752303423616 13979173793113883152
4616471093048262672 72057598332895492 9025890952446976
281474993766417 1224979098644774916 9520627204447338528
4616189618055020545 1152921508901814528 9511603512518214688
9232942186096525344 144115200960758280 18051781904828416
562949987532834 2449958197289549832 594510335185190976
9232379236110041090 2305843022098596352 576462951326877760
19140298483499072 288230401921516561 36103563809656832
1125899975065668 4899916394579099664 1189020670370381952
18014398510530564 4611686044197192705 1152925902653755520
38280596966998144 576460803843033122 72207127619313664
2251799950131336 9799832789158199328 2378041340740763904
36028797021061128 9223372088394385410 2305851805307511040
76561193933996288 1152921607686066244 144414255238627328
4503599900262672 1152921504606847040 4756082681481527809
72057594042122256 103079219204 4611703610615022081
153122387867992576 2305843215372132488 288828510477254656
9007199800525344 2305843009213694080 9512165362963055618
144115188084244512 206158438408 9223407221230044162
306244775735985152 4611686435039232272 577657020954443776
18014399601050688 4611686018427388160 577586652216625156
288230376168489024 416611844112 70368750536708
612489551471970304 9223372870078464544 1155314041908887552
36028799202101376 9223372036854776320 1155173304433250312
576460752336978048 833223688224 140737501073416
1224979102943940608 1666447377472 2310628083817775105
72057598404202752 1024 2310346608866500625
1152921504673956096 1666447376448 281475002146832
2449958205887881216 3332894754944 4621256167635550210
144115196808405504 2048 4620693217733001250
2305843009347912192 3332894752896 562950004293664
4899916411775762432 6665789509888 9242512335271100420
288230393616811008 4096 9241386435466002500
4611686018695824384 6665789505792 1125900008587328
9799832823551524864 13331579019776 38280596832714760
576460787233622016 4294975488 36028797222453384
9223372037391648768 13335873978880 2251800017109120
1152921573393498112 26663158039553 76561193665429520
1152921574467244032 8589950976 72057594444906768
1073745920 26671747957761 4503600034218240
2305843146786996224 53326316079106 153122387330859040
2305843148934488064 17179901952 144115188889813536
2147491840 53343495915522 9007200068436480
4611686293573992448 106652632158212 306244774661718080
4611686297868976128 34359803904 288230377779627072
4294983680 106686991831044 18014400136872960
9223372587147984896 213305264316424 612489549323436160
9223372595737952256 68719607808 576460755559254144
8589967360 213373983662088 36028800273745920
0 281474976710656 72057667052372224
0 4785074604081152 68719476992
0 4503599627370496 72057598332895232
0 562949953421312 144115334104744448
0 9570149208162304 137438953984
0 9007199254740992 144115196665790464
0 1125899906842624 288230668209488896
0 19140298416324608 274877907968
0 18014398509481984 288230393331580928
0 2251799813685248 576461336418977792
0 38280596832649216 549755815936
0 36028797018963968 576460786663161856
0 4503599627370496 1152922672837955584
0 76561193665298432 1099511631872
0 72057594037927936 1152921573326323712
0 9007199254740992 2305845345675911168
0 153122387330596864 2199023263744
0 144115188075855872 2305843146652647424
0 18014398509481984 4611690691351822336
0 306244774661193728 4398046527488
0 288230376151711744 4611686293305294848
0 36028797018963968 9223381382703644672
0 612489549322387456 8796093054976
0 576460752303423488 9223372586610589696
0 72057598332895232 18691697737728
0 1224979102939742208 17592186044416
0 1152921504606846976 1099511693312
0 144115196665790464 37383395475456
0 2449958205879484416 35184372088832
0 2305843009213693952 2199023386624
0 288230393331580928 74766790950912
0 4899916411758968832 70368744177664
0 4611686018427387904 4398046773248
0 576460786663161856 149533581901824
0 9799832823517937664 140737488355328
0 9223372036854775808 8796093546496
0 1152921573326323712 299067163803648
0 1152921573326323712 281474976710657
0 0 17592187092993
0 2305843146652647424 598134327607296
0 2305843146652647424 562949953421314
0 0 35184374185986
0 4611686293305294848 1196268655214592
0 4611686293305294848 1125899906842628
0 0 70368748371972
0 9223372586610589696 2392537310429184
0 9223372586610589696 2251799813685256
0 0 140737496743944
0 1099511627776 4785074620858369
0 1099511627776 4503599627370513
0 0 281474993487888
0 2199023255552 9570149241716738
0 2199023255552 9007199254741026
0 0 562949986975776
0 4398046511104 19140298483433476
0 4398046511104 18014398509482052
0 0 1125899973951552
0 8796093022208 38280596966866952
0 8796093022208 36028797018964104
0 0 2251799947903104
0 17592186044416 76561193933733904
0 17592186044416 72057594037928208
0 0 4503599895806208
0 35184372088832 153122387867467808
0 35184372088832 144115188075856416
0 0 9007199791612416
0 70368744177664 306244775734935616
0 70368744177664 288230376151712832
0 0 18014399583224832
0 140737488355328 612489551469871232
0 140737488355328 576460752303425664
0 0 36028799166449664
0 281474976710656 1224979102939742464
0 281474976710656 1152921504606851328
0 0 72057598332899328
0 562949953421312 2449958205879484928
0 562949953421312 2305843009213702656
0 0 144115196665798656
0 1125899906842624 4899916411758969856
0 1125899906842624 4611686018427405312
0 0 288230393331597312
0 2251799813685248 9799832823517939712
0 2251799813685248 9223372036854810624
0 0 576460786663194624
0 4503599627370496 1152921573326393344
0 4503603922337792 69632
0 4294967296 1152921573326323712
0 9007199254740992 2305843146652786688
0 9007207844675584 139264
0 8589934592 2305843146652647424
0 18014398509481984 4611686293305573376
0 18014415689351168 278528
0 17179869184 4611686293305294848
0 36028797018963968 9223372586611146752
0 36028831378702336 557056
0 34359738368 9223372586610589696
0 72057598332895232 1099512741888
0 72057667052371968 1048576
0 68719476736 1099511693312
0 144115196665790464 2199025483776
0 144115334104743936 2097152
0 137438953472 2199023386624
0 288230393331580928 4398050967552
0 288230668209487872 4194304
0 274877906944 4398046773248
0 576460786663161856 8796101935104
0 576461336418975744 8388608
0 549755813888 8796093546496
0 1152921573326323712 17592203870208
0 1152922672837951488 16777216
0 1099511627776 17592187092992
0 2305843146652647424 35184407740416
0 2305845345675902976 33554432
0 2199023255552 35184374185984
0 4611686293305294848 70368815480832
0 4611690691351805952 67108864
0 4398046511104 70368748371968
0 9223372586610589696 140737630961664
0 9223381382703611904 134217728
0 8796093022208 140737496743936
0 1099511627776 281475261923329
0 18691697672192 268435457
0 17592186044416 281474993487872
0 2199023255552 562950523846658
0 37383395344384 536870914
0 35184372088832 562949986975744
0 4398046511104 1125901047693316
0 74766790688768 1073741828
0 70368744177664 1125899973951488
0 8796093022208 2251802095386632
0 149533581377536 2147483656
0 140737488355328 2251799947902976
0 17592186044416 4503604190773264
0 299067162755072 4294967312
0 281474976710656 4503599895805952
0 35184372088832 9007208381546528
0 598134325510144 8589934624
0 562949953421312 9007199791611904
0 70368744177664 18014416763093056
0 1196268651020288 17179869248
0 1125899906842624 18014399583223808
0 140737488355328 36028833526186112
0 2392537302040576 34359738496
0 2251799813685248 36028799166447616
