288 768
8 0 190 286 364 385 556 602 698
9 1 191 287 365 384 385 557 603 699
8 2 96 192 366 387 558 604 700
9 3 97 193 367 386 387 559 605 701
8 4 98 194 368 389 560 606 702
9 5 99 195 369 388 389 561 607 703
8 6 100 196 370 391 562 608 704
9 7 101 197 371 390 391 563 609 705
8 8 102 198 372 393 564 610 706
9 9 103 199 373 392 393 565 611 707
8 10 104 200 374 395 566 612 708
9 11 105 201 375 394 395 567 613 709
8 12 106 202 376 397 568 614 710
9 13 107 203 377 396 397 569 615 711
8 14 108 204 378 399 570 616 712
9 15 109 205 379 398 399 571 617 713
8 16 110 206 380 401 572 618 714
9 17 111 207 381 400 401 573 619 715
8 18 112 208 382 403 574 620 716
9 19 113 209 383 402 403 575 621 717
8 20 114 210 288 405 480 622 718
9 21 115 211 289 404 405 481 623 719
8 22 116 212 290 407 482 624 720
9 23 117 213 291 406 407 483 625 721
8 24 118 214 292 409 484 626 722
9 25 119 215 293 408 409 485 627 723
8 26 120 216 294 411 486 628 724
9 27 121 217 295 410 411 487 629 725
8 28 122 218 296 413 488 630 726
9 29 123 219 297 412 413 489 631 727
8 30 124 220 298 415 490 632 728
9 31 125 221 299 414 415 491 633 729
8 32 126 222 300 417 492 634 730
9 33 127 223 301 416 417 493 635 731
8 34 128 224 302 419 494 636 732
9 35 129 225 303 418 419 495 637 733
8 36 130 226 304 421 496 638 734
9 37 131 227 305 420 421 497 639 735
8 38 132 228 306 423 498 640 736
9 39 133 229 307 422 423 499 641 737
8 40 134 230 308 425 500 642 738
9 41 135 231 309 424 425 501 643 739
8 42 136 232 310 427 502 644 740
9 43 137 233 311 426 427 503 645 741
8 44 138 234 312 429 504 646 742
9 45 139 235 313 428 429 505 647 743
8 46 140 236 314 431 506 648 744
9 47 141 237 315 430 431 507 649 745
8 48 142 238 316 433 508 650 746
9 49 143 239 317 432 433 509 651 747
8 50 144 240 318 435 510 652 748
9 51 145 241 319 434 435 511 653 749
8 52 146 242 320 437 512 654 750
9 53 147 243 321 436 437 513 655 751
8 54 148 244 322 439 514 656 752
9 55 149 245 323 438 439 515 657 753
8 56 150 246 324 441 516 658 754
9 57 151 247 325 440 441 517 659 755
8 58 152 248 326 443 518 660 756
9 59 153 249 327 442 443 519 661 757
8 60 154 250 328 445 520 662 758
9 61 155 251 329 444 445 521 663 759
8 62 156 252 330 447 522 664 760
9 63 157 253 331 446 447 523 665 761
8 64 158 254 332 449 524 666 762
9 65 159 255 333 448 449 525 667 763
8 66 160 256 334 451 526 668 764
9 67 161 257 335 450 451 527 669 765
8 68 162 258 336 453 528 670 766
9 69 163 259 337 452 453 529 671 767
8 70 164 260 338 455 530 576 672
9 71 165 261 339 454 455 531 577 673
8 72 166 262 340 457 532 578 674
9 73 167 263 341 456 457 533 579 675
8 74 168 264 342 459 534 580 676
9 75 169 265 343 458 459 535 581 677
8 76 170 266 344 461 536 582 678
9 77 171 267 345 460 461 537 583 679
8 78 172 268 346 463 538 584 680
9 79 173 269 347 462 463 539 585 681
8 80 174 270 348 465 540 586 682
9 81 175 271 349 464 465 541 587 683
8 82 176 272 350 467 542 588 684
9 83 177 273 351 466 467 543 589 685
8 84 178 274 352 469 544 590 686
9 85 179 275 353 468 469 545 591 687
8 86 180 276 354 471 546 592 688
9 87 181 277 355 470 471 547 593 689
8 88 182 278 356 473 548 594 690
9 89 183 279 357 472 473 549 595 691
8 90 184 280 358 475 550 596 692
9 91 185 281 359 474 475 551 597 693
8 92 186 282 360 477 552 598 694
9 93 187 283 361 476 477 553 599 695
8 94 188 284 362 479 554 600 696
9 95 189 285 363 478 479 555 601 697
8 0 182 230 374 452 481 644 710
9 1 183 231 375 453 480 481 645 711
8 2 184 232 376 454 483 646 712
9 3 185 233 377 455 482 483 647 713
8 4 186 234 378 456 485 648 714
9 5 187 235 379 457 484 485 649 715
8 6 188 236 380 458 487 650 716
9 7 189 237 381 459 486 487 651 717
8 8 190 238 382 460 489 652 718
9 9 191 239 383 461 488 489 653 719
8 10 96 240 288 462 491 654 720
9 11 97 241 289 463 490 491 655 721
8 12 98 242 290 464 493 656 722
9 13 99 243 291 465 492 493 657 723
8 14 100 244 292 466 495 658 724
9 15 101 245 293 467 494 495 659 725
8 16 102 246 294 468 497 660 726
9 17 103 247 295 469 496 497 661 727
8 18 104 248 296 470 499 662 728
9 19 105 249 297 471 498 499 663 729
8 20 106 250 298 472 501 664 730
9 21 107 251 299 473 500 501 665 731
8 22 108 252 300 474 503 666 732
9 23 109 253 301 475 502 503 667 733
8 24 110 254 302 476 505 668 734
9 25 111 255 303 477 504 505 669 735
8 26 112 256 304 478 507 670 736
9 27 113 257 305 479 506 507 671 737
8 28 114 258 306 384 509 576 738
9 29 115 259 307 385 508 509 577 739
8 30 116 260 308 386 511 578 740
9 31 117 261 309 387 510 511 579 741
8 32 118 262 310 388 513 580 742
9 33 119 263 311 389 512 513 581 743
8 34 120 264 312 390 515 582 744
9 35 121 265 313 391 514 515 583 745
8 36 122 266 314 392 517 584 746
9 37 123 267 315 393 516 517 585 747
8 38 124 268 316 394 519 586 748
9 39 125 269 317 395 518 519 587 749
8 40 126 270 318 396 521 588 750
9 41 127 271 319 397 520 521 589 751
8 42 128 272 320 398 523 590 752
9 43 129 273 321 399 522 523 591 753
8 44 130 274 322 400 525 592 754
9 45 131 275 323 401 524 525 593 755
8 46 132 276 324 402 527 594 756
9 47 133 277 325 403 526 527 595 757
8 48 134 278 326 404 529 596 758
9 49 135 279 327 405 528 529 597 759
8 50 136 280 328 406 531 598 760
9 51 137 281 329 407 530 531 599 761
8 52 138 282 330 408 533 600 762
9 53 139 283 331 409 532 533 601 763
8 54 140 284 332 410 535 602 764
9 55 141 285 333 411 534 535 603 765
8 56 142 286 334 412 537 604 766
9 57 143 287 335 413 536 537 605 767
8 58 144 192 336 414 539 606 672
9 59 145 193 337 415 538 539 607 673
8 60 146 194 338 416 541 608 674
9 61 147 195 339 417 540 541 609 675
8 62 148 196 340 418 543 610 676
9 63 149 197 341 419 542 543 611 677
8 64 150 198 342 420 545 612 678
9 65 151 199 343 421 544 545 613 679
8 66 152 200 344 422 547 614 680
9 67 153 201 345 423 546 547 615 681
8 68 154 202 346 424 549 616 682
9 69 155 203 347 425 548 549 617 683
8 70 156 204 348 426 551 618 684
9 71 157 205 349 427 550 551 619 685
8 72 158 206 350 428 553 620 686
9 73 159 207 351 429 552 553 621 687
8 74 160 208 352 430 555 622 688
9 75 161 209 353 431 554 555 623 689
8 76 162 210 354 432 557 624 690
9 77 163 211 355 433 556 557 625 691
8 78 164 212 356 434 559 626 692
9 79 165 213 357 435 558 559 627 693
8 80 166 214 358 436 561 628 694
9 81 167 215 359 437 560 561 629 695
8 82 168 216 360 438 563 630 696
9 83 169 217 361 439 562 563 631 697
8 84 170 218 362 440 565 632 698
9 85 171 219 363 441 564 565 633 699
8 86 172 220 364 442 567 634 700
9 87 173 221 365 443 566 567 635 701
8 88 174 222 366 444 569 636 702
9 89 175 223 367 445 568 569 637 703
8 90 176 224 368 446 571 638 704
9 91 177 225 369 447 570 571 639 705
8 92 178 226 370 448 573 640 706
9 93 179 227 371 449 572 573 641 707
8 94 180 228 372 450 575 642 708
9 95 181 229 373 451 574 575 643 709
8 0 136 240 334 424 528 577 718
9 1 137 241 335 425 529 576 577 719
8 2 138 242 336 426 530 579 720
9 3 139 243 337 427 531 578 579 721
8 4 140 244 338 428 532 581 722
9 5 141 245 339 429 533 580 581 723
8 6 142 246 340 430 534 583 724
9 7 143 247 341 431 535 582 583 725
8 8 144 248 342 432 536 585 726
9 9 145 249 343 433 537 584 585 727
8 10 146 250 344 434 538 587 728
9 11 147 251 345 435 539 586 587 729
8 12 148 252 346 436 540 589 730
9 13 149 253 347 437 541 588 589 731
8 14 150 254 348 438 542 591 732
9 15 151 255 349 439 543 590 591 733
8 16 152 256 350 440 544 593 734
9 17 153 257 351 441 545 592 593 735
8 18 154 258 352 442 546 595 736
9 19 155 259 353 443 547 594 595 737
8 20 156 260 354 444 548 597 738
9 21 157 261 355 445 549 596 597 739
8 22 158 262 356 446 550 599 740
9 23 159 263 357 447 551 598 599 741
8 24 160 264 358 448 552 601 742
9 25 161 265 359 449 553 600 601 743
8 26 162 266 360 450 554 603 744
9 27 163 267 361 451 555 602 603 745
8 28 164 268 362 452 556 605 746
9 29 165 269 363 453 557 604 605 747
8 30 166 270 364 454 558 607 748
9 31 167 271 365 455 559 606 607 749
8 32 168 272 366 456 560 609 750
9 33 169 273 367 457 561 608 609 751
8 34 170 274 368 458 562 611 752
9 35 171 275 369 459 563 610 611 753
8 36 172 276 370 460 564 613 754
9 37 173 277 371 461 565 612 613 755
8 38 174 278 372 462 566 615 756
9 39 175 279 373 463 567 614 615 757
8 40 176 280 374 464 568 617 758
9 41 177 281 375 465 569 616 617 759
8 42 178 282 376 466 570 619 760
9 43 179 283 377 467 571 618 619 761
8 44 180 284 378 468 572 621 762
9 45 181 285 379 469 573 620 621 763
8 46 182 286 380 470 574 623 764
9 47 183 287 381 471 575 622 623 765
8 48 184 192 382 472 480 625 766
9 49 185 193 383 473 481 624 625 767
8 50 186 194 288 474 482 627 672
9 51 187 195 289 475 483 626 627 673
8 52 188 196 290 476 484 629 674
9 53 189 197 291 477 485 628 629 675
8 54 190 198 292 478 486 631 676
9 55 191 199 293 479 487 630 631 677
8 56 96 200 294 384 488 633 678
9 57 97 201 295 385 489 632 633 679
8 58 98 202 296 386 490 635 680
9 59 99 203 297 387 491 634 635 681
8 60 100 204 298 388 492 637 682
9 61 101 205 299 389 493 636 637 683
8 62 102 206 300 390 494 639 684
9 63 103 207 301 391 495 638 639 685
8 64 104 208 302 392 496 641 686
9 65 105 209 303 393 497 640 641 687
8 66 106 210 304 394 498 643 688
9 67 107 211 305 395 499 642 643 689
8 68 108 212 306 396 500 645 690
9 69 109 213 307 397 501 644 645 691
8 70 110 214 308 398 502 647 692
9 71 111 215 309 399 503 646 647 693
8 72 112 216 310 400 504 649 694
9 73 113 217 311 401 505 648 649 695
8 74 114 218 312 402 506 651 696
9 75 115 219 313 403 507 650 651 697
8 76 116 220 314 404 508 653 698
9 77 117 221 315 405 509 652 653 699
8 78 118 222 316 406 510 655 700
9 79 119 223 317 407 511 654 655 701
8 80 120 224 318 408 512 657 702
9 81 121 225 319 409 513 656 657 703
8 82 122 226 320 410 514 659 704
9 83 123 227 321 411 515 658 659 705
8 84 124 228 322 412 516 661 706
9 85 125 229 323 413 517 660 661 707
8 86 126 230 324 414 518 663 708
9 87 127 231 325 415 519 662 663 709
8 88 128 232 326 416 520 665 710
9 89 129 233 327 417 521 664 665 711
8 90 130 234 328 418 522 667 712
9 91 131 235 329 419 523 666 667 713
8 92 132 236 330 420 524 669 714
9 93 133 237 331 421 525 668 669 715
8 94 134 238 332 422 526 671 716
9 95 135 239 333 423 527 670 671 717
