224 84 112 28
0 1 28 1 56 1
1 1 29 1 57 1
2 1 30 1 58 1
3 1 31 1 59 1
4 1 32 1 60 1
5 1 33 1 61 1
6 1 34 1 62 1
7 1 35 1 63 1
8 1 36 1 64 1
9 1 37 1 65 1
10 1 38 1 66 1
11 1 39 1 67 1
12 1 40 1 68 1
13 1 41 1 69 1
14 1 42 1 70 1
15 1 43 1 71 1
16 1 44 1 72 1
17 1 45 1 73 1
18 1 46 1 74 1
19 1 47 1 75 1
20 1 48 1 76 1
21 1 49 1 77 1
22 1 50 1 78 1
23 1 51 1 79 1
24 1 52 1 80 1
25 1 53 1 81 1
26 1 54 1 82 1
27 1 55 1 83 1
12 1 41 1 73 1
13 1 42 1 74 1
14 1 43 1 75 1
15 1 44 1 76 1
16 1 45 1 77 1
17 1 46 1 78 1
18 1 47 1 79 1
19 1 48 1 80 1
20 1 49 1 81 1
21 1 50 1 82 1
22 1 51 1 83 1
23 1 52 1 56 1
24 1 53 1 57 1
25 1 54 1 58 1
26 1 55 1 59 1
27 1 28 1 60 1
0 1 29 1 61 1
1 1 30 1 62 1
2 1 31 1 63 1
3 1 32 1 64 1
4 1 33 1 65 1
5 1 34 1 66 1
6 1 35 1 67 1
7 1 36 1 68 1
8 1 37 1 69 1
9 1 38 1 70 1
10 1 39 1 71 1
11 1 40 1 72 1
12 1 33 1 66 1
13 1 34 1 67 1
14 1 35 1 68 1
15 1 36 1 69 1
16 1 37 1 70 1
17 1 38 1 71 1
18 1 39 1 72 1
19 1 40 1 73 1
20 1 41 1 74 1
21 1 42 1 75 1
22 1 43 1 76 1
23 1 44 1 77 1
24 1 45 1 78 1
25 1 46 1 79 1
26 1 47 1 80 1
27 1 48 1 81 1
0 1 49 1 82 1
1 1 50 1 83 1
2 1 51 1 56 1
3 1 52 1 57 1
4 1 53 1 58 1
5 1 54 1 59 1
6 1 55 1 60 1
7 1 28 1 61 1
8 1 29 1 62 1
9 1 30 1 63 1
10 1 31 1 64 1
11 1 32 1 65 1
8 1 32 1 71 1
9 1 33 1 72 1
10 1 34 1 73 1
11 1 35 1 74 1
12 1 36 1 75 1
13 1 37 1 76 1
14 1 38 1 77 1
15 1 39 1 78 1
16 1 40 1 79 1
17 1 41 1 80 1
18 1 42 1 81 1
19 1 43 1 82 1
20 1 44 1 83 1
21 1 45 1 56 1
22 1 46 1 57 1
23 1 47 1 58 1
24 1 48 1 59 1
25 1 49 1 60 1
26 1 50 1 61 1
27 1 51 1 62 1
0 1 52 1 63 1
1 1 53 1 64 1
2 1 54 1 65 1
3 1 55 1 66 1
4 1 28 1 67 1
5 1 29 1 68 1
6 1 30 1 69 1
7 1 31 1 70 1
0 2 41 1 66 1
1 2 42 1 67 1
2 2 43 1 68 1
3 2 44 1 69 1
4 2 45 1 70 1
5 2 46 1 71 1
6 2 47 1 72 1
7 2 48 1 73 1
8 2 49 1 74 1
9 2 50 1 75 1
10 2 51 1 76 1
11 2 52 1 77 1
12 2 53 1 78 1
13 2 54 1 79 1
14 2 55 1 80 1
15 2 28 1 81 1
16 2 29 1 82 1
17 2 30 1 83 1
18 2 31 1 56 1
19 2 32 1 57 1
20 2 33 1 58 1
21 2 34 1 59 1
22 2 35 1 60 1
23 2 36 1 61 1
24 2 37 1 62 1
25 2 38 1 63 1
26 2 39 1 64 1
27 2 40 1 65 1
8 1 28 2 73 1
9 1 29 2 74 1
10 1 30 2 75 1
11 1 31 2 76 1
12 1 32 2 77 1
13 1 33 2 78 1
14 1 34 2 79 1
15 1 35 2 80 1
16 1 36 2 81 1
17 1 37 2 82 1
18 1 38 2 83 1
19 1 39 2 56 1
20 1 40 2 57 1
21 1 41 2 58 1
22 1 42 2 59 1
23 1 43 2 60 1
24 1 44 2 61 1
25 1 45 2 62 1
26 1 46 2 63 1
27 1 47 2 64 1
0 1 48 2 65 1
1 1 49 2 66 1
2 1 50 2 67 1
3 1 51 2 68 1
4 1 52 2 69 1
5 1 53 2 70 1
6 1 54 2 71 1
7 1 55 2 72 1
26 1 32 1 56 2
27 1 33 1 57 2
0 1 34 1 58 2
1 1 35 1 59 2
2 1 36 1 60 2
3 1 37 1 61 2
4 1 38 1 62 2
5 1 39 1 63 2
6 1 40 1 64 2
7 1 41 1 65 2
8 1 42 1 66 2
9 1 43 1 67 2
10 1 44 1 68 2
11 1 45 1 69 2
12 1 46 1 70 2
13 1 47 1 71 2
14 1 48 1 72 2
15 1 49 1 73 2
16 1 50 1 74 2
17 1 51 1 75 2
18 1 52 1 76 2
19 1 53 1 77 2
20 1 54 1 78 2
21 1 55 1 79 2
22 1 28 1 80 2
23 1 29 1 81 2
24 1 30 1 82 2
25 1 31 1 83 2
26 1 33 1 71 1
27 1 34 1 72 1
0 1 35 1 73 1
1 1 36 1 74 1
2 1 37 1 75 1
3 1 38 1 76 1
4 1 39 1 77 1
5 1 40 1 78 1
6 1 41 1 79 1
7 1 42 1 80 1
8 1 43 1 81 1
9 1 44 1 82 1
10 1 45 1 83 1
11 1 46 1 56 1
12 1 47 1 57 1
13 1 48 1 58 1
14 1 49 1 59 1
15 1 50 1 60 1
16 1 51 1 61 1
17 1 52 1 62 1
18 1 53 1 63 1
19 1 54 1 64 1
20 1 55 1 65 1
21 1 28 1 66 1
22 1 29 1 67 1
23 1 30 1 68 1
24 1 31 1 69 1
25 1 32 1 70 1
11538504828436611072 313532614672
141845624524832 859161232528
11538644457788805152 554218556544
4630265583163670528 627065229345
283691249049664 1718322465056
4630544841868058688 1108437113089
9260531166327341056 1254130458690
567382498099328 3436644930112
9261089683736117376 2216874226178
2260664907202561 2508260917381
1134764727763201 6873289860224
3377699993190656 4433748452357
4521329814405122 5016521834762
2269529455526402 13746579720448
6755399986381312 8867496904714
9042659628810244 10033043669524
4539058911052804 27493159440896
13510799972762624 17734993809428
18085319257620488 20066087339048
9078117822105608 54986318881792
27021599945525248 35469987618856
36170638515240976 40132174678096
18156235644211216 109972637763584
54043199891050496 70939975237712
283682992554017 80264349356192
36312471019986977 219945275527168
36028806012608512 141879950475424
72624959754600515 160528697663808
567348270481474 158415575392256
72057612025217025 2284924240192
145249919509201030 39582419665536
73192290578890884 35356174073856
216172818088361986 4569847431808
290499839018402060 79164839331072
146384581157781768 70712348147712
432345636176723972 9139694863616
580999678036804120 158329678662144
292769162315563536 141424696295424
864691272353447944 18279389727232
1161999356073608240 35184381662208
657595918669055008 1374415880192
1801440138744823824 36558778405888
2323998712147216480 70368763324416
1315191837338110016 2748831760384
3602880277489647648 73117556811776
4647997424294432960 140737526648832
2630383674676220032 5497663520768
7205760554979295296 146235113623552
9295994848857301376 76587008
5260767349352440065 10995325992960
14411521109690155137 10995251585024
145245624005051136 153174017
10521534698704880130 21990651985920
10376298145670758658 21990503170049
290491248010102272 306348034
2596325323700208644 43981303971841
2305852217631965700 43981006340099
580982496020204544 612696068
5192650647400417288 87962607943682
4611704435263931400 87962012680198
1161964992040409088 1225392136
10385301294800834576 175925215887364
9223408870527862800 175924025360396
2395987578118746112 2449735696
2323858515892117536 70375456112649
72131261384101920 70373074010137
4791975156237492224 4899471392
4647717031784235072 140750912225298
144262522768203840 140746148020274
9583950312743419904 9797894208
9223376469530542209 26848788516
360582639305900161 17319329892
721156551777288192 19595788417
8865351532802 53697577033
721165278611800322 34638659784
1442313103554576384 39191576834
17730703065604 107395154066
1442330557223600644 69277319568
2884626207109152768 78383153668
35461406131208 214790308132
2884661114447201288 138554639136
5769252414218305536 156766307336
70922812262416 429580616264
5769322228894402576 277109278272
54185032763314208 275045942289
11538362991603355648 70373475353600
11592266548987297824 70648185749521
36312471488700481 550091884578
4629981909228724225 140746950707201
4665731430495551552 141296371499043
72624942977400963 1100182720580
9259963818189012995 18925752322
9331462861259538560 1117766287430
145249885686366471 2200365441160
1125968898981894 37851504645
144124054771597569 2235532574861
290499771372732942 4400730882320
2251937797963788 75703009290
288248109543195138 4471065149722
580999542745465884 8801461764640
4503875595927576 151406018580
576496219086390276 8942130299444
1161999085490931768 17602923529280
9007751191855152 302812037160
1152992438172780552 17884260598888
2323998170981863536 35205847058560
18015502383710304 605624074320
2305984876345561104 35768521197776
4647996341963727072 70411694117120
36031004767420608 1211248148640
4611969752691122208 71537042395552
9223935090157961664 140823388234240
4415496913281 2422496297280
9223939505113808961 143074084791104
73183700644299648 171799757825
72066425031754498 4844991545984
1134936518066306 4673193920129
146367401288599296 343599515650
144132850063508996 9689983091968
2269873036132612 9346387840258
292734802577198592 687199031300
288265700127017992 19379966183936
4539746072265224 18692775680516
585469605154397184 1374398062600
576531400254035984 38759932367872
9079492144530448 37385551361032
1170939210308794368 2748796125200
1153062800508071968 77519864735744
18158984289060896 74771102722064
2341878420617588736 5497592250400
2306125601016143936 155039729471488
36317968578121792 149542205444128
4683756841235177473 10995183452224
4612251201763852417 28604483280896
72635937424679040 17609434177600
9367513682470354946 21990366904448
9224502403527704834 57208966561792
145271874849358080 35218868355200
288283291231158276 43980733808897
2260733345858052 114417933123585
290543749698716160 70437736710400
576566582462316552 87961467617794
4521466691716104 228835866247170
581087499397432320 140875473420800
1225190758962561040 175922934187012
9042933383432208 176196756832260
1234232592832792576 275970130944
2450381517925122080 70370892711944
90143460804792352 70918536953864
2540522779703513088 551939213312
4900763035850244160 140741785423888
180286921609584704 141837073907728
5081045559407026176 1103878426624
9801526071432052865 8595185696
360573843487604864 2199171104800
10162091118814052353 2207755804672
1156308069154554114 17190371393
721147686975209728 4398342209600
1877438163918553090 4415511609345
2312616138309108228 34380742786
1442295373950419456 8796684419200
3754876327837106180 8831023218690
4625232276618216456 68761485572
2884590747900838912 17593368838400
7509752655674212360 17662046437380
9250464553236432912 137522971144
5769181495801677824 35186737676800
15019505311348424720 35324092874760
4665729239926964288 1683627442305
8791261280 72018347169920
4665729231135703072 70403439728641
9259400885816000641 3367254884610
17314087105 144036694339840
9259400868501913664 140806879457282
72057697922449667 6734508720645
34359738755 6598413017600
72057663562711168 138782203909
144115395844899334 13469017441290
68719477510 13196826035200
144115327125422336 277564407818
288230791689798668 26938034882580
137438955020 26393652070400
288230654250844672 555128815636
576461583379597336 53876069765160
274877910040 52787304140800
576461308501689344 1110257631272
1152923166759194672 107752139530320
549755820080 105574608281600
1152922617003378688 2220515262544
2305846333518389344 215504279060640
1099511640160 211149216563200
2305845234006757376 4441030525088
4611692667036778688 149533582459200
72059793061208256 140823456415744
4683748062051442688 8882060001600
9223385334073557376 17592189256320
216177180160344448 171936120832
9439553718140813312 17764118954624
26594437563136 35184378512641
432354360320688896 343872241664
432363362572075008 35528237909249
53188875126272 70368757025282
864708720641377792 687744483328
864726725144150016 71056475818498
106377750252544 140737514050564
1729417441282755584 1375488966656
1729453450288300032 142112951636996
72270349538433024 51390472
3530892476603439104 2750976884736
3458906900576600064 2750927611912
144540699076866048 102780944
7061784953206878208 5501953769472
6917813801153200128 5501855223824
289081398153732096 205561888
14123569906413756416 11003907538944
13835627602306400256 11003710447648
578162796307464192 411123776
9800395739117961216 22007815077889
9224511130903248896 22007420895297
1156325592614928384 822247552
1154047404526370816 44015630155779
2278188096946176 44014841790595
2312651185229856768 1644495104
2308094809052741632 88031260311558
4556376193892352 88029683581190
4625302370459713536 3288990208
4616189618105483264 176062520623116
9112752387784704 176059367162380
9322662334957355008 6576931840
9232379236210966528 70650065584152
90283098813497344 70643757614104
198580596205158400 13153863681
18014398712381440 141300131168305
180566197626994688 141287515228208
397161192410316801 26306678786
36028797156327425 1125286674530
361132395522424832 1100053745760
722264791051141122 52613357572
274726915 2250573349060
722264790776414209 2200107491520
1444529582102282244 105226715144
549453830 4501146698120
1444529581552828418 4400214983040
2889059164204564488 210453430288
1098907660 9002293396240
2889059163105656836 8800429966080
5778118328409128976 420906860576
2197815320 18004586792480
5778118326211313672 17600859932160
11556236656818257952 841813721152
4395630640 36009173584960
11556236652422627344 35201719864320
17180917824 0
281474976710720 0
281492157628416 0
34361835648 0
562949953421440 0
562984315256832 0
68723671296 0
1125899906842880 0
1125968630513664 0
137447342592 0
2251799813685760 0
2251937261027328 0
274894685184 0
4503599627371520 0
4503874522054656 0
549789370368 0
9007199254743040 0
9007749044109312 0
1099578740736 0
18014398509486080 0
18015498088218624 0
2199157481472 0
36028797018972160 0
36030996176437248 0
4398046527489 0
268451840 0
4398314946561 0
8796093054978 0
536903680 0
8796629893122 0
17592186109956 0
1073807360 0
17593259786244 0
35184372219912 0
2147614720 0
35186519572488 0
70368744439824 0
4295229440 0
70373039144976 0
140737488879648 0
8590458880 0
140746078289952 0
281474977759296 0
17180917760 0
281492156579904 0
562949955518592 0
34361835520 0
562984313159808 0
1125899911037184 0
68723671040 0
1125968626319616 0
2251799822074368 0
137447342080 0
2251937252639232 0
4503599644148736 0
274894684160 0
4503874505278464 0
9007199288297472 0
549789368320 0
9007749010556928 0
18014398576594944 0
1099578736640 0
18015498021113856 0
36028797153189888 0
2199157473280 0
36030996042227712 0
268451841 0
4398046511105 0
4398314962944 0
536903682 0
8796093022210 0
8796629925888 0
1073807364 0
17592186044420 0
17593259851776 0
2147614728 0
35184372088840 0
35186519703552 0
4295229456 0
70368744177680 0
70373039407104 0
8590458912 0
140737488355360 0
140746078814208 0
0 0
0 0
0 0
0 0
0 0
0 0
0 0
0 0
0 0
0 0
0 0
0 0
0 0
0 0
0 0
0 0
0 0
0 0
0 0
0 0
0 0
0 0
0 0
0 0
0 0
0 0
0 0
0 0
0 0
0 0
0 0
0 0
0 0
0 0
0 0
0 0
0 0
0 0
0 0
0 0
0 0
0 0
0 0
0 0
0 0
0 0
0 0
0 0
0 0
0 0
0 0
0 0
0 0
0 0
0 0
0 0
0 0
0 0
0 0
0 0
0 0
0 0
0 0
0 0
0 0
0 0
0 0
0 0
0 0
0 0
0 0
0 0
0 0
0 0
0 0
0 0
0 0
0 0
0 0
0 0
0 0
0 0
0 0
0 0
0 0
0 0
0 0
0 0
0 0
0 0
0 0
0 0
0 0
0 0
0 0
0 0
0 0
0 0
0 0
0 0
0 0
0 0
0 0
0 0
0 0
0 0
0 0
0 0
0 0
0 0
0 0
0 0
0 0
0 0
0 0
0 0
0 0
0 0
0 0
0 0
0 0
0 0
0 0
0 0
0 0
0 0
0 0
0 0
0 0
0 0
0 0
0 0
0 0
0 0
0 0
0 0
0 0
0 0
0 0
0 0
0 0
0 0
0 0
0 0
0 0
0 0
0 0
0 0
0 0
0 0
0 0
0 0
0 0
0 0
0 0
0 0
0 0
0 0
0 0
0 0
0 0
0 0
0 0
0 0
0 0
0 0
0 0
0 0
0 0
0 0
0 0
0 0
0 0
0 0
0 0
0 0
0 0
0 0
0 0
0 0
0 0
0 0
0 0
0 0
0 0
0 0
0 0
0 0
0 0
0 0
0 0
0 0
0 0
0 0
0 0
0 0
0 0
0 0
0 0
0 0
0 0
0 0
0 0
0 0
0 0
0 0
0 0
0 0
0 0
0 0
0 0
0 0
0 0
0 0
0 0
0 0
0 0
0 0
0 0
0 0
0 0
0 0
0 0
0 0
0 0
0 0
0 0
0 0
0 0
0 0
0 0
0 0
0 0
0 0
0 0
0 0
0 0
0 0
0 0
0 0
0 0
0 0
0 0
0 0
0 0
0 0
0 0
0 0
0 0
0 0
0 0
0 0
4611686018427387904 1099511627776
0 1099578740736
4611686018427387904 67112960
9223372036854775808 2199023255552
0 2199157481472
9223372036854775808 134225920
0 4398046511105
0 4398314962944
0 268451841
0 8796093022210
0 8796629925888
0 536903682
0 17592186044420
0 17593259851776
0 1073807364
0 35184372088840
0 35186519703552
0 2147614728
0 70368744177680
0 70373039407104
0 4295229456
0 140737488355360
0 140746078814208
0 8590458912
0 1048640
72057594037927936 17180917760
72057594037927936 17179869248
0 2097280
144115188075855872 34361835520
144115188075855872 34359738496
0 4194560
288230376151711744 68723671040
288230376151711744 68719476992
0 8389120
576460752303423488 137447342080
576460752303423488 137438953984
0 16778240
1152921504606846976 274894684160
1152921504606846976 274877907968
0 33556480
2305843009213693952 549789368320
2305843009213693952 549755815936
0 67112960
4611686018427387904 1099578736640
4611686018427387904 1099511631872
0 134225920
9223372036854775808 2199157473280
9223372036854775808 2199023263744
0 268451840
0 4398314946561
0 4398046527489
0 536903680
0 8796629893122
0 8796093054978
0 1073807360
0 17593259786244
0 17592186109956
0 2147614720
0 35186519572488
0 35184372219912
0 4295229440
0 70373039144976
0 70368744439824
0 8590458880
0 140746078289952
0 140737488879648
72057594037927936 17179869184
0 17180917824
72057594037927936 1048640
144115188075855872 34359738368
0 34361835648
144115188075855872 2097280
288230376151711744 68719476736
0 68723671296
288230376151711744 4194560
576460752303423488 137438953472
0 137447342592
576460752303423488 8389120
1152921504606846976 274877906944
0 274894685184
1152921504606846976 16778240
2305843009213693952 549755813888
0 549789370368
2305843009213693952 33556480
