168 448
8 1 56 112 168 224 280 336 392
9 0 1 57 113 169 225 281 337 393
8 3 58 114 170 226 282 338 394
9 2 3 59 115 171 227 283 339 395
8 5 60 116 172 228 284 340 396
9 4 5 61 117 173 229 285 341 397
8 7 62 118 174 230 286 342 398
9 6 7 63 119 175 231 287 343 399
8 9 64 120 176 232 288 344 400
9 8 9 65 121 177 233 289 345 401
8 11 66 122 178 234 290 346 402
9 10 11 67 123 179 235 291 347 403
8 13 68 124 180 236 292 348 404
9 12 13 69 125 181 237 293 349 405
8 15 70 126 182 238 294 350 406
9 14 15 71 127 183 239 295 351 407
8 17 72 128 184 240 296 352 408
9 16 17 73 129 185 241 297 353 409
8 19 74 130 186 242 298 354 410
9 18 19 75 131 187 243 299 355 411
8 21 76 132 188 244 300 356 412
9 20 21 77 133 189 245 301 357 413
8 23 78 134 190 246 302 358 414
9 22 23 79 135 191 247 303 359 415
8 25 80 136 192 248 304 360 416
9 24 25 81 137 193 249 305 361 417
8 27 82 138 194 250 306 362 418
9 26 27 83 139 195 251 307 363 419
8 29 84 140 196 252 308 364 420
9 28 29 85 141 197 253 309 365 421
8 31 86 142 198 254 310 366 422
9 30 31 87 143 199 255 311 367 423
8 33 88 144 200 256 312 368 424
9 32 33 89 145 201 257 313 369 425
8 35 90 146 202 258 314 370 426
9 34 35 91 147 203 259 315 371 427
8 37 92 148 204 260 316 372 428
9 36 37 93 149 205 261 317 373 429
8 39 94 150 206 262 318 374 430
9 38 39 95 151 207 263 319 375 431
8 41 96 152 208 264 320 376 432
9 40 41 97 153 209 265 321 377 433
8 43 98 154 210 266 322 378 434
9 42 43 99 155 211 267 323 379 435
8 45 100 156 212 268 324 380 436
9 44 45 101 157 213 269 325 381 437
8 47 102 158 214 270 326 382 438
9 46 47 103 159 215 271 327 383 439
8 49 104 160 216 272 328 384 440
9 48 49 105 161 217 273 329 385 441
8 51 106 162 218 274 330 386 442
9 50 51 107 163 219 275 331 387 443
8 53 108 164 220 276 332 388 444
9 52 53 109 165 221 277 333 389 445
8 55 110 166 222 278 334 390 446
9 54 55 111 167 223 279 335 391 447
8 0 71 166 196 262 320 384 418
9 1 70 71 167 197 263 321 385 419
8 2 73 112 198 264 322 386 420
9 3 72 73 113 199 265 323 387 421
8 4 75 114 200 266 324 388 422
9 5 74 75 115 201 267 325 389 423
8 6 77 116 202 268 326 390 424
9 7 76 77 117 203 269 327 391 425
8 8 79 118 204 270 328 336 426
9 9 78 79 119 205 271 329 337 427
8 10 81 120 206 272 330 338 428
9 11 80 81 121 207 273 331 339 429
8 12 83 122 208 274 332 340 430
9 13 82 83 123 209 275 333 341 431
8 14 85 124 210 276 334 342 432
9 15 84 85 125 211 277 335 343 433
8 16 87 126 212 278 280 344 434
9 17 86 87 127 213 279 281 345 435
8 18 89 128 214 224 282 346 436
9 19 88 89 129 215 225 283 347 437
8 20 91 130 216 226 284 348 438
9 21 90 91 131 217 227 285 349 439
8 22 93 132 218 228 286 350 440
9 23 92 93 133 219 229 287 351 441
8 24 95 134 220 230 288 352 442
9 25 94 95 135 221 231 289 353 443
8 26 97 136 222 232 290 354 444
9 27 96 97 137 223 233 291 355 445
8 28 99 138 168 234 292 356 446
9 29 98 99 139 169 235 293 357 447
8 30 101 140 170 236 294 358 392
9 31 100 101 141 171 237 295 359 393
8 32 103 142 172 238 296 360 394
9 33 102 103 143 173 239 297 361 395
8 34 105 144 174 240 298 362 396
9 35 104 105 145 175 241 299 363 397
8 36 107 146 176 242 300 364 398
9 37 106 107 147 177 243 301 365 399
8 38 109 148 178 244 302 366 400
9 39 108 109 149 179 245 303 367 401
8 40 111 150 180 246 304 368 402
9 41 110 111 151 181 247 305 369 403
8 42 57 152 182 248 306 370 404
9 43 56 57 153 183 249 307 371 405
8 44 59 154 184 250 308 372 406
9 45 58 59 155 185 251 309 373 407
8 46 61 156 186 252 310 374 408
9 47 60 61 157 187 253 311 375 409
8 48 63 158 188 254 312 376 410
9 49 62 63 159 189 255 313 377 411
8 50 65 160 190 256 314 378 412
9 51 64 65 161 191 257 315 379 413
8 52 67 162 192 258 316 380 414
9 53 66 67 163 193 259 317 381 415
8 54 69 164 194 260 318 382 416
9 55 68 69 165 195 261 319 383 417
8 0 98 153 194 232 330 340 438
9 1 99 152 153 195 233 331 341 439
8 2 100 155 196 234 332 342 440
9 3 101 154 155 197 235 333 343 441
8 4 102 157 198 236 334 344 442
9 5 103 156 157 199 237 335 345 443
8 6 104 159 200 238 280 346 444
9 7 105 158 159 201 239 281 347 445
8 8 106 161 202 240 282 348 446
9 9 107 160 161 203 241 283 349 447
8 10 108 163 204 242 284 350 392
9 11 109 162 163 205 243 285 351 393
8 12 110 165 206 244 286 352 394
9 13 111 164 165 207 245 287 353 395
8 14 56 167 208 246 288 354 396
9 15 57 166 167 209 247 289 355 397
8 16 58 113 210 248 290 356 398
9 17 59 112 113 211 249 291 357 399
8 18 60 115 212 250 292 358 400
9 19 61 114 115 213 251 293 359 401
8 20 62 117 214 252 294 360 402
9 21 63 116 117 215 253 295 361 403
8 22 64 119 216 254 296 362 404
9 23 65 118 119 217 255 297 363 405
8 24 66 121 218 256 298 364 406
9 25 67 120 121 219 257 299 365 407
8 26 68 123 220 258 300 366 408
9 27 69 122 123 221 259 301 367 409
8 28 70 125 222 260 302 368 410
9 29 71 124 125 223 261 303 369 411
8 30 72 127 168 262 304 370 412
9 31 73 126 127 169 263 305 371 413
8 32 74 129 170 264 306 372 414
9 33 75 128 129 171 265 307 373 415
8 34 76 131 172 266 308 374 416
9 35 77 130 131 173 267 309 375 417
8 36 78 133 174 268 310 376 418
9 37 79 132 133 175 269 311 377 419
8 38 80 135 176 270 312 378 420
9 39 81 134 135 177 271 313 379 421
8 40 82 137 178 272 314 380 422
9 41 83 136 137 179 273 315 381 423
8 42 84 139 180 274 316 382 424
9 43 85 138 139 181 275 317 383 425
8 44 86 141 182 276 318 384 426
9 45 87 140 141 183 277 319 385 427
8 46 88 143 184 278 320 386 428
9 47 89 142 143 185 279 321 387 429
8 48 90 145 186 224 322 388 430
9 49 91 144 145 187 225 323 389 431
8 50 92 147 188 226 324 390 432
9 51 93 146 147 189 227 325 391 433
8 52 94 149 190 228 326 336 434
9 53 95 148 149 191 229 327 337 435
8 54 96 151 192 230 328 338 436
9 55 97 150 151 193 231 329 339 437
