224 84 112 28
0 2 28 1 56 1
1 2 29 1 57 1
2 2 30 1 58 1
3 2 31 1 59 1
4 2 32 1 60 1
5 2 33 1 61 1
6 2 34 1 62 1
7 2 35 1 63 1
8 2 36 1 64 1
9 2 37 1 65 1
10 2 38 1 66 1
11 2 39 1 67 1
12 2 40 1 68 1
13 2 41 1 69 1
14 2 42 1 70 1
15 2 43 1 71 1
16 2 44 1 72 1
17 2 45 1 73 1
18 2 46 1 74 1
19 2 47 1 75 1
20 2 48 1 76 1
21 2 49 1 77 1
22 2 50 1 78 1
23 2 51 1 79 1
24 2 52 1 80 1
25 2 53 1 81 1
26 2 54 1 82 1
27 2 55 1 83 1
0 1 49 2 63 1
1 1 50 2 64 1
2 1 51 2 65 1
3 1 52 2 66 1
4 1 53 2 67 1
5 1 54 2 68 1
6 1 55 2 69 1
7 1 28 2 70 1
8 1 29 2 71 1
9 1 30 2 72 1
10 1 31 2 73 1
11 1 32 2 74 1
12 1 33 2 75 1
13 1 34 2 76 1
14 1 35 2 77 1
15 1 36 2 78 1
16 1 37 2 79 1
17 1 38 2 80 1
18 1 39 2 81 1
19 1 40 2 82 1
20 1 41 2 83 1
21 1 42 2 56 1
22 1 43 2 57 1
23 1 44 2 58 1
24 1 45 2 59 1
25 1 46 2 60 1
26 1 47 2 61 1
27 1 48 2 62 1
0 1 29 1 64 2
1 1 30 1 65 2
2 1 31 1 66 2
3 1 32 1 67 2
4 1 33 1 68 2
5 1 34 1 69 2
6 1 35 1 70 2
7 1 36 1 71 2
8 1 37 1 72 2
9 1 38 1 73 2
10 1 39 1 74 2
11 1 40 1 75 2
12 1 41 1 76 2
13 1 42 1 77 2
14 1 43 1 78 2
15 1 44 1 79 2
16 1 45 1 80 2
17 1 46 1 81 2
18 1 47 1 82 2
19 1 48 1 83 2
20 1 49 1 56 2
21 1 50 1 57 2
22 1 51 1 58 2
23 1 52 1 59 2
24 1 53 1 60 2
25 1 54 1 61 2
26 1 55 1 62 2
27 1 28 1 63 2
0 1 42 1 71 1
1 1 43 1 72 1
2 1 44 1 73 1
3 1 45 1 74 1
4 1 46 1 75 1
5 1 47 1 76 1
6 1 48 1 77 1
7 1 49 1 78 1
8 1 50 1 79 1
9 1 51 1 80 1
10 1 52 1 81 1
11 1 53 1 82 1
12 1 54 1 83 1
13 1 55 1 56 1
14 1 28 1 57 1
15 1 29 1 58 1
16 1 30 1 59 1
17 1 31 1 60 1
18 1 32 1 61 1
19 1 33 1 62 1
20 1 34 1 63 1
21 1 35 1 64 1
22 1 36 1 65 1
23 1 37 1 66 1
24 1 38 1 67 1
25 1 39 1 68 1
26 1 40 1 69 1
27 1 41 1 70 1
0 1 37 1 80 1
1 1 38 1 81 1
2 1 39 1 82 1
3 1 40 1 83 1
4 1 41 1 56 1
5 1 42 1 57 1
6 1 43 1 58 1
7 1 44 1 59 1
8 1 45 1 60 1
9 1 46 1 61 1
10 1 47 1 62 1
11 1 48 1 63 1
12 1 49 1 64 1
13 1 50 1 65 1
14 1 51 1 66 1
15 1 52 1 67 1
16 1 53 1 68 1
17 1 54 1 69 1
18 1 55 1 70 1
19 1 28 1 71 1
20 1 29 1 72 1
21 1 30 1 73 1
22 1 31 1 74 1
23 1 32 1 75 1
24 1 33 1 76 1
25 1 34 1 77 1
26 1 35 1 78 1
27 1 36 1 79 1
0 1 36 1 59 1
1 1 37 1 60 1
2 1 38 1 61 1
3 1 39 1 62 1
4 1 40 1 63 1
5 1 41 1 64 1
6 1 42 1 65 1
7 1 43 1 66 1
8 1 44 1 67 1
9 1 45 1 68 1
10 1 46 1 69 1
11 1 47 1 70 1
12 1 48 1 71 1
13 1 49 1 72 1
14 1 50 1 73 1
15 1 51 1 74 1
16 1 52 1 75 1
17 1 53 1 76 1
18 1 54 1 77 1
19 1 55 1 78 1
20 1 28 1 79 1
21 1 29 1 80 1
22 1 30 1 81 1
23 1 31 1 82 1
24 1 32 1 83 1
25 1 33 1 56 1
26 1 34 1 57 1
27 1 35 1 58 1
0 1 32 1 82 1
1 1 33 1 83 1
2 1 34 1 56 1
3 1 35 1 57 1
4 1 36 1 58 1
5 1 37 1 59 1
6 1 38 1 60 1
7 1 39 1 61 1
8 1 40 1 62 1
9 1 41 1 63 1
10 1 42 1 64 1
11 1 43 1 65 1
12 1 44 1 66 1
13 1 45 1 67 1
14 1 46 1 68 1
15 1 47 1 69 1
16 1 48 1 70 1
17 1 49 1 71 1
18 1 50 1 72 1
19 1 51 1 73 1
20 1 52 1 74 1
21 1 53 1 75 1
22 1 54 1 76 1
23 1 55 1 77 1
24 1 28 1 78 1
25 1 29 1 79 1
26 1 30 1 80 1
27 1 31 1 81 1
0 1 43 1 61 1
1 1 44 1 62 1
2 1 45 1 63 1
3 1 46 1 64 1
4 1 47 1 65 1
5 1 48 1 66 1
6 1 49 1 67 1
7 1 50 1 68 1
8 1 51 1 69 1
9 1 52 1 70 1
10 1 53 1 71 1
11 1 54 1 72 1
12 1 55 1 73 1
13 1 28 1 74 1
14 1 29 1 75 1
15 1 30 1 76 1
16 1 31 1 77 1
17 1 32 1 78 1
18 1 33 1 79 1
19 1 34 1 80 1
20 1 35 1 81 1
21 1 36 1 82 1
22 1 37 1 83 1
23 1 38 1 56 1
24 1 39 1 57 1
25 1 40 1 58 1
26 1 41 1 59 1
27 1 42 1 60 1
0 0
0 0
0 0
0 0
0 0
0 0
0 0
0 0
0 0
0 0
0 0
0 0
0 0
0 0
0 0
0 0
0 0
0 0
0 0
0 0
0 0
0 0
0 0
0 0
0 0
0 0
0 0
0 0
0 0
0 0
0 0
0 0
0 0
0 0
0 0
0 0
0 0
0 0
0 0
0 0
0 0
0 0
0 0
0 0
0 0
0 0
0 0
0 0
0 0
0 0
0 0
0 0
0 0
0 0
0 0
0 0
0 0
0 0
0 0
0 0
0 0
0 0
0 0
0 0
0 0
0 0
0 0
0 0
0 0
0 0
0 0
0 0
0 0
0 0
0 0
0 0
0 0
0 0
0 0
0 0
0 0
0 0
0 0
0 0
0 0
0 0
0 0
0 0
0 0
0 0
0 0
0 0
0 0
0 0
0 0
0 0
0 0
0 0
0 0
0 0
0 0
0 0
0 0
0 0
0 0
0 0
0 0
0 0
0 0
0 0
0 0
0 0
0 0
0 0
0 0
0 0
0 0
0 0
0 0
0 0
0 0
0 0
0 0
0 0
0 0
0 0
0 0
0 0
0 0
0 0
0 0
0 0
0 0
0 0
0 0
0 0
0 0
0 0
0 0
0 0
0 0
0 0
0 0
0 0
0 0
0 0
0 0
0 0
0 0
0 0
0 0
0 0
0 0
0 0
0 0
0 0
0 0
0 0
0 0
0 0
0 0
0 0
0 0
0 0
0 0
0 0
0 0
0 0
0 0
0 0
0 0
0 0
0 0
0 0
0 0
0 0
0 0
0 0
0 0
0 0
0 0
0 0
0 0
0 0
0 0
0 0
0 0
0 0
0 0
0 0
0 0
0 0
0 0
0 0
0 0
0 0
0 0
0 0
0 0
0 0
0 0
0 0
0 0
0 0
0 0
0 0
0 0
0 0
0 0
0 0
0 0
0 0
0 0
0 0
0 0
0 0
0 0
0 0
0 0
0 0
0 0
0 0
0 0
0 0
0 0
0 0
0 0
0 0
0 0
0 0
0 0
0 0
0 0
0 0
0 0
0 0
0 0
0 0
0 0
0 0
0 0
0 0
0 0
0 0
0 0
0 0
0 0
0 0
0 0
0 0
0 0
0 0
281474976710720 0
281492157628416 0
17180917824 0
562949953421440 0
562984315256832 0
34361835648 0
1125899906842880 0
1125968630513664 0
68723671296 0
2251799813685760 0
2251937261027328 0
137447342592 0
4503599627371520 0
4503874522054656 0
274894685184 0
9007199254743040 0
9007749044109312 0
549789370368 0
18014398509486080 0
18015498088218624 0
1099578740736 0
36028797018972160 0
36030996176437248 0
2199157481472 0
268451840 0
4398314946561 0
4398046527489 0
536903680 0
8796629893122 0
8796093054978 0
1073807360 0
17593259786244 0
17592186109956 0
2147614720 0
35186519572488 0
35184372219912 0
4295229440 0
70373039144976 0
70368744439824 0
8590458880 0
140746078289952 0
140737488879648 0
17180917760 0
281492156579904 0
281474977759296 0
34361835520 0
562984313159808 0
562949955518592 0
68723671040 0
1125968626319616 0
1125899911037184 0
137447342080 0
2251937252639232 0
2251799822074368 0
274894684160 0
4503874505278464 0
4503599644148736 0
549789368320 0
9007749010556928 0
9007199288297472 0
1099578736640 0
18015498021113856 0
18014398576594944 0
2199157473280 0
36030996042227712 0
36028797153189888 0
4398046511105 0
4398314962944 0
268451841 0
8796093022210 0
8796629925888 0
536903682 0
17592186044420 0
17593259851776 0
1073807364 0
35184372088840 0
35186519703552 0
2147614728 0
70368744177680 0
70373039407104 0
4295229456 0
140737488355360 0
140746078814208 0
8590458912 0
144423051466899970 811597827
468400887502569472 4194307
324540786257527298 807403520
288846102665364485 1623195654
864744181235646464 8388614
577023978477126661 1614807040
577692205330728970 3246391308
1729488362471292928 16777228
1154047956954253322 3229614080
1155384410661457940 6492782616
3458976724942585856 33554456
2308095913908506644 6459228160
2310768821322915880 12985565232
6917953449885171712 67108912
4616191827817013288 12918456320
4621537642645831760 25971130464
13835906899770343424 134217824
9232383655634026576 25836912640
9243075285291663520 51942260928
9225069725831135232 268435649
18023237558501536 51673825281
39406496873775424 103884521857
3395377952718848 536871299
36046475117003072 103347650562
6755399709622913 207769043714
6790755637002241 1073742598
35356464513664 206695301124
13510799419245826 415538087428
13581511274004482 2147485196
70712929027328 413390602248
27021598838491652 831076174856
27163022548008964 4294970392
141425858054656 826781204496
54043197676983304 1662152349712
54326045096017928 8589940784
282851716109312 1653562408992
36028801584474128 3324304699424
36594496154107921 17179881568
565703163783169 3307124817984
9399455776 6648609398848
1131398270287907 34359763136
1131406059130883 6614249635968
18798911552 13297218797696
2262796540575814 68719526272
2262812118261766 13228499271936
37597823104 26594437595392
4525593081151628 137439052544
4525624236523532 26456998543872
75195646208 53188875190784
9051186162303256 274878105088
9051248473047064 52913997087744
150391292416 106377750381568
18102372324606512 549756210176
18102496946094128 105827994175488
300782584832 212755500763136
36204744649213024 1099512420352
36204993892188256 211655988350976
72058195334662145 144036024815616
72409489566861504 2199023792128
352393746448577 141837001039872
216173984707252226 6597072920576
216876573171650944 4398046535680
704787492897154 2199026417664
432347969414504452 13194145841152
433753146343301888 8796093071360
1409574985794308 4398052835328
864695938829008904 26388291682304
867506292686603776 17592186142720
2819149971588616 8796105670656
1729391877658017808 52776583364608
1735012585373207552 35184372285440
5638299943177232 17592211341312
3458783755316035616 105553166729216
3470025170746415104 70368744570880
11276599886354464 35184422682624
6917567510632071232 211106333458432
6940050341492830208 140737489141760
22553199772708928 70368845365248
13835135021264142464 140737691254784
13952158277023588352 1572864
117163993583345792 140737689681920
9295583562588225793 405798913
9457572480606060544 2097153
162270393128763649 403701760
292734147594616900 8899176432514
288248158406836864 8934068879744
4521210067092164 241059267074
585468295189233800 17798352865028
576496316813673728 17868137759488
9042420134184328 482118534148
1170936590378467600 35596705730056
1152992633627347456 35736275518976
18084840268368656 964237068296
2341873180756935200 71193411460112
2305985267254694912 71472551037952
36169680536737312 1928474136592
4611688767475942465 142386822920224
4611970534240954369 142945102075904
281767303982144 3856948273184
9223377534951884930 3298670178368
9295998662519836674 4415227441152
72621128645892224 7713895497792
10996194218244 6597340356737
145253251330121732 8830454882305
145242257291784448 15427790995584
21992388436488 13194680713474
290506502660243464 17660909764610
290484514583568896 30855581991168
43984776872976 26389361426948
581013005320486928 35321819529220
580969029167137792 61711163982336
87969553745952 52778722853896
1162026010640973856 70643639058440
1161938058334275584 123422327964672
175939107491904 105557445707792
2324052021281947712 141287278116880
2323876116668551168 246844655929344
72409472252911744 211114890367008
4648104042563895424 1099580571680
4719809827375030272 212214335148032
216876538275315969 140754804023360
9296208085396226304 2199160094784
9367562060712132609 142953694633984
505810670588559874 34631336064
217729691120828928 4398319140993
288380047714713602 4432413605889
1011621341177119748 69262672128
435459382241657856 8796638281986
576760095429427204 8864827211778
2023242682354239496 138525344256
870918764483315712 17593276563972
1153520190858854408 17729654423556
4046485364708478992 277050688512
1741837528966631424 35186553127944
2307040381717708816 35459308847112
8092970729416957984 554101377024
3483675057933262848 70373106255888
4614080763435417632 70918617694224
16185941458833915968 1108202754048
6967350115866525696 140746212511776
9228161526870835264 141837235388448
13925138844226715776 2216404459521
13862642637695123457 17449361472
81636573801611393 2199494066241
9403533614743879936 4432808919043
9278541201680695298 34898722945
163273147603222786 4398988132482
288265562008715776 8865617838087
38280735613911045 69797445891
326546294938010117 8797976264964
576531123748996097 17731235676174
4503877458329610 139594891782
581034995838092299 17595952529928
1153062247497992194 35462471352348
9007754916659220 279189783564
1162069991676184598 35191905059856
2306124494995984388 70924942704696
18015509833318440 558379567128
2324139983352369196 70383810119712
4612248989991968776 141849885409392
36031019666636880 1116759134256
4648279966704738392 140767620239424
9296555573753430033 2224794108128
72062039601709216 2233517219936
9224502339371548849 60264816768
146367073797308450 4449588216257
144124079203418432 4467034439872
2260605033546082 120529633537
6989589129941229632 1108136165376
2378252773390034048 1108168675360
4612040078352712896 101716000
13979178259882459264 2216272330752
4756505546780068096 2216337350720
9224080156705425792 203432000
9511612446055366912 4432544661505
9513011093560136192 4432674701440
1416239701299968 406864001
576480818401182208 8865089323011
579278113410720768 8865349402881
2832479402599936 813728002
1152961636802364416 17730178646022
1158556226821441536 17730698805762
5664958805199872 1627456004
2305923273604728832 35460357292044
2317112453642883072 35461397611524
11329917610399744 3254912008
4611846547209457664 70920714584088
4634224907285766144 70922795223048
22659835220799488 6509824016
9223693094418915328 141841429168176
9268449814571532288 141845590446096
45319670441598976 13019648032
642114859843585 2207882674273
90155555701948416 2216204181537
90639340883197953 26038247488
1284229719687170 4415765348546
180311111403896832 4432408363074
181278681766395906 52076494976
2568459170938885 8831530697092
288564629038301184 8864816726148
290499769494863877 104152989952
5136918341877770 17663061394184
577129258076602368 17729633452296
580999538989727754 208305979904
10273836683755540 35326122788368
1154258516153204736 35459266904592
1161999077979455508 416611959808
20547673367511080 70652245576736
2308517032306409472 70918533809184
2323998155958911016 833223919616
41095346735022160 141304491153472
4617034064612818944 141837067618368
4647996311917822032 1666447839232
10133099432116385 1134006644864
9306125722995130369 2199158526080
9295992624104079520 3332894629888
20266198864232770 2268013289728
165507372280709122 4398317052161
145241174498607424 6665789259777
40532397728465540 4536026579456
331014744561418244 8796634104322
290482348997214848 13331578519554
9007201687438600 9072053158912
589971895084908553 17593268208644
580964697725994241 26663157039108
18014403374877200 18144106317824
1179943790169817106 35186536417288
1161929395451988482 53326314078216
36028806749754400 36288212635648
2359887580339634212 70373072834576
2323858790903976964 106652628156432
19730016320 72576425271296
4647717566641340489 140746145669152
4647717581539518473 213305256312864
72057633229525121 145152849494016
9223377539513188498 17315676224
9295435163079036947 145135535915072
216172860496978178 8830722277376
72068599354753316 34630303873
144126252448522278 8796096168065
432345720993956356 17661444554752
144137198709506632 69260607746
288252504897044556 17592192336130
864691441987912712 35322889109504
288274397419013264 138521215492
576505009794089112 35184384672260
1729382883975825424 70645778219008
576548794838026528 277042430984
1153010019588178224 70368769344520
3458765767951650848 141291556438016
1153097589676053056 554084861968
2306020039176356448 140737538689040
4611686018427387904 67112960
4611686018427387904 1099511627776
0 1099578740736
9223372036854775808 134225920
9223372036854775808 2199023255552
0 2199157481472
0 268451841
0 4398046511105
0 4398314962944
0 536903682
0 8796093022210
0 8796629925888
0 1073807364
0 17592186044420
0 17593259851776
0 2147614728
0 35184372088840
0 35186519703552
0 4295229456
0 70368744177680
0 70373039407104
0 8590458912
0 140737488355360
0 140746078814208
72057594037927936 17179869248
0 1048640
72057594037927936 17180917760
144115188075855872 34359738496
0 2097280
144115188075855872 34361835520
288230376151711744 68719476992
0 4194560
288230376151711744 68723671040
576460752303423488 137438953984
0 8389120
576460752303423488 137447342080
1152921504606846976 274877907968
0 16778240
1152921504606846976 274894684160
2305843009213693952 549755815936
0 33556480
2305843009213693952 549789368320
4611686018427387904 1099511631872
0 67112960
4611686018427387904 1099578736640
9223372036854775808 2199023263744
0 134225920
9223372036854775808 2199157473280
0 4398046527489
0 268451840
0 4398314946561
0 8796093054978
0 536903680
0 8796629893122
0 17592186109956
0 1073807360
0 17593259786244
0 35184372219912
0 2147614720
0 35186519572488
0 70368744439824
0 4295229440
0 70373039144976
0 140737488879648
0 8590458880
0 140746078289952
72057594037927936 1048640
72057594037927936 17179869184
0 17180917824
144115188075855872 2097280
144115188075855872 34359738368
0 34361835648
288230376151711744 4194560
288230376151711744 68719476736
0 68723671296
576460752303423488 8389120
576460752303423488 137438953472
0 137447342592
1152921504606846976 16778240
1152921504606846976 274877906944
0 274894685184
2305843009213693952 33556480
2305843009213693952 549755813888
0 549789370368
