448 168 4 56
0 1 56 1 112 1 4398046527488 13835621039595323392 54046494130450432 32 8796093054976 4612530494897127424 18015498155331584 48 13194139582464 9223653529011355648 36030996243554304 16
1 1 57 1 113 1 17592186109952 2251937252638720 216185976521801731 128 35184372219904 3377905878958080 72061992621326337 192 52776558329856 1125968626319360 144123984974217218 64
2 1 58 1 114 1 70368744439808 9007749010554880 864743906087206924 512 140737488879616 13511623515832320 288247970485305348 768 211106233319424 4503874505277440 576495939896868872 256
3 1 59 1 115 1 281474977759232 36030996042219520 3458975624348827696 2048 562949955518464 54046494063329280 1152991881941221392 3072 844424933277696 18015498021109760 2305983759587475488 1024
4 1 60 1 116 1 1125899911036928 144123984168878080 13835902497395310784 8192 2251799822073856 216185976253317120 4611967527764885568 12288 3377699733110784 72061992084439040 9223935038349901952 4096
5 1 61 1 117 1 4503599644147712 576495936675512320 3377768452588288 32771 9007199288295424 864743905013268480 1126037349990656 49153 13510798932443136 288247968337756160 2252005980504576 16386
6 1 62 1 118 1 18014398576590848 2305983746702049280 13511073810353152 131084 36028797153181696 3458975620053073920 4504149399962624 196612 54043195729772544 1152991873351024640 9008023922018304 65544
7 1 63 1 119 1 72057594306363394 9223372036854775808 54044295241412608 524336 144115188612726787 13835058055282163712 18016597599850496 786448 216172782919090177 4611686018427387904 36032095688073216 262176
8 1 64 1 120 1 288230377225453576 0 216177180965650434 2097344 576460754450907148 0 72066390399401987 3145792 864691131676360708 0 144128382752292865 1048704
9 1 65 1 121 1 1152921508901814304 0 864708723862601736 8389376 2305843017803628592 0 288265561597607948 12583168 3458764526705442832 0 576513531009171460 4194816
10 1 66 1 122 1 4611686035607257216 0 3458834895450406944 33557504 9223372071214514368 0 1153062246390431792 50332672 13835058106821771328 0 2306054124036685840 16779264
11 1 67 1 123 1 68719477248 1 13835339581801627776 134230016 137438954240 2 4612248985561727168 201330688 206158430464 3 9224216496146743360 67117056
12 1 68 1 124 1 274877908992 4 1126106077856256 536920067 549755816960 8 2251868537357056 805322753 824633721856 12 3377837167870208 268468226
13 1 69 1 125 1 1099511635968 16 4504424311425024 2147680268 2199023267840 32 9007474149428224 3221291012 3298534887424 48 13511348671480832 1073872904
14 1 70 1 126 1 4398046543872 562949953421376 18017697245700096 786480 8796093071360 844424930132096 36029896597712896 262160 13194139549696 281474976710848 54045394685923328 524320
15 1 71 1 127 1 17592186175488 2251799813685504 72070788982800384 3145920 35184372285440 3377699720528384 144119586390851584 1048640 52776558198784 1125899906843392 216181578743693312 2097280
16 1 72 1 128 1 70368744701952 9007199254742016 288283155931201536 12583680 140737489141760 13510798882113536 576478345563406336 4194560 211106232795136 4503599627373568 864726314974773248 8389120
17 1 73 1 129 1 281474978807808 36028797018968064 1153132623724806144 50334720 562949956567040 54043195528454144 2305913382253625344 16778240 844424931180544 18014398509494272 3458905259899092992 33556480
18 1 74 1 130 1 1125899915231232 144115188075872256 4612530494899224576 201338880 2251799826268160 216172782113816576 9223653529014501376 67112960 3377699724722176 72057594037977088 13835621039596371968 134225920
19 1 75 1 131 1 4503599660924928 576460752303489024 3377905887346688 805355521 9007199305072640 864691128455266304 1125968638902272 268451842 13510798898888704 288230376151908352 2251937256833024 536903683
20 1 76 1 132 1 18014398643699712 2305843009213956096 13511623549386752 3221422084 36028797220290560 3458764513821065216 4503874555609088 1073807368 54043195595554816 1152921504607633408 9007749027332096 2147614732
21 1 77 1 133 1 72057594574798848 9224216461785956352 54046494197547008 786448 144115188881162240 13835339530260971520 18015498222436352 262176 216172782382219264 4612248968383954944 36030996109328384 524336
22 1 78 1 134 1 288230378299195392 3377699724722176 216185976790188034 3145792 576460755524648960 1125899915231232 72061992889745411 1048704 864691129528877056 2251799826268160 144123984437313537 2097344
23 1 79 1 135 1 1152921513196781568 13510798898888704 864743907160752136 12583168 2305843022098595840 4503599660924928 288247971558981644 4194816 3458764518115508224 9007199305072640 576495937749254148 8389376
24 1 80 1 136 1 4611686052787126272 54043195595554816 3458975628643008544 50332672 9223372088394383360 18014398643699712 1152991886235926576 16779264 13835058072462032896 36028797220290560 2305983750997016592 33557504
25 1 81 1 137 1 137438953472 216172782382219265 13835902514572034176 201330688 206158430208 72057594574798850 4611967544943706304 67117056 68719476736 144115188881162243 9223935003988066368 134230016
26 1 82 1 138 1 549755813888 864691129528877060 3377837159481856 805322755 824633720832 288230378299195400 1126106065273600 268468225 274877906944 576460755524648972 2251868533162240 536920066
27 1 83 1 139 1 2199023255552 3458764518115508240 13511348637927424 3221291020 3298534883328 1152921513196781600 4504424261094400 1073872900 1099511627776 2305843022098595888 9007474132648960 2147680264
28 1 84 1 140 1 8796093022208 13835902497392164928 54045394551709696 262192 13194139533312 4611967527763837056 18017697044377600 524304 4398046511104 9223935038347804864 36029896530595840 786464
29 1 85 1 141 1 35184372088832 3377768440004864 216181578206838787 1048768 52776558133248 1126037345796608 72070788177510401 2097216 17592186044416 2252005972116224 144119586122383362 3145856
30 1 86 1 142 1 140737488355328 13511073760019456 864726312827355148 4195072 211106232532992 4504149383186432 288283152710041604 8388864 70368744177664 9008023888464896 576478344489533448 12583424
31 1 87 1 143 1 562949953421312 54044295040077824 3458905251309420592 16780288 844424930131968 18016597532745728 1153132610840166416 33555456 281474976710656 36032095553859584 2305913377958133792 50333696
32 1 88 1 144 1 2251799813685248 216177180160311296 13835621005237682368 67121152 3377699720527872 72066390130982912 4612530443360665664 134221824 1125899906842624 144128382215438336 9223653511832535168 201334784
33 1 89 1 145 1 9007199254740992 864708720641245184 2251799822074624 268484611 13510798882111488 288265560523931648 3377699733111040 536887297 4503599627370496 576513528861753344 1125899911037440 805339138
34 1 90 1 146 1 36028797018963968 3458834882564980736 9007199288298496 1073938444 54043195528445952 1153062242095726592 13510798932444160 2147549188 18014398509481984 2306054115447013376 4503599644149760 3221356552
35 1 91 1 147 1 144115188075855873 13835339530259922944 36028797153193984 786480 216172782113783810 4612248968382906368 54043195729776640 262160 72057594037927939 9224216461788053504 18014398576599040 524320
36 1 92 1 148 1 576460752303423492 1125899911036928 144115188612775939 3145920 864691128455135240 2251799822073856 216172782919106561 1048640 288230376151711756 3377699733110784 72057594306396162 2097280
37 1 93 1 149 1 2305843009213693968 4503599644147712 576460754451103756 12583680 3458764513820540960 9007199288295424 864691131676426244 4194560 1152921504606847024 13510798932443136 288230377225584648 8389120
38 1 94 1 150 1 9223372036854775872 18014398576590848 2305843017804415024 50334720 13835058055282163840 36028797153181696 3458764526705704976 16778240 4611686018427388096 54043195729772544 1152921508902338592 33556480
39 1 95 1 151 1 256 72057594306363394 9223372071217660096 201338880 512 144115188612726787 13835058106822819904 67112960 768 216172782919090177 4611686035609354368 134225920
40 1 96 1 152 1 1024 288230377225453576 137451537152 805355522 2048 576460754450907148 206162624768 268451843 3072 864691131676360708 68727865856 536903681
41 1 97 1 153 1 4096 1152921508901814304 549806148608 3221422088 8192 2305843017803628592 824650499072 1073807372 12288 3458764526705442832 274911463424 2147614724
42 1 98 1 154 1 16384 4612530460537389184 2199224594432 786464 32768 9223653546191225024 3298601996288 262192 49152 13835621056775192640 1099645853696 524304
43 1 99 1 155 1 65536 3377768440005120 8796898377729 3145856 131072 1126037345796864 13194407985154 1048768 196608 2252005972115712 4398583414787 2097216
44 1 100 1 156 1 262144 13511073760020480 35187593510916 12583424 524288 4504149383187456 52777631940616 4195072 786432 9008023888462848 17594333659148 8388864
45 1 101 1 157 1 1048576 54044295040081920 140750374043664 50333696 2097152 18016597532749824 211110527762464 16780288 3145728 36032095553851392 70377334636592 33555456
46 1 102 1 158 1 4194304 216177180160327680 563001496174656 201334784 8388608 72066390130999296 844442111049856 67121152 12582912 144128382215405568 281509338546368 134221824
47 1 103 1 159 1 16777216 864708720641310720 2252005984698624 805339136 33554432 288265560523997184 3377768444199424 268484608 50331648 576513528861622272 1126037354185472 536887296
48 1 104 1 160 1 67108864 3458834882565242880 9008023938794496 3221356544 134217728 1153062242095988736 13511073776797696 1073938432 201326592 2306054115446489088 4504149416741888 2147549184
49 1 105 1 161 1 268435457 13835902480214392832 36032095755177984 524288 536870914 4611967493407244288 54044295107190784 786432 805306371 9223934986809245696 18016597666967552 262144
50 1 106 1 162 1 1073741828 3377699728916480 144128383020711939 2097152 2147483656 1125899919425536 216177180428763137 3145728 3221225484 2251799817879552 72066390667870210 1048576
51 1 107 1 163 1 4294967312 13510798915665920 576513532082847756 8388608 8589934624 4503599677702144 864708721715052548 12582912 12884901936 9007199271518208 288265562671480840 4194304
52 1 108 1 164 1 17179869248 54043195662663680 2306054128331391024 33554432 34359738496 18014398710808576 3458834886860210192 50331648 51539607744 36028797086072832 1153062250685923360 16777216
53 1 109 1 165 1 68719476992 216172782650654720 9224216513325564096 134217728 137438953984 72057594843234304 13835339547440840768 201326592 206158430976 144115188344291328 4612249002743693440 67108864
54 1 110 1 166 1 274877907968 864691130602618880 3377905883153152 536870914 549755815936 288230379372937216 1125968634708224 805306371 824633723904 576460753377165312 2251937265222144 268435457
55 1 111 1 167 1 1099511631872 3458764522410475520 13511623532612608 2147483656 2199023263744 1152921517491748864 4503874538832896 3221225484 3298534895616 2305843013508661248 9007749060888576 1073741828
8 1 69 1 119 1 216177180697165825 13835058072465178688 36028797018963968 262160 72066390936256514 4611686052788174976 54043195528445952 524320 144128382483824643 9223372088396480704 18014398509481984 786480
9 1 70 1 120 1 864708722788663300 68732059904 144115188075855875 1048640 288265563745026056 137443148288 216172782113783809 2097280 576513529935298572 206166819584 72057594037927938 3145920
10 1 71 1 121 1 3458834891154653200 274928239616 576460752303423500 4194560 1153062254980104224 549772593152 864691128455135236 8389120 2306054119741194288 824667278336 288230376151711752 12583680
11 1 72 1 122 1 13835339564618612800 1099712958464 2305843009213694000 16778240 4612249019920416896 2199090372608 3458764513820540944 33556480 9224216478964777152 3298669113344 1152921504606847008 50334720
12 1 73 1 123 1 1126037345796352 4398851833859 9223372036854776000 67112960 2252005972115968 8796361490433 13835058055282163776 134225920 3377768440005376 13194676453378 4611686018427388032 201338880
13 1 74 1 124 1 4504149383185408 17595407335436 768 268451842 9008023888463872 35185445961732 256 536903683 13511073760021504 52778705813512 512 805355521
14 1 75 1 125 1 18016597532741632 70381629341744 3072 1073807368 36032095553855488 140741783846928 1024 2147614732 54044295040086016 211114823254048 2048 3221422084
15 1 76 1 126 1 72066390130966529 281526517366976 12288 262176 144128382215421954 562967135387712 4096 524336 216177180160344067 844459293016192 8192 786448
16 1 77 1 127 1 288265560523866116 1126106069467904 49152 1048704 576513528861687816 2251868541550848 16384 2097344 864708720641376268 3377837172064768 32768 3145792
17 1 78 1 128 1 1153062242095464464 4504424277871616 196608 4194816 2306054115446751264 9007474166203392 65536 8389376 3458834882565505072 13511348688259072 131072 12583168
18 1 79 1 129 1 4612248968381857856 18017697111486464 786432 16779264 9224216461787005056 36029896664813568 262144 33557504 13835339530262020288 54045394753036288 524288 50332672
19 1 80 1 130 1 2251799817879808 72070788445945857 3145728 67117056 3377699728916992 144119586659254274 1048576 134230016 1125899919426304 216181579012145155 2097152 201330688
20 1 81 1 131 1 9007199271519232 288283153783783428 12582912 268468224 13510798915667968 576478346637017096 4194304 536920064 4503599677705216 864726316048580620 8388608 805322752
21 1 82 1 132 1 36028797086076928 1153132615135133712 50331648 1073872896 54043195662671872 2305913386548068384 16777216 2147680256 18014398710820864 3458905264194322480 33554432 3221291008
22 1 83 1 133 1 144115188344307715 4611967510587113536 201326592 524288 216172782650687489 9223935021168984192 67108864 786432 72057594843283458 13835902531754000576 134217728 262144
23 1 84 1 134 1 576460753377230860 1125968638902528 805306369 2097152 864691130602749956 2251937256833536 268435458 3145728 288230379373133832 3377905887347456 536870915 1048576
24 1 85 1 135 1 2305843013508923440 4503874555610112 3221225476 8388608 3458764522410999824 9007749027334144 1073741832 12582912 1152921517492535328 13511623549389824 2147483660 4194304
25 1 86 1 136 1 9223372054035693760 18015498222440448 12884901904 33554432 13835058089643999296 36030996109336576 4294967328 50331648 4611686069970141312 54046494197559296 8589934640 16777216
26 1 87 1 137 1 68723671808 72061992889761794 51539607616 134217728 137447342336 144123984437346307 17179869312 201326592 206171013632 216185976790237185 34359738560 67108864
27 1 88 1 138 1 274894687232 288247971559047176 206158430464 536870912 549789369344 576495937749385228 68719477248 805306368 824684054528 864743907160948740 137438954240 268435456
28 1 89 1 139 1 1099578748928 1152991886236188704 824633721856 2147483648 2199157477376 2305983750997540912 274877908992 3221225472 3298736218112 3458975628643794960 549755816960 1073741824
29 1 90 1 140 1 4398314995713 4612249019921465472 3298534887424 0 8796629909506 9224216478966874304 1099511635968 0 13194944872451 13835339564621758528 2199023267840 0
30 1 91 1 141 1 17593259982852 2252005976310272 13194139549697 0 35186519638024 3377768448393984 4398046543874 0 52779779489804 1126037358379264 8796093071363 0
31 1 92 1 142 1 70373039931408 9008023905241088 52776558198788 0 140746078552096 13511073793575936 17592186175496 0 211119117959216 4504149433517056 35184372285452 0
32 1 93 1 143 1 281492159725632 36032095620964352 211106232795152 0 562984314208384 54044295174303744 70368744701984 0 844476471836864 18016597734068224 140737489141808 0
33 1 94 1 144 1 1125968638902528 144128382483857408 844424931180608 0 2251937256833536 216177180697214976 281474978807936 0 3377905887347456 72066390936272896 562949956567232 0
34 1 95 1 145 1 4503874555610112 576513529935429632 3377699724722432 0 9007749027334144 864708722788859904 1125899915231744 0 13511623549389824 288265563745091584 2251799826268928 0
35 1 96 1 146 1 18015498222440448 2306054119741718528 13510798898889728 0 36030996109336576 3458834891155439616 4503599660926976 0 54046494197559296 1153062254980366336 9007199305075712 0
36 1 97 1 147 1 72061992889761795 9223372054036742144 54043195595558912 0 144123984437346305 13835058089645047808 18014398643707904 0 216185976790237186 4611686069968044032 36028797220302848 0
37 1 98 1 148 1 288247971559047180 68727865344 216172782382235650 0 576495937749385220 137451536384 72057594574831619 0 864743907160948744 206162624512 144115188881211393 0
38 1 99 1 149 1 1152991886236188720 274911461376 864691129528942600 0 2305983750997540880 549806145536 288230378299326476 0 3458975628643794976 824650498048 576460755524845572 0
39 1 100 1 150 1 4611967544944754880 1099645845504 3458764518115770400 0 9223935003990163520 2199224582144 1152921513197305904 0 13835902514575179904 3298601992192 2305843022099382288 0
40 1 101 1 151 1 1126106069467904 4398583382017 13835058072463081600 0 2251868541550848 8796898328578 4611686052789223616 0 3377837172064768 13194407968771 9223372088397529152 0
41 1 102 1 152 1 4504424277871616 17594333528068 68723671552 3 9007474166203392 35187593314312 137447342848 1 13511348688259072 52777631875084 206171013376 2
42 1 103 1 153 1 18017697111486464 70377334112272 274894686208 12 36029896664813568 140750373257248 549789371392 4 54045394753036288 211110527500336 824684053504 8
43 1 104 1 154 1 72070788445945857 34359738432 1099578744832 48 144119586659254274 51539607680 2199157485568 16 216181579012145155 17179869376 3298736214016 32
44 1 105 1 155 1 288283153783783428 137438953728 4398314979328 192 576478346637017096 206158430720 8796629942272 64 864726316048580620 68719477504 13194944856064 128
45 1 106 1 156 1 1153132615135133712 549755814912 17593259917312 768 2305913386548068384 824633722880 35186519769088 256 3458905264194322480 274877910016 52779779424256 512
46 1 107 1 157 1 4612530460540534848 2199023259648 70373039669248 3072 9223653546192273536 3298534891520 140746079076352 1024 13835621056777289920 1099511640064 211119117697024 2048
47 1 108 1 158 1 3377768452587776 8796093038593 281492158676992 12288 1126037349990912 13194139566082 562984316305408 4096 2252005980504832 4398046560259 844476470788096 8192
48 1 109 1 159 1 13511073810351104 35184372154372 1125968634707968 49152 4504149399963648 52776558264328 2251937265221632 16384 9008023922019328 17592186241036 3377905883152384 32768
49 1 110 1 160 1 54044295241404416 140737488617488 4503874538831872 196608 18016597599854592 211106233057312 9007749060886528 65536 36032095688077312 70368744964144 13511623532609536 131072
50 1 111 1 161 1 216177180965617666 1048640 18015498155327488 786432 72066390399418371 2097280 36030996243546112 262144 144128382752309249 3145920 54046494130438144 524288
51 1 56 1 162 1 864708723862470664 4194560 72061992621309952 3145728 288265561597673484 8389120 144123984974184448 1048576 576513531009236996 12583680 216185976521752576 2097152
52 1 57 1 163 1 3458834895449882656 16778240 288247970485239808 12582912 1153062246390693936 33556480 576495939896737792 4194304 2306054124036947984 50334720 864743906087010304 8388608
53 1 58 1 164 1 13835339581799530624 67112960 1152991881940959232 50331648 4612248985562775744 134225920 2305983759586951168 16777216 9224216496147791936 201338880 3458975624348041216 33554432
54 1 59 1 165 1 1126106069467648 268451843 4611967527763836928 201326592 2251868541551360 536903681 9223935038347804672 67108864 3377837172064512 805355522 13835902497392164864 134217728
55 1 60 1 166 1 4504424277870592 1073807372 1126037345796096 805306369 9007474166205440 2147614724 2252005972115456 268435458 13511348688258048 3221422088 3377768440004608 536870915
0 1 61 1 167 1 18017697111482368 4295229488 4504149383184384 3221225476 36029896664821760 8590458896 9008023888461824 1073741832 54045394753032192 12885688352 13511073760018432 2147483660
1 1 62 1 112 1 72070788445929472 844442111049920 18016597532737536 16 144119586659287040 281509338546240 36032095553847296 32 216181579012128768 563001496174720 54044295040073728 48
2 1 63 1 113 1 288283153783717888 3377768444199680 72066390130950144 64 576478346637148160 1126037354184960 144128382215389184 128 864726316048515072 2252005984698880 216177180160294912 192
3 1 64 1 114 1 1153132615134871552 13511073776798720 288265560523800576 256 2305913386548592640 4504149416739840 576513528861556736 512 3458905264194060288 9008023938795520 864708720641179648 768
4 1 65 1 115 1 4612530460539486208 54044295107194880 1153062242095202304 1024 9223653546194370560 18016597666959360 2306054115446226944 2048 13835621056776241152 36032095755182080 3458834882564718592 3072
5 1 66 1 116 1 3377768448393216 216177180428779521 4612248968380809216 4096 1126037358379008 72066390667837442 9224216461784907776 8192 2252005976309760 144128383020728323 13835339530258874368 12288
6 1 67 1 117 1 13511073793572864 864708721715118084 2251799813685248 16385 4504149433516032 288265562671349768 3377699720527872 32770 9008023905239040 576513532082913292 1125899906842624 49155
7 1 68 1 118 1 54044295174291456 3458834886860472336 9007199254740992 65540 18016597734064128 1153062250685399072 13510798882111488 131080 36032095620956160 2306054128331653168 4503599627370496 196620
8 1 84 1 139 1 216185976790220802 9223653546194370624 54044295174295552 262176 72061992889794563 13835621056776241280 18016597734072320 524336 144123984437329921 4612530460539486400 36032095620968448 786448
9 1 85 1 140 1 864743907160883208 1126037358379264 216177180697182210 1048704 288247971559178252 2252005976310272 72066390936289283 2097344 576495937749319684 3377768448393984 144128382483873793 3145792
10 1 86 1 141 1 3458975628643532832 4504149433517056 864708722788728840 4194816 1152991886236713008 9008023905241088 288265563745157132 8389376 2305983750997278736 13511073793575936 576513529935495172 12583168
11 1 87 1 142 1 13835902514574131328 18016597734068224 3458834891154915360 16779264 4611967544946852032 36032095620964352 1153062254980628528 33557504 9223935003989114944 54044295174303744 2306054119741980688 50332672
12 1 88 1 143 1 3377837167870464 72066390936272899 13835339564619661440 67117056 1126106077856512 144128382483857409 4612249019922514112 134230016 2251868537356544 216177180697214978 9224216478967922752 201330688
13 1 89 1 144 1 13511348671481856 288265563745091596 1126037349990912 268468227 4504424311426048 576513529935429636 2252005980504832 536920065 9007474149426176 864708722788859912 3377768452587776 805322754
14 1 90 1 145 1 54045394685927424 1153062254980366384 4504149399963648 1073872908 18017697245704192 2306054119741718544 9008023922019328 2147680260 36029896597704704 3458834891155439648 13511073810351104 3221291016
15 1 91 1 146 1 216181578743709698 4611967544944754880 18016597599854592 524336 72070788982816771 9223935003990163520 36032095688077312 786448 144119586390818817 13835902514575179904 54044295241404416 262176
16 1 92 1 147 1 864726314974838792 1126106069467904 72066390399418369 2097344 288283155931267084 2251868541550848 144128382752309250 3145792 576478345563275268 3377837172064768 216177180965617667 1048704
17 1 93 1 148 1 3458905259899355168 4504424277871616 288265561597673476 8389376 1153132623725068336 9007474166203392 576513531009237000 12583168 2305913382253101072 13511348688259072 864708723862470668 4194816
18 1 94 1 149 1 13835621039597420672 18017697111486464 1153062246390693904 33557504 4612530494900273344 36029896664813568 2306054124036948000 50332672 9223653529012404288 54045394753036288 3458834895449882672 16779264
19 1 95 1 150 1 2251937261027840 72070788445945859 4612248985562775616 134230016 3377905891541760 144119586659254273 9224216496147792000 201330688 1125968630513920 216181579012145154 13835339581799530688 67117056
20 1 96 1 151 1 9007749044111360 288283153783783436 2251868541550848 536920065 13511623566167040 576478346637017092 3377837172064768 805322754 4503874522055680 864726316048580616 1126106069467904 268468227
21 1 97 1 152 1 36030996176445440 1153132615135133744 9007474166203392 2147680260 54046494264668160 2305913386548068368 13511348688259072 3221291016 18015498088222720 3458905264194322464 4504424277871616 1073872908
22 1 98 1 153 1 144123984705781763 4612248985563824320 36029896664813568 786448 216185977058672641 9224216496145694784 54045394753036288 262176 72061992352890882 13835339581800579200 18017697111486464 524336
23 1 99 1 154 1 576495938823127052 2251868545745664 144119586659254273 3145792 864743908234690564 3377837163675904 216181579012145154 1048704 288247969411563528 1126106073661952 72070788445945859 2097344
24 1 100 1 155 1 2305983755292508208 9007474182982656 576478346637017092 12583168 3458975632938762256 13511348654703616 864726316048580616 4194816 1152991877646254112 4504424294647808 288283153783783436 8389376
25 1 101 1 156 1 9223935021170032832 36029896731930624 2305913386548068368 50332672 13835902531755049024 54045394618814464 3458905264194322464 16779264 4611967510585016448 18017697178591232 1153132615135133744 33557504
26 1 102 1 157 1 2251937261028096 144119586927722498 9223653546192273472 201330688 3377905891541248 216181578475257859 13835621056777289856 67117056 1125968630514176 72070788714364929 4612530460540534976 134230016
27 1 103 1 158 1 9007749044112384 576478347710889992 1126037349990656 805322754 13511623566164992 864726313901031436 2252005980504576 268468227 4503874522056704 288283154857459716 3377768452588288 536920065
28 1 104 1 159 1 36030996176449536 2305913390843559968 4504149399962624 3221291016 54046494264659968 3458905255604125744 9008023922018304 1073872908 18015498088226816 1153132619429838864 13511073810353152 2147680260
29 1 105 1 160 1 144123984705798145 9224216513327661184 18016597599850496 262176 216185977058639874 13835339547439792320 36032095688073216 524336 72061992352907267 4612249002742644800 54044295241412608 786448
30 1 106 1 161 1 576495938823192580 3377905891541504 72066390399401986 1048704 864743908234559496 1125968630514432 144128382752292867 2097344 288247969411629068 2251937261027584 216177180965650433 3145792
31 1 107 1 162 1 2305983755292770320 13511623566166016 288265561597607944 4194816 3458975632938237984 4503874522057728 576513531009171468 8389376 1152991877646516272 9007749044110336 864708723862601732 12583168
32 1 108 1 163 1 9223935021171081280 54046494264664064 1153062246390431776 16779264 13835902531752951936 18015498088230912 2306054124036685872 33557504 4611967510586065088 36030996176441344 3458834895450406928 50332672
33 1 109 1 164 1 2251937265221888 216185977058656258 4612248985561727104 67117056 3377905883152896 72061992352923651 9224216496146743488 134230016 1125968634708736 144123984705765377 13835339581801627712 201330688
34 1 110 1 165 1 9007749060887552 864743908234625032 2251868537356800 268468225 13511623532611584 288247969411694604 3377837167870720 536920066 4503874538834944 576495938823061508 1126106077856000 805322755
35 1 111 1 166 1 36030996243550208 3458975632938500128 9007474149427200 1073872900 54046494130446336 1152991877646778416 13511348671482880 2147680264 18015498155339776 2305983755292246032 4504424311424000 3221291020
36 1 56 1 167 1 144123984974200835 13835339581800579200 36029896597708800 524304 216185976521785345 4612248985563824320 54045394685931520 786464 72061992621359106 9224216496145694784 18017697245696000 262192
37 1 57 1 112 1 576495939896803340 1126106073661952 144119586390835203 2097216 864743906087141380 2251868545745664 216181578743726081 3145856 288247970485436424 3377837163675904 72070788982784002 1048768
38 1 58 1 113 1 2305983759587213360 4504424294647808 576478345563340812 8388864 3458975624348565520 9007474182982656 864726314974904324 12583424 1152991881941745696 13511348654703616 288283155931136008 4195072
39 1 59 1 114 1 9223935038348853440 18017697178591232 2305913382253363248 33555456 13835902497394262080 36029896731930624 3458905259899617296 50333696 4611967527766982784 54045394618814464 1153132623724544032 16780288
40 1 60 1 115 1 2252005976310528 72070788714364930 9223653529013452992 134221824 3377768448393472 144119586927722499 13835621039598469184 201334784 1126037358379520 216181578475257857 4612530494898176128 67121152
41 1 61 1 116 1 9008023905242112 288283154857459720 1125968634708736 536887298 13511073793573888 576478347710889996 2251937265221888 805339139 4504149433518080 864726313901031428 3377905883152896 268484609
42 1 62 1 117 1 36032095620968448 1153132619429838880 4503874538834944 2147549192 54044295174295552 2305913390843559984 9007749060887552 3221356556 18016597734072320 3458905255604125712 13511623532611584 1073938436
43 1 63 1 118 1 144128382483873795 4612249002742644864 18015498155339776 262176 216177180697182209 9224216513327661248 36030996243550208 524336 72066390936289282 13835339547439792192 54046494130446336 786448
44 1 64 1 119 1 576513529935495180 2251937261027840 72061992621359105 1048704 864708722788728836 3377905891541760 144123984974200834 2097344 288265563745157128 1125968630513920 216185976521785347 3145792
45 1 65 1 120 1 2306054119741980720 9007749044111360 288247970485436420 4194816 3458834891154915344 13511623566167040 576495939896803336 8389376 1153062254980628512 4503874522055680 864743906087141388 12583168
46 1 66 1 121 1 9224216478967922880 36030996176445440 1152991881941745680 16779264 13835339564619661376 54046494264668160 2305983759587213344 33557504 4612249019922514048 18015498088222720 3458975624348565552 50332672
47 1 67 1 122 1 3377768452588288 144123984705781762 4611967527766982720 67117056 1126037349990656 216185977058672643 9223935038348853376 134230016 2252005980504576 72061992352890881 13835902497394262208 201330688
48 1 68 1 123 1 13511073810353152 576495938823127048 1126037358379264 268468225 4504149399962624 864743908234690572 2252005976310272 536920066 9008023922018304 288247969411563524 3377768448393984 805322755
49 1 69 1 124 1 54044295241412608 2305983755292508192 4504149433517056 1073872900 18016597599850496 3458975632938762288 9008023905241088 2147680264 36032095688073216 1152991877646254096 13511073793575936 3221291020
50 1 70 1 125 1 216177180965650434 9223653546193322112 18016597734068224 524304 72066390399401987 13835621056778338496 36032095620964352 786464 144128382752292865 4612530460538437696 54044295174303744 262192
51 1 71 1 126 1 864708723862601736 1126037354185216 72066390936272898 2097216 288265561597607948 2252005984699136 144128382483857411 3145856 576513531009171460 3377768444199168 216177180697214977 1048768
52 1 72 1 127 1 3458834895450406944 4504149416740864 288265563745091592 8388864 1153062246390431792 9008023938796544 576513529935429644 12583424 2306054124036685840 13511073776796672 864708722788859908 4195072
53 1 73 1 128 1 13835339581801627776 18016597666963456 1153062254980366368 33555456 4612248985561727168 36032095755186176 2306054119741718576 50333696 9224216496146743360 54044295107186688 3458834891155439632 16780288
54 1 74 1 129 1 1126106077856256 72066390667853827 4612249019921465472 134221824 2251868537357056 144128383020744705 9224216478966874304 201334784 3377837167870208 216177180428746754 13835339564621758528 67121152
55 1 75 1 130 1 4504424311425024 288265562671415308 2252005976310272 536887297 9007474149428224 576513532082978820 3377768448393984 805339138 13511348671480832 864708721714987016 1126037358379264 268484611
0 1 76 1 131 1 18017697245700096 1153062250685661232 9008023905241088 2147549188 36029896597712896 2306054128331915280 13511073793575936 3221356552 54045394685923328 3458834886859948064 4504149433517056 1073938444
1 1 77 1 132 1 72070788982800386 4612249002742644928 36032095620964352 262160 144119586390851587 9224216513327661120 54044295174303744 524320 216181578743693313 13835339547439792256 18016597734068224 786480
2 1 78 1 133 1 288283155931201544 2251937261028096 144128382483857409 1048640 576478345563406348 3377905891541248 216177180697214978 2097280 864726314974773252 1125968630514176 72066390936272899 3145920
3 1 79 1 134 1 1153132623724806176 9007749044112384 576513529935429636 4194560 2305913382253625392 13511623566164992 864708722788859912 8389120 3458905259899093008 4503874522056704 288265563745091596 12583680
4 1 80 1 135 1 4612530494899224704 36030996176449536 2306054119741718544 16778240 9223653529014501568 54046494264659968 3458834891155439648 33556480 13835621039596372032 18015498088226816 1153062254980366384 50334720
5 1 81 1 136 1 3377905887347200 144123984705798145 9224216478966874176 67112960 1125968638903040 216185977058639874 13835339564621758592 134225920 2251937256833280 72061992352907267 4612249019921465536 201338880
6 1 82 1 137 1 13511623549388800 576495938823192580 3377768448393472 268451842 4503874555612160 864743908234559496 1126037358379520 536903683 9007749027333120 288247969411629068 2252005976310528 805355521
7 1 83 1 138 1 54046494197555200 2305983755292770320 13511073793573888 1073807368 18015498222448640 3458975632938237984 4504149433518080 2147614732 36030996109332480 1152991877646516272 9008023905242112 3221422084
1 2 63 2 161 2 1 0 0 0 2 0 0 0 3 0 0 0
2 2 64 2 162 2 4 0 0 0 8 0 0 0 12 0 0 0
3 2 65 2 163 2 16 0 0 0 32 0 0 0 48 0 0 0
4 2 66 2 164 2 64 0 0 0 128 0 0 0 192 0 0 0
5 2 67 2 165 2 256 0 0 0 512 0 0 0 768 0 0 0
6 2 68 2 166 2 1024 0 0 0 2048 0 0 0 3072 0 0 0
7 2 69 2 167 2 4096 0 0 0 8192 0 0 0 12288 0 0 0
8 2 70 2 112 2 16384 0 0 0 32768 0 0 0 49152 0 0 0
9 2 71 2 113 2 65536 0 0 0 131072 0 0 0 196608 0 0 0
10 2 72 2 114 2 262144 0 0 0 524288 0 0 0 786432 0 0 0
11 2 73 2 115 2 1048576 0 0 0 2097152 0 0 0 3145728 0 0 0
12 2 74 2 116 2 4194304 0 0 0 8388608 0 0 0 12582912 0 0 0
13 2 75 2 117 2 16777216 0 0 0 33554432 0 0 0 50331648 0 0 0
14 2 76 2 118 2 67108864 0 0 0 134217728 0 0 0 201326592 0 0 0
15 2 77 2 119 2 268435456 0 0 0 536870912 0 0 0 805306368 0 0 0
16 2 78 2 120 2 1073741824 0 0 0 2147483648 0 0 0 3221225472 0 0 0
17 2 79 2 121 2 4294967296 0 0 0 8589934592 0 0 0 12884901888 0 0 0
18 2 80 2 122 2 17179869184 0 0 0 34359738368 0 0 0 51539607552 0 0 0
19 2 81 2 123 2 68719476736 0 0 0 137438953472 0 0 0 206158430208 0 0 0
20 2 82 2 124 2 274877906944 0 0 0 549755813888 0 0 0 824633720832 0 0 0
21 2 83 2 125 2 1099511627776 0 0 0 2199023255552 0 0 0 3298534883328 0 0 0
22 2 84 2 126 2 4398046511104 0 0 0 8796093022208 0 0 0 13194139533312 0 0 0
23 2 85 2 127 2 17592186044416 0 0 0 35184372088832 0 0 0 52776558133248 0 0 0
24 2 86 2 128 2 70368744177664 0 0 0 140737488355328 0 0 0 211106232532992 0 0 0
25 2 87 2 129 2 281474976710656 0 0 0 562949953421312 0 0 0 844424930131968 0 0 0
26 2 88 2 130 2 1125899906842624 0 0 0 2251799813685248 0 0 0 3377699720527872 0 0 0
27 2 89 2 131 2 4503599627370496 0 0 0 9007199254740992 0 0 0 13510798882111488 0 0 0
28 2 90 2 132 2 18014398509481984 0 0 0 36028797018963968 0 0 0 54043195528445952 0 0 0
29 2 91 2 133 2 72057594037927936 0 0 0 144115188075855872 0 0 0 216172782113783808 0 0 0
30 2 92 2 134 2 288230376151711744 0 0 0 576460752303423488 0 0 0 864691128455135232 0 0 0
31 2 93 2 135 2 1152921504606846976 0 0 0 2305843009213693952 0 0 0 3458764513820540928 0 0 0
32 2 94 2 136 2 4611686018427387904 0 0 0 9223372036854775808 0 0 0 13835058055282163712 0 0 0
33 2 95 2 137 2 0 1 0 0 0 2 0 0 0 3 0 0
34 2 96 2 138 2 0 4 0 0 0 8 0 0 0 12 0 0
35 2 97 2 139 2 0 16 0 0 0 32 0 0 0 48 0 0
36 2 98 2 140 2 0 64 0 0 0 128 0 0 0 192 0 0
37 2 99 2 141 2 0 256 0 0 0 512 0 0 0 768 0 0
38 2 100 2 142 2 0 1024 0 0 0 2048 0 0 0 3072 0 0
39 2 101 2 143 2 0 4096 0 0 0 8192 0 0 0 12288 0 0
40 2 102 2 144 2 0 16384 0 0 0 32768 0 0 0 49152 0 0
41 2 103 2 145 2 0 65536 0 0 0 131072 0 0 0 196608 0 0
42 2 104 2 146 2 0 262144 0 0 0 524288 0 0 0 786432 0 0
43 2 105 2 147 2 0 1048576 0 0 0 2097152 0 0 0 3145728 0 0
44 2 106 2 148 2 0 4194304 0 0 0 8388608 0 0 0 12582912 0 0
45 2 107 2 149 2 0 16777216 0 0 0 33554432 0 0 0 50331648 0 0
46 2 108 2 150 2 0 67108864 0 0 0 134217728 0 0 0 201326592 0 0
47 2 109 2 151 2 0 268435456 0 0 0 536870912 0 0 0 805306368 0 0
48 2 110 2 152 2 0 1073741824 0 0 0 2147483648 0 0 0 3221225472 0 0
49 2 111 2 153 2 0 4294967296 0 0 0 8589934592 0 0 0 12884901888 0 0
50 2 56 2 154 2 0 17179869184 0 0 0 34359738368 0 0 0 51539607552 0 0
51 2 57 2 155 2 0 68719476736 0 0 0 137438953472 0 0 0 206158430208 0 0
52 2 58 2 156 2 0 274877906944 0 0 0 549755813888 0 0 0 824633720832 0 0
53 2 59 2 157 2 0 1099511627776 0 0 0 2199023255552 0 0 0 3298534883328 0 0
54 2 60 2 158 2 0 4398046511104 0 0 0 8796093022208 0 0 0 13194139533312 0 0
55 2 61 2 159 2 0 17592186044416 0 0 0 35184372088832 0 0 0 52776558133248 0 0
0 2 62 2 160 2 0 70368744177664 0 0 0 140737488355328 0 0 0 211106232532992 0 0
0 2 69 1 139 1 0 0 0 0 0 0 0 0 0 0 0 0
1 2 70 1 140 1 0 0 0 0 0 0 0 0 0 0 0 0
2 2 71 1 141 1 0 0 0 0 0 0 0 0 0 0 0 0
3 2 72 1 142 1 0 0 0 0 0 0 0 0 0 0 0 0
4 2 73 1 143 1 0 0 0 0 0 0 0 0 0 0 0 0
5 2 74 1 144 1 0 0 0 0 0 0 0 0 0 0 0 0
6 2 75 1 145 1 0 0 0 0 0 0 0 0 0 0 0 0
7 2 76 1 146 1 0 0 0 0 0 0 0 0 0 0 0 0
8 2 77 1 147 1 0 0 0 0 0 0 0 0 0 0 0 0
9 2 78 1 148 1 0 0 0 0 0 0 0 0 0 0 0 0
10 2 79 1 149 1 0 0 0 0 0 0 0 0 0 0 0 0
11 2 80 1 150 1 0 0 0 0 0 0 0 0 0 0 0 0
12 2 81 1 151 1 0 0 0 0 0 0 0 0 0 0 0 0
13 2 82 1 152 1 0 0 0 0 0 0 0 0 0 0 0 0
14 2 83 1 153 1 0 0 0 0 0 0 0 0 0 0 0 0
15 2 84 1 154 1 0 0 0 0 0 0 0 0 0 0 0 0
16 2 85 1 155 1 0 0 0 0 0 0 0 0 0 0 0 0
17 2 86 1 156 1 0 0 0 0 0 0 0 0 0 0 0 0
18 2 87 1 157 1 0 0 0 0 0 0 0 0 0 0 0 0
19 2 88 1 158 1 0 0 0 0 0 0 0 0 0 0 0 0
20 2 89 1 159 1 0 0 0 0 0 0 0 0 0 0 0 0
21 2 90 1 160 1 0 0 0 0 0 0 0 0 0 0 0 0
22 2 91 1 161 1 0 0 0 0 0 0 0 0 0 0 0 0
23 2 92 1 162 1 0 0 0 0 0 0 0 0 0 0 0 0
24 2 93 1 163 1 0 0 0 0 0 0 0 0 0 0 0 0
25 2 94 1 164 1 0 0 0 0 0 0 0 0 0 0 0 0
26 2 95 1 165 1 0 0 0 0 0 0 0 0 0 0 0 0
27 2 96 1 166 1 0 0 0 0 0 0 0 0 0 0 0 0
28 2 97 1 167 1 0 0 0 0 0 0 0 0 0 0 0 0
29 2 98 1 112 1 0 0 0 0 0 0 0 0 0 0 0 0
30 2 99 1 113 1 0 0 0 0 0 0 0 0 0 0 0 0
31 2 100 1 114 1 0 0 0 0 0 0 0 0 0 0 0 0
32 2 101 1 115 1 0 0 0 0 0 0 0 0 0 0 0 0
33 2 102 1 116 1 0 0 0 0 0 0 0 0 0 0 0 0
34 2 103 1 117 1 0 0 0 0 0 0 0 0 0 0 0 0
35 2 104 1 118 1 0 0 0 0 0 0 0 0 0 0 0 0
36 2 105 1 119 1 0 0 0 0 0 0 0 0 0 0 0 0
37 2 106 1 120 1 0 0 0 0 0 0 0 0 0 0 0 0
38 2 107 1 121 1 0 0 0 0 0 0 0 0 0 0 0 0
39 2 108 1 122 1 0 0 0 0 0 0 0 0 0 0 0 0
40 2 109 1 123 1 0 0 0 0 0 0 0 0 0 0 0 0
41 2 110 1 124 1 0 0 0 0 0 0 0 0 0 0 0 0
42 2 111 1 125 1 0 0 0 0 0 0 0 0 0 0 0 0
43 2 56 1 126 1 0 0 0 0 0 0 0 0 0 0 0 0
44 2 57 1 127 1 0 0 0 0 0 0 0 0 0 0 0 0
45 2 58 1 128 1 0 0 0 0 0 0 0 0 0 0 0 0
46 2 59 1 129 1 0 0 0 0 0 0 0 0 0 0 0 0
47 2 60 1 130 1 0 0 0 0 0 0 0 0 0 0 0 0
48 2 61 1 131 1 0 0 0 0 0 0 0 0 0 0 0 0
49 2 62 1 132 1 0 0 0 0 0 0 0 0 0 0 0 0
50 2 63 1 133 1 0 0 0 0 0 0 0 0 0 0 0 0
51 2 64 1 134 1 0 0 0 0 0 0 0 0 0 0 0 0
52 2 65 1 135 1 0 0 0 0 0 0 0 0 0 0 0 0
53 2 66 1 136 1 0 0 0 0 0 0 0 0 0 0 0 0
54 2 67 1 137 1 0 0 0 0 0 0 0 0 0 0 0 0
55 2 68 1 138 1 0 0 0 0 0 0 0 0 0 0 0 0
1 1 56 2 119 1 0 0 0 0 0 0 0 0 0 0 0 0
2 1 57 2 120 1 0 0 0 0 0 0 0 0 0 0 0 0
3 1 58 2 121 1 0 0 0 0 0 0 0 0 0 0 0 0
4 1 59 2 122 1 0 0 0 0 0 0 0 0 0 0 0 0
5 1 60 2 123 1 0 0 0 0 0 0 0 0 0 0 0 0
6 1 61 2 124 1 0 0 0 0 0 0 0 0 0 0 0 0
7 1 62 2 125 1 0 0 0 0 0 0 0 0 0 0 0 0
8 1 63 2 126 1 0 0 0 0 0 0 0 0 0 0 0 0
9 1 64 2 127 1 0 0 0 0 0 0 0 0 0 0 0 0
10 1 65 2 128 1 0 0 0 0 0 0 0 0 0 0 0 0
11 1 66 2 129 1 0 0 0 0 0 0 0 0 0 0 0 0
12 1 67 2 130 1 0 0 0 0 0 0 0 0 0 0 0 0
13 1 68 2 131 1 0 0 0 0 0 0 0 0 0 0 0 0
14 1 69 2 132 1 0 0 0 0 0 0 0 0 0 0 0 0
15 1 70 2 133 1 0 0 0 0 0 0 0 0 0 0 0 0
16 1 71 2 134 1 0 0 0 0 0 0 0 0 0 0 0 0
17 1 72 2 135 1 0 0 0 0 0 0 0 0 0 0 0 0
18 1 73 2 136 1 0 0 0 0 0 0 0 0 0 0 0 0
19 1 74 2 137 1 0 0 0 0 0 0 0 0 0 0 0 0
20 1 75 2 138 1 0 0 0 0 0 0 0 0 0 0 0 0
21 1 76 2 139 1 0 0 0 0 0 0 0 0 0 0 0 0
22 1 77 2 140 1 0 0 0 0 0 0 0 0 0 0 0 0
23 1 78 2 141 1 0 0 0 0 0 0 0 0 0 0 0 0
24 1 79 2 142 1 0 0 0 0 0 0 0 0 0 0 0 0
25 1 80 2 143 1 0 0 0 0 0 0 0 0 0 0 0 0
26 1 81 2 144 1 0 0 0 0 0 0 0 0 0 0 0 0
27 1 82 2 145 1 0 0 0 0 0 0 0 0 0 0 0 0
28 1 83 2 146 1 0 0 0 0 0 0 0 0 0 0 0 0
29 1 84 2 147 1 0 0 0 0 0 0 0 0 0 0 0 0
30 1 85 2 148 1 0 0 0 0 0 0 0 0 0 0 0 0
31 1 86 2 149 1 0 0 0 0 0 0 0 0 0 0 0 0
32 1 87 2 150 1 0 0 0 0 0 0 0 0 0 0 0 0
33 1 88 2 151 1 0 0 0 0 0 0 0 0 0 0 0 0
34 1 89 2 152 1 0 0 0 0 0 0 0 0 0 0 0 0
35 1 90 2 153 1 0 0 0 0 0 0 0 0 0 0 0 0
36 1 91 2 154 1 0 0 0 0 0 0 0 0 0 0 0 0
37 1 92 2 155 1 0 0 0 0 0 0 0 0 0 0 0 0
38 1 93 2 156 1 0 0 0 0 0 0 0 0 0 0 0 0
39 1 94 2 157 1 0 0 0 0 0 0 0 0 0 0 0 0
40 1 95 2 158 1 0 0 0 0 0 0 0 0 0 0 0 0
41 1 96 2 159 1 0 0 0 0 0 0 0 0 0 0 0 0
42 1 97 2 160 1 0 0 0 0 0 0 0 0 0 0 0 0
43 1 98 2 161 1 0 0 0 0 0 0 0 0 0 0 0 0
44 1 99 2 162 1 0 0 0 0 0 0 0 0 0 0 0 0
45 1 100 2 163 1 0 0 0 0 0 0 0 0 0 0 0 0
46 1 101 2 164 1 0 0 0 0 0 0 0 0 0 0 0 0
47 1 102 2 165 1 0 0 0 0 0 0 0 0 0 0 0 0
48 1 103 2 166 1 0 0 0 0 0 0 0 0 0 0 0 0
49 1 104 2 167 1 0 0 0 0 0 0 0 0 0 0 0 0
50 1 105 2 112 1 0 0 0 0 0 0 0 0 0 0 0 0
51 1 106 2 113 1 0 0 0 0 0 0 0 0 0 0 0 0
52 1 107 2 114 1 0 0 0 0 0 0 0 0 0 0 0 0
53 1 108 2 115 1 0 0 0 0 0 0 0 0 0 0 0 0
54 1 109 2 116 1 0 0 0 0 0 0 0 0 0 0 0 0
55 1 110 2 117 1 0 0 0 0 0 0 0 0 0 0 0 0
0 1 111 2 118 1 0 0 0 0 0 0 0 0 0 0 0 0
36 1 63 1 112 2 0 0 0 0 0 0 0 0 0 0 0 0
37 1 64 1 113 2 0 0 0 0 0 0 0 0 0 0 0 0
38 1 65 1 114 2 0 0 0 0 0 0 0 0 0 0 0 0
39 1 66 1 115 2 0 0 0 0 0 0 0 0 0 0 0 0
40 1 67 1 116 2 0 0 0 0 0 0 0 0 0 0 0 0
41 1 68 1 117 2 0 0 0 0 0 0 0 0 0 0 0 0
42 1 69 1 118 2 0 0 0 0 0 0 0 0 0 0 0 0
43 1 70 1 119 2 0 0 0 0 0 0 0 0 0 0 0 0
44 1 71 1 120 2 0 0 0 0 0 0 0 0 0 0 0 0
45 1 72 1 121 2 0 0 0 0 0 0 0 0 0 0 0 0
46 1 73 1 122 2 0 0 0 0 0 0 0 0 0 0 0 0
47 1 74 1 123 2 0 0 0 0 0 0 0 0 0 0 0 0
48 1 75 1 124 2 0 0 0 0 0 0 0 0 0 0 0 0
49 1 76 1 125 2 0 0 0 0 0 0 0 0 0 0 0 0
50 1 77 1 126 2 0 0 0 0 0 0 0 0 0 0 0 0
51 1 78 1 127 2 0 0 0 0 0 0 0 0 0 0 0 0
52 1 79 1 128 2 0 0 0 0 0 0 0 0 0 0 0 0
53 1 80 1 129 2 0 0 0 0 0 0 0 0 0 0 0 0
54 1 81 1 130 2 0 0 0 0 0 0 0 0 0 0 0 0
55 1 82 1 131 2 0 0 0 0 0 0 0 0 0 0 0 0
0 1 83 1 132 2 0 0 0 0 0 0 0 0 0 0 0 0
1 1 84 1 133 2 0 0 0 0 0 0 0 0 0 0 0 0
2 1 85 1 134 2 0 0 0 0 0 0 0 0 0 0 0 0
3 1 86 1 135 2 0 0 0 0 0 0 0 0 0 0 0 0
4 1 87 1 136 2 0 0 0 0 0 0 0 0 0 0 0 0
5 1 88 1 137 2 0 0 0 0 0 0 0 0 0 0 0 0
6 1 89 1 138 2 0 0 0 0 0 0 0 0 0 0 0 0
7 1 90 1 139 2 0 0 0 0 0 0 0 0 0 0 0 0
8 1 91 1 140 2 0 0 0 0 0 0 0 0 0 0 0 0
9 1 92 1 141 2 0 0 0 0 0 0 0 0 0 0 0 0
10 1 93 1 142 2 0 0 0 0 0 0 0 0 0 0 0 0
11 1 94 1 143 2 0 0 0 0 0 0 0 0 0 0 0 0
12 1 95 1 144 2 0 0 0 0 0 0 0 0 0 0 0 0
13 1 96 1 145 2 0 0 0 0 0 0 0 0 0 0 0 0
14 1 97 1 146 2 0 0 0 0 0 0 0 0 0 0 0 0
15 1 98 1 147 2 0 0 0 0 0 0 0 0 0 0 0 0
16 1 99 1 148 2 0 0 0 0 0 0 0 0 0 0 0 0
17 1 100 1 149 2 0 0 0 0 0 0 0 0 0 0 0 0
18 1 101 1 150 2 0 0 0 0 0 0 0 0 0 0 0 0
19 1 102 1 151 2 0 0 0 0 0 0 0 0 0 0 0 0
20 1 103 1 152 2 0 0 0 0 0 0 0 0 0 0 0 0
21 1 104 1 153 2 0 0 0 0 0 0 0 0 0 0 0 0
22 1 105 1 154 2 0 0 0 0 0 0 0 0 0 0 0 0
23 1 106 1 155 2 0 0 0 0 0 0 0 0 0 0 0 0
24 1 107 1 156 2 0 0 0 0 0 0 0 0 0 0 0 0
25 1 108 1 157 2 0 0 0 0 0 0 0 0 0 0 0 0
26 1 109 1 158 2 0 0 0 0 0 0 0 0 0 0 0 0
27 1 110 1 159 2 0 0 0 0 0 0 0 0 0 0 0 0
28 1 111 1 160 2 0 0 0 0 0 0 0 0 0 0 0 0
29 1 56 1 161 2 0 0 0 0 0 0 0 0 0 0 0 0
30 1 57 1 162 2 0 0 0 0 0 0 0 0 0 0 0 0
31 1 58 1 163 2 0 0 0 0 0 0 0 0 0 0 0 0
32 1 59 1 164 2 0 0 0 0 0 0 0 0 0 0 0 0
33 1 60 1 165 2 0 0 0 0 0 0 0 0 0 0 0 0
34 1 61 1 166 2 0 0 0 0 0 0 0 0 0 0 0 0
35 1 62 1 167 2 0 0 0 0 0 0 0 0 0 0 0 0
36 3 84 3 161 3 0 281474976710656 0 0 0 562949953421312 0 0 0 844424930131968 0 0
37 3 85 3 162 3 0 1125899906842624 0 0 0 2251799813685248 0 0 0 3377699720527872 0 0
38 3 86 3 163 3 0 4503599627370496 0 0 0 9007199254740992 0 0 0 13510798882111488 0 0
39 3 87 3 164 3 0 18014398509481984 0 0 0 36028797018963968 0 0 0 54043195528445952 0 0
40 3 88 3 165 3 0 72057594037927936 0 0 0 144115188075855872 0 0 0 216172782113783808 0 0
41 3 89 3 166 3 0 288230376151711744 0 0 0 576460752303423488 0 0 0 864691128455135232 0 0
42 3 90 3 167 3 0 1152921504606846976 0 0 0 2305843009213693952 0 0 0 3458764513820540928 0 0
43 3 91 3 112 3 0 4611686018427387904 0 0 0 9223372036854775808 0 0 0 13835058055282163712 0 0
44 3 92 3 113 3 0 0 1 0 0 0 2 0 0 0 3 0
45 3 93 3 114 3 0 0 4 0 0 0 8 0 0 0 12 0
46 3 94 3 115 3 0 0 16 0 0 0 32 0 0 0 48 0
47 3 95 3 116 3 0 0 64 0 0 0 128 0 0 0 192 0
48 3 96 3 117 3 0 0 256 0 0 0 512 0 0 0 768 0
49 3 97 3 118 3 0 0 1024 0 0 0 2048 0 0 0 3072 0
50 3 98 3 119 3 0 0 4096 0 0 0 8192 0 0 0 12288 0
51 3 99 3 120 3 0 0 16384 0 0 0 32768 0 0 0 49152 0
52 3 100 3 121 3 0 0 65536 0 0 0 131072 0 0 0 196608 0
53 3 101 3 122 3 0 0 262144 0 0 0 524288 0 0 0 786432 0
54 3 102 3 123 3 0 0 1048576 0 0 0 2097152 0 0 0 3145728 0
55 3 103 3 124 3 0 0 4194304 0 0 0 8388608 0 0 0 12582912 0
0 3 104 3 125 3 0 0 16777216 0 0 0 33554432 0 0 0 50331648 0
1 3 105 3 126 3 0 0 67108864 0 0 0 134217728 0 0 0 201326592 0
2 3 106 3 127 3 0 0 268435456 0 0 0 536870912 0 0 0 805306368 0
3 3 107 3 128 3 0 0 1073741824 0 0 0 2147483648 0 0 0 3221225472 0
4 3 108 3 129 3 0 0 4294967296 0 0 0 8589934592 0 0 0 12884901888 0
5 3 109 3 130 3 0 0 17179869184 0 0 0 34359738368 0 0 0 51539607552 0
6 3 110 3 131 3 0 0 68719476736 0 0 0 137438953472 0 0 0 206158430208 0
7 3 111 3 132 3 0 0 274877906944 0 0 0 549755813888 0 0 0 824633720832 0
8 3 56 3 133 3 0 0 1099511627776 0 0 0 2199023255552 0 0 0 3298534883328 0
9 3 57 3 134 3 0 0 4398046511104 0 0 0 8796093022208 0 0 0 13194139533312 0
10 3 58 3 135 3 0 0 17592186044416 0 0 0 35184372088832 0 0 0 52776558133248 0
11 3 59 3 136 3 0 0 70368744177664 0 0 0 140737488355328 0 0 0 211106232532992 0
12 3 60 3 137 3 0 0 281474976710656 0 0 0 562949953421312 0 0 0 844424930131968 0
13 3 61 3 138 3 0 0 1125899906842624 0 0 0 2251799813685248 0 0 0 3377699720527872 0
14 3 62 3 139 3 0 0 4503599627370496 0 0 0 9007199254740992 0 0 0 13510798882111488 0
15 3 63 3 140 3 0 0 18014398509481984 0 0 0 36028797018963968 0 0 0 54043195528445952 0
16 3 64 3 141 3 0 0 72057594037927936 0 0 0 144115188075855872 0 0 0 216172782113783808 0
17 3 65 3 142 3 0 0 288230376151711744 0 0 0 576460752303423488 0 0 0 864691128455135232 0
18 3 66 3 143 3 0 0 1152921504606846976 0 0 0 2305843009213693952 0 0 0 3458764513820540928 0
19 3 67 3 144 3 0 0 4611686018427387904 0 0 0 9223372036854775808 0 0 0 13835058055282163712 0
20 3 68 3 145 3 0 0 0 1 0 0 0 2 0 0 0 3
21 3 69 3 146 3 0 0 0 4 0 0 0 8 0 0 0 12
22 3 70 3 147 3 0 0 0 16 0 0 0 32 0 0 0 48
23 3 71 3 148 3 0 0 0 64 0 0 0 128 0 0 0 192
24 3 72 3 149 3 0 0 0 256 0 0 0 512 0 0 0 768
25 3 73 3 150 3 0 0 0 1024 0 0 0 2048 0 0 0 3072
26 3 74 3 151 3 0 0 0 4096 0 0 0 8192 0 0 0 12288
27 3 75 3 152 3 0 0 0 16384 0 0 0 32768 0 0 0 49152
28 3 76 3 153 3 0 0 0 65536 0 0 0 131072 0 0 0 196608
29 3 77 3 154 3 0 0 0 262144 0 0 0 524288 0 0 0 786432
30 3 78 3 155 3 0 0 0 1048576 0 0 0 2097152 0 0 0 3145728
31 3 79 3 156 3 0 0 0 4194304 0 0 0 8388608 0 0 0 12582912
32 3 80 3 157 3 0 0 0 16777216 0 0 0 33554432 0 0 0 50331648
33 3 81 3 158 3 0 0 0 67108864 0 0 0 134217728 0 0 0 201326592
34 3 82 3 159 3 0 0 0 268435456 0 0 0 536870912 0 0 0 805306368
35 3 83 3 160 3 0 0 0 1073741824 0 0 0 2147483648 0 0 0 3221225472
