384 144 3 48
0 1 48 1 96 1 1152921504606855168 144115196666839040 13514097685626928 2305843009213706240 216172795000782848 4504699675934736 3458764513820545024 72057598336040960 9009399083434016
1 1 49 1 97 1 4611686018427420672 576460786667356160 54056390742507712 9223372036854824960 864691180003131392 18018798703738944 13835058055282180096 288230393344163840 36037596333736064
2 1 50 1 98 1 131072 2305843146669424641 216225562970030848 196608 3458764720012525570 72075194814955776 65536 1152921573376655363 144150385334944256
3 1 51 1 99 1 524288 9223372586677698564 864902251880123392 786432 13835058880050102280 288300779259823104 262144 4611686293506621452 576601541339777024
4 1 52 1 100 1 2097152 2199291691024 3459609007520493570 3145728 3299071754272 1153203117039292419 1048576 1100316934192 2306406165359108097
5 1 53 1 101 1 8388608 8797166764096 13838436030081974280 12582912 13196287017088 4612812468157169676 4194304 4401267736768 9225624661436432388
6 1 54 1 102 1 33554433 35197256990976 13511899199242272 50331650 52780853101056 4505798919127088 16777219 17600775979776 9010498326626320
7 1 55 1 103 1 134217732 140789027963904 54047596796969088 201326600 211123412404224 18023195676508352 67108876 70403103919104 36041993306505280
8 1 56 1 104 1 536870928 563156111855616 216190387187876352 805306400 844493649616896 72092782706033408 268435504 281612415676416 144167973226021120
9 1 57 1 105 1 2147483712 2252624447422464 864761548751505408 3221225600 3377974598467584 288371130824133632 1073742016 1126449662705664 576671892904084480
10 1 58 1 106 1 8589934848 9010497789689856 3459046195006021632 12884902400 13511898393870336 1153484523296534528 4294968064 4505798650822656 2306687571616337920
11 1 59 1 107 1 34359739392 36041991158759424 13836184780024086528 51539609600 54047593575481344 4613938093186138112 17179872256 18023194603290624 9226750286465351680
12 1 60 1 108 1 137438957568 144167977519939584 4506898967691264 206158438400 216190378596892672 9008299035000832 68719489024 72092787003097088 13512998442303488
13 1 61 1 109 1 549755830272 576671910079758336 18027595870765056 824633753600 864761514387570688 36033196140003328 274877956096 288371148012388352 54051993769213952
14 1 62 1 110 1 2199023321088 2306687640319033344 72110383483060224 3298535014400 3459046057550282752 144132784560013312 1099511824384 1153484592049553408 216207975076855808
15 1 63 1 111 1 8796093284352 9226750561276133376 288441533932240896 13194140057600 13836184230201131008 576531138240053248 4398047297536 4613938368198213632 864831900307423232
16 1 64 1 112 1 35184373137408 13514097685430272 1153766135728963586 52776560230400 4504699675869184 2306124552960212995 17592189190144 9009399083302912 3459327601229692929
17 1 65 1 113 1 140737492549632 54056390741721088 4615064542915854344 211106240921600 18018798703476736 9224498211840851980 70368756760576 36037596333211648 13837310404918771716
18 1 66 1 114 1 562949970198529 216225562966884352 13514097953865760 844424963686402 72075194813906944 4504699944304688 281475027042307 144150385332846592 9009398546432016
19 1 67 1 115 1 2251799880794116 864902251867537408 54056391815463040 3377699854745608 288300779255627776 18018799777218752 1125900108169228 576601541331386368 36037594185728064
20 1 68 1 116 1 9007199523176464 3459609007470149632 216225567261852160 13510799418982432 1153203117022511104 72075199108875008 4503600432676912 2306406165325545472 144150376742912256
21 1 69 1 117 1 36028798092705856 13838436029880598528 864902269047408640 54043197675929728 4612812468090044416 288300796435500032 18014401730707648 9225624661302181888 576601506971649024
22 1 70 1 118 1 144115192370823424 13511898393739264 3459609076189634563 216172790703718912 4505798650626048 1153203185742000129 72057606922830592 9010497789624320 2306406027886596098
23 1 71 1 119 1 576460769483293696 54047593574957056 13838436304758538252 864691162814875648 18023194602504192 4612812742968000516 288230427691322368 36041991158497280 9225624111546384392
24 1 72 1 120 1 2305843077933174784 216190387184730112 13512997905498160 3458764651259502592 72092782704984064 4506898162450448 1152921710765289472 144167973223923712 9008298766434336
25 1 73 1 121 1 9223372311732699136 864761548738920448 54051991621992640 13835058605038010368 288371130819936256 18027592649801792 4611686843061157888 576671892895694848 36033195065737344
26 1 74 1 122 1 1099511693312 3459046194955681794 216207966487970560 2199023386624 1153484523279745027 72110370599207168 3298535079936 2306687571582779393 144132780262949376
27 1 75 1 123 1 4398046773248 13836184779822727176 864831865951882240 8796093546496 4613938093118980108 288441482396828672 13194140319744 9226750286331117572 576531121051797504
28 1 76 1 124 1 17592187092992 4506898162253856 3459327463807528963 35184374185984 9008298766368816 1153765929587314689 52776561278976 13512997905367056 2306124484207190018
29 1 77 1 125 1 70368748371968 18027592649015424 13837309855230115852 140737496743936 36033195065475264 4615063718349258756 211106245115904 54051991621468224 9224497936828760072
30 1 78 1 126 1 281474993487872 72110383480963584 9007199791808560 562949986975744 144132784556868352 13510799687483408 844424980463616 216207975075807488 4503599895937056
31 1 79 1 127 1 1125899973951488 288441533923854336 36028799167234240 2251799947902976 576531138227473408 54043198749933632 3377699921854464 864831900303229952 18014399583748224
32 1 80 1 128 1 4503599895805952 1153766135695417344 144115196668936960 9007199791611904 2306124552909893632 216172794999734528 13510799687417856 3459327601212919808 72057598334992896
33 1 81 1 129 1 18014399583223808 4615064542781669376 576460786675747840 36028799166447616 9224498211639574528 864691179998938112 54043198749671424 13837310404851679232 288230393339971584
34 1 82 1 130 1 72057598332895232 13514097417125888 2305843146702991361 144115196665790464 4504699139194880 3458764719995752450 216172794998685696 9009398278062080 1152921573359886339
35 1 83 1 131 1 288230393331580928 54056389668503552 9223372586811965444 576460786663161856 18018796556779520 13835058879983009800 864691179994742784 36037593112248320 4611686293439545356
36 1 84 1 132 1 1152921573326323712 216225567263948800 2199828758544 2305843146652647424 72075199112019968 3298803384352 3458764719978971136 144150376743960576 1100048629808
37 1 85 1 133 1 4611686293305294848 864902269055795200 8799315034176 9223372586610589696 288300796448079872 13195213537408 13835058879915884544 576601506975842304 4400194519232
38 1 86 1 134 1 1099511627776 3459609076223180801 35197260136704 2199023255552 1153203185792319490 52780854149632 3298534883328 2306406027903369219 17600778076928
39 1 87 1 135 1 4398046511104 13838436304892723204 140789040546816 8796093022208 4612812743169277960 211123416598528 13194139533312 9225624111613476876 70403112307712
40 1 88 1 136 1 17592186044416 13512998442237968 563156162187267 35184372088832 4506898967560224 844493666394113 52776558133248 9008299034804272 281612449230850
41 1 89 1 137 1 70368744177664 54051993768951872 2252624648749068 140737488355328 18027595870240896 3377974665576452 211106232532992 36033196139217088 1126449796923400
42 1 90 1 138 1 281474976710658 216207966485872896 9010498594996272 562949953421315 72110370596061696 13511898662305808 844424930131969 144132780261901056 4505799187693600
43 1 91 1 139 1 1125899906842632 864831865943491584 36041994379985088 2251799813685260 288441482384246784 54047594649223232 3377699720527876 576531121047604224 18023196750774400
44 1 92 1 140 1 4503599627370528 3459327463773966336 144167977519940352 9007199254741040 1153765929536987136 216190378596892928 13510798882111504 2306124484190416896 72092787003097600
45 1 93 1 141 1 18014398509482112 13837309855095865344 576671910079761408 36028797018964160 4615063718147948544 864761514387571712 54043195528446016 9224497936761667584 288371148012390400
46 1 94 1 142 1 72057594037928448 9007199254806528 2306687640319045635 144115188075856640 13510798882242560 3459046057550286849 216172782113784064 4503599627567104 1153484592049561602
47 1 95 1 143 1 288230376151713792 36028797019226112 9226750561276182540 576460752303426560 54043195528970240 13836184230201147396 864691128455136256 18014398510268416 4613938368198246408
32 1 94 1 138 1 1153765998306791425 72075186223972864 13510798882111520 2306124621646143490 144150372447945472 4503599627370544 3459327669965959171 216225558671917312 9007199254741008
33 1 95 1 139 1 4615063993227165700 288300744895891456 54043195528446080 9224498486584573960 576601489791781888 18014398509482176 13837310679863836684 864902234687669248 36028797018964032
34 1 48 1 140 1 13511899199111184 1153202979583565825 216172782113784320 4505798919192608 2306405959167127554 72057594037928704 9010498326691888 3459608938750676995 144115188075856128
35 1 49 1 141 1 54047596796444736 4612811918334263300 864691128455137280 18023195676770432 9225623836668510216 288230376151714816 36041993306767552 13838435755002707980 576460752303424512
36 1 50 1 142 1 216190387185778944 4503599627501584 3458764513820549121 72092782707081728 9007199254937632 1152921504606859266 144167973227070208 13510798882177072 2305843009213698051
37 1 51 1 143 1 864761548743115776 18014398510006336 13835058055282196484 288371130828326912 36028797019750528 4611686018427437064 576671892908280832 54043195528708288 9223372036854792204
38 1 52 1 96 1 3459046194972463104 72057606924927232 131088 1153484523313307648 144115192373969408 196640 2306687571633123328 216172790704767744 65584
39 1 53 1 97 1 13836184779889852416 288230427699708928 524352 4613938093253230592 576460769495877632 786560 9226750286532493312 864691162819070976 262336
40 1 54 1 98 1 4506898430754816 1152921710798835715 2097408 9008299303370752 2305843077983510529 3146240 13512998710870016 3458764651276283906 1049344
41 1 55 1 99 1 18027593723019264 4611686843195342860 8389632 36033197213483008 9223372311934042116 12584960 54051994843480064 13835058605105135624 4197376
42 1 56 1 100 1 72110374892077056 3299071819824 33558529 144132788853932032 1100317065232 50339842 216207979373920256 2199291887648 16789507
43 1 57 1 101 1 288441499568308224 13196287279296 134234116 576531155415728128 4401268260928 201359368 864831917495681024 8797167550592 67158028
44 1 58 1 102 1 1153765998273232898 52776559182592 536936464 2306124621662912515 17592188141824 805437472 3459327669982724097 35184375235072 268632112
45 1 59 1 103 1 4615063993092931592 211106236730368 2147745856 9224498486651650060 70368752567296 3221749888 13837310679930896388 140737500940288 1074528448
46 1 60 1 104 1 13511898662174752 844424946921473 8590983424 4505799187497008 281475010269186 12886999552 9010498594930704 562950003761155 4298113792
47 1 61 1 105 1 54047594648699008 3377699787685892 34363933696 18023196749988032 1125900041076744 51547998208 36041994379722816 2251800015044620 17192455168
0 1 62 1 106 1 216190378594796032 13510799150743568 137455734784 72092786999952128 4503600164306976 206191992832 144167977518891264 9007200060178480 68769820672
1 1 63 1 107 1 864761514379184128 54043196602974272 549822939136 288371147999808512 18014400657227904 824767971328 576671910075565056 36028800240713920 275079282688
2 1 64 1 108 1 3459046057516736513 216172782116929792 2199291756544 1153484591999234050 72057594038977024 3299071885312 2306687640302260227 144115188077953792 1100317130752
3 1 65 1 109 1 13836184230066946052 864691128467719168 8797167026176 4613938367996936200 288230376155908096 13196287541248 9226750561209040908 576460752311815168 4401268523008
4 1 66 1 110 1 4504699139129360 3458764513870876675 35188668104704 9009398278193184 1152921504623632385 52785150164992 13514097417060400 2305843009247260674 17605074092032
5 1 67 1 111 1 18018796556517440 13835058055483506700 140754672418816 36037593112772736 4611686018494529540 211140600659968 54056389668241600 9223372036989042696 70420296368128
6 1 68 1 112 1 72075186226069760 805371952 563018689675267 144150372451090944 268566544 844562402639873 216225558672966400 537067552 281681185472514
7 1 69 1 113 1 288300744904279040 3221487808 2252074758701068 576601489804363776 1074266176 3378249610559492 864902234691865600 2148270208 1126724741890056
8 1 70 1 114 1 1153202979617116163 1049344 9008299034804272 2306405959217455105 2097408 13512998442237968 3459608938767462402 3146240 4506898967560224
9 1 71 1 115 1 4612811918468464652 4197376 36033196139217088 9225623836869820420 8389632 54051993768951872 13838435755069849608 12584960 18027595870240896
10 1 72 1 116 1 4503600164306992 16789505 144132784556868352 9007200060178448 33558530 216207975075807488 13510799150743584 50339843 72110383480963584
11 1 73 1 117 1 18014400657227968 67158020 576531138227473408 36028800240713792 134234120 864831900303229952 54043196602974336 201359372 288441533923854336
12 1 74 1 118 1 72057602628911872 268632080 2306124552909893632 144115200962855168 536936480 3459327601212919808 216172786411897344 805437488 1153766135695417344
13 1 75 1 119 1 288230410515647488 1074528320 9224498211639574528 576460803851420672 2147745920 13837310404851679232 864691145647589376 3221749952 4615064542781669376
14 1 76 1 120 1 1152921642062589953 8593080576 4504699139194880 2305843215405682690 12885950976 9009398278062080 3458764582590357507 4297065216 13514097417125888
15 1 77 1 121 1 4611686568250359812 34372322304 18018796556779520 9223372861622730760 51543803904 36037593112248320 13835058330361430028 17188260864 54056389668503552
16 1 78 1 122 1 2199291887632 137489289217 72075186227118080 3299071819808 206175215618 144150372448993280 1100317065264 68753043459 216225558674014208
17 1 79 1 123 1 8797167550528 549957156868 288300744908472320 13196287279232 824700862472 576601489795973120 4401268261056 275012173836 864902234696056832
18 1 80 1 124 1 35188670202112 2199828627472 1153202979633889280 52785149116928 3298803449888 2306405959183892480 17605073044224 1100048695344 3459608938784227328
19 1 81 1 125 1 140754680808448 8799314509888 4612811918535557120 211140596467712 13195213799552 9225623836735569920 70420292176896 4400194781376 13838435755136909312
20 1 82 1 126 1 563018723233795 35188668104960 4503600432676864 844562385870849 52785150165504 9007199523176448 281681168707586 17605074092800 13510799418982400
21 1 83 1 127 1 2252074892935180 140754672419840 18014401730707456 3378249543483396 211140600662016 36028798092705792 1126724674830344 70420296371200 54043197675929600
22 1 84 1 128 1 9008299571740720 563018689679360 72057606922829824 13512998173933584 844562402648064 144115192370823168 4506898699321376 281681185484800 216172790703718400
23 1 85 1 129 1 36033198286962880 2252074758717440 288230427691319296 54051992695734336 3378249610592256 576460769483292672 18027594797285504 1126724741939200 864691162814873600
24 1 86 1 130 1 144132793147851520 9008299034869760 1152921710765277184 216207970782937344 13512998442369024 2305843077933170688 72110379189142016 4506898967756800 3458764651259494400
25 1 87 1 131 1 576531172591406080 36033196139479040 4611686843061108736 864831883131749376 54051993769476096 9223372311732682752 288441516756568064 18027595871027200 13835058605037977600
26 1 88 1 132 1 2306124690365624321 144132784557916160 3298534883328 3459327532526997506 216207975077904384 1099511627776 1153766067026272259 72110383484108800 2199023255552
27 1 89 1 133 1 9224498761462497284 576531138231664640 13194139533312 13837310130107990024 864831900311617536 4398046511104 4615064268105089036 288441533936435200 8796093022208
28 1 90 1 134 1 4506898430885904 2306124552926658562 52776558133248 9008299303305248 3459327601246470147 17592186044416 13512998710804528 1153766135745740801 35184372088832
29 1 91 1 135 1 18027593723543616 9224498211706634248 211106232532992 36033197213220992 13837310404985880588 70368744177664 54051994843218112 4615064542982963204 140737488355328
30 1 92 1 136 1 72110374894174464 4504699407433760 844424930131970 144132788852883968 9009398814867504 281474976710659 216207979372872448 13514098222301200 562949953421313
31 1 93 1 137 1 288441499576697856 18018797629735040 3377699720527880 576531155411535872 36037595259470016 1125899906842636 864831917491489792 54056392889204800 2251799813685252
32 1 72 1 130 1 3459609007520489474 144132784558965248 9008299303305264 1153203117039300611 216207975078953728 13512998710804496 2306406165359104001 72110383482011904 4506898430885920
33 1 73 1 131 1 13838436030081957896 576531138235860992 36033197213221056 4612812468157202444 864831900315814912 54051994843217984 9225624661436416004 288441533928047616 18027593723543680
34 1 74 1 132 1 13511899199176736 2306124552943443971 144132788852884224 4505798919258160 3459327601263259649 216207979372871936 9010498326560784 1153766135712190466 72110374894174720
35 1 75 1 133 1 54047596796706944 9224498211773775884 576531155411536896 18023195677032640 13837310405053038596 864831917491487744 36041993306243136 4615064542848761864 288441499576698880
36 1 76 1 134 1 216190387186827776 4504699676000304 2306124621646147586 72092782708130560 9009399083499536 3459327669965950979 144167973224972544 13514097685495840 1153765998306795521
37 1 77 1 135 1 864761548747311104 18018798704001216 9224498486584590344 288371130832522240 36037596333998144 13837310679863803916 576671892899890176 54056390741983360 4615063993227182084
38 1 78 1 136 1 3459046194989244418 72075194816004864 4505798919258144 1153484523330088963 144150385335992576 9010498326560816 2306687571599560705 216225562967933440 13511899199176720
39 1 79 1 137 1 13836184779956977672 288300779264019456 18023195677032576 4613938093320355852 576601541343970304 36041993306243264 9226750286398242820 864902251871733760 54047596796706880
40 1 80 1 138 1 4506898699255840 1153203117056077827 72092782708130304 9008299571871792 2306406165375881217 144167973224973056 13512998173868048 3459609007486935042 216190387186827520
41 1 81 1 139 1 18027594797023360 4612812468224311308 288371130832521216 36033198287487168 9225624661503524868 576671892899892224 54051992695472192 13838436029947740168 864761548747310080
42 1 82 1 140 1 72110379188093440 4505799187693616 1153484523330084865 144132793149948672 9010498594996240 2306687571599568898 216207970781888768 13511898662305824 3459046194989240323
43 1 83 1 141 1 288441516752373760 18023196750774464 4613938093320339460 576531172599794688 36041994379984960 9226750286398275592 864831883127555072 54047594649223296 13836184779956961292
44 1 84 1 142 1 1153766067009495042 72092782708130560 9008299571806224 2306124690399178755 144167973224972544 13512998173999136 3459327532510220289 216190387186827776 4506898699190320
45 1 85 1 143 1 4615064268037980168 288371130832522240 36033198287224896 9224498761596715020 576671892899890176 54051992695996544 13837310130040881156 864761548747311104 18027594796761280
46 1 86 1 96 1 13512998442369056 1153484523330088961 144132793148899584 4506898967756848 2306687571599560706 216207970783986176 9008299034869776 3459046194989244419 72110379187045120
47 1 87 1 97 1 54051993769476224 4613938093320355844 576531172595598336 18027595871027392 9226750286398242824 864831883135944704 36033196139479104 13836184779956977676 288441516748180480
0 1 88 1 98 1 216207975077904896 9008299571871760 2306124690382393345 72110383484109568 13512998173868064 3459327532543778818 144132784557916416 4506898699255856 1153766066992721923
1 1 89 1 99 1 864831900311619584 36033198287487040 9224498761529573380 288441533936438272 54051992695472256 13837310130175115272 576531138231665664 18027594797023424 4615064267970887692
2 1 90 1 100 1 3459327601246478339 144132788854980864 4506898699190288 1153766135745753089 216207979371823616 9008299571806240 2306124552926662658 72110374893126400 13512998173999152
3 1 91 1 101 1 13837310404985913356 576531155419923456 18027594796761152 4615064542983012356 864831917487294464 36033198287224960 9224498211706650632 288441499572505600 54051992695996608
4 1 92 1 102 1 9009398814998576 2306124621679693827 72110379187044608 13514098222497808 3459327669949177857 144132793148899840 4504699407499296 1153765998290022402 216207970783986432
5 1 93 1 103 1 36037595259994304 9224498486718775308 288441516748178432 54056392889991232 13837310679796711428 576531172595599360 18018797629997184 4615063993160089608 864831883135945728
6 1 94 1 104 1 144150381039977216 4505799455998000 1153766066992713730 216225571559964928 9010498058190864 2306124690382397443 72075190519988736 13511898930806816 3459327532543782913
7 1 95 1 105 1 576601524159908864 18023197823992000 4615064267970854920 864902286239859712 36041992232763456 9224498761529589772 288300762079954944 54047595723227264 13837310130175131652
8 1 48 1 106 1 2306406096639635459 72092782706033408 13512998173868064 3459609144959438849 144167973226021120 4506898699255856 1153203048319819778 216190387187876352 9008299571871760
9 1 49 1 107 1 9225624386558541836 288371130824133632 54051992695472256 13838436579837755396 576671892904084480 18027594797023424 4612812193279279112 864761548751505408 36033198287487040
10 1 50 1 108 1 9009398815064112 1153484523296534530 216207970781889024 13514098222366736 2306687571616337923 72110379188093696 4504699407564832 3459046195006021633 144132793149948160
11 1 51 1 109 1 36037595260256448 4613938093186138120 864831883127556096 54056392889466944 9226750286465351692 288441516752374784 18018797630259328 13836184780024086532 576531172599792640
12 1 52 1 110 1 144150381041025792 9008299035000864 3459327532510224385 216225571557867776 13512998442303536 1153766067009499138 72075190521037312 4506898967691280 2306124690399170563
13 1 53 1 111 1 576601524164103168 36033196140003456 13837310130040897540 864902286231471104 54051993769214144 4615064268037996552 288300762084149248 18027595870765120 9224498761596682252
14 1 54 1 112 1 2306406096656412673 144132793149948416 9008299034935312 3459609144925884418 216207970781889280 13512998442434592 1153203048336596995 72110379188093184 4506898967625776
15 1 55 1 113 1 9225624386625650692 576531172599793664 36033196139741248 13838436579703537672 864831883127557120 54051993769738368 4612812193346387980 288441516752372736 18027595870503104
16 1 56 1 114 1 9009399083499536 2306124690399174658 144132784558964992 13514097685495840 3459327532510228483 216207975078953472 4504699676000304 1153766067009490945 72110383482012416
17 1 57 1 115 1 36037596333998144 9224498761596698632 576531138235859968 54056390741983360 13837310130040913932 864831900315813888 18018798704001216 4615064268037963780 288441533928049664
18 1 58 1 116 1 144150385335992576 4506898967691296 2306124552943439874 216225562967933440 9008299035000880 3459327601263255555 72075194816004864 13512998442303504 1153766135712198657
19 1 59 1 117 1 576601541343970304 18027595870765184 9224498211773759496 864902251871733760 36033196140003520 13837310405053022220 288300779264019456 54051993769214016 4615064542848794628
20 1 60 1 118 1 2306406165375881219 72110379188093440 4504699675934752 3459609007486935041 144132793149948672 9009399083434032 1153203117056077826 216207970781888768 13514097685626896
21 1 61 1 119 1 9225624661503524876 288441516752373760 18018798703739008 13838436029947740164 576531172599794688 36037596333736128 4612812468224311304 864831883127555072 54056390742507584
22 1 62 1 120 1 9010498594996272 1153766067009495042 72075194814956032 13511898662305808 2306124690399178755 144150385334944512 4505799187693600 3459327532510220289 216225562970030336
23 1 63 1 121 1 36041994379985088 4615064268037980168 288300779259824128 54047594649223232 9224498761596715020 576601541339778048 18023196750774400 13837310130040881156 864902251880121344
24 1 64 1 122 1 144167977519940352 13512998442369056 1153203117039296513 216190378596892928 4506898967756848 2306406165359112194 72092787003097600 9008299034869776 3459609007520485379
25 1 65 1 123 1 576671910079761408 54051993769476224 4612812468157186052 864761514387571712 18027595871027392 9225624661436448776 288371148012390400 36033196139479104 13838436030081941516
26 1 66 1 124 1 2306687640319045634 216207970782937600 4505798919192592 3459046057550286851 72110379189142272 9010498326691872 1153484592049561601 144132793147851008 13511899199111216
27 1 67 1 125 1 9226750561276182536 864831883131750400 18023195676770368 13836184230201147404 288441516756569088 36041993306767488 4613938368198246404 576531172591404032 54047596796444864
28 1 68 1 126 1 13514097685626912 3459327532527001602 72092782707081472 4504699675934768 1153766067026276355 144167973227069952 9009399083434000 2306124690365616129 216190387185779456
29 1 69 1 127 1 54056390742507648 13837310130108006408 288371130828325888 18018798703739072 4615064268105105420 576671892908279808 36037596333736000 9224498761462464516 864761548743117824
30 1 70 1 128 1 216225562970030592 9008299303370784 1153484523313303555 72075194814956288 13512998710870064 2306687571633119233 144150385334944000 4506898430754832 3459046194972471298
31 1 71 1 129 1 864902251880122368 36033197213483136 4613938093253214220 288300779259825152 54051994843480256 9226750286532476932 576601541339776000 18027593723019328 13836184779889885192
38 2 90 2 102 2 1 0 0 2 0 0 3 0 0
39 2 91 2 103 2 4 0 0 8 0 0 12 0 0
40 2 92 2 104 2 16 0 0 32 0 0 48 0 0
41 2 93 2 105 2 64 0 0 128 0 0 192 0 0
42 2 94 2 106 2 256 0 0 512 0 0 768 0 0
43 2 95 2 107 2 1024 0 0 2048 0 0 3072 0 0
44 2 48 2 108 2 4096 0 0 8192 0 0 12288 0 0
45 2 49 2 109 2 16384 0 0 32768 0 0 49152 0 0
46 2 50 2 110 2 65536 0 0 131072 0 0 196608 0 0
47 2 51 2 111 2 262144 0 0 524288 0 0 786432 0 0
0 2 52 2 112 2 1048576 0 0 2097152 0 0 3145728 0 0
1 2 53 2 113 2 4194304 0 0 8388608 0 0 12582912 0 0
2 2 54 2 114 2 16777216 0 0 33554432 0 0 50331648 0 0
3 2 55 2 115 2 67108864 0 0 134217728 0 0 201326592 0 0
4 2 56 2 116 2 268435456 0 0 536870912 0 0 805306368 0 0
5 2 57 2 117 2 1073741824 0 0 2147483648 0 0 3221225472 0 0
6 2 58 2 118 2 4294967296 0 0 8589934592 0 0 12884901888 0 0
7 2 59 2 119 2 17179869184 0 0 34359738368 0 0 51539607552 0 0
8 2 60 2 120 2 68719476736 0 0 137438953472 0 0 206158430208 0 0
9 2 61 2 121 2 274877906944 0 0 549755813888 0 0 824633720832 0 0
10 2 62 2 122 2 1099511627776 0 0 2199023255552 0 0 3298534883328 0 0
11 2 63 2 123 2 4398046511104 0 0 8796093022208 0 0 13194139533312 0 0
12 2 64 2 124 2 17592186044416 0 0 35184372088832 0 0 52776558133248 0 0
13 2 65 2 125 2 70368744177664 0 0 140737488355328 0 0 211106232532992 0 0
14 2 66 2 126 2 281474976710656 0 0 562949953421312 0 0 844424930131968 0 0
15 2 67 2 127 2 1125899906842624 0 0 2251799813685248 0 0 3377699720527872 0 0
16 2 68 2 128 2 4503599627370496 0 0 9007199254740992 0 0 13510798882111488 0 0
17 2 69 2 129 2 18014398509481984 0 0 36028797018963968 0 0 54043195528445952 0 0
18 2 70 2 130 2 72057594037927936 0 0 144115188075855872 0 0 216172782113783808 0 0
19 2 71 2 131 2 288230376151711744 0 0 576460752303423488 0 0 864691128455135232 0 0
20 2 72 2 132 2 1152921504606846976 0 0 2305843009213693952 0 0 3458764513820540928 0 0
21 2 73 2 133 2 4611686018427387904 0 0 9223372036854775808 0 0 13835058055282163712 0 0
22 2 74 2 134 2 0 1 0 0 2 0 0 3 0
23 2 75 2 135 2 0 4 0 0 8 0 0 12 0
24 2 76 2 136 2 0 16 0 0 32 0 0 48 0
25 2 77 2 137 2 0 64 0 0 128 0 0 192 0
26 2 78 2 138 2 0 256 0 0 512 0 0 768 0
27 2 79 2 139 2 0 1024 0 0 2048 0 0 3072 0
28 2 80 2 140 2 0 4096 0 0 8192 0 0 12288 0
29 2 81 2 141 2 0 16384 0 0 32768 0 0 49152 0
30 2 82 2 142 2 0 65536 0 0 131072 0 0 196608 0
31 2 83 2 143 2 0 262144 0 0 524288 0 0 786432 0
32 2 84 2 96 2 0 1048576 0 0 2097152 0 0 3145728 0
33 2 85 2 97 2 0 4194304 0 0 8388608 0 0 12582912 0
34 2 86 2 98 2 0 16777216 0 0 33554432 0 0 50331648 0
35 2 87 2 99 2 0 67108864 0 0 134217728 0 0 201326592 0
36 2 88 2 100 2 0 268435456 0 0 536870912 0 0 805306368 0
37 2 89 2 101 2 0 1073741824 0 0 2147483648 0 0 3221225472 0
0 2 94 1 130 1 0 0 0 0 0 0 0 0 0
1 2 95 1 131 1 0 0 0 0 0 0 0 0 0
2 2 48 1 132 1 0 0 0 0 0 0 0 0 0
3 2 49 1 133 1 0 0 0 0 0 0 0 0 0
4 2 50 1 134 1 0 0 0 0 0 0 0 0 0
5 2 51 1 135 1 0 0 0 0 0 0 0 0 0
6 2 52 1 136 1 0 0 0 0 0 0 0 0 0
7 2 53 1 137 1 0 0 0 0 0 0 0 0 0
8 2 54 1 138 1 0 0 0 0 0 0 0 0 0
9 2 55 1 139 1 0 0 0 0 0 0 0 0 0
10 2 56 1 140 1 0 0 0 0 0 0 0 0 0
11 2 57 1 141 1 0 0 0 0 0 0 0 0 0
12 2 58 1 142 1 0 0 0 0 0 0 0 0 0
13 2 59 1 143 1 0 0 0 0 0 0 0 0 0
14 2 60 1 96 1 0 0 0 0 0 0 0 0 0
15 2 61 1 97 1 0 0 0 0 0 0 0 0 0
16 2 62 1 98 1 0 0 0 0 0 0 0 0 0
17 2 63 1 99 1 0 0 0 0 0 0 0 0 0
18 2 64 1 100 1 0 0 0 0 0 0 0 0 0
19 2 65 1 101 1 0 0 0 0 0 0 0 0 0
20 2 66 1 102 1 0 0 0 0 0 0 0 0 0
21 2 67 1 103 1 0 0 0 0 0 0 0 0 0
22 2 68 1 104 1 0 0 0 0 0 0 0 0 0
23 2 69 1 105 1 0 0 0 0 0 0 0 0 0
24 2 70 1 106 1 0 0 0 0 0 0 0 0 0
25 2 71 1 107 1 0 0 0 0 0 0 0 0 0
26 2 72 1 108 1 0 0 0 0 0 0 0 0 0
27 2 73 1 109 1 0 0 0 0 0 0 0 0 0
28 2 74 1 110 1 0 0 0 0 0 0 0 0 0
29 2 75 1 111 1 0 0 0 0 0 0 0 0 0
30 2 76 1 112 1 0 0 0 0 0 0 0 0 0
31 2 77 1 113 1 0 0 0 0 0 0 0 0 0
32 2 78 1 114 1 0 0 0 0 0 0 0 0 0
33 2 79 1 115 1 0 0 0 0 0 0 0 0 0
34 2 80 1 116 1 0 0 0 0 0 0 0 0 0
35 2 81 1 117 1 0 0 0 0 0 0 0 0 0
36 2 82 1 118 1 0 0 0 0 0 0 0 0 0
37 2 83 1 119 1 0 0 0 0 0 0 0 0 0
38 2 84 1 120 1 0 0 0 0 0 0 0 0 0
39 2 85 1 121 1 0 0 0 0 0 0 0 0 0
40 2 86 1 122 1 0 0 0 0 0 0 0 0 0
41 2 87 1 123 1 0 0 0 0 0 0 0 0 0
42 2 88 1 124 1 0 0 0 0 0 0 0 0 0
43 2 89 1 125 1 0 0 0 0 0 0 0 0 0
44 2 90 1 126 1 0 0 0 0 0 0 0 0 0
45 2 91 1 127 1 0 0 0 0 0 0 0 0 0
46 2 92 1 128 1 0 0 0 0 0 0 0 0 0
47 2 93 1 129 1 0 0 0 0 0 0 0 0 0
38 1 48 2 138 1 0 0 0 0 0 0 0 0 0
39 1 49 2 139 1 0 0 0 0 0 0 0 0 0
40 1 50 2 140 1 0 0 0 0 0 0 0 0 0
41 1 51 2 141 1 0 0 0 0 0 0 0 0 0
42 1 52 2 142 1 0 0 0 0 0 0 0 0 0
43 1 53 2 143 1 0 0 0 0 0 0 0 0 0
44 1 54 2 96 1 0 0 0 0 0 0 0 0 0
45 1 55 2 97 1 0 0 0 0 0 0 0 0 0
46 1 56 2 98 1 0 0 0 0 0 0 0 0 0
47 1 57 2 99 1 0 0 0 0 0 0 0 0 0
0 1 58 2 100 1 0 0 0 0 0 0 0 0 0
1 1 59 2 101 1 0 0 0 0 0 0 0 0 0
2 1 60 2 102 1 0 0 0 0 0 0 0 0 0
3 1 61 2 103 1 0 0 0 0 0 0 0 0 0
4 1 62 2 104 1 0 0 0 0 0 0 0 0 0
5 1 63 2 105 1 0 0 0 0 0 0 0 0 0
6 1 64 2 106 1 0 0 0 0 0 0 0 0 0
7 1 65 2 107 1 0 0 0 0 0 0 0 0 0
8 1 66 2 108 1 0 0 0 0 0 0 0 0 0
9 1 67 2 109 1 0 0 0 0 0 0 0 0 0
10 1 68 2 110 1 0 0 0 0 0 0 0 0 0
11 1 69 2 111 1 0 0 0 0 0 0 0 0 0
12 1 70 2 112 1 0 0 0 0 0 0 0 0 0
13 1 71 2 113 1 0 0 0 0 0 0 0 0 0
14 1 72 2 114 1 0 0 0 0 0 0 0 0 0
15 1 73 2 115 1 0 0 0 0 0 0 0 0 0
16 1 74 2 116 1 0 0 0 0 0 0 0 0 0
17 1 75 2 117 1 0 0 0 0 0 0 0 0 0
18 1 76 2 118 1 0 0 0 0 0 0 0 0 0
19 1 77 2 119 1 0 0 0 0 0 0 0 0 0
20 1 78 2 120 1 0 0 0 0 0 0 0 0 0
21 1 79 2 121 1 0 0 0 0 0 0 0 0 0
22 1 80 2 122 1 0 0 0 0 0 0 0 0 0
23 1 81 2 123 1 0 0 0 0 0 0 0 0 0
24 1 82 2 124 1 0 0 0 0 0 0 0 0 0
25 1 83 2 125 1 0 0 0 0 0 0 0 0 0
26 1 84 2 126 1 0 0 0 0 0 0 0 0 0
27 1 85 2 127 1 0 0 0 0 0 0 0 0 0
28 1 86 2 128 1 0 0 0 0 0 0 0 0 0
29 1 87 2 129 1 0 0 0 0 0 0 0 0 0
30 1 88 2 130 1 0 0 0 0 0 0 0 0 0
31 1 89 2 131 1 0 0 0 0 0 0 0 0 0
32 1 90 2 132 1 0 0 0 0 0 0 0 0 0
33 1 91 2 133 1 0 0 0 0 0 0 0 0 0
34 1 92 2 134 1 0 0 0 0 0 0 0 0 0
35 1 93 2 135 1 0 0 0 0 0 0 0 0 0
36 1 94 2 136 1 0 0 0 0 0 0 0 0 0
37 1 95 2 137 1 0 0 0 0 0 0 0 0 0
8 1 90 1 96 2 0 0 0 0 0 0 0 0 0
9 1 91 1 97 2 0 0 0 0 0 0 0 0 0
10 1 92 1 98 2 0 0 0 0 0 0 0 0 0
11 1 93 1 99 2 0 0 0 0 0 0 0 0 0
12 1 94 1 100 2 0 0 0 0 0 0 0 0 0
13 1 95 1 101 2 0 0 0 0 0 0 0 0 0
14 1 48 1 102 2 0 0 0 0 0 0 0 0 0
15 1 49 1 103 2 0 0 0 0 0 0 0 0 0
16 1 50 1 104 2 0 0 0 0 0 0 0 0 0
17 1 51 1 105 2 0 0 0 0 0 0 0 0 0
18 1 52 1 106 2 0 0 0 0 0 0 0 0 0
19 1 53 1 107 2 0 0 0 0 0 0 0 0 0
20 1 54 1 108 2 0 0 0 0 0 0 0 0 0
21 1 55 1 109 2 0 0 0 0 0 0 0 0 0
22 1 56 1 110 2 0 0 0 0 0 0 0 0 0
23 1 57 1 111 2 0 0 0 0 0 0 0 0 0
24 1 58 1 112 2 0 0 0 0 0 0 0 0 0
25 1 59 1 113 2 0 0 0 0 0 0 0 0 0
26 1 60 1 114 2 0 0 0 0 0 0 0 0 0
27 1 61 1 115 2 0 0 0 0 0 0 0 0 0
28 1 62 1 116 2 0 0 0 0 0 0 0 0 0
29 1 63 1 117 2 0 0 0 0 0 0 0 0 0
30 1 64 1 118 2 0 0 0 0 0 0 0 0 0
31 1 65 1 119 2 0 0 0 0 0 0 0 0 0
32 1 66 1 120 2 0 0 0 0 0 0 0 0 0
33 1 67 1 121 2 0 0 0 0 0 0 0 0 0
34 1 68 1 122 2 0 0 0 0 0 0 0 0 0
35 1 69 1 123 2 0 0 0 0 0 0 0 0 0
36 1 70 1 124 2 0 0 0 0 0 0 0 0 0
37 1 71 1 125 2 0 0 0 0 0 0 0 0 0
38 1 72 1 126 2 0 0 0 0 0 0 0 0 0
39 1 73 1 127 2 0 0 0 0 0 0 0 0 0
40 1 74 1 128 2 0 0 0 0 0 0 0 0 0
41 1 75 1 129 2 0 0 0 0 0 0 0 0 0
42 1 76 1 130 2 0 0 0 0 0 0 0 0 0
43 1 77 1 131 2 0 0 0 0 0 0 0 0 0
44 1 78 1 132 2 0 0 0 0 0 0 0 0 0
45 1 79 1 133 2 0 0 0 0 0 0 0 0 0
46 1 80 1 134 2 0 0 0 0 0 0 0 0 0
47 1 81 1 135 2 0 0 0 0 0 0 0 0 0
0 1 82 1 136 2 0 0 0 0 0 0 0 0 0
1 1 83 1 137 2 0 0 0 0 0 0 0 0 0
2 1 84 1 138 2 0 0 0 0 0 0 0 0 0
3 1 85 1 139 2 0 0 0 0 0 0 0 0 0
4 1 86 1 140 2 0 0 0 0 0 0 0 0 0
5 1 87 1 141 2 0 0 0 0 0 0 0 0 0
6 1 88 1 142 2 0 0 0 0 0 0 0 0 0
7 1 89 1 143 2 0 0 0 0 0 0 0 0 0
8 3 72 3 102 3 0 4294967296 0 0 8589934592 0 0 12884901888 0
9 3 73 3 103 3 0 17179869184 0 0 34359738368 0 0 51539607552 0
10 3 74 3 104 3 0 68719476736 0 0 137438953472 0 0 206158430208 0
11 3 75 3 105 3 0 274877906944 0 0 549755813888 0 0 824633720832 0
12 3 76 3 106 3 0 1099511627776 0 0 2199023255552 0 0 3298534883328 0
13 3 77 3 107 3 0 4398046511104 0 0 8796093022208 0 0 13194139533312 0
14 3 78 3 108 3 0 17592186044416 0 0 35184372088832 0 0 52776558133248 0
15 3 79 3 109 3 0 70368744177664 0 0 140737488355328 0 0 211106232532992 0
16 3 80 3 110 3 0 281474976710656 0 0 562949953421312 0 0 844424930131968 0
17 3 81 3 111 3 0 1125899906842624 0 0 2251799813685248 0 0 3377699720527872 0
18 3 82 3 112 3 0 4503599627370496 0 0 9007199254740992 0 0 13510798882111488 0
19 3 83 3 113 3 0 18014398509481984 0 0 36028797018963968 0 0 54043195528445952 0
20 3 84 3 114 3 0 72057594037927936 0 0 144115188075855872 0 0 216172782113783808 0
21 3 85 3 115 3 0 288230376151711744 0 0 576460752303423488 0 0 864691128455135232 0
22 3 86 3 116 3 0 1152921504606846976 0 0 2305843009213693952 0 0 3458764513820540928 0
23 3 87 3 117 3 0 4611686018427387904 0 0 9223372036854775808 0 0 13835058055282163712 0
24 3 88 3 118 3 0 0 1 0 0 2 0 0 3
25 3 89 3 119 3 0 0 4 0 0 8 0 0 12
26 3 90 3 120 3 0 0 16 0 0 32 0 0 48
27 3 91 3 121 3 0 0 64 0 0 128 0 0 192
28 3 92 3 122 3 0 0 256 0 0 512 0 0 768
29 3 93 3 123 3 0 0 1024 0 0 2048 0 0 3072
30 3 94 3 124 3 0 0 4096 0 0 8192 0 0 12288
31 3 95 3 125 3 0 0 16384 0 0 32768 0 0 49152
32 3 48 3 126 3 0 0 65536 0 0 131072 0 0 196608
33 3 49 3 127 3 0 0 262144 0 0 524288 0 0 786432
34 3 50 3 128 3 0 0 1048576 0 0 2097152 0 0 3145728
35 3 51 3 129 3 0 0 4194304 0 0 8388608 0 0 12582912
36 3 52 3 130 3 0 0 16777216 0 0 33554432 0 0 50331648
37 3 53 3 131 3 0 0 67108864 0 0 134217728 0 0 201326592
38 3 54 3 132 3 0 0 268435456 0 0 536870912 0 0 805306368
39 3 55 3 133 3 0 0 1073741824 0 0 2147483648 0 0 3221225472
40 3 56 3 134 3 0 0 4294967296 0 0 8589934592 0 0 12884901888
41 3 57 3 135 3 0 0 17179869184 0 0 34359738368 0 0 51539607552
42 3 58 3 136 3 0 0 68719476736 0 0 137438953472 0 0 206158430208
43 3 59 3 137 3 0 0 274877906944 0 0 549755813888 0 0 824633720832
44 3 60 3 138 3 0 0 1099511627776 0 0 2199023255552 0 0 3298534883328
45 3 61 3 139 3 0 0 4398046511104 0 0 8796093022208 0 0 13194139533312
46 3 62 3 140 3 0 0 17592186044416 0 0 35184372088832 0 0 52776558133248
47 3 63 3 141 3 0 0 70368744177664 0 0 140737488355328 0 0 211106232532992
0 3 64 3 142 3 0 0 281474976710656 0 0 562949953421312 0 0 844424930131968
1 3 65 3 143 3 0 0 1125899906842624 0 0 2251799813685248 0 0 3377699720527872
2 3 66 3 96 3 0 0 4503599627370496 0 0 9007199254740992 0 0 13510798882111488
3 3 67 3 97 3 0 0 18014398509481984 0 0 36028797018963968 0 0 54043195528445952
4 3 68 3 98 3 0 0 72057594037927936 0 0 144115188075855872 0 0 216172782113783808
5 3 69 3 99 3 0 0 288230376151711744 0 0 576460752303423488 0 0 864691128455135232
6 3 70 3 100 3 0 0 1152921504606846976 0 0 2305843009213693952 0 0 3458764513820540928
7 3 71 3 101 3 0 0 4611686018427387904 0 0 9223372036854775808 0 0 13835058055282163712
