512 192 4 64
0 3 64 3 128 3 2097666 9007199255789827 4542082568945664 4523390890147840 3146499 13510798884209153 9061075376930816 9045682179538944 1048833 4503599630516994 13530590111334400 13564674987524096
1 3 65 3 129 3 8390664 36028797023159308 18168330275782656 18093563560591360 12585996 54043195536836612 36244301507723264 36182728718155776 4195332 18014398522067976 54122360445337600 54258699950096384
2 3 66 3 130 3 33562656 144115188092637232 72673321103130624 72374254242365440 50343984 216172782147346448 144977206030893056 144730914872623104 16781328 72057594088271904 216489441781350400 217034799800385536
3 3 67 3 131 3 134250624 576460752370548928 290693284412522496 289497016969461760 201375936 864691128589385792 579908824123572224 578923659490492416 67125312 288230376353087616 865957767125401600 868139199201542144
4 3 68 3 132 3 537002496 2305843009482195712 1162773137650089984 1157988067877847040 805503744 3458764514357543168 2319635296494288896 2315694637961969664 268501248 1152921505412350464 3463831068501606400 3472556796806168576
5 3 69 3 133 3 2148009984 9223372037928782848 4651092550600359936 4631952271511388160 3222014976 13835058057430172672 9278541185977155584 9262778551847878656 1074004992 4611686021649401856 13855324274006425600 13890227187224674304
6 3 70 3 134 3 8592039938 4296028160 157626128691888129 81065012336001025 12888059907 8592035840 220676596489519106 157626059972411394 4296019969 12888055808 81064874897047555 220676527770042371
7 3 71 3 135 3 34368159752 17184112640 630504514767552516 324260049344004100 51552239628 34368143360 882706385958076424 630504239889645576 17184079876 51552223232 324259499588190220 882706111080169484
8 3 72 3 136 3 137472639008 68736450560 2522018059070210064 1297040197376016400 206208958512 137472573440 3530825543832305696 2522016959558582304 68736319504 206208892928 1297037998352760880 3530824444320677936
9 3 73 3 137 3 549890556032 274945802240 10088072236280840256 5188160789504065600 824835834048 549890293760 14123302175329222784 10088067838234329216 274945278016 824835571712 5188151993411043520 14123297777282711744
10 3 74 3 138 3 2199562224128 1099783208960 3458800797704257793 2305899084306710786 3299343336192 2199561175040 1152976480188236290 3458783205518213635 1099781112064 3299342286848 2305863899934622467 1152958888002192129
11 3 75 3 139 3 8798248896512 4399132835840 13835203190817031172 9223596337226843144 13197373344768 8798244700160 4611905920752945160 13835132822072854540 4399124448256 13197369147392 9223455599738489868 4611835552008768516
12 3 76 3 140 3 35192995586048 17596531343360 580542139469842 897201488269347 52789493379072 35192978800640 879609302229027 299067162763313 17596497793024 52789476589568 334251534856241 598134325522450
13 3 77 3 141 3 140771982344192 70386125373440 2322168557879368 3588805953077388 211157973516288 140771915202560 3518437208916108 1196268651053252 70385991172096 211157906358272 1337006139424964 2392537302089800
14 3 78 3 142 3 563087929376768 281544501493760 9288674231517472 14355223812309552 844631894065152 563087660810240 14073748835664432 4785074604213008 281543964688384 844631625433088 5348024557699856 9570149208359200
15 3 79 3 143 3 2252351717507072 1126178005975040 37154696926069888 57420895249238208 3378527576260608 2252350643240960 56294995342657728 19140298416852032 1126175858753536 3378526501732352 21392098230799424 38280596833436800
16 3 80 3 144 3 9009406870028288 4504712023900160 148618787704279552 229683580996952832 13514110305042432 9009402572963840 225179981370630912 76561193667408128 4504703435014144 13514106006929408 85568392923197696 153122387333747200
17 3 81 3 145 3 36037627480113152 18018848095600640 594475150817118208 918734323987811328 54056441220169728 36037610291855360 900719925482523648 306244774669632512 18018813740056576 54056424027717632 342273571692790784 612489549334988800
18 3 82 3 146 3 144150509920452608 72075392382402560 2377900603268472832 3674937295951245312 216225764880678912 144150441167421440 3602879701930094592 1224979098678530048 72075254960226304 216225696110870528 1369094286771163136 2449958197339955200
19 3 83 3 147 3 576602039681810432 288301569529610240 9511602413073891328 14699749183804981248 864903059522715648 576601764669685760 14411518807720378368 4899916394714120192 288301019840905216 864902784443482112 5476377147084652544 9799832789359820800
20 3 84 3 148 3 2306408158727241728 1153206278118440960 1152921504876462083 3458764514091270146 3459612238090862592 2306407058678743040 2305843009752858625 1152921505146929155 1153204079363620864 3459611137773928448 3458764514629058562 2305843010020179969
21 3 85 3 149 3 9225632634908966912 4612825112473763840 4611686019505848332 13835058056365080584 13838448952363450368 9225628234714972160 9223372039011434500 4611686020587716620 4612816317454483456 13838444551095713792 13835058058516234248 9223372040080719876
22 3 86 3 150 3 9042392216764417 4556376185503746 4313841715 4331667489 13563588325146626 9024791440785411 8626634769 8641314866 4521196108382211 13545983254200321 12936282146 12903776275
23 3 87 3 151 3 36169568867057668 18225504742014984 17255366860 17326669956 54254353300586504 36099165763141644 34506539076 34565259464 18084784433528844 54183933016801284 51745128584 51615105100
24 3 88 3 152 3 144678275468230672 72902018968059936 69021467440 69306679824 217017413202346016 144396663052566576 138026156304 138261037856 72339137734115376 216735732067205136 206980514336 206460420400
25 3 89 3 153 3 578713101872922688 291608075872239744 276085869760 277226719296 868069652809384064 577586652210266304 552104625216 553044151424 289356550936461504 866942928268820544 827922057344 825841681600
26 3 90 3 154 3 2314852407491690752 1166432303488958976 1104343479040 1108906877184 3472278611237536256 2310346608841065216 2208418500864 2212176605696 1157426203745846016 3467771713075282176 3311688229376 3303366726400
27 3 91 3 155 3 9259409629966763008 4665729213955835904 4417373916160 4435627508736 13889114444950145024 9241386435364260864 8833674003456 8848706422784 4629704814983384064 13871086852301128704 13246752917504 13213466905600
28 3 92 3 156 3 144150372447948801 216172782113792002 17669495664640 17742510034944 216225558671925250 72057594037940227 35334696013824 35394825691136 72075186223984643 144115188075859969 52987011670016 52853867622400
29 3 93 3 157 3 576601489791795204 864691128455168008 70677982658560 70970040139776 864902234687701000 288230376151760908 141338784055296 141579302764544 288300744895938572 576460752303439876 211948046680064 211415470489600
30 3 94 3 158 3 2306405959167180816 3458764513820672032 282711930634240 283880160559104 3459608938750804000 1152921504607043632 565355136221184 566317211058176 1153202979583754288 2305843009213759504 847792186720256 845661881958400
31 3 95 3 159 3 9225623836668723264 13835058055282688128 1130847722536960 1135520642236416 13838435755003216000 4611686018428174528 2261420544884736 2265268844232704 4612811918335017152 9223372036855038016 3391168746881024 3382647527833600
32 3 96 3 160 3 9007199255789827 2097666 4523390890147840 4542082568945664 13510798884209153 3146499 9045682179538944 9061075376930816 4503599630516994 1048833 13564674987524096 13530590111334400
33 3 97 3 161 3 36028797023159308 8390664 18093563560591360 18168330275782656 54043195536836612 12585996 36182728718155776 36244301507723264 18014398522067976 4195332 54258699950096384 54122360445337600
34 3 98 3 162 3 144115188092637232 33562656 72374254242365440 72673321103130624 216172782147346448 50343984 144730914872623104 144977206030893056 72057594088271904 16781328 217034799800385536 216489441781350400
35 3 99 3 163 3 576460752370548928 134250624 289497016969461760 290693284412522496 864691128589385792 201375936 578923659490492416 579908824123572224 288230376353087616 67125312 868139199201542144 865957767125401600
36 3 100 3 164 3 2305843009482195712 537002496 1157988067877847040 1162773137650089984 3458764514357543168 805503744 2315694637961969664 2319635296494288896 1152921505412350464 268501248 3472556796806168576 3463831068501606400
37 3 101 3 165 3 9223372037928782848 2148009984 4631952271511388160 4651092550600359936 13835058057430172672 3222014976 9262778551847878656 9278541185977155584 4611686021649401856 1074004992 13890227187224674304 13855324274006425600
38 3 102 3 166 3 4296028160 8592039938 81065012336001025 157626128691888129 8592035840 12888059907 157626059972411394 220676596489519106 12888055808 4296019969 220676527770042371 81064874897047555
39 3 103 3 167 3 17184112640 34368159752 324260049344004100 630504514767552516 34368143360 51552239628 630504239889645576 882706385958076424 51552223232 17184079876 882706111080169484 324259499588190220
40 3 104 3 168 3 68736450560 137472639008 1297040197376016400 2522018059070210064 137472573440 206208958512 2522016959558582304 3530825543832305696 206208892928 68736319504 3530824444320677936 1297037998352760880
41 3 105 3 169 3 274945802240 549890556032 5188160789504065600 10088072236280840256 549890293760 824835834048 10088067838234329216 14123302175329222784 824835571712 274945278016 14123297777282711744 5188151993411043520
42 3 106 3 170 3 1099783208960 2199562224128 2305899084306710786 3458800797704257793 2199561175040 3299343336192 3458783205518213635 1152976480188236290 3299342286848 1099781112064 1152958888002192129 2305863899934622467
43 3 107 3 171 3 4399132835840 8798248896512 9223596337226843144 13835203190817031172 8798244700160 13197373344768 13835132822072854540 4611905920752945160 13197369147392 4399124448256 4611835552008768516 9223455599738489868
44 3 108 3 172 3 17596531343360 35192995586048 897201488269347 580542139469842 35192978800640 52789493379072 299067162763313 879609302229027 52789476589568 17596497793024 598134325522450 334251534856241
45 3 109 3 173 3 70386125373440 140771982344192 3588805953077388 2322168557879368 140771915202560 211157973516288 1196268651053252 3518437208916108 211157906358272 70385991172096 2392537302089800 1337006139424964
46 3 110 3 174 3 281544501493760 563087929376768 14355223812309552 9288674231517472 563087660810240 844631894065152 4785074604213008 14073748835664432 844631625433088 281543964688384 9570149208359200 5348024557699856
47 3 111 3 175 3 1126178005975040 2252351717507072 57420895249238208 37154696926069888 2252350643240960 3378527576260608 19140298416852032 56294995342657728 3378526501732352 1126175858753536 38280596833436800 21392098230799424
48 3 112 3 176 3 4504712023900160 9009406870028288 229683580996952832 148618787704279552 9009402572963840 13514110305042432 76561193667408128 225179981370630912 13514106006929408 4504703435014144 153122387333747200 85568392923197696
49 3 113 3 177 3 18018848095600640 36037627480113152 918734323987811328 594475150817118208 36037610291855360 54056441220169728 306244774669632512 900719925482523648 54056424027717632 18018813740056576 612489549334988800 342273571692790784
50 3 114 3 178 3 72075392382402560 144150509920452608 3674937295951245312 2377900603268472832 144150441167421440 216225764880678912 1224979098678530048 3602879701930094592 216225696110870528 72075254960226304 2449958197339955200 1369094286771163136
51 3 115 3 179 3 288301569529610240 576602039681810432 14699749183804981248 9511602413073891328 576601764669685760 864903059522715648 4899916394714120192 14411518807720378368 864902784443482112 288301019840905216 9799832789359820800 5476377147084652544
52 3 116 3 180 3 1153206278118440960 2306408158727241728 3458764514091270146 1152921504876462083 2306407058678743040 3459612238090862592 1152921505146929155 2305843009752858625 3459611137773928448 1153204079363620864 2305843010020179969 3458764514629058562
53 3 117 3 181 3 4612825112473763840 9225632634908966912 13835058056365080584 4611686019505848332 9225628234714972160 13838448952363450368 4611686020587716620 9223372039011434500 13838444551095713792 4612816317454483456 9223372040080719876 13835058058516234248
54 3 118 3 182 3 4556376185503746 9042392216764417 4331667489 4313841715 9024791440785411 13563588325146626 8641314866 8626634769 13545983254200321 4521196108382211 12903776275 12936282146
55 3 119 3 183 3 18225504742014984 36169568867057668 17326669956 17255366860 36099165763141644 54254353300586504 34565259464 34506539076 54183933016801284 18084784433528844 51615105100 51745128584
56 3 120 3 184 3 72902018968059936 144678275468230672 69306679824 69021467440 144396663052566576 217017413202346016 138261037856 138026156304 216735732067205136 72339137734115376 206460420400 206980514336
57 3 121 3 185 3 291608075872239744 578713101872922688 277226719296 276085869760 577586652210266304 868069652809384064 553044151424 552104625216 866942928268820544 289356550936461504 825841681600 827922057344
58 3 122 3 186 3 1166432303488958976 2314852407491690752 1108906877184 1104343479040 2310346608841065216 3472278611237536256 2212176605696 2208418500864 3467771713075282176 1157426203745846016 3303366726400 3311688229376
59 3 123 3 187 3 4665729213955835904 9259409629966763008 4435627508736 4417373916160 9241386435364260864 13889114444950145024 8848706422784 8833674003456 13871086852301128704 4629704814983384064 13213466905600 13246752917504
60 3 124 3 188 3 216172782113792002 144150372447948801 17742510034944 17669495664640 72057594037940227 216225558671925250 35394825691136 35334696013824 144115188075859969 72075186223984643 52853867622400 52987011670016
61 3 125 3 189 3 864691128455168008 576601489791795204 70970040139776 70677982658560 288230376151760908 864902234687701000 141579302764544 141338784055296 576460752303439876 288300744895938572 211415470489600 211948046680064
62 3 126 3 190 3 3458764513820672032 2306405959167180816 283880160559104 282711930634240 1152921504607043632 3459608938750804000 566317211058176 565355136221184 2305843009213759504 1153202979583754288 845661881958400 847792186720256
63 3 127 3 191 3 13835058055282688128 9225623836668723264 1135520642236416 1130847722536960 4611686018428174528 13838435755003216000 2265268844232704 2261420544884736 9223372036855038016 4612811918335017152 3382647527833600 3391168746881024
37 1 121 1 130 1 9007212141740288 8592032512 225199772578873344 76615069736108032 13510803180225024 12888047872 85606875829108736 153142178541993984 4503608218354432 4296016384 148672663776133120 229722063906013184
38 1 122 1 131 1 36028848566961152 34368130048 900799090315493376 306460278944432128 54043212720900096 51552191488 342427503316434944 612568714167975936 18014432873417728 17184065536 594690655104532480 918888255624052736
39 1 123 1 132 1 144115394267844608 137472520192 3603196361261973504 1225841115777728512 216172850883600384 206208765952 1369710013265739776 2450274856671903744 72057731493670912 68736262144 2378762620418129920 3675553022496210944
40 1 124 1 133 1 576461577071378432 549890080768 14412785445047894016 4903364463110914048 864691403534401536 824835063808 5478840053062959104 9801099426687614976 288230925974683648 274945048576 9515050481672519680 14702212089984843776
41 1 125 1 134 1 2305846308285513728 2199560323072 2310909559062921217 1166713778734104579 3458765614137606144 3299340255232 3468616138542284802 2310909559331356673 1152923703898734592 1099780194304 1166713779270975491 3468616138810720258
42 1 126 1 135 1 9223385233142054912 8798241292288 9243638236251684868 4666855114936418316 13835062456550424576 13197361020928 13874464554169139208 9243638237325426692 4611694815594938368 4399120777216 4666855117083901964 13874464555242881032
43 1 127 1 136 1 52785149116416 35192965169154 81064797587636241 220676386036121650 17605073043456 52789444083715 157625995547901986 81064801882603539 35188670201856 17596483108865 220676394626056243 157625999842869281
44 1 64 1 137 1 211140596465664 140771860676616 324259190350544964 882705544144486600 70420292173824 211157776334860 630503982191607944 324259207530414156 140754680807424 70385932435460 882705578504224972 630503999371477124
45 1 65 1 138 1 844562385862656 563087442706464 1297036761402179856 3530822176577946400 281681168695296 844631105339440 2522015928766431776 1297036830121656624 563018723229696 281543729741840 3530822314016899888 2522015997485908496
46 1 66 1 139 1 3378249543450624 2252349770825856 5188147045608719424 14123288706311785600 1126724674781184 3378524421357760 10088063715065727104 5188147320486626496 2252074892918784 1126174918967360 14123289256067599552 10088063989943633984
47 1 67 1 140 1 13512998173802496 9009399083303424 2305844108725326083 1152922604118487553 4506898699124736 13514097685431040 3458766712843805185 2305845208236954370 9008299571675136 4504699675869440 1152924803141743362 3458767812355432707
48 1 68 1 141 1 54051992695209984 36037596333213696 9223376434901304332 4611690416473950212 18027594796498944 54056390741724160 13835066851375220740 9223380832947817480 36033198286700544 18018798703477760 4611699212566973448 13835071249421730828
49 1 69 1 142 1 216207970780839936 144150385332854784 17592186114097 17592186249234 72110379185995776 216225562966896640 35184372228114 35184372166691 144132793146802176 72075194813911040 52776558342179 52776558268465
50 1 70 1 143 1 864831883123359744 576601541331419136 70368744456388 70368744996936 288441516743983104 864902251867586560 140737488912456 140737488666764 576531172587208704 288300779255644160 211106233368716 211106233073860
51 1 71 1 144 1 3459327532493438976 2306406165325676544 281474977825552 281474979987744 1153766066975932416 3459609007470346240 562949955649824 562949954667056 2306124690348834816 1153203117022576640 844424933474864 844424932295440
52 1 72 1 145 1 13837310129973755904 9225624661302706176 1125899911302208 1125899919950976 4615064267903729664 13838436029881384960 2251799822599296 2251799818668224 9224498761395339264 4612812468090306560 3377699733899456 3377699729181760
53 1 73 1 146 1 9008298766368770 9010497791721475 4503599645208832 4503599679803904 13512997905367043 13511898396884993 9007199290397184 9007199274672896 4506898162253825 4505798651674626 13510798935597824 13510798916727040
54 1 74 1 147 1 36033195065475080 36041991166885900 18014398580835328 18014398719215616 54051991621468172 54047593587539972 36028797161588736 36028797098691584 18027592649015300 18023194606698504 54043195742391296 54043195666908160
55 1 75 1 148 1 144132780261900320 144167964667543600 72057594323341312 72057594876862464 216207966485872688 216190374350159888 144115188646354944 144115188394766336 72110370596061200 72092778426794016 216172782969565184 216172782667632640
56 1 76 1 149 1 576531121047601280 576671858670174400 288230377293365248 288230379507449856 864831865943490752 864761497400639552 576460754585419776 576460753579065344 288441482384244800 288371113707176064 864691131878260736 864691130670530560
57 1 77 1 150 1 2306124484190405120 2306687434680697600 1152921509173460992 1152921518029799424 3459327463773963008 3459045989602558208 2305843018341679104 2305843014316261376 1153765929536979200 1153484454828704256 3458764527513042944 3458764522682122240
58 1 78 1 151 1 9224497936761620480 9226749738722790400 4611686036693843968 4611686072119197696 13837309855095852032 13836183958410232832 9223372073366716416 9223372057265045504 4615063718147916800 4613937819314817024 13835058110052171776 13835058090728488960
59 1 79 1 152 1 4503599627378690 13510807472058370 73065824257 214767239169 9007199254753283 4503612512276483 146047762434 81641078786 13510798882115585 9007203549716481 219080032259 141785300995
60 1 80 1 153 1 18014398509514760 54043229888233480 292263297028 859068956676 36028797019013132 18014450049105932 584191049736 326564315144 54043195528462340 36028814198865924 876320129036 567141203980
61 1 81 1 154 1 72057594038059040 216172919552933920 1169053188112 3436275826704 144115188076052528 72057800196423728 2336764198944 1306257260576 216172782113849360 144115256795463696 3505280516144 2268564815920
62 1 82 1 155 1 288230376152236160 864691678211735680 4676212752448 13745103306816 576460752304210112 288231200785694912 9347056795776 5225029042304 864691128455397440 576461027181854784 14021122064576 9074259263680
63 1 83 1 156 1 1152921504608944640 3458766712846942720 18704851009792 54980413227264 2305843009216840448 1152924803142779648 37388227183104 20900116169216 3458764513821589760 2305844108727419136 56084488258304 36297037054720
0 1 84 1 157 1 4611686018435778560 13835066851387770880 74819404039168 219921652909056 9223372036867361792 4611699212571118592 149552908732416 83600464676864 13835058055286359040 9223376434909676544 224337953033216 145188148218880
1 1 85 1 158 1 33562627 35184422428673 299277616156672 879686611636224 50343937 52776574922754 598211634929664 334401858707456 16781314 17592219602947 897351812132864 580752592875520
2 1 86 1 159 1 134250508 140737689714692 1197110464626688 3518746446544896 201375748 211106299691016 2392846539718656 1337607434829824 67125256 70368878411788 3589407248531456 2323010371502080
3 1 87 1 160 1 537002032 562950758858768 4788441858506752 14074985786179584 805502992 844425198764064 9571386158874624 5350429739319296 268501024 281475513647152 14357628994125824 9292041486008320
4 1 88 1 161 1 2148008128 2251803035435072 19153767434027008 56299943144718336 3222011968 3377700795056256 38285544635498496 21401718957277184 1074004096 1125902054588608 57430515976503296 37168165944033280
5 1 89 1 162 1 8592032512 9007212141740288 76615069736108032 225199772578873344 12888047872 13510803180225024 153142178541993984 85606875829108736 4296016384 4503608218354432 229722063906013184 148672663776133120
6 1 90 1 163 1 34368130048 36028848566961152 306460278944432128 900799090315493376 51552191488 54043212720900096 612568714167975936 342427503316434944 17184065536 18014432873417728 918888255624052736 594690655104532480
7 1 91 1 164 1 137472520192 144115394267844608 1225841115777728512 3603196361261973504 206208765952 216172850883600384 2450274856671903744 1369710013265739776 68736262144 72057731493670912 3675553022496210944 2378762620418129920
8 1 92 1 165 1 549890080768 576461577071378432 4903364463110914048 14412785445047894016 824835063808 864691403534401536 9801099426687614976 5478840053062959104 274945048576 288230925974683648 14702212089984843776 9515050481672519680
9 1 93 1 166 1 2199560323072 2305846308285513728 1166713778734104579 2310909559062921217 3299340255232 3458765614137606144 2310909559331356673 3468616138542284802 1099780194304 1152923703898734592 3468616138810720258 1166713779270975491
10 1 94 1 167 1 8798241292288 9223385233142054912 4666855114936418316 9243638236251684868 13197361020928 13835062456550424576 9243638237325426692 13874464554169139208 4399120777216 4611694815594938368 13874464555242881032 4666855117083901964
11 1 95 1 168 1 35192965169154 52785149116416 220676386036121650 81064797587636241 52789444083715 17605073043456 81064801882603539 157625995547901986 17596483108865 35188670201856 157625999842869281 220676394626056243
12 1 96 1 169 1 140771860676616 211140596465664 882705544144486600 324259190350544964 211157776334860 70420292173824 324259207530414156 630503982191607944 70385932435460 140754680807424 630503999371477124 882705578504224972
13 1 97 1 170 1 563087442706464 844562385862656 3530822176577946400 1297036761402179856 844631105339440 281681168695296 1297036830121656624 2522015928766431776 281543729741840 563018723229696 2522015997485908496 3530822314016899888
14 1 98 1 171 1 2252349770825856 3378249543450624 14123288706311785600 5188147045608719424 3378524421357760 1126724674781184 5188147320486626496 10088063715065727104 1126174918967360 2252074892918784 10088063989943633984 14123289256067599552
15 1 99 1 172 1 9009399083303424 13512998173802496 1152922604118487553 2305844108725326083 13514097685431040 4506898699124736 2305845208236954370 3458766712843805185 4504699675869440 9008299571675136 3458767812355432707 1152924803141743362
16 1 100 1 173 1 36037596333213696 54051992695209984 4611690416473950212 9223376434901304332 54056390741724160 18027594796498944 9223380832947817480 13835066851375220740 18018798703477760 36033198286700544 13835071249421730828 4611699212566973448
17 1 101 1 174 1 144150385332854784 216207970780839936 17592186249234 17592186114097 216225562966896640 72110379185995776 35184372166691 35184372228114 72075194813911040 144132793146802176 52776558268465 52776558342179
18 1 102 1 175 1 576601541331419136 864831883123359744 70368744996936 70368744456388 864902251867586560 288441516743983104 140737488666764 140737488912456 288300779255644160 576531172587208704 211106233073860 211106233368716
19 1 103 1 176 1 2306406165325676544 3459327532493438976 281474979987744 281474977825552 3459609007470346240 1153766066975932416 562949954667056 562949955649824 1153203117022576640 2306124690348834816 844424932295440 844424933474864
20 1 104 1 177 1 9225624661302706176 13837310129973755904 1125899919950976 1125899911302208 13838436029881384960 4615064267903729664 2251799818668224 2251799822599296 4612812468090306560 9224498761395339264 3377699729181760 3377699733899456
21 1 105 1 178 1 9010497791721475 9008298766368770 4503599679803904 4503599645208832 13511898396884993 13512997905367043 9007199274672896 9007199290397184 4505798651674626 4506898162253825 13510798916727040 13510798935597824
22 1 106 1 179 1 36041991166885900 36033195065475080 18014398719215616 18014398580835328 54047593587539972 54051991621468172 36028797098691584 36028797161588736 18023194606698504 18027592649015300 54043195666908160 54043195742391296
23 1 107 1 180 1 144167964667543600 144132780261900320 72057594876862464 72057594323341312 216190374350159888 216207966485872688 144115188394766336 144115188646354944 72092778426794016 72110370596061200 216172782667632640 216172782969565184
24 1 108 1 181 1 576671858670174400 576531121047601280 288230379507449856 288230377293365248 864761497400639552 864831865943490752 576460753579065344 576460754585419776 288371113707176064 288441482384244800 864691130670530560 864691131878260736
25 1 109 1 182 1 2306687434680697600 2306124484190405120 1152921518029799424 1152921509173460992 3459045989602558208 3459327463773963008 2305843014316261376 2305843018341679104 1153484454828704256 1153765929536979200 3458764522682122240 3458764527513042944
26 1 110 1 183 1 9226749738722790400 9224497936761620480 4611686072119197696 4611686036693843968 13836183958410232832 13837309855095852032 9223372057265045504 9223372073366716416 4613937819314817024 4615063718147916800 13835058090728488960 13835058110052171776
27 1 111 1 184 1 13510807472058370 4503599627378690 214767239169 73065824257 4503612512276483 9007199254753283 81641078786 146047762434 9007203549716481 13510798882115585 141785300995 219080032259
28 1 112 1 185 1 54043229888233480 18014398509514760 859068956676 292263297028 18014450049105932 36028797019013132 326564315144 584191049736 36028814198865924 54043195528462340 567141203980 876320129036
29 1 113 1 186 1 216172919552933920 72057594038059040 3436275826704 1169053188112 72057800196423728 144115188076052528 1306257260576 2336764198944 144115256795463696 216172782113849360 2268564815920 3505280516144
30 1 114 1 187 1 864691678211735680 288230376152236160 13745103306816 4676212752448 288231200785694912 576460752304210112 5225029042304 9347056795776 576461027181854784 864691128455397440 9074259263680 14021122064576
31 1 115 1 188 1 3458766712846942720 1152921504608944640 54980413227264 18704851009792 1152924803142779648 2305843009216840448 20900116169216 37388227183104 2305844108727419136 3458764513821589760 36297037054720 56084488258304
32 1 116 1 189 1 13835066851387770880 4611686018435778560 219921652909056 74819404039168 4611699212571118592 9223372036867361792 83600464676864 149552908732416 9223376434909676544 13835058055286359040 145188148218880 224337953033216
33 1 117 1 190 1 35184422428673 33562627 879686611636224 299277616156672 52776574922754 50343937 334401858707456 598211634929664 17592219602947 16781314 580752592875520 897351812132864
34 1 118 1 191 1 140737689714692 134250508 3518746446544896 1197110464626688 211106299691016 201375748 1337607434829824 2392846539718656 70368878411788 67125256 2323010371502080 3589407248531456
35 1 119 1 128 1 562950758858768 537002032 14074985786179584 4788441858506752 844425198764064 805502992 5350429739319296 9571386158874624 281475513647152 268501024 9292041486008320 14357628994125824
36 1 120 1 129 1 2251803035435072 2148008128 56299943144718336 19153767434027008 3377700795056256 3222011968 21401718957277184 38285544635498496 1125902054588608 1074004096 37168165944033280 57430515976503296
37 3 116 3 145 3 4503608219402242 13510803180224513 157625987009347587 220676381760028672 9007212142788611 4503608218353666 220676381760028673 81064793329369088 13510803178127361 9007212141740035 81064793329369090 157625987009347584
38 3 117 3 146 3 18014432877608968 54043212720898052 630503948037390348 882705527040114688 36028848571154444 18014432873414664 882705527040114692 324259173317476352 54043212712509444 36028848566960140 324259173317476360 630503948037390336
39 3 118 3 147 3 72057731510435872 216172850883592208 2522015792149561392 3530822108160458752 144115394284617776 72057731493658656 3530822108160458768 1297036693269905408 216172850850037776 144115394267840560 1297036693269905440 2522015792149561344
40 3 119 3 148 3 288230926041743488 864691403534368832 10088063168598245568 14123288432641835008 576461577138471104 288230925974634624 14123288432641835072 5188146773079621632 864691403400151104 576461577071362240 5188146773079621760 10088063168598245376
41 3 120 3 149 3 1152923704166973952 3458765614137475328 3458764526973879043 1152921509438685186 2305846308553884416 1152923703898538496 1152921509438685441 2305843018608934915 3458765613600604416 2305846308285448960 2305843018608935426 3458764526973878273
42 3 121 3 150 3 4611694816667895808 13835062456549901312 13835058107895516172 4611686037754740744 9223385234215537664 4611694815594153984 4611686037754741764 9223372074435739660 13835062454402417664 9223385233141795840 9223372074435741704 13835058107895513092
43 3 122 3 151 3 35192962031619 17605070950401 210453409841 77309411363 52789443047425 35188667064322 77309415442 150323855409 17596481015810 52785148080131 150323863587 210453397522
44 3 123 3 152 3 140771848126476 70420283801604 841813639364 309237645452 211157772189700 140754668257288 309237661768 601295421636 70385924063240 211140592320524 601295454348 841813590088
45 3 124 3 153 3 563087392505904 281681135206416 3367254557456 1236950581808 844631088758800 563018673029152 1236950647072 2405181686544 281543696252960 844562369282096 2405181817392 3367254360352
46 3 125 3 154 3 2252349570023616 1126724540825664 13469018229824 4947802327232 3378524355035200 2252074692116608 4947802588288 9620726746176 1126174785011840 3378249477128384 9620727269568 13469017441408
47 3 126 3 155 3 9009398280094464 4506898163302656 53876072919296 19791209308928 13514097420140800 9008298768466432 19791210353152 38482906984704 4504699140047360 13512997908513536 38482909078272 53876069765632
48 3 127 3 156 3 36037593120377856 18027592653210624 215504291677184 79164837235712 54056389680563200 36033195073865728 79164841412608 153931627938816 18018796560189440 54051991634054144 153931636313088 215504279062528
49 3 64 3 157 3 144150372481511424 72110370612842496 862017166708736 316659348942848 216225558722252800 144132780295462912 316659365650432 615726511755264 72075186240757760 216207966536216576 615726545252352 862017116250112
50 3 65 3 158 3 576601489926045696 288441482451369984 3448068666834944 1266637395771392 864902234889011200 576531121181851648 1266637462601728 2462906047021056 288300744963031040 864831866144866304 2462906181009408 3448068465000448
51 3 66 3 159 3 2306405959704182784 1153765929805479936 13792274667339776 5066549583085568 3459608939556044800 2306124484727406592 5066549850406912 9851624188084224 1153202979852124160 3459327464579465216 9851624724037632 13792273860001792
52 3 67 3 160 3 9225623838816731136 4615063719221919744 55169098669359104 20266198332342272 13838435758224179200 9224497938909626368 20266199401627648 39406496752336896 4612811919408496640 13837309858317860864 39406498896150528 55169095440007168
53 3 68 3 161 3 9007207847821313 13510803178127362 220676394677436416 81064793329369088 13510811768061954 4503608219402243 81064797606510592 157625987009347584 4503603924434947 9007212142788609 157625995584602112 220676381760028672
54 3 69 3 162 3 36028831391285252 54043212712509448 882705578709745664 324259173317476352 54043247072247816 18014432877608972 324259190426042368 630503948037390336 18014415697739788 36028848571154436 630503982338408448 882705527040114688
55 3 70 3 163 3 144115325565141008 216172850850037792 3530822314838982656 1297036693269905408 216172988288991264 72057731510435888 1297036761704169472 2522015792149561344 72057662790959152 144115394284617744 2522015929353633792 3530822108160458752
56 3 71 3 164 3 576461302260564032 864691403400151168 14123289259355930624 5188146773079621632 864691953155965056 288230926041743552 5188147046816677888 10088063168598245376 288230651163836608 576461577138470976 10088063717414535168 14123288432641835008
57 3 72 3 165 3 2305845209042256128 3458765613600604672 1152924816295067649 2305843018608934915 3458767812623860224 1152923704166974208 2305844113557159938 3458764526973878273 1152922604655346432 2305846308553883904 3458766722239037443 1152921509438685186
58 3 73 3 166 3 9223380836169024512 13835062454402418688 4611699265180270596 9223372074435739660 13835071250495440896 4611694816667896832 9223376454228639752 13835058107895513092 4611690418621385728 9223385234215535616 13835066888956149772 4611686037754740744
59 3 74 3 167 3 35197256994819 17596481019906 52987011530770 150323855409 52780853108737 35192962035715 17669495455779 210453397522 17600775991298 52789443039233 35334695944241 77309411363
60 3 75 3 168 3 140789027979276 70385924079624 211948046123080 601295421636 211123412434948 140771848142860 70677981823116 841813590088 70403103965192 211157772156932 141338783776964 309237645452
61 3 76 3 169 3 563156111917104 281543696318496 847792184492320 2405181686544 844493649739792 563087392571440 282711927292464 3367254360352 281612415860768 844631088627728 565355135107856 1236950581808
62 3 77 3 170 3 2252624447668416 1126174785273984 3391168737969280 9620726746176 3377974598959168 2252349570285760 1130847709169856 13469017441408 1126449663443072 3378524354510912 2261420540431424 4947802327232
63 3 78 3 171 3 9010497790673664 4504699141095936 13564674951877120 38482906984704 13511898395836672 9009398281143040 4523390836679424 53876069765632 4505798653772288 13514097418043648 9045682161725696 19791209308928
0 3 79 3 172 3 36041991162694656 18018796564383744 54258699807508480 153931627938816 54047593583346688 36037593124572160 18093563346717696 215504279062528 18023194615089152 54056389672174592 36182728646902784 79164837235712
1 3 80 3 173 3 144167964650778624 72075186257534976 217034799230033920 615726511755264 216190374333386752 144150372498288640 72374253386870784 862017116250112 72092778460356608 216225558688698368 144730914587611136 316659348942848
2 3 81 3 174 3 576671858603114496 288300745030139904 868139196920135680 2462906047021056 864761497333547008 576601489993154560 289497013547483136 3448068465000448 288371113841426432 864902234754793472 578923658350444544 1266637395771392
3 3 82 3 175 3 2306687434412457984 1153202980120559616 3472556787680542720 9851624188084224 3459045989334188032 2306405959972618240 1157988054189932544 13792273860001792 1153484455365705728 3459608939019173888 2315694633401778176 5066549583085568
4 3 83 3 176 3 9226749737649831936 4612811920482238464 13890227150722170880 39406496752336896 13836183957336752128 9225623839890472960 4631952216759730176 55169095440007168 4613937821462822912 13838435756076695552 9262778533607112704 20266198332342272
5 3 84 3 177 3 13510803180224513 4503608219402242 220676381760028672 157625987009347587 4503608218353666 9007212142788611 81064793329369088 220676381760028673 9007212141740035 13510803178127361 157625987009347584 81064793329369090
6 3 85 3 178 3 54043212720898052 18014432877608968 882705527040114688 630503948037390348 18014432873414664 36028848571154444 324259173317476352 882705527040114692 36028848566960140 54043212712509444 630503948037390336 324259173317476360
7 3 86 3 179 3 216172850883592208 72057731510435872 3530822108160458752 2522015792149561392 72057731493658656 144115394284617776 1297036693269905408 3530822108160458768 144115394267840560 216172850850037776 2522015792149561344 1297036693269905440
8 3 87 3 180 3 864691403534368832 288230926041743488 14123288432641835008 10088063168598245568 288230925974634624 576461577138471104 5188146773079621632 14123288432641835072 576461577071362240 864691403400151104 10088063168598245376 5188146773079621760
9 3 88 3 181 3 3458765614137475328 1152923704166973952 1152921509438685186 3458764526973879043 1152923703898538496 2305846308553884416 2305843018608934915 1152921509438685441 2305846308285448960 3458765613600604416 3458764526973878273 2305843018608935426
10 3 89 3 182 3 13835062456549901312 4611694816667895808 4611686037754740744 13835058107895516172 4611694815594153984 9223385234215537664 9223372074435739660 4611686037754741764 9223385233141795840 13835062454402417664 13835058107895513092 9223372074435741704
11 3 90 3 183 3 17605070950401 35192962031619 77309411363 210453409841 35188667064322 52789443047425 150323855409 77309415442 52785148080131 17596481015810 210453397522 150323863587
12 3 91 3 184 3 70420283801604 140771848126476 309237645452 841813639364 140754668257288 211157772189700 601295421636 309237661768 211140592320524 70385924063240 841813590088 601295454348
13 3 92 3 185 3 281681135206416 563087392505904 1236950581808 3367254557456 563018673029152 844631088758800 2405181686544 1236950647072 844562369282096 281543696252960 3367254360352 2405181817392
14 3 93 3 186 3 1126724540825664 2252349570023616 4947802327232 13469018229824 2252074692116608 3378524355035200 9620726746176 4947802588288 3378249477128384 1126174785011840 13469017441408 9620727269568
15 3 94 3 187 3 4506898163302656 9009398280094464 19791209308928 53876072919296 9008298768466432 13514097420140800 38482906984704 19791210353152 13512997908513536 4504699140047360 53876069765632 38482909078272
16 3 95 3 188 3 18027592653210624 36037593120377856 79164837235712 215504291677184 36033195073865728 54056389680563200 153931627938816 79164841412608 54051991634054144 18018796560189440 215504279062528 153931636313088
17 3 96 3 189 3 72110370612842496 144150372481511424 316659348942848 862017166708736 144132780295462912 216225558722252800 615726511755264 316659365650432 216207966536216576 72075186240757760 862017116250112 615726545252352
18 3 97 3 190 3 288441482451369984 576601489926045696 1266637395771392 3448068666834944 576531121181851648 864902234889011200 2462906047021056 1266637462601728 864831866144866304 288300744963031040 3448068465000448 2462906181009408
19 3 98 3 191 3 1153765929805479936 2306405959704182784 5066549583085568 13792274667339776 2306124484727406592 3459608939556044800 9851624188084224 5066549850406912 3459327464579465216 1153202979852124160 13792273860001792 9851624724037632
20 3 99 3 128 3 4615063719221919744 9225623838816731136 20266198332342272 55169098669359104 9224497938909626368 13838435758224179200 39406496752336896 20266199401627648 13837309858317860864 4612811919408496640 55169095440007168 39406498896150528
21 3 100 3 129 3 13510803178127362 9007207847821313 81064793329369088 220676394677436416 4503608219402243 13510811768061954 157625987009347584 81064797606510592 9007212142788609 4503603924434947 220676381760028672 157625995584602112
22 3 101 3 130 3 54043212712509448 36028831391285252 324259173317476352 882705578709745664 18014432877608972 54043247072247816 630503948037390336 324259190426042368 36028848571154436 18014415697739788 882705527040114688 630503982338408448
23 3 102 3 131 3 216172850850037792 144115325565141008 1297036693269905408 3530822314838982656 72057731510435888 216172988288991264 2522015792149561344 1297036761704169472 144115394284617744 72057662790959152 3530822108160458752 2522015929353633792
24 3 103 3 132 3 864691403400151168 576461302260564032 5188146773079621632 14123289259355930624 288230926041743552 864691953155965056 10088063168598245376 5188147046816677888 576461577138470976 288230651163836608 14123288432641835008 10088063717414535168
25 3 104 3 133 3 3458765613600604672 2305845209042256128 2305843018608934915 1152924816295067649 1152923704166974208 3458767812623860224 3458764526973878273 2305844113557159938 2305846308553883904 1152922604655346432 1152921509438685186 3458766722239037443
26 3 105 3 134 3 13835062454402418688 9223380836169024512 9223372074435739660 4611699265180270596 4611694816667896832 13835071250495440896 13835058107895513092 9223376454228639752 9223385234215535616 4611690418621385728 4611686037754740744 13835066888956149772
27 3 106 3 135 3 17596481019906 35197256994819 150323855409 52987011530770 35192962035715 52780853108737 210453397522 17669495455779 52789443039233 17600775991298 77309411363 35334695944241
28 3 107 3 136 3 70385924079624 140789027979276 601295421636 211948046123080 140771848142860 211123412434948 841813590088 70677981823116 211157772156932 70403103965192 309237645452 141338783776964
29 3 108 3 137 3 281543696318496 563156111917104 2405181686544 847792184492320 563087392571440 844493649739792 3367254360352 282711927292464 844631088627728 281612415860768 1236950581808 565355135107856
30 3 109 3 138 3 1126174785273984 2252624447668416 9620726746176 3391168737969280 2252349570285760 3377974598959168 13469017441408 1130847709169856 3378524354510912 1126449663443072 4947802327232 2261420540431424
31 3 110 3 139 3 4504699141095936 9010497790673664 38482906984704 13564674951877120 9009398281143040 13511898395836672 53876069765632 4523390836679424 13514097418043648 4505798653772288 19791209308928 9045682161725696
32 3 111 3 140 3 18018796564383744 36041991162694656 153931627938816 54258699807508480 36037593124572160 54047593583346688 215504279062528 18093563346717696 54056389672174592 18023194615089152 79164837235712 36182728646902784
33 3 112 3 141 3 72075186257534976 144167964650778624 615726511755264 217034799230033920 144150372498288640 216190374333386752 862017116250112 72374253386870784 216225558688698368 72092778460356608 316659348942848 144730914587611136
34 3 113 3 142 3 288300745030139904 576671858603114496 2462906047021056 868139196920135680 576601489993154560 864761497333547008 3448068465000448 289497013547483136 864902234754793472 288371113841426432 1266637395771392 578923658350444544
35 3 114 3 143 3 1153202980120559616 2306687434412457984 9851624188084224 3472556787680542720 2306405959972618240 3459045989334188032 13792273860001792 1157988054189932544 3459608939019173888 1153484455365705728 5066549583085568 2315694633401778176
36 3 115 3 144 3 4612811920482238464 9226749737649831936 39406496752336896 13890227150722170880 9225623839890472960 13836183957336752128 55169095440007168 4631952216759730176 13838435756076695552 4613937821462822912 20266198332342272 9262778533607112704
23 1 78 1 134 1 1 0 0 0 2 0 0 0 3 0 0 0
24 1 79 1 135 1 4 0 0 0 8 0 0 0 12 0 0 0
25 1 80 1 136 1 16 0 0 0 32 0 0 0 48 0 0 0
26 1 81 1 137 1 64 0 0 0 128 0 0 0 192 0 0 0
27 1 82 1 138 1 256 0 0 0 512 0 0 0 768 0 0 0
28 1 83 1 139 1 1024 0 0 0 2048 0 0 0 3072 0 0 0
29 1 84 1 140 1 4096 0 0 0 8192 0 0 0 12288 0 0 0
30 1 85 1 141 1 16384 0 0 0 32768 0 0 0 49152 0 0 0
31 1 86 1 142 1 65536 0 0 0 131072 0 0 0 196608 0 0 0
32 1 87 1 143 1 262144 0 0 0 524288 0 0 0 786432 0 0 0
33 1 88 1 144 1 1048576 0 0 0 2097152 0 0 0 3145728 0 0 0
34 1 89 1 145 1 4194304 0 0 0 8388608 0 0 0 12582912 0 0 0
35 1 90 1 146 1 16777216 0 0 0 33554432 0 0 0 50331648 0 0 0
36 1 91 1 147 1 67108864 0 0 0 134217728 0 0 0 201326592 0 0 0
37 1 92 1 148 1 268435456 0 0 0 536870912 0 0 0 805306368 0 0 0
38 1 93 1 149 1 1073741824 0 0 0 2147483648 0 0 0 3221225472 0 0 0
39 1 94 1 150 1 4294967296 0 0 0 8589934592 0 0 0 12884901888 0 0 0
40 1 95 1 151 1 17179869184 0 0 0 34359738368 0 0 0 51539607552 0 0 0
41 1 96 1 152 1 68719476736 0 0 0 137438953472 0 0 0 206158430208 0 0 0
42 1 97 1 153 1 274877906944 0 0 0 549755813888 0 0 0 824633720832 0 0 0
43 1 98 1 154 1 1099511627776 0 0 0 2199023255552 0 0 0 3298534883328 0 0 0
44 1 99 1 155 1 4398046511104 0 0 0 8796093022208 0 0 0 13194139533312 0 0 0
45 1 100 1 156 1 17592186044416 0 0 0 35184372088832 0 0 0 52776558133248 0 0 0
46 1 101 1 157 1 70368744177664 0 0 0 140737488355328 0 0 0 211106232532992 0 0 0
47 1 102 1 158 1 281474976710656 0 0 0 562949953421312 0 0 0 844424930131968 0 0 0
48 1 103 1 159 1 1125899906842624 0 0 0 2251799813685248 0 0 0 3377699720527872 0 0 0
49 1 104 1 160 1 4503599627370496 0 0 0 9007199254740992 0 0 0 13510798882111488 0 0 0
50 1 105 1 161 1 18014398509481984 0 0 0 36028797018963968 0 0 0 54043195528445952 0 0 0
51 1 106 1 162 1 72057594037927936 0 0 0 144115188075855872 0 0 0 216172782113783808 0 0 0
52 1 107 1 163 1 288230376151711744 0 0 0 576460752303423488 0 0 0 864691128455135232 0 0 0
53 1 108 1 164 1 1152921504606846976 0 0 0 2305843009213693952 0 0 0 3458764513820540928 0 0 0
54 1 109 1 165 1 4611686018427387904 0 0 0 9223372036854775808 0 0 0 13835058055282163712 0 0 0
55 1 110 1 166 1 0 1 0 0 0 2 0 0 0 3 0 0
56 1 111 1 167 1 0 4 0 0 0 8 0 0 0 12 0 0
57 1 112 1 168 1 0 16 0 0 0 32 0 0 0 48 0 0
58 1 113 1 169 1 0 64 0 0 0 128 0 0 0 192 0 0
59 1 114 1 170 1 0 256 0 0 0 512 0 0 0 768 0 0
60 1 115 1 171 1 0 1024 0 0 0 2048 0 0 0 3072 0 0
61 1 116 1 172 1 0 4096 0 0 0 8192 0 0 0 12288 0 0
62 1 117 1 173 1 0 16384 0 0 0 32768 0 0 0 49152 0 0
63 1 118 1 174 1 0 65536 0 0 0 131072 0 0 0 196608 0 0
0 1 119 1 175 1 0 262144 0 0 0 524288 0 0 0 786432 0 0
1 1 120 1 176 1 0 1048576 0 0 0 2097152 0 0 0 3145728 0 0
2 1 121 1 177 1 0 4194304 0 0 0 8388608 0 0 0 12582912 0 0
3 1 122 1 178 1 0 16777216 0 0 0 33554432 0 0 0 50331648 0 0
4 1 123 1 179 1 0 67108864 0 0 0 134217728 0 0 0 201326592 0 0
5 1 124 1 180 1 0 268435456 0 0 0 536870912 0 0 0 805306368 0 0
6 1 125 1 181 1 0 1073741824 0 0 0 2147483648 0 0 0 3221225472 0 0
7 1 126 1 182 1 0 4294967296 0 0 0 8589934592 0 0 0 12884901888 0 0
8 1 127 1 183 1 0 17179869184 0 0 0 34359738368 0 0 0 51539607552 0 0
9 1 64 1 184 1 0 68719476736 0 0 0 137438953472 0 0 0 206158430208 0 0
10 1 65 1 185 1 0 274877906944 0 0 0 549755813888 0 0 0 824633720832 0 0
11 1 66 1 186 1 0 1099511627776 0 0 0 2199023255552 0 0 0 3298534883328 0 0
12 1 67 1 187 1 0 4398046511104 0 0 0 8796093022208 0 0 0 13194139533312 0 0
13 1 68 1 188 1 0 17592186044416 0 0 0 35184372088832 0 0 0 52776558133248 0 0
14 1 69 1 189 1 0 70368744177664 0 0 0 140737488355328 0 0 0 211106232532992 0 0
15 1 70 1 190 1 0 281474976710656 0 0 0 562949953421312 0 0 0 844424930131968 0 0
16 1 71 1 191 1 0 1125899906842624 0 0 0 2251799813685248 0 0 0 3377699720527872 0 0
17 1 72 1 128 1 0 4503599627370496 0 0 0 9007199254740992 0 0 0 13510798882111488 0 0
18 1 73 1 129 1 0 18014398509481984 0 0 0 36028797018963968 0 0 0 54043195528445952 0 0
19 1 74 1 130 1 0 72057594037927936 0 0 0 144115188075855872 0 0 0 216172782113783808 0 0
20 1 75 1 131 1 0 288230376151711744 0 0 0 576460752303423488 0 0 0 864691128455135232 0 0
21 1 76 1 132 1 0 1152921504606846976 0 0 0 2305843009213693952 0 0 0 3458764513820540928 0 0
22 1 77 1 133 1 0 4611686018427387904 0 0 0 9223372036854775808 0 0 0 13835058055282163712 0 0
0 2 121 1 145 1 0 0 0 0 0 0 0 0 0 0 0 0
1 2 122 1 146 1 0 0 0 0 0 0 0 0 0 0 0 0
2 2 123 1 147 1 0 0 0 0 0 0 0 0 0 0 0 0
3 2 124 1 148 1 0 0 0 0 0 0 0 0 0 0 0 0
4 2 125 1 149 1 0 0 0 0 0 0 0 0 0 0 0 0
5 2 126 1 150 1 0 0 0 0 0 0 0 0 0 0 0 0
6 2 127 1 151 1 0 0 0 0 0 0 0 0 0 0 0 0
7 2 64 1 152 1 0 0 0 0 0 0 0 0 0 0 0 0
8 2 65 1 153 1 0 0 0 0 0 0 0 0 0 0 0 0
9 2 66 1 154 1 0 0 0 0 0 0 0 0 0 0 0 0
10 2 67 1 155 1 0 0 0 0 0 0 0 0 0 0 0 0
11 2 68 1 156 1 0 0 0 0 0 0 0 0 0 0 0 0
12 2 69 1 157 1 0 0 0 0 0 0 0 0 0 0 0 0
13 2 70 1 158 1 0 0 0 0 0 0 0 0 0 0 0 0
14 2 71 1 159 1 0 0 0 0 0 0 0 0 0 0 0 0
15 2 72 1 160 1 0 0 0 0 0 0 0 0 0 0 0 0
16 2 73 1 161 1 0 0 0 0 0 0 0 0 0 0 0 0
17 2 74 1 162 1 0 0 0 0 0 0 0 0 0 0 0 0
18 2 75 1 163 1 0 0 0 0 0 0 0 0 0 0 0 0
19 2 76 1 164 1 0 0 0 0 0 0 0 0 0 0 0 0
20 2 77 1 165 1 0 0 0 0 0 0 0 0 0 0 0 0
21 2 78 1 166 1 0 0 0 0 0 0 0 0 0 0 0 0
22 2 79 1 167 1 0 0 0 0 0 0 0 0 0 0 0 0
23 2 80 1 168 1 0 0 0 0 0 0 0 0 0 0 0 0
24 2 81 1 169 1 0 0 0 0 0 0 0 0 0 0 0 0
25 2 82 1 170 1 0 0 0 0 0 0 0 0 0 0 0 0
26 2 83 1 171 1 0 0 0 0 0 0 0 0 0 0 0 0
27 2 84 1 172 1 0 0 0 0 0 0 0 0 0 0 0 0
28 2 85 1 173 1 0 0 0 0 0 0 0 0 0 0 0 0
29 2 86 1 174 1 0 0 0 0 0 0 0 0 0 0 0 0
30 2 87 1 175 1 0 0 0 0 0 0 0 0 0 0 0 0
31 2 88 1 176 1 0 0 0 0 0 0 0 0 0 0 0 0
32 2 89 1 177 1 0 0 0 0 0 0 0 0 0 0 0 0
33 2 90 1 178 1 0 0 0 0 0 0 0 0 0 0 0 0
34 2 91 1 179 1 0 0 0 0 0 0 0 0 0 0 0 0
35 2 92 1 180 1 0 0 0 0 0 0 0 0 0 0 0 0
36 2 93 1 181 1 0 0 0 0 0 0 0 0 0 0 0 0
37 2 94 1 182 1 0 0 0 0 0 0 0 0 0 0 0 0
38 2 95 1 183 1 0 0 0 0 0 0 0 0 0 0 0 0
39 2 96 1 184 1 0 0 0 0 0 0 0 0 0 0 0 0
40 2 97 1 185 1 0 0 0 0 0 0 0 0 0 0 0 0
41 2 98 1 186 1 0 0 0 0 0 0 0 0 0 0 0 0
42 2 99 1 187 1 0 0 0 0 0 0 0 0 0 0 0 0
43 2 100 1 188 1 0 0 0 0 0 0 0 0 0 0 0 0
44 2 101 1 189 1 0 0 0 0 0 0 0 0 0 0 0 0
45 2 102 1 190 1 0 0 0 0 0 0 0 0 0 0 0 0
46 2 103 1 191 1 0 0 0 0 0 0 0 0 0 0 0 0
47 2 104 1 128 1 0 0 0 0 0 0 0 0 0 0 0 0
48 2 105 1 129 1 0 0 0 0 0 0 0 0 0 0 0 0
49 2 106 1 130 1 0 0 0 0 0 0 0 0 0 0 0 0
50 2 107 1 131 1 0 0 0 0 0 0 0 0 0 0 0 0
51 2 108 1 132 1 0 0 0 0 0 0 0 0 0 0 0 0
52 2 109 1 133 1 0 0 0 0 0 0 0 0 0 0 0 0
53 2 110 1 134 1 0 0 0 0 0 0 0 0 0 0 0 0
54 2 111 1 135 1 0 0 0 0 0 0 0 0 0 0 0 0
55 2 112 1 136 1 0 0 0 0 0 0 0 0 0 0 0 0
56 2 113 1 137 1 0 0 0 0 0 0 0 0 0 0 0 0
57 2 114 1 138 1 0 0 0 0 0 0 0 0 0 0 0 0
58 2 115 1 139 1 0 0 0 0 0 0 0 0 0 0 0 0
59 2 116 1 140 1 0 0 0 0 0 0 0 0 0 0 0 0
60 2 117 1 141 1 0 0 0 0 0 0 0 0 0 0 0 0
61 2 118 1 142 1 0 0 0 0 0 0 0 0 0 0 0 0
62 2 119 1 143 1 0 0 0 0 0 0 0 0 0 0 0 0
63 2 120 1 144 1 0 0 0 0 0 0 0 0 0 0 0 0
23 2 64 2 130 1 0 0 0 0 0 0 0 0 0 0 0 0
24 2 65 2 131 1 0 0 0 0 0 0 0 0 0 0 0 0
25 2 66 2 132 1 0 0 0 0 0 0 0 0 0 0 0 0
26 2 67 2 133 1 0 0 0 0 0 0 0 0 0 0 0 0
27 2 68 2 134 1 0 0 0 0 0 0 0 0 0 0 0 0
28 2 69 2 135 1 0 0 0 0 0 0 0 0 0 0 0 0
29 2 70 2 136 1 0 0 0 0 0 0 0 0 0 0 0 0
30 2 71 2 137 1 0 0 0 0 0 0 0 0 0 0 0 0
31 2 72 2 138 1 0 0 0 0 0 0 0 0 0 0 0 0
32 2 73 2 139 1 0 0 0 0 0 0 0 0 0 0 0 0
33 2 74 2 140 1 0 0 0 0 0 0 0 0 0 0 0 0
34 2 75 2 141 1 0 0 0 0 0 0 0 0 0 0 0 0
35 2 76 2 142 1 0 0 0 0 0 0 0 0 0 0 0 0
36 2 77 2 143 1 0 0 0 0 0 0 0 0 0 0 0 0
37 2 78 2 144 1 0 0 0 0 0 0 0 0 0 0 0 0
38 2 79 2 145 1 0 0 0 0 0 0 0 0 0 0 0 0
39 2 80 2 146 1 0 0 0 0 0 0 0 0 0 0 0 0
40 2 81 2 147 1 0 0 0 0 0 0 0 0 0 0 0 0
41 2 82 2 148 1 0 0 0 0 0 0 0 0 0 0 0 0
42 2 83 2 149 1 0 0 0 0 0 0 0 0 0 0 0 0
43 2 84 2 150 1 0 0 0 0 0 0 0 0 0 0 0 0
44 2 85 2 151 1 0 0 0 0 0 0 0 0 0 0 0 0
45 2 86 2 152 1 0 0 0 0 0 0 0 0 0 0 0 0
46 2 87 2 153 1 0 0 0 0 0 0 0 0 0 0 0 0
47 2 88 2 154 1 0 0 0 0 0 0 0 0 0 0 0 0
48 2 89 2 155 1 0 0 0 0 0 0 0 0 0 0 0 0
49 2 90 2 156 1 0 0 0 0 0 0 0 0 0 0 0 0
50 2 91 2 157 1 0 0 0 0 0 0 0 0 0 0 0 0
51 2 92 2 158 1 0 0 0 0 0 0 0 0 0 0 0 0
52 2 93 2 159 1 0 0 0 0 0 0 0 0 0 0 0 0
53 2 94 2 160 1 0 0 0 0 0 0 0 0 0 0 0 0
54 2 95 2 161 1 0 0 0 0 0 0 0 0 0 0 0 0
55 2 96 2 162 1 0 0 0 0 0 0 0 0 0 0 0 0
56 2 97 2 163 1 0 0 0 0 0 0 0 0 0 0 0 0
57 2 98 2 164 1 0 0 0 0 0 0 0 0 0 0 0 0
58 2 99 2 165 1 0 0 0 0 0 0 0 0 0 0 0 0
59 2 100 2 166 1 0 0 0 0 0 0 0 0 0 0 0 0
60 2 101 2 167 1 0 0 0 0 0 0 0 0 0 0 0 0
61 2 102 2 168 1 0 0 0 0 0 0 0 0 0 0 0 0
62 2 103 2 169 1 0 0 0 0 0 0 0 0 0 0 0 0
63 2 104 2 170 1 0 0 0 0 0 0 0 0 0 0 0 0
0 2 105 2 171 1 0 0 0 0 0 0 0 0 0 0 0 0
1 2 106 2 172 1 0 0 0 0 0 0 0 0 0 0 0 0
2 2 107 2 173 1 0 0 0 0 0 0 0 0 0 0 0 0
3 2 108 2 174 1 0 0 0 0 0 0 0 0 0 0 0 0
4 2 109 2 175 1 0 0 0 0 0 0 0 0 0 0 0 0
5 2 110 2 176 1 0 0 0 0 0 0 0 0 0 0 0 0
6 2 111 2 177 1 0 0 0 0 0 0 0 0 0 0 0 0
7 2 112 2 178 1 0 0 0 0 0 0 0 0 0 0 0 0
8 2 113 2 179 1 0 0 0 0 0 0 0 0 0 0 0 0
9 2 114 2 180 1 0 0 0 0 0 0 0 0 0 0 0 0
10 2 115 2 181 1 0 0 0 0 0 0 0 0 0 0 0 0
11 2 116 2 182 1 0 0 0 0 0 0 0 0 0 0 0 0
12 2 117 2 183 1 0 0 0 0 0 0 0 0 0 0 0 0
13 2 118 2 184 1 0 0 0 0 0 0 0 0 0 0 0 0
14 2 119 2 185 1 0 0 0 0 0 0 0 0 0 0 0 0
15 2 120 2 186 1 0 0 0 0 0 0 0 0 0 0 0 0
16 2 121 2 187 1 0 0 0 0 0 0 0 0 0 0 0 0
17 2 122 2 188 1 0 0 0 0 0 0 0 0 0 0 0 0
18 2 123 2 189 1 0 0 0 0 0 0 0 0 0 0 0 0
19 2 124 2 190 1 0 0 0 0 0 0 0 0 0 0 0 0
20 2 125 2 191 1 0 0 0 0 0 0 0 0 0 0 0 0
21 2 126 2 128 1 0 0 0 0 0 0 0 0 0 0 0 0
22 2 127 2 129 1 0 0 0 0 0 0 0 0 0 0 0 0
5 1 78 2 128 2 0 0 0 0 0 0 0 0 0 0 0 0
6 1 79 2 129 2 0 0 0 0 0 0 0 0 0 0 0 0
7 1 80 2 130 2 0 0 0 0 0 0 0 0 0 0 0 0
8 1 81 2 131 2 0 0 0 0 0 0 0 0 0 0 0 0
9 1 82 2 132 2 0 0 0 0 0 0 0 0 0 0 0 0
10 1 83 2 133 2 0 0 0 0 0 0 0 0 0 0 0 0
11 1 84 2 134 2 0 0 0 0 0 0 0 0 0 0 0 0
12 1 85 2 135 2 0 0 0 0 0 0 0 0 0 0 0 0
13 1 86 2 136 2 0 0 0 0 0 0 0 0 0 0 0 0
14 1 87 2 137 2 0 0 0 0 0 0 0 0 0 0 0 0
15 1 88 2 138 2 0 0 0 0 0 0 0 0 0 0 0 0
16 1 89 2 139 2 0 0 0 0 0 0 0 0 0 0 0 0
17 1 90 2 140 2 0 0 0 0 0 0 0 0 0 0 0 0
18 1 91 2 141 2 0 0 0 0 0 0 0 0 0 0 0 0
19 1 92 2 142 2 0 0 0 0 0 0 0 0 0 0 0 0
20 1 93 2 143 2 0 0 0 0 0 0 0 0 0 0 0 0
21 1 94 2 144 2 0 0 0 0 0 0 0 0 0 0 0 0
22 1 95 2 145 2 0 0 0 0 0 0 0 0 0 0 0 0
23 1 96 2 146 2 0 0 0 0 0 0 0 0 0 0 0 0
24 1 97 2 147 2 0 0 0 0 0 0 0 0 0 0 0 0
25 1 98 2 148 2 0 0 0 0 0 0 0 0 0 0 0 0
26 1 99 2 149 2 0 0 0 0 0 0 0 0 0 0 0 0
27 1 100 2 150 2 0 0 0 0 0 0 0 0 0 0 0 0
28 1 101 2 151 2 0 0 0 0 0 0 0 0 0 0 0 0
29 1 102 2 152 2 0 0 0 0 0 0 0 0 0 0 0 0
30 1 103 2 153 2 0 0 0 0 0 0 0 0 0 0 0 0
31 1 104 2 154 2 0 0 0 0 0 0 0 0 0 0 0 0
32 1 105 2 155 2 0 0 0 0 0 0 0 0 0 0 0 0
33 1 106 2 156 2 0 0 0 0 0 0 0 0 0 0 0 0
34 1 107 2 157 2 0 0 0 0 0 0 0 0 0 0 0 0
35 1 108 2 158 2 0 0 0 0 0 0 0 0 0 0 0 0
36 1 109 2 159 2 0 0 0 0 0 0 0 0 0 0 0 0
37 1 110 2 160 2 0 0 0 0 0 0 0 0 0 0 0 0
38 1 111 2 161 2 0 0 0 0 0 0 0 0 0 0 0 0
39 1 112 2 162 2 0 0 0 0 0 0 0 0 0 0 0 0
40 1 113 2 163 2 0 0 0 0 0 0 0 0 0 0 0 0
41 1 114 2 164 2 0 0 0 0 0 0 0 0 0 0 0 0
42 1 115 2 165 2 0 0 0 0 0 0 0 0 0 0 0 0
43 1 116 2 166 2 0 0 0 0 0 0 0 0 0 0 0 0
44 1 117 2 167 2 0 0 0 0 0 0 0 0 0 0 0 0
45 1 118 2 168 2 0 0 0 0 0 0 0 0 0 0 0 0
46 1 119 2 169 2 0 0 0 0 0 0 0 0 0 0 0 0
47 1 120 2 170 2 0 0 0 0 0 0 0 0 0 0 0 0
48 1 121 2 171 2 0 0 0 0 0 0 0 0 0 0 0 0
49 1 122 2 172 2 0 0 0 0 0 0 0 0 0 0 0 0
50 1 123 2 173 2 0 0 0 0 0 0 0 0 0 0 0 0
51 1 124 2 174 2 0 0 0 0 0 0 0 0 0 0 0 0
52 1 125 2 175 2 0 0 0 0 0 0 0 0 0 0 0 0
53 1 126 2 176 2 0 0 0 0 0 0 0 0 0 0 0 0
54 1 127 2 177 2 0 0 0 0 0 0 0 0 0 0 0 0
55 1 64 2 178 2 0 0 0 0 0 0 0 0 0 0 0 0
56 1 65 2 179 2 0 0 0 0 0 0 0 0 0 0 0 0
57 1 66 2 180 2 0 0 0 0 0 0 0 0 0 0 0 0
58 1 67 2 181 2 0 0 0 0 0 0 0 0 0 0 0 0
59 1 68 2 182 2 0 0 0 0 0 0 0 0 0 0 0 0
60 1 69 2 183 2 0 0 0 0 0 0 0 0 0 0 0 0
61 1 70 2 184 2 0 0 0 0 0 0 0 0 0 0 0 0
62 1 71 2 185 2 0 0 0 0 0 0 0 0 0 0 0 0
63 1 72 2 186 2 0 0 0 0 0 0 0 0 0 0 0 0
0 1 73 2 187 2 0 0 0 0 0 0 0 0 0 0 0 0
1 1 74 2 188 2 0 0 0 0 0 0 0 0 0 0 0 0
2 1 75 2 189 2 0 0 0 0 0 0 0 0 0 0 0 0
3 1 76 2 190 2 0 0 0 0 0 0 0 0 0 0 0 0
4 1 77 2 191 2 0 0 0 0 0 0 0 0 0 0 0 0
5 1 116 1 134 2 0 0 1 0 0 0 2 0 0 0 3 0
6 1 117 1 135 2 0 0 4 0 0 0 8 0 0 0 12 0
7 1 118 1 136 2 0 0 16 0 0 0 32 0 0 0 48 0
8 1 119 1 137 2 0 0 64 0 0 0 128 0 0 0 192 0
9 1 120 1 138 2 0 0 256 0 0 0 512 0 0 0 768 0
10 1 121 1 139 2 0 0 1024 0 0 0 2048 0 0 0 3072 0
11 1 122 1 140 2 0 0 4096 0 0 0 8192 0 0 0 12288 0
12 1 123 1 141 2 0 0 16384 0 0 0 32768 0 0 0 49152 0
13 1 124 1 142 2 0 0 65536 0 0 0 131072 0 0 0 196608 0
14 1 125 1 143 2 0 0 262144 0 0 0 524288 0 0 0 786432 0
15 1 126 1 144 2 0 0 1048576 0 0 0 2097152 0 0 0 3145728 0
16 1 127 1 145 2 0 0 4194304 0 0 0 8388608 0 0 0 12582912 0
17 1 64 1 146 2 0 0 16777216 0 0 0 33554432 0 0 0 50331648 0
18 1 65 1 147 2 0 0 67108864 0 0 0 134217728 0 0 0 201326592 0
19 1 66 1 148 2 0 0 268435456 0 0 0 536870912 0 0 0 805306368 0
20 1 67 1 149 2 0 0 1073741824 0 0 0 2147483648 0 0 0 3221225472 0
21 1 68 1 150 2 0 0 4294967296 0 0 0 8589934592 0 0 0 12884901888 0
22 1 69 1 151 2 0 0 17179869184 0 0 0 34359738368 0 0 0 51539607552 0
23 1 70 1 152 2 0 0 68719476736 0 0 0 137438953472 0 0 0 206158430208 0
24 1 71 1 153 2 0 0 274877906944 0 0 0 549755813888 0 0 0 824633720832 0
25 1 72 1 154 2 0 0 1099511627776 0 0 0 2199023255552 0 0 0 3298534883328 0
26 1 73 1 155 2 0 0 4398046511104 0 0 0 8796093022208 0 0 0 13194139533312 0
27 1 74 1 156 2 0 0 17592186044416 0 0 0 35184372088832 0 0 0 52776558133248 0
28 1 75 1 157 2 0 0 70368744177664 0 0 0 140737488355328 0 0 0 211106232532992 0
29 1 76 1 158 2 0 0 281474976710656 0 0 0 562949953421312 0 0 0 844424930131968 0
30 1 77 1 159 2 0 0 1125899906842624 0 0 0 2251799813685248 0 0 0 3377699720527872 0
31 1 78 1 160 2 0 0 4503599627370496 0 0 0 9007199254740992 0 0 0 13510798882111488 0
32 1 79 1 161 2 0 0 18014398509481984 0 0 0 36028797018963968 0 0 0 54043195528445952 0
33 1 80 1 162 2 0 0 72057594037927936 0 0 0 144115188075855872 0 0 0 216172782113783808 0
34 1 81 1 163 2 0 0 288230376151711744 0 0 0 576460752303423488 0 0 0 864691128455135232 0
35 1 82 1 164 2 0 0 1152921504606846976 0 0 0 2305843009213693952 0 0 0 3458764513820540928 0
36 1 83 1 165 2 0 0 4611686018427387904 0 0 0 9223372036854775808 0 0 0 13835058055282163712 0
37 1 84 1 166 2 0 0 0 1 0 0 0 2 0 0 0 3
38 1 85 1 167 2 0 0 0 4 0 0 0 8 0 0 0 12
39 1 86 1 168 2 0 0 0 16 0 0 0 32 0 0 0 48
40 1 87 1 169 2 0 0 0 64 0 0 0 128 0 0 0 192
41 1 88 1 170 2 0 0 0 256 0 0 0 512 0 0 0 768
42 1 89 1 171 2 0 0 0 1024 0 0 0 2048 0 0 0 3072
43 1 90 1 172 2 0 0 0 4096 0 0 0 8192 0 0 0 12288
44 1 91 1 173 2 0 0 0 16384 0 0 0 32768 0 0 0 49152
45 1 92 1 174 2 0 0 0 65536 0 0 0 131072 0 0 0 196608
46 1 93 1 175 2 0 0 0 262144 0 0 0 524288 0 0 0 786432
47 1 94 1 176 2 0 0 0 1048576 0 0 0 2097152 0 0 0 3145728
48 1 95 1 177 2 0 0 0 4194304 0 0 0 8388608 0 0 0 12582912
49 1 96 1 178 2 0 0 0 16777216 0 0 0 33554432 0 0 0 50331648
50 1 97 1 179 2 0 0 0 67108864 0 0 0 134217728 0 0 0 201326592
51 1 98 1 180 2 0 0 0 268435456 0 0 0 536870912 0 0 0 805306368
52 1 99 1 181 2 0 0 0 1073741824 0 0 0 2147483648 0 0 0 3221225472
53 1 100 1 182 2 0 0 0 4294967296 0 0 0 8589934592 0 0 0 12884901888
54 1 101 1 183 2 0 0 0 17179869184 0 0 0 34359738368 0 0 0 51539607552
55 1 102 1 184 2 0 0 0 68719476736 0 0 0 137438953472 0 0 0 206158430208
56 1 103 1 185 2 0 0 0 274877906944 0 0 0 549755813888 0 0 0 824633720832
57 1 104 1 186 2 0 0 0 1099511627776 0 0 0 2199023255552 0 0 0 3298534883328
58 1 105 1 187 2 0 0 0 4398046511104 0 0 0 8796093022208 0 0 0 13194139533312
59 1 106 1 188 2 0 0 0 17592186044416 0 0 0 35184372088832 0 0 0 52776558133248
60 1 107 1 189 2 0 0 0 70368744177664 0 0 0 140737488355328 0 0 0 211106232532992
61 1 108 1 190 2 0 0 0 281474976710656 0 0 0 562949953421312 0 0 0 844424930131968
62 1 109 1 191 2 0 0 0 1125899906842624 0 0 0 2251799813685248 0 0 0 3377699720527872
63 1 110 1 128 2 0 0 0 4503599627370496 0 0 0 9007199254740992 0 0 0 13510798882111488
0 1 111 1 129 2 0 0 0 18014398509481984 0 0 0 36028797018963968 0 0 0 54043195528445952
1 1 112 1 130 2 0 0 0 72057594037927936 0 0 0 144115188075855872 0 0 0 216172782113783808
2 1 113 1 131 2 0 0 0 288230376151711744 0 0 0 576460752303423488 0 0 0 864691128455135232
3 1 114 1 132 2 0 0 0 1152921504606846976 0 0 0 2305843009213693952 0 0 0 3458764513820540928
4 1 115 1 133 2 0 0 0 4611686018427387904 0 0 0 9223372036854775808 0 0 0 13835058055282163712
