512 192 4 64
0 3 64 3 128 2 0 0 0 0 0 0 0 0 0 0 0 0
1 3 65 3 129 2 0 0 0 0 0 0 0 0 0 0 0 0
2 3 66 3 130 2 0 0 0 0 0 0 0 0 0 0 0 0
3 3 67 3 131 2 0 0 0 0 0 0 0 0 0 0 0 0
4 3 68 3 132 2 0 0 0 0 0 0 0 0 0 0 0 0
5 3 69 3 133 2 0 0 0 0 0 0 0 0 0 0 0 0
6 3 70 3 134 2 0 0 0 0 0 0 0 0 0 0 0 0
7 3 71 3 135 2 0 0 0 0 0 0 0 0 0 0 0 0
8 3 72 3 136 2 0 0 0 0 0 0 0 0 0 0 0 0
9 3 73 3 137 2 0 0 0 0 0 0 0 0 0 0 0 0
10 3 74 3 138 2 0 0 0 0 0 0 0 0 0 0 0 0
11 3 75 3 139 2 0 0 0 0 0 0 0 0 0 0 0 0
12 3 76 3 140 2 0 0 0 0 0 0 0 0 0 0 0 0
13 3 77 3 141 2 0 0 0 0 0 0 0 0 0 0 0 0
14 3 78 3 142 2 0 0 0 0 0 0 0 0 0 0 0 0
15 3 79 3 143 2 0 0 0 0 0 0 0 0 0 0 0 0
16 3 80 3 144 2 0 0 0 0 0 0 0 0 0 0 0 0
17 3 81 3 145 2 0 0 0 0 0 0 0 0 0 0 0 0
18 3 82 3 146 2 0 0 0 0 0 0 0 0 0 0 0 0
19 3 83 3 147 2 0 0 0 0 0 0 0 0 0 0 0 0
20 3 84 3 148 2 0 0 0 0 0 0 0 0 0 0 0 0
21 3 85 3 149 2 0 0 0 0 0 0 0 0 0 0 0 0
22 3 86 3 150 2 0 0 0 0 0 0 0 0 0 0 0 0
23 3 87 3 151 2 0 0 0 0 0 0 0 0 0 0 0 0
24 3 88 3 152 2 0 0 0 0 0 0 0 0 0 0 0 0
25 3 89 3 153 2 0 0 0 0 0 0 0 0 0 0 0 0
26 3 90 3 154 2 0 0 0 0 0 0 0 0 0 0 0 0
27 3 91 3 155 2 0 0 0 0 0 0 0 0 0 0 0 0
28 3 92 3 156 2 0 0 0 0 0 0 0 0 0 0 0 0
29 3 93 3 157 2 0 0 0 0 0 0 0 0 0 0 0 0
30 3 94 3 158 2 0 0 0 0 0 0 0 0 0 0 0 0
31 3 95 3 159 2 0 0 0 0 0 0 0 0 0 0 0 0
32 3 96 3 160 2 0 0 0 0 0 0 0 0 0 0 0 0
33 3 97 3 161 2 0 0 0 0 0 0 0 0 0 0 0 0
34 3 98 3 162 2 0 0 0 0 0 0 0 0 0 0 0 0
35 3 99 3 163 2 0 0 0 0 0 0 0 0 0 0 0 0
36 3 100 3 164 2 0 0 0 0 0 0 0 0 0 0 0 0
37 3 101 3 165 2 0 0 0 0 0 0 0 0 0 0 0 0
38 3 102 3 166 2 0 0 0 0 0 0 0 0 0 0 0 0
39 3 103 3 167 2 0 0 0 0 0 0 0 0 0 0 0 0
40 3 104 3 168 2 0 0 0 0 0 0 0 0 0 0 0 0
41 3 105 3 169 2 0 0 0 0 0 0 0 0 0 0 0 0
42 3 106 3 170 2 0 0 0 0 0 0 0 0 0 0 0 0
43 3 107 3 171 2 0 0 0 0 0 0 0 0 0 0 0 0
44 3 108 3 172 2 0 0 0 0 0 0 0 0 0 0 0 0
45 3 109 3 173 2 0 0 0 0 0 0 0 0 0 0 0 0
46 3 110 3 174 2 0 0 0 0 0 0 0 0 0 0 0 0
47 3 111 3 175 2 0 0 0 0 0 0 0 0 0 0 0 0
48 3 112 3 176 2 0 0 0 0 0 0 0 0 0 0 0 0
49 3 113 3 177 2 0 0 0 0 0 0 0 0 0 0 0 0
50 3 114 3 178 2 0 0 0 0 0 0 0 0 0 0 0 0
51 3 115 3 179 2 0 0 0 0 0 0 0 0 0 0 0 0
52 3 116 3 180 2 0 0 0 0 0 0 0 0 0 0 0 0
53 3 117 3 181 2 0 0 0 0 0 0 0 0 0 0 0 0
54 3 118 3 182 2 0 0 0 0 0 0 0 0 0 0 0 0
55 3 119 3 183 2 0 0 0 0 0 0 0 0 0 0 0 0
56 3 120 3 184 2 0 0 0 0 0 0 0 0 0 0 0 0
57 3 121 3 185 2 0 0 0 0 0 0 0 0 0 0 0 0
58 3 122 3 186 2 0 0 0 0 0 0 0 0 0 0 0 0
59 3 123 3 187 2 0 0 0 0 0 0 0 0 0 0 0 0
60 3 124 3 188 2 0 0 0 0 0 0 0 0 0 0 0 0
61 3 125 3 189 2 0 0 0 0 0 0 0 0 0 0 0 0
62 3 126 3 190 2 0 0 0 0 0 0 0 0 0 0 0 0
63 3 127 3 191 2 0 0 0 0 0 0 0 0 0 0 0 0
0 1 80 2 176 2 0 0 0 0 0 0 0 0 0 0 0 0
1 1 81 2 177 2 0 0 0 0 0 0 0 0 0 0 0 0
2 1 82 2 178 2 0 0 0 0 0 0 0 0 0 0 0 0
3 1 83 2 179 2 0 0 0 0 0 0 0 0 0 0 0 0
4 1 84 2 180 2 0 0 0 0 0 0 0 0 0 0 0 0
5 1 85 2 181 2 0 0 0 0 0 0 0 0 0 0 0 0
6 1 86 2 182 2 0 0 0 0 0 0 0 0 0 0 0 0
7 1 87 2 183 2 0 0 0 0 0 0 0 0 0 0 0 0
8 1 88 2 184 2 0 0 0 0 0 0 0 0 0 0 0 0
9 1 89 2 185 2 0 0 0 0 0 0 0 0 0 0 0 0
10 1 90 2 186 2 0 0 0 0 0 0 0 0 0 0 0 0
11 1 91 2 187 2 0 0 0 0 0 0 0 0 0 0 0 0
12 1 92 2 188 2 0 0 0 0 0 0 0 0 0 0 0 0
13 1 93 2 189 2 0 0 0 0 0 0 0 0 0 0 0 0
14 1 94 2 190 2 0 0 0 0 0 0 0 0 0 0 0 0
15 1 95 2 191 2 0 0 0 0 0 0 0 0 0 0 0 0
16 1 96 2 128 2 0 0 0 0 0 0 0 0 0 0 0 0
17 1 97 2 129 2 0 0 0 0 0 0 0 0 0 0 0 0
18 1 98 2 130 2 0 0 0 0 0 0 0 0 0 0 0 0
19 1 99 2 131 2 0 0 0 0 0 0 0 0 0 0 0 0
20 1 100 2 132 2 0 0 0 0 0 0 0 0 0 0 0 0
21 1 101 2 133 2 0 0 0 0 0 0 0 0 0 0 0 0
22 1 102 2 134 2 0 0 0 0 0 0 0 0 0 0 0 0
23 1 103 2 135 2 0 0 0 0 0 0 0 0 0 0 0 0
24 1 104 2 136 2 0 0 0 0 0 0 0 0 0 0 0 0
25 1 105 2 137 2 0 0 0 0 0 0 0 0 0 0 0 0
26 1 106 2 138 2 0 0 0 0 0 0 0 0 0 0 0 0
27 1 107 2 139 2 0 0 0 0 0 0 0 0 0 0 0 0
28 1 108 2 140 2 0 0 0 0 0 0 0 0 0 0 0 0
29 1 109 2 141 2 0 0 0 0 0 0 0 0 0 0 0 0
30 1 110 2 142 2 0 0 0 0 0 0 0 0 0 0 0 0
31 1 111 2 143 2 0 0 0 0 0 0 0 0 0 0 0 0
32 1 112 2 144 2 0 0 0 0 0 0 0 0 0 0 0 0
33 1 113 2 145 2 0 0 0 0 0 0 0 0 0 0 0 0
34 1 114 2 146 2 0 0 0 0 0 0 0 0 0 0 0 0
35 1 115 2 147 2 0 0 0 0 0 0 0 0 0 0 0 0
36 1 116 2 148 2 0 0 0 0 0 0 0 0 0 0 0 0
37 1 117 2 149 2 0 0 0 0 0 0 0 0 0 0 0 0
38 1 118 2 150 2 0 0 0 0 0 0 0 0 0 0 0 0
39 1 119 2 151 2 0 0 0 0 0 0 0 0 0 0 0 0
40 1 120 2 152 2 0 0 0 0 0 0 0 0 0 0 0 0
41 1 121 2 153 2 0 0 0 0 0 0 0 0 0 0 0 0
42 1 122 2 154 2 0 0 0 0 0 0 0 0 0 0 0 0
43 1 123 2 155 2 0 0 0 0 0 0 0 0 0 0 0 0
44 1 124 2 156 2 0 0 0 0 0 0 0 0 0 0 0 0
45 1 125 2 157 2 0 0 0 0 0 0 0 0 0 0 0 0
46 1 126 2 158 2 0 0 0 0 0 0 0 0 0 0 0 0
47 1 127 2 159 2 0 0 0 0 0 0 0 0 0 0 0 0
48 1 64 2 160 2 0 0 0 0 0 0 0 0 0 0 0 0
49 1 65 2 161 2 0 0 0 0 0 0 0 0 0 0 0 0
50 1 66 2 162 2 0 0 0 0 0 0 0 0 0 0 0 0
51 1 67 2 163 2 0 0 0 0 0 0 0 0 0 0 0 0
52 1 68 2 164 2 0 0 0 0 0 0 0 0 0 0 0 0
53 1 69 2 165 2 0 0 0 0 0 0 0 0 0 0 0 0
54 1 70 2 166 2 0 0 0 0 0 0 0 0 0 0 0 0
55 1 71 2 167 2 0 0 0 0 0 0 0 0 0 0 0 0
56 1 72 2 168 2 0 0 0 0 0 0 0 0 0 0 0 0
57 1 73 2 169 2 0 0 0 0 0 0 0 0 0 0 0 0
58 1 74 2 170 2 0 0 0 0 0 0 0 0 0 0 0 0
59 1 75 2 171 2 0 0 0 0 0 0 0 0 0 0 0 0
60 1 76 2 172 2 0 0 0 0 0 0 0 0 0 0 0 0
61 1 77 2 173 2 0 0 0 0 0 0 0 0 0 0 0 0
62 1 78 2 174 2 0 0 0 0 0 0 0 0 0 0 0 0
63 1 79 2 175 2 0 0 0 0 0 0 0 0 0 0 0 0
0 2 102 2 150 3 0 0 0 0 0 0 0 0 0 0 0 0
1 2 103 2 151 3 0 0 0 0 0 0 0 0 0 0 0 0
2 2 104 2 152 3 0 0 0 0 0 0 0 0 0 0 0 0
3 2 105 2 153 3 0 0 0 0 0 0 0 0 0 0 0 0
4 2 106 2 154 3 0 0 0 0 0 0 0 0 0 0 0 0
5 2 107 2 155 3 0 0 0 0 0 0 0 0 0 0 0 0
6 2 108 2 156 3 0 0 0 0 0 0 0 0 0 0 0 0
7 2 109 2 157 3 0 0 0 0 0 0 0 0 0 0 0 0
8 2 110 2 158 3 0 0 0 0 0 0 0 0 0 0 0 0
9 2 111 2 159 3 0 0 0 0 0 0 0 0 0 0 0 0
10 2 112 2 160 3 0 0 0 0 0 0 0 0 0 0 0 0
11 2 113 2 161 3 0 0 0 0 0 0 0 0 0 0 0 0
12 2 114 2 162 3 0 0 0 0 0 0 0 0 0 0 0 0
13 2 115 2 163 3 0 0 0 0 0 0 0 0 0 0 0 0
14 2 116 2 164 3 0 0 0 0 0 0 0 0 0 0 0 0
15 2 117 2 165 3 0 0 0 0 0 0 0 0 0 0 0 0
16 2 118 2 166 3 0 0 0 0 0 0 0 0 0 0 0 0
17 2 119 2 167 3 0 0 0 0 0 0 0 0 0 0 0 0
18 2 120 2 168 3 0 0 0 0 0 0 0 0 0 0 0 0
19 2 121 2 169 3 0 0 0 0 0 0 0 0 0 0 0 0
20 2 122 2 170 3 0 0 0 0 0 0 0 0 0 0 0 0
21 2 123 2 171 3 0 0 0 0 0 0 0 0 0 0 0 0
22 2 124 2 172 3 0 0 0 0 0 0 0 0 0 0 0 0
23 2 125 2 173 3 0 0 0 0 0 0 0 0 0 0 0 0
24 2 126 2 174 3 0 0 0 0 0 0 0 0 0 0 0 0
25 2 127 2 175 3 0 0 0 0 0 0 0 0 0 0 0 0
26 2 64 2 176 3 0 0 0 0 0 0 0 0 0 0 0 0
27 2 65 2 177 3 0 0 0 0 0 0 0 0 0 0 0 0
28 2 66 2 178 3 0 0 0 0 0 0 0 0 0 0 0 0
29 2 67 2 179 3 0 0 0 0 0 0 0 0 0 0 0 0
30 2 68 2 180 3 0 0 0 0 0 0 0 0 0 0 0 0
31 2 69 2 181 3 0 0 0 0 0 0 0 0 0 0 0 0
32 2 70 2 182 3 0 0 0 0 0 0 0 0 0 0 0 0
33 2 71 2 183 3 0 0 0 0 0 0 0 0 0 0 0 0
34 2 72 2 184 3 0 0 0 0 0 0 0 0 0 0 0 0
35 2 73 2 185 3 0 0 0 0 0 0 0 0 0 0 0 0
36 2 74 2 186 3 0 0 0 0 0 0 0 0 0 0 0 0
37 2 75 2 187 3 0 0 0 0 0 0 0 0 0 0 0 0
38 2 76 2 188 3 0 0 0 0 0 0 0 0 0 0 0 0
39 2 77 2 189 3 0 0 0 0 0 0 0 0 0 0 0 0
40 2 78 2 190 3 0 0 0 0 0 0 0 0 0 0 0 0
41 2 79 2 191 3 0 0 0 0 0 0 0 0 0 0 0 0
42 2 80 2 128 3 0 0 0 0 0 0 0 0 0 0 0 0
43 2 81 2 129 3 0 0 0 0 0 0 0 0 0 0 0 0
44 2 82 2 130 3 0 0 0 0 0 0 0 0 0 0 0 0
45 2 83 2 131 3 0 0 0 0 0 0 0 0 0 0 0 0
46 2 84 2 132 3 0 0 0 0 0 0 0 0 0 0 0 0
47 2 85 2 133 3 0 0 0 0 0 0 0 0 0 0 0 0
48 2 86 2 134 3 0 0 0 0 0 0 0 0 0 0 0 0
49 2 87 2 135 3 0 0 0 0 0 0 0 0 0 0 0 0
50 2 88 2 136 3 0 0 0 0 0 0 0 0 0 0 0 0
51 2 89 2 137 3 0 0 0 0 0 0 0 0 0 0 0 0
52 2 90 2 138 3 0 0 0 0 0 0 0 0 0 0 0 0
53 2 91 2 139 3 0 0 0 0 0 0 0 0 0 0 0 0
54 2 92 2 140 3 0 0 0 0 0 0 0 0 0 0 0 0
55 2 93 2 141 3 0 0 0 0 0 0 0 0 0 0 0 0
56 2 94 2 142 3 0 0 0 0 0 0 0 0 0 0 0 0
57 2 95 2 143 3 0 0 0 0 0 0 0 0 0 0 0 0
58 2 96 2 144 3 0 0 0 0 0 0 0 0 0 0 0 0
59 2 97 2 145 3 0 0 0 0 0 0 0 0 0 0 0 0
60 2 98 2 146 3 0 0 0 0 0 0 0 0 0 0 0 0
61 2 99 2 147 3 0 0 0 0 0 0 0 0 0 0 0 0
62 2 100 2 148 3 0 0 0 0 0 0 0 0 0 0 0 0
63 2 101 2 149 3 0 0 0 0 0 0 0 0 0 0 0 0
0 2 96 1 134 1 1 0 0 0 2 0 0 0 3 0 0 0
1 2 97 1 135 1 4 0 0 0 8 0 0 0 12 0 0 0
2 2 98 1 136 1 16 0 0 0 32 0 0 0 48 0 0 0
3 2 99 1 137 1 64 0 0 0 128 0 0 0 192 0 0 0
4 2 100 1 138 1 256 0 0 0 512 0 0 0 768 0 0 0
5 2 101 1 139 1 1024 0 0 0 2048 0 0 0 3072 0 0 0
6 2 102 1 140 1 4096 0 0 0 8192 0 0 0 12288 0 0 0
7 2 103 1 141 1 16384 0 0 0 32768 0 0 0 49152 0 0 0
8 2 104 1 142 1 65536 0 0 0 131072 0 0 0 196608 0 0 0
9 2 105 1 143 1 262144 0 0 0 524288 0 0 0 786432 0 0 0
10 2 106 1 144 1 1048576 0 0 0 2097152 0 0 0 3145728 0 0 0
11 2 107 1 145 1 4194304 0 0 0 8388608 0 0 0 12582912 0 0 0
12 2 108 1 146 1 16777216 0 0 0 33554432 0 0 0 50331648 0 0 0
13 2 109 1 147 1 67108864 0 0 0 134217728 0 0 0 201326592 0 0 0
14 2 110 1 148 1 268435456 0 0 0 536870912 0 0 0 805306368 0 0 0
15 2 111 1 149 1 1073741824 0 0 0 2147483648 0 0 0 3221225472 0 0 0
16 2 112 1 150 1 4294967296 0 0 0 8589934592 0 0 0 12884901888 0 0 0
17 2 113 1 151 1 17179869184 0 0 0 34359738368 0 0 0 51539607552 0 0 0
18 2 114 1 152 1 68719476736 0 0 0 137438953472 0 0 0 206158430208 0 0 0
19 2 115 1 153 1 274877906944 0 0 0 549755813888 0 0 0 824633720832 0 0 0
20 2 116 1 154 1 1099511627776 0 0 0 2199023255552 0 0 0 3298534883328 0 0 0
21 2 117 1 155 1 4398046511104 0 0 0 8796093022208 0 0 0 13194139533312 0 0 0
22 2 118 1 156 1 17592186044416 0 0 0 35184372088832 0 0 0 52776558133248 0 0 0
23 2 119 1 157 1 70368744177664 0 0 0 140737488355328 0 0 0 211106232532992 0 0 0
24 2 120 1 158 1 281474976710656 0 0 0 562949953421312 0 0 0 844424930131968 0 0 0
25 2 121 1 159 1 1125899906842624 0 0 0 2251799813685248 0 0 0 3377699720527872 0 0 0
26 2 122 1 160 1 4503599627370496 0 0 0 9007199254740992 0 0 0 13510798882111488 0 0 0
27 2 123 1 161 1 18014398509481984 0 0 0 36028797018963968 0 0 0 54043195528445952 0 0 0
28 2 124 1 162 1 72057594037927936 0 0 0 144115188075855872 0 0 0 216172782113783808 0 0 0
29 2 125 1 163 1 288230376151711744 0 0 0 576460752303423488 0 0 0 864691128455135232 0 0 0
30 2 126 1 164 1 1152921504606846976 0 0 0 2305843009213693952 0 0 0 3458764513820540928 0 0 0
31 2 127 1 165 1 4611686018427387904 0 0 0 9223372036854775808 0 0 0 13835058055282163712 0 0 0
32 2 64 1 166 1 0 1 0 0 0 2 0 0 0 3 0 0
33 2 65 1 167 1 0 4 0 0 0 8 0 0 0 12 0 0
34 2 66 1 168 1 0 16 0 0 0 32 0 0 0 48 0 0
35 2 67 1 169 1 0 64 0 0 0 128 0 0 0 192 0 0
36 2 68 1 170 1 0 256 0 0 0 512 0 0 0 768 0 0
37 2 69 1 171 1 0 1024 0 0 0 2048 0 0 0 3072 0 0
38 2 70 1 172 1 0 4096 0 0 0 8192 0 0 0 12288 0 0
39 2 71 1 173 1 0 16384 0 0 0 32768 0 0 0 49152 0 0
40 2 72 1 174 1 0 65536 0 0 0 131072 0 0 0 196608 0 0
41 2 73 1 175 1 0 262144 0 0 0 524288 0 0 0 786432 0 0
42 2 74 1 176 1 0 1048576 0 0 0 2097152 0 0 0 3145728 0 0
43 2 75 1 177 1 0 4194304 0 0 0 8388608 0 0 0 12582912 0 0
44 2 76 1 178 1 0 16777216 0 0 0 33554432 0 0 0 50331648 0 0
45 2 77 1 179 1 0 67108864 0 0 0 134217728 0 0 0 201326592 0 0
46 2 78 1 180 1 0 268435456 0 0 0 536870912 0 0 0 805306368 0 0
47 2 79 1 181 1 0 1073741824 0 0 0 2147483648 0 0 0 3221225472 0 0
48 2 80 1 182 1 0 4294967296 0 0 0 8589934592 0 0 0 12884901888 0 0
49 2 81 1 183 1 0 17179869184 0 0 0 34359738368 0 0 0 51539607552 0 0
50 2 82 1 184 1 0 68719476736 0 0 0 137438953472 0 0 0 206158430208 0 0
51 2 83 1 185 1 0 274877906944 0 0 0 549755813888 0 0 0 824633720832 0 0
52 2 84 1 186 1 0 1099511627776 0 0 0 2199023255552 0 0 0 3298534883328 0 0
53 2 85 1 187 1 0 4398046511104 0 0 0 8796093022208 0 0 0 13194139533312 0 0
54 2 86 1 188 1 0 17592186044416 0 0 0 35184372088832 0 0 0 52776558133248 0 0
55 2 87 1 189 1 0 70368744177664 0 0 0 140737488355328 0 0 0 211106232532992 0 0
56 2 88 1 190 1 0 281474976710656 0 0 0 562949953421312 0 0 0 844424930131968 0 0
57 2 89 1 191 1 0 1125899906842624 0 0 0 2251799813685248 0 0 0 3377699720527872 0 0
58 2 90 1 128 1 0 4503599627370496 0 0 0 9007199254740992 0 0 0 13510798882111488 0 0
59 2 91 1 129 1 0 18014398509481984 0 0 0 36028797018963968 0 0 0 54043195528445952 0 0
60 2 92 1 130 1 0 72057594037927936 0 0 0 144115188075855872 0 0 0 216172782113783808 0 0
61 2 93 1 131 1 0 288230376151711744 0 0 0 576460752303423488 0 0 0 864691128455135232 0 0
62 2 94 1 132 1 0 1152921504606846976 0 0 0 2305843009213693952 0 0 0 3458764513820540928 0 0
63 2 95 1 133 1 0 4611686018427387904 0 0 0 9223372036854775808 0 0 0 13835058055282163712 0 0
0 1 107 1 177 1 9223372072292450312 4611686038828482572 36028814211416076 54043229896572932 13835058108977643532 9223372072288256004 54043229892378628 18014450061672456 4611686038841065476 13835058108969254920 18014450057478152 36028814203027468
1 1 108 1 178 1 141750698017 81604378674 144115256845664304 216172919586291728 214781919282 141733920787 216172919569514512 72057800246689824 81654710291 214748364833 72057800229912608 144115256812109872
2 1 109 1 179 1 567002792068 326417514696 576461027382657216 864691678345166912 859127677128 566935683148 864691678278058048 288231200986759296 326618841164 858993459332 288231200919650432 576461027248439488
3 1 110 1 180 1 2268011168272 1305670058784 2305844109530628864 3458766713380667648 3436510708512 2267742732592 3458766713112232192 1152924803947037184 1306475364656 3435973837328 1152924803678601728 2305844108993757952
4 1 111 1 181 1 9072044673088 5222680235136 9223376438122515456 13835066853522670592 13746042834048 9070970930368 13835066852448928768 4611699215788148736 5225901458624 13743895349312 4611699214714406912 9223376435975031808
5 1 112 1 182 1 36288178692352 20890720940544 17605070958595 35192962027522 54984171336192 36283883721472 35188667060225 52789443043331 20903605834496 54975581397248 52785148076034 17596481024001
6 1 113 1 183 1 145152714769408 83562883762176 70420283834380 140771848110088 219936685344768 145135534885888 140754668240900 211157772173324 83614423337984 219902325588992 211140592304136 70385924096004
7 1 114 1 184 1 580610859077632 334251535048704 281681135337520 563087392440352 879746741379072 580542139543552 563018672963600 844631088693296 334457693351936 879609302355968 844562369216544 281543696384016
8 1 115 1 185 1 2322443436310528 1337006140194816 1126724541350080 2252349569761408 3518986965516288 2322168558174208 2252074691854400 3378524354773184 1337830773407744 3518437209423872 3378249476866176 1126174785536064
9 1 116 1 186 1 9289773745242112 5348024560779264 4506898165400320 9009398279045632 14075947862065152 9288674232696832 9008298767417600 13514097419092736 5351323093630976 14073748837695488 13512997907464704 4504699142144256
10 1 117 1 187 1 37159094980968448 21392098243117056 18027592661601280 36037593116182528 56303791448260608 37154696930787328 36033195069670400 54056389676370944 21405292374523904 56294995350781952 54051991629858816 18018796568577024
11 1 118 1 188 1 148636379923873792 85568392972468224 72110370646405120 144150372464730112 225215165793042432 148618787723149312 144132780278681600 216225558705483776 85621169498095616 225179981403127808 216207966519435264 72075186274308096
12 1 119 1 189 1 594545519695495168 342273571889872896 288441482585620480 576601489858920448 900860663172169728 594475150892597248 576531121114726400 864902234821935104 342484677992382464 900719925612511232 864831866077741056 288300745097232384
13 1 120 1 190 1 2378182078781980672 1369094287559491584 1153765930342481920 2306405959435681792 3603442652688678912 2377900603570388992 2306124484458905600 3459608939287740416 1369938711969529856 3602879702450044928 3459327464310964224 1153202980388929536
14 1 121 1 191 1 9512728315127922688 5476377150237966336 4615063721369927680 9225623837742727168 14413770610754715648 9511602414281555968 9224497937835622400 13838435757150961664 5479754847878119424 14411518809800179712 13837309857243856896 4612811921555718144
15 1 122 1 128 1 1157425113092587521 3458764527242313730 13510811770159106 9007203551805441 2314850221890207746 1152921509707120643 4503603923386371 13510807475191810 3472275317802926083 2305843018072064001 9007207846772737 4503612513320963
16 1 123 1 129 1 4629700452370350084 13835058108969254920 54043247080636424 36028814207221764 9259400887560830984 4611686038828482572 18014415693545484 54043229900767240 13889101271211704332 9223372072288256004 36028831387090948 18014450053283852
17 1 124 1 130 1 72057735771848723 214748364833 216172988322545696 144115256828887056 144115402824220705 81604378674 72057662774181936 216172919603068960 216172863718162482 141733920787 144115325548363792 72057800213135408
18 1 125 1 131 1 288230943087394892 858993459332 864691953290182784 576461027315548224 576461611296882820 326417514696 288230651096727744 864691678412275840 864691454872649928 566935683148 576461302193455168 288231200852541632
19 1 126 1 132 1 1152923772349579568 3435973837328 3458767813160731136 2305844109262192896 2305846445187531280 1305670058784 1152922604386910976 3458766713649103360 3458765819490599712 2267742732592 2305845208773820672 1152924803410166528
20 1 127 1 133 1 4611695089398318272 13743895349312 13835071252642924544 9223376437048771584 9223385780750125120 5222680235136 4611690417547643904 13835066854596413440 13835063277962398848 9070970930368 9223380835095282688 4611699213640666112
21 1 64 1 134 1 36283883721472 54975581397249 52789443043330 17600775983107 54975581397248 20890720940546 17596481024003 35197256998913 20890720940544 36283883721475 35192962027521 52780853112834
22 1 65 1 135 1 145135534885888 219902325588996 211157772173320 70403103932428 219902325588992 83562883762184 70385924096012 140789027995652 83562883762176 145135534885900 140771848110084 211123412451336
23 1 66 1 136 1 580542139543552 879609302355984 844631088693280 281612415729712 879609302355968 334251535048736 281543696384048 563156111982608 334251535048704 580542139543600 563087392440336 844493649805344
24 1 67 1 137 1 2322168558174208 3518437209423936 3378524354773120 1126449662918848 3518437209423872 1337006140194944 1126174785536192 2252624447930432 1337006140194816 2322168558174400 2252349569761344 3377974599221376
25 1 68 1 138 1 9288674232696832 14073748837695744 13514097419092480 4505798651675392 14073748837695488 5348024560779776 4504699142144768 9010497791721728 5348024560779264 9288674232697600 9009398279045376 13511898396885504
26 1 69 1 139 1 37154696930787328 56294995350782976 54056389676369920 18023194606701568 56294995350781952 21392098243119104 18018796568579072 36041991166886912 21392098243117056 37154696930790400 36037593116181504 54047593587542016
27 1 70 1 140 1 148618787723149312 225179981403131904 216225558705479680 72092778426806272 225179981403127808 85568392972476416 72075186274316288 144167964667547648 85568392972468224 148618787723161600 144150372464726016 216190374350168064
28 1 71 1 141 1 594475150892597248 900719925612527616 864902234821918720 288371113707225088 900719925612511232 342273571889905664 288300745097265152 576671858670190592 342273571889872896 594475150892646400 576601489858904064 864761497400672256
29 1 72 1 142 1 2377900603570388992 3602879702450110464 3459608939287674880 1153484454828900352 3602879702450044928 1369094287559622656 1153202980389060608 2306687434680762368 1369094287559491584 2377900603570585600 2306405959435616256 3459045989602689024
30 1 73 1 143 1 9511602414281555968 14411518809800441856 13838435757150699520 4613937819315601408 14411518809800179712 5476377150238490624 4612811921556242432 9226749738723049472 5476377150237966336 9511602414282342400 9225623837742465024 13836183958410756096
31 1 74 1 144 1 1152921509707120643 2305843018073112578 13510807474143233 9007203552854019 2305843018072064001 3458764527244410883 4503612515418114 13510807473094657 3458764527242313730 1152921509710266369 9007203550756867 4503612514369538
32 1 75 1 145 1 4611686038828482572 9223372072292450312 54043229896572932 36028814211416076 9223372072288256004 13835058108977643532 18014450061672456 54043229892378628 13835058108969254920 4611686038841065476 36028814203027468 18014450057478152
33 1 76 1 146 1 81604378674 141750698017 216172919586291728 144115256845664304 141733920787 214781919282 72057800246689824 216172919569514512 214748364833 81654710291 144115256812109872 72057800229912608
34 1 77 1 147 1 326417514696 567002792068 864691678345166912 576461027382657216 566935683148 859127677128 288231200986759296 864691678278058048 858993459332 326618841164 576461027248439488 288231200919650432
35 1 78 1 148 1 1305670058784 2268011168272 3458766713380667648 2305844109530628864 2267742732592 3436510708512 1152924803947037184 3458766713112232192 3435973837328 1306475364656 2305844108993757952 1152924803678601728
36 1 79 1 149 1 5222680235136 9072044673088 13835066853522670592 9223376438122515456 9070970930368 13746042834048 4611699215788148736 13835066852448928768 13743895349312 5225901458624 9223376435975031808 4611699214714406912
37 1 80 1 150 1 20890720940544 36288178692352 35192962027522 17605070958595 36283883721472 54984171336192 52789443043331 35188667060225 54975581397248 20903605834496 17596481024001 52785148076034
38 1 81 1 151 1 83562883762176 145152714769408 140771848110088 70420283834380 145135534885888 219936685344768 211157772173324 140754668240900 219902325588992 83614423337984 70385924096004 211140592304136
39 1 82 1 152 1 334251535048704 580610859077632 563087392440352 281681135337520 580542139543552 879746741379072 844631088693296 563018672963600 879609302355968 334457693351936 281543696384016 844562369216544
40 1 83 1 153 1 1337006140194816 2322443436310528 2252349569761408 1126724541350080 2322168558174208 3518986965516288 3378524354773184 2252074691854400 3518437209423872 1337830773407744 1126174785536064 3378249476866176
41 1 84 1 154 1 5348024560779264 9289773745242112 9009398279045632 4506898165400320 9288674232696832 14075947862065152 13514097419092736 9008298767417600 14073748837695488 5351323093630976 4504699142144256 13512997907464704
42 1 85 1 155 1 21392098243117056 37159094980968448 36037593116182528 18027592661601280 37154696930787328 56303791448260608 54056389676370944 36033195069670400 56294995350781952 21405292374523904 18018796568577024 54051991629858816
43 1 86 1 156 1 85568392972468224 148636379923873792 144150372464730112 72110370646405120 148618787723149312 225215165793042432 216225558705483776 144132780278681600 225179981403127808 85621169498095616 72075186274308096 216207966519435264
44 1 87 1 157 1 342273571889872896 594545519695495168 576601489858920448 288441482585620480 594475150892597248 900860663172169728 864902234821935104 576531121114726400 900719925612511232 342484677992382464 288300745097232384 864831866077741056
45 1 88 1 158 1 1369094287559491584 2378182078781980672 2306405959435681792 1153765930342481920 2377900603570388992 3603442652688678912 3459608939287740416 2306124484458905600 3602879702450044928 1369938711969529856 1153202980388929536 3459327464310964224
46 1 89 1 159 1 5476377150237966336 9512728315127922688 9225623837742727168 4615063721369927680 9511602414281555968 14413770610754715648 13838435757150961664 9224497937835622400 14411518809800179712 5479754847878119424 4612811921555718144 13837309857243856896
47 1 90 1 160 1 3458764527242313730 1157425113092587521 9007203551805441 13510811770159106 1152921509707120643 2314850221890207746 13510807475191810 4503603923386371 2305843018072064001 3472275317802926083 4503612513320963 9007207846772737
48 1 91 1 161 1 13835058108969254920 4629700452370350084 36028814207221764 54043247080636424 4611686038828482572 9259400887560830984 54043229900767240 18014415693545484 9223372072288256004 13889101271211704332 18014450053283852 36028831387090948
49 1 92 1 162 1 214748364833 72057735771848723 144115256828887056 216172988322545696 81604378674 144115402824220705 216172919603068960 72057662774181936 141733920787 216172863718162482 72057800213135408 144115325548363792
50 1 93 1 163 1 858993459332 288230943087394892 576461027315548224 864691953290182784 326417514696 576461611296882820 864691678412275840 288230651096727744 566935683148 864691454872649928 288231200852541632 576461302193455168
51 1 94 1 164 1 3435973837328 1152923772349579568 2305844109262192896 3458767813160731136 1305670058784 2305846445187531280 3458766713649103360 1152922604386910976 2267742732592 3458765819490599712 1152924803410166528 2305845208773820672
52 1 95 1 165 1 13743895349312 4611695089398318272 9223376437048771584 13835071252642924544 5222680235136 9223385780750125120 13835066854596413440 4611690417547643904 9070970930368 13835063277962398848 4611699213640666112 9223380835095282688
53 1 96 1 166 1 54975581397249 36283883721472 17600775983107 52789443043330 20890720940546 54975581397248 35197256998913 17596481024003 36283883721475 20890720940544 52780853112834 35192962027521
54 1 97 1 167 1 219902325588996 145135534885888 70403103932428 211157772173320 83562883762184 219902325588992 140789027995652 70385924096012 145135534885900 83562883762176 211123412451336 140771848110084
55 1 98 1 168 1 879609302355984 580542139543552 281612415729712 844631088693280 334251535048736 879609302355968 563156111982608 281543696384048 580542139543600 334251535048704 844493649805344 563087392440336
56 1 99 1 169 1 3518437209423936 2322168558174208 1126449662918848 3378524354773120 1337006140194944 3518437209423872 2252624447930432 1126174785536192 2322168558174400 1337006140194816 3377974599221376 2252349569761344
57 1 100 1 170 1 14073748837695744 9288674232696832 4505798651675392 13514097419092480 5348024560779776 14073748837695488 9010497791721728 4504699142144768 9288674232697600 5348024560779264 13511898396885504 9009398279045376
58 1 101 1 171 1 56294995350782976 37154696930787328 18023194606701568 54056389676369920 21392098243119104 56294995350781952 36041991166886912 18018796568579072 37154696930790400 21392098243117056 54047593587542016 36037593116181504
59 1 102 1 172 1 225179981403131904 148618787723149312 72092778426806272 216225558705479680 85568392972476416 225179981403127808 144167964667547648 72075186274316288 148618787723161600 85568392972468224 216190374350168064 144150372464726016
60 1 103 1 173 1 900719925612527616 594475150892597248 288371113707225088 864902234821918720 342273571889905664 900719925612511232 576671858670190592 288300745097265152 594475150892646400 342273571889872896 864761497400672256 576601489858904064
61 1 104 1 174 1 3602879702450110464 2377900603570388992 1153484454828900352 3459608939287674880 1369094287559622656 3602879702450044928 2306687434680762368 1153202980389060608 2377900603570585600 1369094287559491584 3459045989602689024 2306405959435616256
62 1 105 1 175 1 14411518809800441856 9511602414281555968 4613937819315601408 13838435757150699520 5476377150238490624 14411518809800179712 9226749738723049472 4612811921556242432 9511602414282342400 5476377150237966336 13836183958410756096 9225623837742465024
63 1 106 1 176 1 2305843018073112578 1152921509707120643 9007203552854019 13510807474143233 3458764527244410883 2305843018072064001 13510807473094657 4503612515418114 1152921509710266369 3458764527242313730 4503612514369538 9007203550756867
0 1 87 1 162 1 68719554577 68719611939 844562402639872 281612465995808 137439088674 137439158321 281681185472512 563156128628784 206158635059 206158508050 563018689675264 844493683163152
1 1 88 1 163 1 274878218308 274878447756 3378249610559488 1126449863983232 549756354696 549756633284 1126724741890048 2252624514515136 824634540236 824634032200 2252074758701056 3377974732652608
2 1 89 1 164 1 1099512873232 1099513791024 13512998442237952 4505799455932928 2199025418784 2199026533136 4506898967560192 9010498058060544 3298538160944 3298536128800 9008299034804224 13511898930610432
3 1 90 1 165 1 4398051492928 4398055164096 54051993768951808 18023197823731712 8796101675136 8796106132544 18027595870240768 36041992232242176 13194152643776 13194144515200 36033196139216896 54047595722441728
4 1 91 1 166 1 17592205971712 17592220656384 216207975075807232 72092791294926848 35184406700544 35184424530176 72110383480963072 144167968928968704 52776610575104 52776578060800 144132784556867584 216190382889766912
5 1 92 1 167 1 70368823886848 70368882625536 864831900303228928 288371165179707392 140737626802176 140737698120704 288441533923852288 576671875715874816 211106442300416 211106312243200 576531138227470336 864761531559067648
6 1 93 1 168 1 281475295547392 281475530502144 3459327601212915712 1153484660718829568 562950507208704 562950792482816 1153766135695409152 2306687502863499264 844425769201664 844425248972800 2306124552909881344 3459046126236270592
7 1 94 1 169 1 1125901182189568 1125902122008576 13837310404851662848 4613938642875318272 2251802028834816 2251803169931264 4615064542781636608 9226750011453997056 3377703076806656 3377700995891200 9224498211639525376 13836184504945082368
8 1 95 1 170 1 4503604728758272 4503608488034304 9009398277996545 9010497791721475 9007208115339264 9007212679725056 13514097416994818 13511898396884993 13510812307226624 13510803983564800 4504699138998275 4505798651674626
9 1 96 1 171 1 18014418915033088 18014433952137216 36037593111986180 36041991166885900 36028832461357056 36028850718900224 54056389667979272 54047593587539972 54043249228906496 54043215934259200 18018796555993100 18023194606698504
10 1 97 1 172 1 72057675660132352 72057735808548864 144150372447944720 144167964667543600 144115329845428224 144115402875600896 216225558671917088 216190374350159888 216172996915625984 216172863737036800 72075186223972400 72092778426794016
11 1 98 1 173 1 288230702640529408 288230943234195456 576601489791778880 576671858670174400 576461319381712896 576461611502403584 864902234687668352 864761497400639552 864691987662503936 864691454948147200 288300744895889600 288371113707176064
12 1 99 1 174 1 1152922810562117632 1152923772936781824 2306405959167115520 2306687434680697600 2305845277526851584 2305846446009614336 3459608938750673408 3459045989602558208 3458767950650015744 3458765819792588800 1153202979583558400 1153484454828704256
13 1 100 1 175 1 4611691242248470528 4611695091747127296 9225623836668462080 9226749738722790400 9223381110107406336 9223385784038457344 13838435755002693632 13836183958410232832 13835071802600062976 13835063279170355200 4612811918334233600 4613937819314817024
14 1 101 1 176 1 20895284330497 36293278957569 9007199254745090 13510807472058370 36293010522114 54988734726146 13510798882119683 4503612512276483 54989271597059 20895552765955 4503599627382785 9007203549716481
15 1 102 1 177 1 83581137321988 145173115830276 36028797018980360 54043229888233480 145172042088456 219954938904584 54043195528478732 18014450049105932 219957086388236 83582211063820 18014398509531140 36028814198865924
16 1 103 1 178 1 334324549287952 580692463321104 144115188075921440 216172919552933920 580688168353824 879819755618336 216172782113914928 72057800196423728 879828345552944 334328844255280 72057594038124560 144115256795463696
17 1 104 1 179 1 1337298197151808 2322769853284416 576460752303685760 864691678211735680 2322752673415296 3519279022473344 864691128455659712 288231200785694912 3519313382211776 1337315377021120 288230376152498240 576461027181854784
18 1 105 1 180 1 5349192788607232 9291079413137664 2305843009214743040 3458766712846942720 9291010693661184 14077116089893376 3458764513822638848 1152924803142779648 14077253528847104 5349261508084480 1152921504609992960 2305844108727419136
19 1 106 1 181 1 21396771154428928 37164317652550656 9223372036858972160 13835066851387770880 37164042774644736 56308464359573504 13835058055290555392 4611699212571118592 56309014115388416 21397046032337920 4611686018439971840 9223376434909676544
20 1 107 1 182 1 85587084617715712 148657270610202624 16785411 35184422428674 148656171098578944 225233857438294016 33566721 52776574922755 225236056461553664 85588184129351680 50335746 17592219602945
21 1 108 1 183 1 342348338470862848 594629082440810496 67141644 140737689714696 594624684394315776 900935429753176064 134266884 211106299691020 900944225846214656 342352736517406720 201342984 70368878411780
22 1 109 1 184 1 1369393353883451392 2378516329763241984 268566576 562950758858784 2378498737577263104 3603741719012704256 537067536 844425198764080 3603776903384858624 1369410946069626880 805371936 281475513647120
23 1 110 1 185 1 5477573415533805568 9514065319052967936 1074266304 2251803035435136 9513994950309052416 14414966876050817024 2148270144 3377700795056320 14415107613539434496 5477643784278507520 3221487744 1125902054588480
24 1 111 1 186 1 3463549588425670658 1162773128792768513 4297065216 9007212141740544 1162491653817106435 2319635283074613250 8593080576 13510803180225280 2320198233029083137 3463831063404478467 12885950976 4503608218353920
25 1 112 1 187 1 13854198353702682632 4651092515171074052 17188260864 36028848566962176 4649966615268425740 9278541132298453000 34372322304 54043212720901120 9280792932116332548 13855324253617913868 51543803904 18014432873415680
26 1 113 1 188 1 76561193682075681 157625986974744595 68753043456 144115394267848704 153122387364151346 220676381774708769 137489289216 216172850883604480 229683581046226963 81064793343000626 206175215616 72057731493662720
27 1 114 1 189 1 306244774728302724 630503947898978380 275012173824 576461577071394816 612489549456605384 882705527098835076 549957156864 864691403534417920 918734324184907852 324259173372002504 824700862464 288230925974650880
28 1 115 1 190 1 1224979098913210896 2522015791595913520 1100048695296 2305846308285579264 2449958197826421536 3530822108395340304 2199828627456 3458765614137671680 3674937296739631408 1297036693488010016 3298803449856 1152923703898603520
29 1 116 1 191 1 4899916395652843584 10088063166383654080 4400194781184 9223385233142317056 9799832791305686144 14123288433581361216 8799314509824 13835062456550686720 14699749186958525632 5188146773952040064 13195213799424 4611694815594414080
30 1 117 1 128 1 1152921508901822722 3458764518115513089 17600779124738 52785150164992 2305843017803641347 1152921513196790018 35197258039299 17605074092032 3458764526705447681 2305843022098608643 52780855197697 35188668104704
31 1 118 1 129 1 4611686035607290888 13835058072462052356 70403116498952 211140600659968 9223372071214565388 4611686052787160072 140789032157196 70420296368128 13835058106821790724 9223372088394434572 211123420790788 140754672418816
32 1 119 1 130 1 68719611939 68719554577 281612465995808 844562402639872 137439158321 137439088674 563156128628784 281681185472512 206158508050 206158635059 844493683163152 563018689675264
33 1 120 1 131 1 274878447756 274878218308 1126449863983232 3378249610559488 549756633284 549756354696 2252624514515136 1126724741890048 824634032200 824634540236 3377974732652608 2252074758701056
34 1 121 1 132 1 1099513791024 1099512873232 4505799455932928 13512998442237952 2199026533136 2199025418784 9010498058060544 4506898967560192 3298536128800 3298538160944 13511898930610432 9008299034804224
35 1 122 1 133 1 4398055164096 4398051492928 18023197823731712 54051993768951808 8796106132544 8796101675136 36041992232242176 18027595870240768 13194144515200 13194152643776 54047595722441728 36033196139216896
36 1 123 1 134 1 17592220656384 17592205971712 72092791294926848 216207975075807232 35184424530176 35184406700544 144167968928968704 72110383480963072 52776578060800 52776610575104 216190382889766912 144132784556867584
37 1 124 1 135 1 70368882625536 70368823886848 288371165179707392 864831900303228928 140737698120704 140737626802176 576671875715874816 288441533923852288 211106312243200 211106442300416 864761531559067648 576531138227470336
38 1 125 1 136 1 281475530502144 281475295547392 1153484660718829568 3459327601212915712 562950792482816 562950507208704 2306687502863499264 1153766135695409152 844425248972800 844425769201664 3459046126236270592 2306124552909881344
39 1 126 1 137 1 1125902122008576 1125901182189568 4613938642875318272 13837310404851662848 2251803169931264 2251802028834816 9226750011453997056 4615064542781636608 3377700995891200 3377703076806656 13836184504945082368 9224498211639525376
40 1 127 1 138 1 4503608488034304 4503604728758272 9010497791721475 9009398277996545 9007212679725056 9007208115339264 13511898396884993 13514097416994818 13510803983564800 13510812307226624 4505798651674626 4504699138998275
41 1 64 1 139 1 18014433952137216 18014418915033088 36041991166885900 36037593111986180 36028850718900224 36028832461357056 54047593587539972 54056389667979272 54043215934259200 54043249228906496 18023194606698504 18018796555993100
42 1 65 1 140 1 72057735808548864 72057675660132352 144167964667543600 144150372447944720 144115402875600896 144115329845428224 216190374350159888 216225558671917088 216172863737036800 216172996915625984 72092778426794016 72075186223972400
43 1 66 1 141 1 288230943234195456 288230702640529408 576671858670174400 576601489791778880 576461611502403584 576461319381712896 864761497400639552 864902234687668352 864691454948147200 864691987662503936 288371113707176064 288300744895889600
44 1 67 1 142 1 1152923772936781824 1152922810562117632 2306687434680697600 2306405959167115520 2305846446009614336 2305845277526851584 3459045989602558208 3459608938750673408 3458765819792588800 3458767950650015744 1153484454828704256 1153202979583558400
45 1 68 1 143 1 4611695091747127296 4611691242248470528 9226749738722790400 9225623836668462080 9223385784038457344 9223381110107406336 13836183958410232832 13838435755002693632 13835063279170355200 13835071802600062976 4613937819314817024 4612811918334233600
46 1 69 1 144 1 36293278957569 20895284330497 13510807472058370 9007199254745090 54988734726146 36293010522114 4503612512276483 13510798882119683 20895552765955 54989271597059 9007203549716481 4503599627382785
47 1 70 1 145 1 145173115830276 83581137321988 54043229888233480 36028797018980360 219954938904584 145172042088456 18014450049105932 54043195528478732 83582211063820 219957086388236 36028814198865924 18014398509531140
48 1 71 1 146 1 580692463321104 334324549287952 216172919552933920 144115188075921440 879819755618336 580688168353824 72057800196423728 216172782113914928 334328844255280 879828345552944 144115256795463696 72057594038124560
49 1 72 1 147 1 2322769853284416 1337298197151808 864691678211735680 576460752303685760 3519279022473344 2322752673415296 288231200785694912 864691128455659712 1337315377021120 3519313382211776 576461027181854784 288230376152498240
50 1 73 1 148 1 9291079413137664 5349192788607232 3458766712846942720 2305843009214743040 14077116089893376 9291010693661184 1152924803142779648 3458764513822638848 5349261508084480 14077253528847104 2305844108727419136 1152921504609992960
51 1 74 1 149 1 37164317652550656 21396771154428928 13835066851387770880 9223372036858972160 56308464359573504 37164042774644736 4611699212571118592 13835058055290555392 21397046032337920 56309014115388416 9223376434909676544 4611686018439971840
52 1 75 1 150 1 148657270610202624 85587084617715712 35184422428674 16785411 225233857438294016 148656171098578944 52776574922755 33566721 85588184129351680 225236056461553664 17592219602945 50335746
53 1 76 1 151 1 594629082440810496 342348338470862848 140737689714696 67141644 900935429753176064 594624684394315776 211106299691020 134266884 342352736517406720 900944225846214656 70368878411780 201342984
54 1 77 1 152 1 2378516329763241984 1369393353883451392 562950758858784 268566576 3603741719012704256 2378498737577263104 844425198764080 537067536 1369410946069626880 3603776903384858624 281475513647120 805371936
55 1 78 1 153 1 9514065319052967936 5477573415533805568 2251803035435136 1074266304 14414966876050817024 9513994950309052416 3377700795056320 2148270144 5477643784278507520 14415107613539434496 1125902054588480 3221487744
56 1 79 1 154 1 1162773128792768513 3463549588425670658 9007212141740544 4297065216 2319635283074613250 1162491653817106435 13510803180225280 8593080576 3463831063404478467 2320198233029083137 4503608218353920 12885950976
57 1 80 1 155 1 4651092515171074052 13854198353702682632 36028848566962176 17188260864 9278541132298453000 4649966615268425740 54043212720901120 34372322304 13855324253617913868 9280792932116332548 18014432873415680 51543803904
58 1 81 1 156 1 157625986974744595 76561193682075681 144115394267848704 68753043456 220676381774708769 153122387364151346 216172850883604480 137489289216 81064793343000626 229683581046226963 72057731493662720 206175215616
59 1 82 1 157 1 630503947898978380 306244774728302724 576461577071394816 275012173824 882705527098835076 612489549456605384 864691403534417920 549957156864 324259173372002504 918734324184907852 288230925974650880 824700862464
60 1 83 1 158 1 2522015791595913520 1224979098913210896 2305846308285579264 1100048695296 3530822108395340304 2449958197826421536 3458765614137671680 2199828627456 1297036693488010016 3674937296739631408 1152923703898603520 3298803449856
61 1 84 1 159 1 10088063166383654080 4899916395652843584 9223385233142317056 4400194781184 14123288433581361216 9799832791305686144 13835062456550686720 8799314509824 5188146773952040064 14699749186958525632 4611694815594414080 13195213799424
62 1 85 1 160 1 3458764518115513089 1152921508901822722 52785150164992 17600779124738 1152921513196790018 2305843017803641347 17605074092032 35197258039299 2305843022098608643 3458764526705447681 35188668104704 52780855197697
63 1 86 1 161 1 13835058072462052356 4611686035607290888 211140600659968 70403116498952 4611686052787160072 9223372071214565388 70420296368128 140789032157196 9223372088394434572 13835058106821790724 140754672418816 211123420790788
0 1 78 1 133 1 4563415554 9395245826 4538792589393923 13563588325146624 9126810371 13153345795 9059988697776129 4521196108382208 13690216705 4831851009 13528395363123202 9042392216764416
1 1 79 1 134 1 18253662216 37580983304 18155170357575692 54254353300586496 36507241484 52613383180 36239954791104516 18084784433528832 54760866820 19327404036 54113581452492808 36169568867057664
2 1 80 1 135 1 73014648864 150323933216 72620681430302768 217017413202345984 146028965936 210453532720 144959819164418064 72339137734115328 219043467280 77309616144 216454325809971232 144678275468230656
3 1 81 1 136 1 292058595456 601295732864 290482725721211072 868069652809383936 584115863744 841814130880 579839276657672256 289356550936461312 876173869120 309238464576 865817303239884928 578713101872922624
4 1 82 1 137 1 1168234381824 2405182931456 1161930902884844288 3472278611237535744 2336463454976 3367256523520 2319357106630689024 1157426203745845248 3504695476480 1236953858304 3463269212959539712 2314852407491690496
5 1 83 1 138 1 4672937527296 9620731725824 4647723611539377152 13889114444950142976 9345853819904 13469026094080 9277428426522756096 4629704814983380992 14018781905920 4947815433216 13853076851838158848 9259409629966761984
6 1 84 1 139 1 18691750109184 38482926903296 144150372447956995 216225558671917057 37383415279616 53876104376320 216225558671921153 72075186223972354 56075127623680 19791261732864 72075186223980546 144150372447944707
7 1 85 1 140 1 74767000436736 153931707613184 576601489791827980 864902234687668228 149533661118464 215504417505280 864902234687684612 288300744895889416 224300510494720 79165046931456 288300744895922184 576601489791778828
8 1 86 1 141 1 299068001746944 615726830452736 2306405959167311920 3459608938750672912 598134644473856 862017670021120 3459608938750738448 1153202979583557664 897202041978880 316660187725824 1153202979583688736 2306405959167115312
9 1 87 1 142 1 1196272006987776 2462907321810944 9225623836669247680 13838435755002691648 2392538577895424 3448070680084480 13838435755002953792 4612811918334230656 3588808167915520 1266640750903296 4612811918334754944 9225623836668461248
10 1 88 1 143 1 4785088027951104 9851629287243776 9007199257887491 13510798882111746 9570154311581696 13792282720337920 13510798883160321 4503599627371011 14355232671662080 5066563003613184 4503599629468162 9007199254741761
11 1 89 1 144 1 19140352111804416 39406517148975104 36028797031549964 54043195528446984 38280617246326784 55169130881351680 54043195532641284 18014398509484044 57420930686648320 20266252014452736 18014398517872648 36028797018967044
12 1 90 1 145 1 76561408447217664 157626068595900416 144115188126199856 216172782113787936 153122468985307136 220676523525406720 216172782130565136 72057594037936176 229683722746593280 81065008057810944 72057594071490592 144115188075868176
13 1 91 1 146 1 306245633788870656 630504274383601664 576460752504799424 864691128455151744 612489875941228544 882706094101626880 864691128522260544 288230376151744704 918734890986373120 324260032231243776 288230376285962368 576460752303472704
14 1 92 1 147 1 1224982535155482624 2522017097534406656 2305843010019197696 3458764513820606976 2449959503764914176 3530824376406507520 3458764514089042176 1152921504606978816 3674939563945492480 1297040128924975104 1152921505143849472 2305843009213890816
15 1 93 1 148 1 4899930140621930496 10088068390137626624 9223372040076790784 13835058055282427904 9799838015059656704 14123297505626030080 13835058056356168704 4611686018427915264 14699758255781969920 5188160515699900416 4611686020575397888 9223372036855563264
16 1 94 1 149 1 1152976488778170370 3458785413131403265 12888059907 1056770 2305863912819523587 1152957801375465474 4296019969 2109443 3458800801999224833 2305897989090050051 8592039938 3149825
17 1 95 1 150 1 4611905955112681480 13835141652525613060 51552239628 4227080 9223455651278094348 4611831205501861896 17184079876 8437772 13835203207996899332 9223591956360200204 34368159752 12599300
18 1 96 1 151 1 879746741174307 334388973797393 206208958512 16908320 334457693274161 580748297895970 68736319504 33751088 580610858942482 879678021697587 137472639008 50397200
19 1 97 1 152 1 3518986964697228 1337555895189572 824835834048 67633280 1337830773096644 2322993191583880 274945278016 135004352 2322443435769928 3518712086790348 549890556032 201588800
20 1 98 1 153 1 14075947858788912 5350223580758288 3299343336192 270533120 5351323092386576 9291972766335520 1099781112064 540017408 9289773743079712 14074848347161392 2199562224128 806355200
21 1 99 1 154 1 56303791435155648 21400894323033152 13197373344768 1082132480 21405292369546304 37167891065342080 4399124448256 2160069632 37159094972318848 56299393388645568 8798248896512 3225420800
22 1 100 1 155 1 225215165740622592 85603577292132608 52789493379072 4328529920 85621169478185216 148671564261368320 17596497793024 8640278528 148636379889275392 225197573554582272 35192995586048 12901683200
23 1 101 1 156 1 900860662962490368 342414309168530432 211157973516288 17314119680 342484677912740864 594686257045473280 70385991172096 34561114112 594545519557101568 900790294218329088 140771982344192 51606732800
24 1 102 1 157 1 3603442651849961472 1369657236674121728 844631894065152 69256478720 1369938711650963456 2378745028181893120 281543964688384 138244456448 2378182078228406272 3603161176873316352 563087929376768 206426931200
25 1 103 1 158 1 14413770607399845888 5478628946696486912 3378527576260608 277025914880 5479754846603853824 9514980112727572480 1126175858753536 552977825792 9512728312913625088 14412644707493265408 2252351717507072 825707724800
26 1 104 1 159 1 2314850208470728705 3467771713076396035 13514110305042432 1108103659520 3472275312705863682 1166432303491186689 4504703435014144 2211911303168 1157425104235397123 2310346608844406786 9009406870028288 3302830899200
27 1 105 1 160 1 9259400833882914820 13871086852305584140 54056441220169728 4432414638080 13889101250823454728 4665729213964746756 18018813740056576 8847645212672 4629700416941588492 9241386435377627144 36037627480113152 13211323596800
28 1 106 1 161 1 144115188112556051 144115188093681714 216225764880678912 17729658552320 216172782165164065 216172782149435411 72075254960226304 35390580850688 72057594056802354 72057594091405345 144150509920452608 52845294387200
29 1 107 1 162 1 576460752450224204 576460752374726856 864903059522715648 70918634209280 864691128660656260 864691128597741644 288301019840905216 141562323402752 288230376227209416 288230376365621380 576602039681810432 211381177548800
30 1 108 1 163 1 2305843009800896816 2305843009498907424 3459612238090862592 283674536837120 3458764514642625040 3458764514390966576 1153204079363620864 566249293611008 1152921504908837664 1152921505462485520 2306408158727241728 845524710195200
31 1 109 1 164 1 9223372039203587264 9223372037995629696 13838448952363450368 1134698147348480 13835058058570500160 13835058057563866304 4612816317454483456 2264997174444032 4611686019635350656 4611686021849942080 9225632634908966912 3382098840780800
32 1 110 1 165 1 9395245826 4563415554 13563588325146624 4538792589393923 13153345795 9126810371 4521196108382208 9059988697776129 4831851009 13690216705 9042392216764416 13528395363123202
33 1 111 1 166 1 37580983304 18253662216 54254353300586496 18155170357575692 52613383180 36507241484 18084784433528832 36239954791104516 19327404036 54760866820 36169568867057664 54113581452492808
34 1 112 1 167 1 150323933216 73014648864 217017413202345984 72620681430302768 210453532720 146028965936 72339137734115328 144959819164418064 77309616144 219043467280 144678275468230656 216454325809971232
35 1 113 1 168 1 601295732864 292058595456 868069652809383936 290482725721211072 841814130880 584115863744 289356550936461312 579839276657672256 309238464576 876173869120 578713101872922624 865817303239884928
36 1 114 1 169 1 2405182931456 1168234381824 3472278611237535744 1161930902884844288 3367256523520 2336463454976 1157426203745845248 2319357106630689024 1236953858304 3504695476480 2314852407491690496 3463269212959539712
37 1 115 1 170 1 9620731725824 4672937527296 13889114444950142976 4647723611539377152 13469026094080 9345853819904 4629704814983380992 9277428426522756096 4947815433216 14018781905920 9259409629966761984 13853076851838158848
38 1 116 1 171 1 38482926903296 18691750109184 216225558671917057 144150372447956995 53876104376320 37383415279616 72075186223972354 216225558671921153 19791261732864 56075127623680 144150372447944707 72075186223980546
39 1 117 1 172 1 153931707613184 74767000436736 864902234687668228 576601489791827980 215504417505280 149533661118464 288300744895889416 864902234687684612 79165046931456 224300510494720 576601489791778828 288300744895922184
40 1 118 1 173 1 615726830452736 299068001746944 3459608938750672912 2306405959167311920 862017670021120 598134644473856 1153202979583557664 3459608938750738448 316660187725824 897202041978880 2306405959167115312 1153202979583688736
41 1 119 1 174 1 2462907321810944 1196272006987776 13838435755002691648 9225623836669247680 3448070680084480 2392538577895424 4612811918334230656 13838435755002953792 1266640750903296 3588808167915520 9225623836668461248 4612811918334754944
42 1 120 1 175 1 9851629287243776 4785088027951104 13510798882111746 9007199257887491 13792282720337920 9570154311581696 4503599627371011 13510798883160321 5066563003613184 14355232671662080 9007199254741761 4503599629468162
43 1 121 1 176 1 39406517148975104 19140352111804416 54043195528446984 36028797031549964 55169130881351680 38280617246326784 18014398509484044 54043195532641284 20266252014452736 57420930686648320 36028797018967044 18014398517872648
44 1 122 1 177 1 157626068595900416 76561408447217664 216172782113787936 144115188126199856 220676523525406720 153122468985307136 72057594037936176 216172782130565136 81065008057810944 229683722746593280 144115188075868176 72057594071490592
45 1 123 1 178 1 630504274383601664 306245633788870656 864691128455151744 576460752504799424 882706094101626880 612489875941228544 288230376151744704 864691128522260544 324260032231243776 918734890986373120 576460752303472704 288230376285962368
46 1 124 1 179 1 2522017097534406656 1224982535155482624 3458764513820606976 2305843010019197696 3530824376406507520 2449959503764914176 1152921504606978816 3458764514089042176 1297040128924975104 3674939563945492480 2305843009213890816 1152921505143849472
47 1 125 1 180 1 10088068390137626624 4899930140621930496 13835058055282427904 9223372040076790784 14123297505626030080 9799838015059656704 4611686018427915264 13835058056356168704 5188160515699900416 14699758255781969920 9223372036855563264 4611686020575397888
48 1 126 1 181 1 3458785413131403265 1152976488778170370 1056770 12888059907 1152957801375465474 2305863912819523587 2109443 4296019969 2305897989090050051 3458800801999224833 3149825 8592039938
49 1 127 1 182 1 13835141652525613060 4611905955112681480 4227080 51552239628 4611831205501861896 9223455651278094348 8437772 17184079876 9223591956360200204 13835203207996899332 12599300 34368159752
50 1 64 1 183 1 334388973797393 879746741174307 16908320 206208958512 580748297895970 334457693274161 33751088 68736319504 879678021697587 580610858942482 50397200 137472639008
51 1 65 1 184 1 1337555895189572 3518986964697228 67633280 824835834048 2322993191583880 1337830773096644 135004352 274945278016 3518712086790348 2322443435769928 201588800 549890556032
52 1 66 1 185 1 5350223580758288 14075947858788912 270533120 3299343336192 9291972766335520 5351323092386576 540017408 1099781112064 14074848347161392 9289773743079712 806355200 2199562224128
53 1 67 1 186 1 21400894323033152 56303791435155648 1082132480 13197373344768 37167891065342080 21405292369546304 2160069632 4399124448256 56299393388645568 37159094972318848 3225420800 8798248896512
54 1 68 1 187 1 85603577292132608 225215165740622592 4328529920 52789493379072 148671564261368320 85621169478185216 8640278528 17596497793024 225197573554582272 148636379889275392 12901683200 35192995586048
55 1 69 1 188 1 342414309168530432 900860662962490368 17314119680 211157973516288 594686257045473280 342484677912740864 34561114112 70385991172096 900790294218329088 594545519557101568 51606732800 140771982344192
56 1 70 1 189 1 1369657236674121728 3603442651849961472 69256478720 844631894065152 2378745028181893120 1369938711650963456 138244456448 281543964688384 3603161176873316352 2378182078228406272 206426931200 563087929376768
57 1 71 1 190 1 5478628946696486912 14413770607399845888 277025914880 3378527576260608 9514980112727572480 5479754846603853824 552977825792 1126175858753536 14412644707493265408 9512728312913625088 825707724800 2252351717507072
58 1 72 1 191 1 3467771713076396035 2314850208470728705 1108103659520 13514110305042432 1166432303491186689 3472275312705863682 2211911303168 4504703435014144 2310346608844406786 1157425104235397123 3302830899200 9009406870028288
59 1 73 1 128 1 13871086852305584140 9259400833882914820 4432414638080 54056441220169728 4665729213964746756 13889101250823454728 8847645212672 18018813740056576 9241386435377627144 4629700416941588492 13211323596800 36037627480113152
60 1 74 1 129 1 144115188093681714 144115188112556051 17729658552320 216225764880678912 216172782149435411 216172782165164065 35390580850688 72075254960226304 72057594091405345 72057594056802354 52845294387200 144150509920452608
61 1 75 1 130 1 576460752374726856 576460752450224204 70918634209280 864903059522715648 864691128597741644 864691128660656260 141562323402752 288301019840905216 288230376365621380 288230376227209416 211381177548800 576602039681810432
62 1 76 1 131 1 2305843009498907424 2305843009800896816 283674536837120 3459612238090862592 3458764514390966576 3458764514642625040 566249293611008 1153204079363620864 1152921505462485520 1152921504908837664 845524710195200 2306408158727241728
63 1 77 1 132 1 9223372037995629696 9223372039203587264 1134698147348480 13838448952363450368 13835058057563866304 13835058058570500160 2264997174444032 4612816317454483456 4611686021849942080 4611686019635350656 3382098840780800 9225632634908966912
0 1 70 1 180 1 0 0 1 0 0 0 2 0 0 0 3 0
1 1 71 1 181 1 0 0 4 0 0 0 8 0 0 0 12 0
2 1 72 1 182 1 0 0 16 0 0 0 32 0 0 0 48 0
3 1 73 1 183 1 0 0 64 0 0 0 128 0 0 0 192 0
4 1 74 1 184 1 0 0 256 0 0 0 512 0 0 0 768 0
5 1 75 1 185 1 0 0 1024 0 0 0 2048 0 0 0 3072 0
6 1 76 1 186 1 0 0 4096 0 0 0 8192 0 0 0 12288 0
7 1 77 1 187 1 0 0 16384 0 0 0 32768 0 0 0 49152 0
8 1 78 1 188 1 0 0 65536 0 0 0 131072 0 0 0 196608 0
9 1 79 1 189 1 0 0 262144 0 0 0 524288 0 0 0 786432 0
10 1 80 1 190 1 0 0 1048576 0 0 0 2097152 0 0 0 3145728 0
11 1 81 1 191 1 0 0 4194304 0 0 0 8388608 0 0 0 12582912 0
12 1 82 1 128 1 0 0 16777216 0 0 0 33554432 0 0 0 50331648 0
13 1 83 1 129 1 0 0 67108864 0 0 0 134217728 0 0 0 201326592 0
14 1 84 1 130 1 0 0 268435456 0 0 0 536870912 0 0 0 805306368 0
15 1 85 1 131 1 0 0 1073741824 0 0 0 2147483648 0 0 0 3221225472 0
16 1 86 1 132 1 0 0 4294967296 0 0 0 8589934592 0 0 0 12884901888 0
17 1 87 1 133 1 0 0 17179869184 0 0 0 34359738368 0 0 0 51539607552 0
18 1 88 1 134 1 0 0 68719476736 0 0 0 137438953472 0 0 0 206158430208 0
19 1 89 1 135 1 0 0 274877906944 0 0 0 549755813888 0 0 0 824633720832 0
20 1 90 1 136 1 0 0 1099511627776 0 0 0 2199023255552 0 0 0 3298534883328 0
21 1 91 1 137 1 0 0 4398046511104 0 0 0 8796093022208 0 0 0 13194139533312 0
22 1 92 1 138 1 0 0 17592186044416 0 0 0 35184372088832 0 0 0 52776558133248 0
23 1 93 1 139 1 0 0 70368744177664 0 0 0 140737488355328 0 0 0 211106232532992 0
24 1 94 1 140 1 0 0 281474976710656 0 0 0 562949953421312 0 0 0 844424930131968 0
25 1 95 1 141 1 0 0 1125899906842624 0 0 0 2251799813685248 0 0 0 3377699720527872 0
26 1 96 1 142 1 0 0 4503599627370496 0 0 0 9007199254740992 0 0 0 13510798882111488 0
27 1 97 1 143 1 0 0 18014398509481984 0 0 0 36028797018963968 0 0 0 54043195528445952 0
28 1 98 1 144 1 0 0 72057594037927936 0 0 0 144115188075855872 0 0 0 216172782113783808 0
29 1 99 1 145 1 0 0 288230376151711744 0 0 0 576460752303423488 0 0 0 864691128455135232 0
30 1 100 1 146 1 0 0 1152921504606846976 0 0 0 2305843009213693952 0 0 0 3458764513820540928 0
31 1 101 1 147 1 0 0 4611686018427387904 0 0 0 9223372036854775808 0 0 0 13835058055282163712 0
32 1 102 1 148 1 0 0 0 1 0 0 0 2 0 0 0 3
33 1 103 1 149 1 0 0 0 4 0 0 0 8 0 0 0 12
34 1 104 1 150 1 0 0 0 16 0 0 0 32 0 0 0 48
35 1 105 1 151 1 0 0 0 64 0 0 0 128 0 0 0 192
36 1 106 1 152 1 0 0 0 256 0 0 0 512 0 0 0 768
37 1 107 1 153 1 0 0 0 1024 0 0 0 2048 0 0 0 3072
38 1 108 1 154 1 0 0 0 4096 0 0 0 8192 0 0 0 12288
39 1 109 1 155 1 0 0 0 16384 0 0 0 32768 0 0 0 49152
40 1 110 1 156 1 0 0 0 65536 0 0 0 131072 0 0 0 196608
41 1 111 1 157 1 0 0 0 262144 0 0 0 524288 0 0 0 786432
42 1 112 1 158 1 0 0 0 1048576 0 0 0 2097152 0 0 0 3145728
43 1 113 1 159 1 0 0 0 4194304 0 0 0 8388608 0 0 0 12582912
44 1 114 1 160 1 0 0 0 16777216 0 0 0 33554432 0 0 0 50331648
45 1 115 1 161 1 0 0 0 67108864 0 0 0 134217728 0 0 0 201326592
46 1 116 1 162 1 0 0 0 268435456 0 0 0 536870912 0 0 0 805306368
47 1 117 1 163 1 0 0 0 1073741824 0 0 0 2147483648 0 0 0 3221225472
48 1 118 1 164 1 0 0 0 4294967296 0 0 0 8589934592 0 0 0 12884901888
49 1 119 1 165 1 0 0 0 17179869184 0 0 0 34359738368 0 0 0 51539607552
50 1 120 1 166 1 0 0 0 68719476736 0 0 0 137438953472 0 0 0 206158430208
51 1 121 1 167 1 0 0 0 274877906944 0 0 0 549755813888 0 0 0 824633720832
52 1 122 1 168 1 0 0 0 1099511627776 0 0 0 2199023255552 0 0 0 3298534883328
53 1 123 1 169 1 0 0 0 4398046511104 0 0 0 8796093022208 0 0 0 13194139533312
54 1 124 1 170 1 0 0 0 17592186044416 0 0 0 35184372088832 0 0 0 52776558133248
55 1 125 1 171 1 0 0 0 70368744177664 0 0 0 140737488355328 0 0 0 211106232532992
56 1 126 1 172 1 0 0 0 281474976710656 0 0 0 562949953421312 0 0 0 844424930131968
57 1 127 1 173 1 0 0 0 1125899906842624 0 0 0 2251799813685248 0 0 0 3377699720527872
58 1 64 1 174 1 0 0 0 4503599627370496 0 0 0 9007199254740992 0 0 0 13510798882111488
59 1 65 1 175 1 0 0 0 18014398509481984 0 0 0 36028797018963968 0 0 0 54043195528445952
60 1 66 1 176 1 0 0 0 72057594037927936 0 0 0 144115188075855872 0 0 0 216172782113783808
61 1 67 1 177 1 0 0 0 288230376151711744 0 0 0 576460752303423488 0 0 0 864691128455135232
62 1 68 1 178 1 0 0 0 1152921504606846976 0 0 0 2305843009213693952 0 0 0 3458764513820540928
63 1 69 1 179 1 0 0 0 4611686018427387904 0 0 0 9223372036854775808 0 0 0 13835058055282163712
