240 640
8 1 80 160 240 320 400 480 560
9 0 1 81 161 241 321 401 481 561
8 3 82 162 242 322 402 482 562
9 2 3 83 163 243 323 403 483 563
8 5 84 164 244 324 404 484 564
9 4 5 85 165 245 325 405 485 565
8 7 86 166 246 326 406 486 566
9 6 7 87 167 247 327 407 487 567
8 9 88 168 248 328 408 488 568
9 8 9 89 169 249 329 409 489 569
8 11 90 170 250 330 410 490 570
9 10 11 91 171 251 331 411 491 571
8 13 92 172 252 332 412 492 572
9 12 13 93 173 253 333 413 493 573
8 15 94 174 254 334 414 494 574
9 14 15 95 175 255 335 415 495 575
8 17 96 176 256 336 416 496 576
9 16 17 97 177 257 337 417 497 577
8 19 98 178 258 338 418 498 578
9 18 19 99 179 259 339 419 499 579
8 21 100 180 260 340 420 500 580
9 20 21 101 181 261 341 421 501 581
8 23 102 182 262 342 422 502 582
9 22 23 103 183 263 343 423 503 583
8 25 104 184 264 344 424 504 584
9 24 25 105 185 265 345 425 505 585
8 27 106 186 266 346 426 506 586
9 26 27 107 187 267 347 427 507 587
8 29 108 188 268 348 428 508 588
9 28 29 109 189 269 349 429 509 589
8 31 110 190 270 350 430 510 590
9 30 31 111 191 271 351 431 511 591
8 33 112 192 272 352 432 512 592
9 32 33 113 193 273 353 433 513 593
8 35 114 194 274 354 434 514 594
9 34 35 115 195 275 355 435 515 595
8 37 116 196 276 356 436 516 596
9 36 37 117 197 277 357 437 517 597
8 39 118 198 278 358 438 518 598
9 38 39 119 199 279 359 439 519 599
8 41 120 200 280 360 440 520 600
9 40 41 121 201 281 361 441 521 601
8 43 122 202 282 362 442 522 602
9 42 43 123 203 283 363 443 523 603
8 45 124 204 284 364 444 524 604
9 44 45 125 205 285 365 445 525 605
8 47 126 206 286 366 446 526 606
9 46 47 127 207 287 367 447 527 607
8 49 128 208 288 368 448 528 608
9 48 49 129 209 289 369 449 529 609
8 51 130 210 290 370 450 530 610
9 50 51 131 211 291 371 451 531 611
8 53 132 212 292 372 452 532 612
9 52 53 133 213 293 373 453 533 613
8 55 134 214 294 374 454 534 614
9 54 55 135 215 295 375 455 535 615
8 57 136 216 296 376 456 536 616
9 56 57 137 217 297 377 457 537 617
8 59 138 218 298 378 458 538 618
9 58 59 139 219 299 379 459 539 619
8 61 140 220 300 380 460 540 620
9 60 61 141 221 301 381 461 541 621
8 63 142 222 302 382 462 542 622
9 62 63 143 223 303 383 463 543 623
8 65 144 224 304 384 464 544 624
9 64 65 145 225 305 385 465 545 625
8 67 146 226 306 386 466 546 626
9 66 67 147 227 307 387 467 547 627
8 69 148 228 308 388 468 548 628
9 68 69 149 229 309 389 469 549 629
8 71 150 230 310 390 470 550 630
9 70 71 151 231 311 391 471 551 631
8 73 152 232 312 392 472 552 632
9 72 73 153 233 313 393 473 553 633
8 75 154 234 314 394 474 554 634
9 74 75 155 235 315 395 475 555 635
8 77 156 236 316 396 476 556 636
9 76 77 157 237 317 397 477 557 637
8 79 158 238 318 398 478 558 638
9 78 79 159 239 319 399 479 559 639
8 0 121 238 278 388 424 528 620
9 1 120 121 239 279 389 425 529 621
8 2 123 160 280 390 426 530 622
9 3 122 123 161 281 391 427 531 623
8 4 125 162 282 392 428 532 624
9 5 124 125 163 283 393 429 533 625
8 6 127 164 284 394 430 534 626
9 7 126 127 165 285 395 431 535 627
8 8 129 166 286 396 432 536 628
9 9 128 129 167 287 397 433 537 629
8 10 131 168 288 398 434 538 630
9 11 130 131 169 289 399 435 539 631
8 12 133 170 290 320 436 540 632
9 13 132 133 171 291 321 437 541 633
8 14 135 172 292 322 438 542 634
9 15 134 135 173 293 323 439 543 635
8 16 137 174 294 324 440 544 636
9 17 136 137 175 295 325 441 545 637
8 18 139 176 296 326 442 546 638
9 19 138 139 177 297 327 443 547 639
8 20 141 178 298 328 444 548 560
9 21 140 141 179 299 329 445 549 561
8 22 143 180 300 330 446 550 562
9 23 142 143 181 301 331 447 551 563
8 24 145 182 302 332 448 552 564
9 25 144 145 183 303 333 449 553 565
8 26 147 184 304 334 450 554 566
9 27 146 147 185 305 335 451 555 567
8 28 149 186 306 336 452 556 568
9 29 148 149 187 307 337 453 557 569
8 30 151 188 308 338 454 558 570
9 31 150 151 189 309 339 455 559 571
8 32 153 190 310 340 456 480 572
9 33 152 153 191 311 341 457 481 573
8 34 155 192 312 342 458 482 574
9 35 154 155 193 313 343 459 483 575
8 36 157 194 314 344 460 484 576
9 37 156 157 195 315 345 461 485 577
8 38 159 196 316 346 462 486 578
9 39 158 159 197 317 347 463 487 579
8 40 81 198 318 348 464 488 580
9 41 80 81 199 319 349 465 489 581
8 42 83 200 240 350 466 490 582
9 43 82 83 201 241 351 467 491 583
8 44 85 202 242 352 468 492 584
9 45 84 85 203 243 353 469 493 585
8 46 87 204 244 354 470 494 586
9 47 86 87 205 245 355 471 495 587
8 48 89 206 246 356 472 496 588
9 49 88 89 207 247 357 473 497 589
8 50 91 208 248 358 474 498 590
9 51 90 91 209 249 359 475 499 591
8 52 93 210 250 360 476 500 592
9 53 92 93 211 251 361 477 501 593
8 54 95 212 252 362 478 502 594
9 55 94 95 213 253 363 479 503 595
8 56 97 214 254 364 400 504 596
9 57 96 97 215 255 365 401 505 597
8 58 99 216 256 366 402 506 598
9 59 98 99 217 257 367 403 507 599
8 60 101 218 258 368 404 508 600
9 61 100 101 219 259 369 405 509 601
8 62 103 220 260 370 406 510 602
9 63 102 103 221 261 371 407 511 603
8 64 105 222 262 372 408 512 604
9 65 104 105 223 263 373 409 513 605
8 66 107 224 264 374 410 514 606
9 67 106 107 225 265 375 411 515 607
8 68 109 226 266 376 412 516 608
9 69 108 109 227 267 377 413 517 609
8 70 111 228 268 378 414 518 610
9 71 110 111 229 269 379 415 519 611
8 72 113 230 270 380 416 520 612
9 73 112 113 231 271 381 417 521 613
8 74 115 232 272 382 418 522 614
9 75 114 115 233 273 383 419 523 615
8 76 117 234 274 384 420 524 616
9 77 116 117 235 275 385 421 525 617
8 78 119 236 276 386 422 526 618
9 79 118 119 237 277 387 423 527 619
8 0 100 201 252 336 472 514 634
9 1 101 200 201 253 337 473 515 635
8 2 102 203 254 338 474 516 636
9 3 103 202 203 255 339 475 517 637
8 4 104 205 256 340 476 518 638
9 5 105 204 205 257 341 477 519 639
8 6 106 207 258 342 478 520 560
9 7 107 206 207 259 343 479 521 561
8 8 108 209 260 344 400 522 562
9 9 109 208 209 261 345 401 523 563
8 10 110 211 262 346 402 524 564
9 11 111 210 211 263 347 403 525 565
8 12 112 213 264 348 404 526 566
9 13 113 212 213 265 349 405 527 567
8 14 114 215 266 350 406 528 568
9 15 115 214 215 267 351 407 529 569
8 16 116 217 268 352 408 530 570
9 17 117 216 217 269 353 409 531 571
8 18 118 219 270 354 410 532 572
9 19 119 218 219 271 355 411 533 573
8 20 120 221 272 356 412 534 574
9 21 121 220 221 273 357 413 535 575
8 22 122 223 274 358 414 536 576
9 23 123 222 223 275 359 415 537 577
8 24 124 225 276 360 416 538 578
9 25 125 224 225 277 361 417 539 579
8 26 126 227 278 362 418 540 580
9 27 127 226 227 279 363 419 541 581
8 28 128 229 280 364 420 542 582
9 29 129 228 229 281 365 421 543 583
8 30 130 231 282 366 422 544 584
9 31 131 230 231 283 367 423 545 585
8 32 132 233 284 368 424 546 586
9 33 133 232 233 285 369 425 547 587
8 34 134 235 286 370 426 548 588
9 35 135 234 235 287 371 427 549 589
8 36 136 237 288 372 428 550 590
9 37 137 236 237 289 373 429 551 591
8 38 138 239 290 374 430 552 592
9 39 139 238 239 291 375 431 553 593
8 40 140 161 292 376 432 554 594
9 41 141 160 161 293 377 433 555 595
8 42 142 163 294 378 434 556 596
9 43 143 162 163 295 379 435 557 597
8 44 144 165 296 380 436 558 598
9 45 145 164 165 297 381 437 559 599
8 46 146 167 298 382 438 480 600
9 47 147 166 167 299 383 439 481 601
8 48 148 169 300 384 440 482 602
9 49 149 168 169 301 385 441 483 603
8 50 150 171 302 386 442 484 604
9 51 151 170 171 303 387 443 485 605
8 52 152 173 304 388 444 486 606
9 53 153 172 173 305 389 445 487 607
8 54 154 175 306 390 446 488 608
9 55 155 174 175 307 391 447 489 609
8 56 156 177 308 392 448 490 610
9 57 157 176 177 309 393 449 491 611
8 58 158 179 310 394 450 492 612
9 59 159 178 179 311 395 451 493 613
8 60 80 181 312 396 452 494 614
9 61 81 180 181 313 397 453 495 615
8 62 82 183 314 398 454 496 616
9 63 83 182 183 315 399 455 497 617
8 64 84 185 316 320 456 498 618
9 65 85 184 185 317 321 457 499 619
8 66 86 187 318 322 458 500 620
9 67 87 186 187 319 323 459 501 621
8 68 88 189 240 324 460 502 622
9 69 89 188 189 241 325 461 503 623
8 70 90 191 242 326 462 504 624
9 71 91 190 191 243 327 463 505 625
8 72 92 193 244 328 464 506 626
9 73 93 192 193 245 329 465 507 627
8 74 94 195 246 330 466 508 628
9 75 95 194 195 247 331 467 509 629
8 76 96 197 248 332 468 510 630
9 77 97 196 197 249 333 469 511 631
8 78 98 199 250 334 470 512 632
9 79 99 198 199 251 335 471 513 633
