320 120 160 40
0 2 40 1 80 1
1 2 41 1 81 1
2 2 42 1 82 1
3 2 43 1 83 1
4 2 44 1 84 1
5 2 45 1 85 1
6 2 46 1 86 1
7 2 47 1 87 1
8 2 48 1 88 1
9 2 49 1 89 1
10 2 50 1 90 1
11 2 51 1 91 1
12 2 52 1 92 1
13 2 53 1 93 1
14 2 54 1 94 1
15 2 55 1 95 1
16 2 56 1 96 1
17 2 57 1 97 1
18 2 58 1 98 1
19 2 59 1 99 1
20 2 60 1 100 1
21 2 61 1 101 1
22 2 62 1 102 1
23 2 63 1 103 1
24 2 64 1 104 1
25 2 65 1 105 1
26 2 66 1 106 1
27 2 67 1 107 1
28 2 68 1 108 1
29 2 69 1 109 1
30 2 70 1 110 1
31 2 71 1 111 1
32 2 72 1 112 1
33 2 73 1 113 1
34 2 74 1 114 1
35 2 75 1 115 1
36 2 76 1 116 1
37 2 77 1 117 1
38 2 78 1 118 1
39 2 79 1 119 1
0 1 60 2 110 1
1 1 61 2 111 1
2 1 62 2 112 1
3 1 63 2 113 1
4 1 64 2 114 1
5 1 65 2 115 1
6 1 66 2 116 1
7 1 67 2 117 1
8 1 68 2 118 1
9 1 69 2 119 1
10 1 70 2 80 1
11 1 71 2 81 1
12 1 72 2 82 1
13 1 73 2 83 1
14 1 74 2 84 1
15 1 75 2 85 1
16 1 76 2 86 1
17 1 77 2 87 1
18 1 78 2 88 1
19 1 79 2 89 1
20 1 40 2 90 1
21 1 41 2 91 1
22 1 42 2 92 1
23 1 43 2 93 1
24 1 44 2 94 1
25 1 45 2 95 1
26 1 46 2 96 1
27 1 47 2 97 1
28 1 48 2 98 1
29 1 49 2 99 1
30 1 50 2 100 1
31 1 51 2 101 1
32 1 52 2 102 1
33 1 53 2 103 1
34 1 54 2 104 1
35 1 55 2 105 1
36 1 56 2 106 1
37 1 57 2 107 1
38 1 58 2 108 1
39 1 59 2 109 1
0 1 41 1 100 2
1 1 42 1 101 2
2 1 43 1 102 2
3 1 44 1 103 2
4 1 45 1 104 2
5 1 46 1 105 2
6 1 47 1 106 2
7 1 48 1 107 2
8 1 49 1 108 2
9 1 50 1 109 2
10 1 51 1 110 2
11 1 52 1 111 2
12 1 53 1 112 2
13 1 54 1 113 2
14 1 55 1 114 2
15 1 56 1 115 2
16 1 57 1 116 2
17 1 58 1 117 2
18 1 59 1 118 2
19 1 60 1 119 2
20 1 61 1 80 2
21 1 62 1 81 2
22 1 63 1 82 2
23 1 64 1 83 2
24 1 65 1 84 2
25 1 66 1 85 2
26 1 67 1 86 2
27 1 68 1 87 2
28 1 69 1 88 2
29 1 70 1 89 2
30 1 71 1 90 2
31 1 72 1 91 2
32 1 73 1 92 2
33 1 74 1 93 2
34 1 75 1 94 2
35 1 76 1 95 2
36 1 77 1 96 2
37 1 78 1 97 2
38 1 79 1 98 2
39 1 40 1 99 2
0 1 61 1 114 1
1 1 62 1 115 1
2 1 63 1 116 1
3 1 64 1 117 1
4 1 65 1 118 1
5 1 66 1 119 1
6 1 67 1 80 1
7 1 68 1 81 1
8 1 69 1 82 1
9 1 70 1 83 1
10 1 71 1 84 1
11 1 72 1 85 1
12 1 73 1 86 1
13 1 74 1 87 1
14 1 75 1 88 1
15 1 76 1 89 1
16 1 77 1 90 1
17 1 78 1 91 1
18 1 79 1 92 1
19 1 40 1 93 1
20 1 41 1 94 1
21 1 42 1 95 1
22 1 43 1 96 1
23 1 44 1 97 1
24 1 45 1 98 1
25 1 46 1 99 1
26 1 47 1 100 1
27 1 48 1 101 1
28 1 49 1 102 1
29 1 50 1 103 1
30 1 51 1 104 1
31 1 52 1 105 1
32 1 53 1 106 1
33 1 54 1 107 1
34 1 55 1 108 1
35 1 56 1 109 1
36 1 57 1 110 1
37 1 58 1 111 1
38 1 59 1 112 1
39 1 60 1 113 1
0 1 46 1 112 1
1 1 47 1 113 1
2 1 48 1 114 1
3 1 49 1 115 1
4 1 50 1 116 1
5 1 51 1 117 1
6 1 52 1 118 1
7 1 53 1 119 1
8 1 54 1 80 1
9 1 55 1 81 1
10 1 56 1 82 1
11 1 57 1 83 1
12 1 58 1 84 1
13 1 59 1 85 1
14 1 60 1 86 1
15 1 61 1 87 1
16 1 62 1 88 1
17 1 63 1 89 1
18 1 64 1 90 1
19 1 65 1 91 1
20 1 66 1 92 1
21 1 67 1 93 1
22 1 68 1 94 1
23 1 69 1 95 1
24 1 70 1 96 1
25 1 71 1 97 1
26 1 72 1 98 1
27 1 73 1 99 1
28 1 74 1 100 1
29 1 75 1 101 1
30 1 76 1 102 1
31 1 77 1 103 1
32 1 78 1 104 1
33 1 79 1 105 1
34 1 40 1 106 1
35 1 41 1 107 1
36 1 42 1 108 1
37 1 43 1 109 1
38 1 44 1 110 1
39 1 45 1 111 1
0 1 68 1 84 1
1 1 69 1 85 1
2 1 70 1 86 1
3 1 71 1 87 1
4 1 72 1 88 1
5 1 73 1 89 1
6 1 74 1 90 1
7 1 75 1 91 1
8 1 76 1 92 1
9 1 77 1 93 1
10 1 78 1 94 1
11 1 79 1 95 1
12 1 40 1 96 1
13 1 41 1 97 1
14 1 42 1 98 1
15 1 43 1 99 1
16 1 44 1 100 1
17 1 45 1 101 1
18 1 46 1 102 1
19 1 47 1 103 1
20 1 48 1 104 1
21 1 49 1 105 1
22 1 50 1 106 1
23 1 51 1 107 1
24 1 52 1 108 1
25 1 53 1 109 1
26 1 54 1 110 1
27 1 55 1 111 1
28 1 56 1 112 1
29 1 57 1 113 1
30 1 58 1 114 1
31 1 59 1 115 1
32 1 60 1 116 1
33 1 61 1 117 1
34 1 62 1 118 1
35 1 63 1 119 1
36 1 64 1 80 1
37 1 65 1 81 1
38 1 66 1 82 1
39 1 67 1 83 1
0 1 56 1 103 1
1 1 57 1 104 1
2 1 58 1 105 1
3 1 59 1 106 1
4 1 60 1 107 1
5 1 61 1 108 1
6 1 62 1 109 1
7 1 63 1 110 1
8 1 64 1 111 1
9 1 65 1 112 1
10 1 66 1 113 1
11 1 67 1 114 1
12 1 68 1 115 1
13 1 69 1 116 1
14 1 70 1 117 1
15 1 71 1 118 1
16 1 72 1 119 1
17 1 73 1 80 1
18 1 74 1 81 1
19 1 75 1 82 1
20 1 76 1 83 1
21 1 77 1 84 1
22 1 78 1 85 1
23 1 79 1 86 1
24 1 40 1 87 1
25 1 41 1 88 1
26 1 42 1 89 1
27 1 43 1 90 1
28 1 44 1 91 1
29 1 45 1 92 1
30 1 46 1 93 1
31 1 47 1 94 1
32 1 48 1 95 1
33 1 49 1 96 1
34 1 50 1 97 1
35 1 51 1 98 1
36 1 52 1 99 1
37 1 53 1 100 1
38 1 54 1 101 1
39 1 55 1 102 1
0 1 50 1 83 1
1 1 51 1 84 1
2 1 52 1 85 1
3 1 53 1 86 1
4 1 54 1 87 1
5 1 55 1 88 1
6 1 56 1 89 1
7 1 57 1 90 1
8 1 58 1 91 1
9 1 59 1 92 1
10 1 60 1 93 1
11 1 61 1 94 1
12 1 62 1 95 1
13 1 63 1 96 1
14 1 64 1 97 1
15 1 65 1 98 1
16 1 66 1 99 1
17 1 67 1 100 1
18 1 68 1 101 1
19 1 69 1 102 1
20 1 70 1 103 1
21 1 71 1 104 1
22 1 72 1 105 1
23 1 73 1 106 1
24 1 74 1 107 1
25 1 75 1 108 1
26 1 76 1 109 1
27 1 77 1 110 1
28 1 78 1 111 1
29 1 79 1 112 1
30 1 40 1 113 1
31 1 41 1 114 1
32 1 42 1 115 1
33 1 43 1 116 1
34 1 44 1 117 1
35 1 45 1 118 1
36 1 46 1 119 1
37 1 47 1 80 1
38 1 48 1 81 1
39 1 49 1 82 1
0 0 0
0 0 0
0 0 0
0 0 0
0 0 0
0 0 0
0 0 0
0 0 0
0 0 0
0 0 0
0 0 0
0 0 0
0 0 0
0 0 0
0 0 0
0 0 0
0 0 0
0 0 0
0 0 0
0 0 0
0 0 0
0 0 0
0 0 0
0 0 0
0 0 0
0 0 0
0 0 0
0 0 0
0 0 0
0 0 0
0 0 0
0 0 0
0 0 0
0 0 0
0 0 0
0 0 0
0 0 0
0 0 0
0 0 0
0 0 0
0 0 0
0 0 0
0 0 0
0 0 0
0 0 0
0 0 0
0 0 0
0 0 0
0 0 0
0 0 0
0 0 0
0 0 0
0 0 0
0 0 0
0 0 0
0 0 0
0 0 0
0 0 0
0 0 0
0 0 0
0 0 0
0 0 0
0 0 0
0 0 0
0 0 0
0 0 0
0 0 0
0 0 0
0 0 0
0 0 0
0 0 0
0 0 0
0 0 0
0 0 0
0 0 0
0 0 0
0 0 0
0 0 0
0 0 0
0 0 0
0 0 0
0 0 0
0 0 0
0 0 0
0 0 0
0 0 0
0 0 0
0 0 0
0 0 0
0 0 0
0 0 0
0 0 0
0 0 0
0 0 0
0 0 0
0 0 0
0 0 0
0 0 0
0 0 0
0 0 0
0 0 0
0 0 0
0 0 0
0 0 0
0 0 0
0 0 0
0 0 0
0 0 0
0 0 0
0 0 0
0 0 0
0 0 0
0 0 0
0 0 0
0 0 0
0 0 0
0 0 0
0 0 0
0 0 0
0 0 0
0 0 0
0 0 0
0 0 0
0 0 0
0 0 0
0 0 0
0 0 0
0 0 0
0 0 0
0 0 0
0 0 0
0 0 0
0 0 0
0 0 0
0 0 0
0 0 0
0 0 0
0 0 0
0 0 0
0 0 0
0 0 0
0 0 0
0 0 0
0 0 0
0 0 0
0 0 0
0 0 0
0 0 0
0 0 0
0 0 0
0 0 0
0 0 0
0 0 0
0 0 0
0 0 0
0 0 0
0 0 0
0 0 0
0 0 0
0 0 0
0 0 0
0 0 0
0 0 0
0 0 0
0 0 0
0 0 0
0 0 0
0 0 0
0 0 0
0 0 0
0 0 0
0 0 0
0 0 0
0 0 0
0 0 0
0 0 0
0 0 0
0 0 0
0 0 0
0 0 0
0 0 0
0 0 0
0 0 0
0 0 0
0 0 0
0 0 0
0 0 0
0 0 0
0 0 0
0 0 0
0 0 0
0 0 0
0 0 0
0 0 0
0 0 0
0 0 0
0 0 0
0 0 0
0 0 0
0 0 0
0 0 0
0 0 0
0 0 0
0 0 0
0 0 0
0 0 0
0 0 0
0 0 0
0 0 0
0 0 0
0 0 0
0 0 0
0 0 0
0 0 0
0 0 0
0 0 0
0 0 0
0 0 0
0 0 0
0 0 0
0 0 0
0 0 0
0 0 0
0 0 0
0 0 0
0 0 0
0 0 0
0 0 0
0 0 0
0 0 0
0 0 0
0 0 0
0 0 0
0 0 0
0 0 0
0 0 0
0 0 0
0 0 0
0 0 0
0 0 0
1152931401293628424 0 0
10377420540881141769 64 0
9224506733937820673 64 0
2305862802587256848 0 0
2308097008052731922 129 0
2269394166089730 129 0
4611725605174513696 0 0
4616194016105463844 258 0
4538788332179460 258 0
9223451210349027392 0 0
9232388032210927688 516 0
9077576664358920 516 0
158346988503168 1 0
18031990712303760 1033 0
18155153328717840 1032 0
316693977006336 2 0
36063981424607520 2066 0
36310306657435680 2064 0
633387954012672 4 0
72127962849215040 4132 0
72620613314871360 4128 0
1266775908025344 8 0
144255925698430080 8264 0
145241226629742720 8256 0
2533551816050688 16 0
288511851396860160 16528 0
290482453259485440 16512 0
5067103632101376 32 0
577023702793720320 33056 0
580964906518970880 33024 0
10133107752574977 64 0
1154048505099068416 576 0
1161929813037941761 512 0
20266215505149954 128 0
2308097010198136832 1152 0
2323859626075883522 1024 0
40532431010299908 256 0
4616194020396273664 2304 0
4647719252151767044 2048 0
81064862020599816 512 0
9232388040792547328 4608 0
9295438504303534088 4096 0
162129724041199632 1024 0
18032007875543040 9217 0
144132934897516560 8193 0
324259448082399264 2048 0
36064015751086080 18434 0
288265869795033120 16386 0
648518896164798528 4096 0
72128031502172160 36868 0
576531739590066240 32772 0
1297036692817969281 8192 0
144257162515972096 8200 0
1153063479180132481 8 0
2594073385635938562 16384 0
288514325031944192 16400 0
2306126958360264962 16 0
5188146771271877124 32768 0
577028650063888384 32800 0
4612253916720529924 32 0
10376294642055382024 0 0
1154057300127776769 64 0
9224506733929432073 64 0
2305845210401212432 1 0
2308114600255553538 128 0
2269394149312530 129 0
4611690420802424864 2 0
4616229200511107076 256 0
4538788298625060 258 0
9223380841604849728 4 0
9232458401022214152 512 0
9077576597250120 516 0
17609500147840 9 0
18172728334876688 1025 0
18155153194500240 1032 0
35219000295680 18 0
36345456669753376 2050 0
36310306389000480 2064 0
70438000591360 36 0
72690913339506752 4100 0
72620612778000960 4128 0
140876001182720 72 0
145381826679013504 8200 0
145241225556001920 8256 0
281752002365440 144 0
290763653358027008 16400 0
290482451112003840 16512 0
563504004730880 288 0
581527306716054016 32800 0
580964902224007680 33024 0
1125908497833985 576 0
1163055712943735808 64 0
1161929804448015361 512 0
2251816995667970 1152 0
2326111425887471616 128 0
2323859608896030722 1024 0
4503633991335940 2304 0
4652222851774943232 256 0
4647719217792061444 2048 0
9007267982671880 4608 0
9304445703549886464 512 0
9295438435584122888 4096 0
18014535965343760 9216 0
162147333390221312 1025 0
144132797458694160 8193 0
36029071930687520 18432 0
324294666780442624 2050 0
288265594917388320 16386 0
72058143861375040 36864 0
648589333560885248 4100 0
576531189834776640 32772 0
144116287722750081 8192 0
1297177567610142721 8200 0
1153063479181181056 8 0
288232575445500162 16384 0
2594355135220285442 16400 0
2306126958362362112 16 0
576465150891000324 32768 0
5188710270440570884 32800 0
4612253916724724224 32 0
1153000670526242824 216313519602139136 12582912
10448421504244777032 216383888346513472 4194304
9295438428068970560 70368744374336 8388608
2306001341052485648 432627039204278272 25165824
2450098934780002448 432767776693026945 8388608
144132782428389504 140737488748673 16777216
4612002682104971296 865254078408556544 50331648
4900197869560004896 865535553386053890 16777216
288265564856779008 281474977497346 33554432
9224005364209942592 1730508156817113088 100663296
9800395739120009792 1731071106772107780 33554432
576531129713558016 562949954994692 67108864
1266654710333568 3461016313634226177 201326592
1154047404530467968 3462142213544215561 67108864
1153062259427116032 1125899909989384 134217728
2533309420667136 6922032627268452354 402653184
2308094809060935936 6924284427088431122 134217728
2306124518854232064 2251799819978768 268435456
5066618841334272 13844065254536904708 805306368
4616189618121871872 13848568854176862244 268435456
4612249037708464128 4503599639957536 536870912
10133237682668544 9241386435364257800 1610612737
9232379236243743744 9250393634644172872 536870913
9224498075416928256 9007199279915072 1073741824
20266475365337088 36028797018963984 3221225475
18014398777935872 54043195578794129 1073741827
2252077124304896 18014398559830145 2147483648
40532950730674176 72057594037993504 2147483654
36028797555871744 36028797119725858 2147483654
4504154248609792 108086391157588226 0
81064801949720577 216172782113914944 12
72058694623371264 72057594239451716 12
9008308497219585 144115188277248516 0
162129603899441154 432345564227829888 24
144117389246742528 144115188478903432 24
18016616994439170 288230376554497032 0
324259207798882308 864691128455659776 48
288234778493485056 288230376957806864 48
36033233988878340 576460753108994064 0
648518415597764616 1729382256911319552 96
576469556986970112 576460753915613728 96
72066467977756680 1152921506217988128 0
1297036831195529232 3458764513822639104 192
1152939113973940224 1152921507831227456 192
144132935955513360 2305843012435976256 0
2594073662391058464 6917529027645278208 384
2305878227947880448 2305843015662454912 384
288265871911026720 4611686024871952512 0
5188147324782116928 13835058055290556416 768
4611756455895760896 4611686031324909824 768
576531743822053440 9223372049743905024 0
10376293550052606081 9223372036871561216 1537
9223514011303149568 9223372062649754112 1536
1153063487644106881 25778192896 1
2305843026395660546 33570817 3075
283948896747520 51589956609 3073
2306126975288213762 51556385792 2
4611686052791321092 67141634 6150
567897793495040 103179913218 6146
4612253950576427524 103112771584 4
9223373205094269960 134217732 12300
1135795586990081 206359760900 12292
9224506801641227273 206225543168 8
2336478988304 268435465 24600
2271591173980162 412719521800 24584
2269529572902930 412451086337 16
4672957976608 536870930 49200
4543182347960324 825439043600 49168
4539059145805860 824902172674 32
9345915953216 1073741860 98400
9086364695920648 1650878087200 98336
9078118291611720 1649804345348 64
17592320278657 2147483720 196800
18173828903469072 3301756108864 196672
18156236583223441 3299608625160 128
35184640557314 4294967440 393600
36347657806938144 6603512217728 393344
36312473166446882 6599217250320 256
70369281114628 8589934880 787200
72695315613876288 13207024435456 786688
72624946332893764 13198434500640 512
140738562229256 17179869760 1574400
145390631227752576 26414048870912 1573376
145249892665787528 26396869001280 1024
281477124458512 34359739520 3148800
290781262455505152 52828097741824 3146752
290499785331575056 52793738002560 2048
562954248917024 68719479040 6297600
581562524911010304 105656195483648 6293504
580999570663150112 105587476005120 4096
1125908497834048 137438958080 12595200
1163125049822020608 211312390967296 12587008
1161999141326300224 211174952010240 8192
2251816995668096 274877916160 25190400
2326250099644041216 422624781934592 25174016
2323998282652600448 422349904020480 16384
4503633991336192 549755832320 50380800
4652500199288082432 845249563869184 50348032
4647996565305200896 844699808040960 32768
9007267982672384 1099511664640 100761600
9305000398576164864 1690499127738368 100696064
9295993130610401792 1689399616081920 65536
18015635476972544 2199023263744 201523200
163256723442778113 3380998255411201 201392128
145241087999624193 3378799232163841 131072
36031270953945088 4398046527488 403046400
326513446885556226 6761996510822402 402784256
290482175999248386 6757598464327682 262144
72062541907890176 8796093054976 806092800
653026893771112452 13523993021644804 805568512
580964351998496772 13515196928655364 524288
144125083815780353 17592186044416 1612185600
1306052688030597129 27047986043289608 1611137024
1161929803508621320 27030393857245192 1048576
288250167631560706 35184372088832 3224371200
2612105376061194258 54095972086579216 3222274048
2323859607017242640 54060787714490384 2097152
576500335263121412 72127962782105600 2153775104
5224210752122388516 108191944173223968 2149580800
4647719214034485280 36063981391118368 4194304
36029346775306304 4683748014806859808 2684354816
617063518230839296 4656722019000352800 2684616704
581035270968217664 117097988362371072 262400
72057594038984833 9439553623651647552 1073742336
1234128135973306368 9313444038000705600 1074266112
1162070541936435329 162138382686814208 524800
144115188077969666 432363173593743488 2147484673
2468256271946612736 180144002291859584 2148532225
2324141083872870658 324276765373628416 1049600
288230376155939332 936783941225414912 2050
4936512543893225472 360288004583784704 2097154
4648282167745741316 576495936709394432 2099200
576460752311878664 1873567882450829824 4100
9873025087786450944 720576009167569408 4194308
9296564335491482632 1152991873418788864 4198400
1152921504623757328 3747135764901659648 8200
1299306101863350272 1441152018335138817 8388616
146384597273413648 2305983746837577729 8396800
2305843009247514656 7494271529803319296 16400
2598612203726700544 2882304036670277634 16777232
292769194546827296 4611967493675155458 16793600
4611686018495029312 14988543059606638592 32800
5197224407453401088 5764608073340555268 33554464
585538389093654592 9223934987350310916 33587200
9223372036990058624 11530342045503725568 65601
10394448814906802176 11529216146681110536 67108928
1171076778187309184 1125900991070216 67174401
270565632 4613940017297899521 131203
2342153556104052736 4611688219652669457 134217857
2342153556374618368 2251801982140432 134348802
541131264 9227880034595799042 262406
4684307112208105472 9223376439305338914 268435714
4684307112749236736 4503603964280864 268697604
1100593890304 9015995481980932 524813
9368614224416210945 8804901060676 536871429
9368613125986845697 9007207928561728 537395208
2201187780608 18031990963961864 1049626
290484375122870274 17609802121353 1073742858
290482178264139778 18014415857123457 1074790416
4402375561216 36063981927923728 2099252
580968750245740548 35219604242706 2147485716
580964356528279556 36028831714246914 2149580832
8804751122432 70369817985056 4198504
1161937500491481096 72128033246413348 4136
1161928713056559112 72057663428559364 4194368
17609502244864 140739635970112 8397008
2323875000982962192 144256066492826696 8272
2323857426113118224 144115326857118728 8388736
35219004489728 281479271940224 16794016
4647750001965924384 288512132985653392 16544
4647714852226236448 288230653714237456 16777472
70438008979456 562958543880448 33588032
9295500003931848768 577024265971306784 33088
9295429704452472896 576461307428474912 33554944
140876017958912 1125917087760896 67176064
144255934154145920 1154048531942613569 66176
144115335195394176 1152922614856949825 67109888
281752035917824 2251834175521792 134352128
288511868308291840 2308097063885227138 132352
288230670390788352 2305845229713899650 134219776
563504071835648 4503668351043584 268704256
577023736616583680 4616194127770454276 264704
576461340781576704 4611690459427799300 268439552
1125908632043521 9007336702087168 537408512
1154048572744795136 9232388255540843016 529408
1152922681563153409 9223380918855533064 536879104
2251817264087042 18014673404174336 1074817024
2308097145489590272 18032437372134416 1058817
2305845363126306818 17764001514512 1073758209
4503634528174084 36029346808348672 2149634048
4616194290979180544 36064874744268832 2117634
4611690726252613636 35528003029024 2147516418
9007269056348168 72058693616762880 4300800
9232388581958361088 72155450675264 4235268
9223381452505227272 72128650043985984 65540
18015637624324112 144117387233460224 8601600
18033090207170561 144310901284993 8470536
17731789275153 144257300087971969 131080
36031275248648224 288234774466920448 17203200
36066180414341122 288621802569986 16941072
35463578550306 288514600175943938 262160
72062550497296448 576469548933840896 34406400
72132360828682244 577243605139972 33882144
70927157100612 577029200351887876 524320
144124001482965121 1152939097867681792 68812800
144265821168992264 1154487210214408 67764288
141854314201225 1154058400703710216 1048640
288248002965930242 2305878195735363584 137625600
288531642337984528 2308974420428816 135528576
283708628402450 2308116801407420432 2097280
576496005931860484 4611756391470727168 275251200
577063284675969056 4617948840857632 271057152
567417256804900 4616233602814840864 4194560
1152992011863720968 9223512782941454336 550502400
1154126569351938112 9235897681715264 542114304
1134834513609800 9232467205629681728 8389120
2305984023727441936 281492173357056 1101004801
2308253138703876224 18471795363430528 1084228608
2269669027219600 18190337549811840 16778241
4611968047454883872 562984346714112 2202009602
4616506277407752448 36943590726861056 2168457216
4539338054439200 36380675099623680 33556482
9223934995398139969 73183562731356160 109051908
9233013654327132672 73887181453722112 41947136
9078676108878401 703756161319424 67112964
1125917086728322 146367125462712321 218103816
19283234944713728 147774362907444225 83894272
18157352217756802 1407512322638848 134225928
2251834173456644 292734250925424642 436207632
38566469889427456 295548725814888450 167788544
36314704435513604 2815024645277696 268451856
4503668346913288 585468501850849284 872415264
77132939778854912 591097451629776900 335577088
72629408871027208 5630049290555392 536903712
9007336693826576 1170937003701698568 1744830528
154265879557709824 1182194903259553800 671154176
145258817742054416 11260098581110784 1073807424
18014673387653152 2341874007403397136 3489661056
308531759115419648 2364389806519107600 1342308352
290517635484108832 22520197162221568 2147614848
140874935698448 1154056200607760392 201850881
9224656266570236032 3386495831384072 134217729
9224515666529223824 1155173304437317632 67633152
281749871396896 2308112401215520784 403701762
2568459430920448 6772991662768145 268435458
2287259348896032 2310346608874635265 135266304
563499742793792 4616224802431041568 807403524
5136918861840896 13545983325536290 536870916
4574518697792064 4620693217749270530 270532608
1125899973959809 9232449604862083136 1614807048
10274937235309568 27091966651007044 1073741832
9149037395584129 9241386435498475524 541065216
2251799947919618 18155136014614656 3229614097
20549874470619136 54183933302014088 2147483664
18298074791168258 36028797287399432 1082130433
4503599895839236 108367866067157248 2164260898
41099748941238272 108367866604093712 32
36596149582336516 536936464 2164260866
9007199791678472 216735732134380032 33554500
82199497882476544 144678139170325024 64
73192299164673032 72057595111800864 33554436
18014399583356944 433471464268760064 67109000
164398995764953088 289356278340650048 128
146384598329346064 144115190223601728 67108872
36028799166713888 866942928537520128 134218000
328797991529906176 578712556681300096 256
292769196658692128 288230380447203456 134217744
72057598333427776 1733885857075040256 268436000
657595983059812352 1157425113362600192 512
585538393317384256 576460760894406912 268435488
144115196666855552 3467771714150080512 536872000
1315191966119624704 2314850226725200384 1024
1171076786634768512 1152921521788813824 536870976
288230393333711104 6935543428300161024 1073744000
2630383932239249408 4629700453450400768 2048
2342153573269537024 2305843043577627648 1073741952
576460786667422208 13871086856600322048 2147488000
5260767864478498816 9259400906900801536 4096
4684307146539074048 4611686087155255296 2147483904
1152922672846472192 9295429639491092480 8705
10521535728956997633 146054123520 8193
9368613193566520321 9295429768348438528 512
2305845345692944384 144115205272633344 17411
2596327384204443650 292108247041 16386
290482313423489026 144115462987325441 1025
4611690691385888768 288230410545266688 34822
5192654768408887300 584216494082 32772
580964626846978052 288230925974650882 2050
9223381382771777536 576460821090533376 69644
10385309536817774600 1168432988164 65544
1161929253693956104 576461851949301764 4100
17592322375681 1152921642181066753 139288
2323876099437625360 2336865910793 131088
2323858507387912209 1152923703898537992 8200
35184644751362 2305843284362133506 278576
4647752198875250720 4673731821586 262176
4647717014775824418 2305847407797075984 16400
70369289502724 4611686568724267012 557152
9295504397750501440 9347463643172 524352
9295434029551648836 4611694815594151968 32800
140738579005448 9223373137448534024 1114304
144264721791451264 18694927286345 1048704
144123985393746056 9223389631188303937 65600
281477158010896 2201187516432 2228609
288529443582902528 37389854572690 2097408
288247970787492112 35188667056258 131201
562954316021792 4402375032864 4457218
577058887165805056 74779709145380 4194816
576495941574984224 70377334112516 262402
1125908632043584 8804750065728 8914436
1154117774331610112 149559418290760 8389632
1152991883149968448 140754668225032 524804
2251817264087168 17609500131456 17828872
2308235548663220224 299118836581520 16779264
2305983766299936896 281509336450064 1049608
4503634528174336 35219000262912 35657744
4616471097326440448 598237673163040 33558528
4611967532599873792 563018672900128 2099216
9007269056348672 70438000525824 71315488
9232942194652880896 1196475346326080 67117056
9223935065199747584 1126037345800256 4198432
18014538112697344 140876001051648 142630976
19140315596210176 2392950692652161 134234112
1126056689943552 2252074691600513 8396864
36029076225394688 281752002103296 285261952
38280631192420352 4785901385304322 268468224
2252113379887104 4504149383201026 16793728
72058152450789376 563504004206592 570523904
76561262384840704 9571802770608644 536936448
4504226759774208 9008298766402052 33587456
144115205389950977 1127008008413184 1141047808
153123624281309184 19143605541151752 1073872896
9008453519548417 18016597532738568 67174912
288230410779901954 2254016016826368 2282095616
306247248562618368 38287211082303504 2147745792
18016907039096834 36033195065477136 134349824
576460821559803908 76565626071580672 269223936
612494497125236736 76574422164672544 524288
36033814078193668 8796093091872 268699648
1152922742631235592 153131252143095808 538447872
1224988994250473473 153148844329279552 1048576
72066528644759561 17592186183744 537399296
2305845485262471184 306262504286191616 1076895744
2449977988500946946 306297688658559104 2097152
144133057289519122 35184372367488 1074798592
4611690970524942368 612525008572383232 2153791488
4899955977001893892 612595377317118208 4194304
288266114579038244 70368744734976 2149597184
9223380841538256961 1225050017144832000 12615680
9799913053515415560 1153133160596308480 8388608
576532229158076489 72198331527332352 4227072
17609366962306 2450100034289664001 25231360
1153082033321279504 2306266321192616961 16777216
1153064458316152978 144396663054664704 8454144
35218733924612 4900200068579328002 50462720
2306164066642559008 4612532642385233922 33554432
2306128916632305956 288793326109329408 16908288
70437467849224 9800400137158656004 100925440
4612328133285118016 9225065284770467844 67108864
4612257833264611912 577586652218658816 33816576
0 72057662757994496 4231172
0 576531739590066176 4227076
0 648589264908976128 4096
0 144115325515988992 8462344
0 1153063479180132352 8454152
0 1297178529817952256 8192
0 288230651031977984 16924688
0 2306126958360264704 16908304
0 2594357059635904512 16384
0 576461302063955968 33849376
0 4612253916720529408 33816608
0 5188714119271809024 32768
0 1152922604127911936 67698752
0 9224507833441058816 67633216
0 10377428238543618048 65536
0 2305845208255823872 135397504
0 2271593172566016 135266433
0 2308112403377684480 131073
0 4611690416511647744 270795008
0 4543186345132032 270532866
0 4616224806755368960 262146
0 9223380833023295488 541590016
0 9086372690264064 541065732
0 9232449613510737920 524292
0 17592337039360 1083180033
0 18172745380528128 1082131464
0 18155153311924224 1048585
0 35184674078720 2166360066
0 36345490761056256 2164262928
0 36310306623848448 2097170
0 72127963386085376 37752836
0 72690981522178048 33558560
0 563019209834496 4194340
0 144255926772170752 75505672
0 145381963044356096 67117120
0 1126038419668992 8388680
0 288511853544341504 151011344
0 290763926088712192 134234240
0 2252076839337984 16777360
0 577023707088683008 302022688
0 581527852177424384 268468480
0 4504153678675968 33554720
0 1154047414177366016 604045376
0 1163055704354848768 536936960
0 9008307357351936 67109440
0 2308094828354732032 1208090752
0 2326111408709697536 1073873920
0 18016614714703872 134218880
0 4616189656709464064 2416181504
0 4652222817419395072 2147747840
0 36033229429407744 268437760
0 9304436907456856064 537395712
0 9304445634838855680 528384
0 8864820953088 536875520
0 162129741204160512 1074791425
0 162147195968159744 1056769
0 17729641906176 1073751040
0 324259482408321024 2149582850
0 324294391936319488 2113538
0 35459283812352 2147502080
0 648518964816707584 4198404
0 576531189834776576 4227076
0 72128512605552640 36864
0 1297037929633415168 8396808
0 1153062379669553152 8454152
0 144257025211105280 73728
0 2594075859266830336 16793616
0 2306124759339106304 16908304
0 288514050422210560 147456
0 5188151718533660672 33587232
0 4612249518678212608 33816608
0 577028100844421120 294912
0 10376303437067321344 67174464
0 9224499037356425216 67633216
0 1154056201688842240 589824
0 2305862800425091072 134348929
0 2254001003298816 135266433
0 2308112403377684480 1179648
0 4611725600850182144 268697858
0 4508002006597632 270532866
0 4616224806755368960 2359296
0 9223451201700364288 537395716
0 9016004013195264 541065732
0 9232449613510737920 4718592
0 158329691176960 1074791433
0 18032008026390528 1082131464
0 18155153311924224 9437185
0 316659382353920 2149582866
0 36064016052781056 2164262928
0 36310306623848448 18874370
0 72690912802635776 4198436
0 72128032105627648 33558560
0 563019209834496 37748740
0 145381825605271552 8396872
0 144256064211255296 67117120
0 1126038419668992 75497480
0 290763651210543104 16793744
0 288512128422510592 134234240
0 2252076839337984 150994960
0 581527302421086208 33587488
0 577024256845021184 268468480
0 4504153678675968 301989920
0 1163054604842172416 67174976
0 1154048513690042368 536936960
0 9008307357351936 603979840
0 2326109209684344832 134349952
0 2308097027380084736 1073873920
0 18016614714703872 1207959680
0 4652218419368689664 268699904
0 4616194054760169472 2147747840
0 36033229429407744 2415919360
0 9232379244699516928 537399808
0 9304445703558266880 528384
0 72066458858881024 536871424
0 18014415689482240 1074799617
0 162147333406982144 1056769
0 144132917717762048 1073742848
0 36028831378964480 2149599234
0 324294666813964288 2113538
0 288265835435524096 2147485696
0 0 0
0 0 0
0 0 0
0 0 0
0 0 0
0 0 0
0 0 0
0 0 0
0 0 0
0 0 0
0 0 0
0 0 0
0 0 0
0 0 0
0 0 0
0 0 0
0 0 0
0 0 0
0 0 0
0 0 0
0 0 0
0 0 0
0 0 0
0 0 0
0 0 0
0 0 0
0 0 0
0 0 0
0 0 0
0 0 0
0 0 0
0 0 0
0 0 0
0 0 0
0 0 0
0 0 0
0 0 0
0 0 0
0 0 0
0 0 0
0 0 0
0 0 0
0 0 0
0 0 0
0 0 0
0 0 0
0 0 0
0 0 0
0 0 0
0 0 0
0 0 0
0 0 0
0 0 0
0 0 0
0 0 0
0 0 0
0 0 0
0 0 0
0 0 0
0 0 0
0 0 0
0 0 0
0 0 0
0 0 0
0 0 0
0 0 0
0 0 0
0 0 0
0 0 0
0 0 0
0 0 0
0 0 0
0 0 0
0 0 0
0 0 0
0 0 0
0 0 0
0 0 0
0 0 0
0 0 0
0 0 0
0 0 0
0 0 0
0 0 0
0 0 0
0 0 0
0 0 0
0 0 0
0 0 0
0 0 0
0 0 0
0 0 0
0 0 0
0 0 0
0 0 0
0 0 0
0 0 0
0 0 0
0 0 0
0 0 0
0 0 0
0 0 0
0 0 0
0 0 0
0 0 0
0 0 0
0 0 0
0 0 0
0 0 0
0 0 0
0 0 0
0 0 0
0 0 0
0 0 0
0 0 0
0 0 0
0 0 0
0 0 0
0 0 0
0 0 0
