240 640
8 0 132 184 292 321 424 554 634
9 1 133 185 293 320 321 425 555 635
8 2 134 186 294 323 426 556 636
9 3 135 187 295 322 323 427 557 637
8 4 136 188 296 325 428 558 638
9 5 137 189 297 324 325 429 559 639
8 6 138 190 298 327 430 480 560
9 7 139 191 299 326 327 431 481 561
8 8 140 192 300 329 432 482 562
9 9 141 193 301 328 329 433 483 563
8 10 142 194 302 331 434 484 564
9 11 143 195 303 330 331 435 485 565
8 12 144 196 304 333 436 486 566
9 13 145 197 305 332 333 437 487 567
8 14 146 198 306 335 438 488 568
9 15 147 199 307 334 335 439 489 569
8 16 148 200 308 337 440 490 570
9 17 149 201 309 336 337 441 491 571
8 18 150 202 310 339 442 492 572
9 19 151 203 311 338 339 443 493 573
8 20 152 204 312 341 444 494 574
9 21 153 205 313 340 341 445 495 575
8 22 154 206 314 343 446 496 576
9 23 155 207 315 342 343 447 497 577
8 24 156 208 316 345 448 498 578
9 25 157 209 317 344 345 449 499 579
8 26 158 210 318 347 450 500 580
9 27 159 211 319 346 347 451 501 581
8 28 80 212 240 349 452 502 582
9 29 81 213 241 348 349 453 503 583
8 30 82 214 242 351 454 504 584
9 31 83 215 243 350 351 455 505 585
8 32 84 216 244 353 456 506 586
9 33 85 217 245 352 353 457 507 587
8 34 86 218 246 355 458 508 588
9 35 87 219 247 354 355 459 509 589
8 36 88 220 248 357 460 510 590
9 37 89 221 249 356 357 461 511 591
8 38 90 222 250 359 462 512 592
9 39 91 223 251 358 359 463 513 593
8 40 92 224 252 361 464 514 594
9 41 93 225 253 360 361 465 515 595
8 42 94 226 254 363 466 516 596
9 43 95 227 255 362 363 467 517 597
8 44 96 228 256 365 468 518 598
9 45 97 229 257 364 365 469 519 599
8 46 98 230 258 367 470 520 600
9 47 99 231 259 366 367 471 521 601
8 48 100 232 260 369 472 522 602
9 49 101 233 261 368 369 473 523 603
8 50 102 234 262 371 474 524 604
9 51 103 235 263 370 371 475 525 605
8 52 104 236 264 373 476 526 606
9 53 105 237 265 372 373 477 527 607
8 54 106 238 266 375 478 528 608
9 55 107 239 267 374 375 479 529 609
8 56 108 160 268 377 400 530 610
9 57 109 161 269 376 377 401 531 611
8 58 110 162 270 379 402 532 612
9 59 111 163 271 378 379 403 533 613
8 60 112 164 272 381 404 534 614
9 61 113 165 273 380 381 405 535 615
8 62 114 166 274 383 406 536 616
9 63 115 167 275 382 383 407 537 617
8 64 116 168 276 385 408 538 618
9 65 117 169 277 384 385 409 539 619
8 66 118 170 278 387 410 540 620
9 67 119 171 279 386 387 411 541 621
8 68 120 172 280 389 412 542 622
9 69 121 173 281 388 389 413 543 623
8 70 122 174 282 391 414 544 624
9 71 123 175 283 390 391 415 545 625
8 72 124 176 284 393 416 546 626
9 73 125 177 285 392 393 417 547 627
8 74 126 178 286 395 418 548 628
9 75 127 179 287 394 395 419 549 629
8 76 128 180 288 397 420 550 630
9 77 129 181 289 396 397 421 551 631
8 78 130 182 290 399 422 552 632
9 79 131 183 291 398 399 423 553 633
8 0 96 208 248 336 401 528 568
9 1 97 209 249 337 400 401 529 569
8 2 98 210 250 338 403 530 570
9 3 99 211 251 339 402 403 531 571
8 4 100 212 252 340 405 532 572
9 5 101 213 253 341 404 405 533 573
8 6 102 214 254 342 407 534 574
9 7 103 215 255 343 406 407 535 575
8 8 104 216 256 344 409 536 576
9 9 105 217 257 345 408 409 537 577
8 10 106 218 258 346 411 538 578
9 11 107 219 259 347 410 411 539 579
8 12 108 220 260 348 413 540 580
9 13 109 221 261 349 412 413 541 581
8 14 110 222 262 350 415 542 582
9 15 111 223 263 351 414 415 543 583
8 16 112 224 264 352 417 544 584
9 17 113 225 265 353 416 417 545 585
8 18 114 226 266 354 419 546 586
9 19 115 227 267 355 418 419 547 587
8 20 116 228 268 356 421 548 588
9 21 117 229 269 357 420 421 549 589
8 22 118 230 270 358 423 550 590
9 23 119 231 271 359 422 423 551 591
8 24 120 232 272 360 425 552 592
9 25 121 233 273 361 424 425 553 593
8 26 122 234 274 362 427 554 594
9 27 123 235 275 363 426 427 555 595
8 28 124 236 276 364 429 556 596
9 29 125 237 277 365 428 429 557 597
8 30 126 238 278 366 431 558 598
9 31 127 239 279 367 430 431 559 599
8 32 128 160 280 368 433 480 600
9 33 129 161 281 369 432 433 481 601
8 34 130 162 282 370 435 482 602
9 35 131 163 283 371 434 435 483 603
8 36 132 164 284 372 437 484 604
9 37 133 165 285 373 436 437 485 605
8 38 134 166 286 374 439 486 606
9 39 135 167 287 375 438 439 487 607
8 40 136 168 288 376 441 488 608
9 41 137 169 289 377 440 441 489 609
8 42 138 170 290 378 443 490 610
9 43 139 171 291 379 442 443 491 611
8 44 140 172 292 380 445 492 612
9 45 141 173 293 381 444 445 493 613
8 46 142 174 294 382 447 494 614
9 47 143 175 295 383 446 447 495 615
8 48 144 176 296 384 449 496 616
9 49 145 177 297 385 448 449 497 617
8 50 146 178 298 386 451 498 618
9 51 147 179 299 387 450 451 499 619
8 52 148 180 300 388 453 500 620
9 53 149 181 301 389 452 453 501 621
8 54 150 182 302 390 455 502 622
9 55 151 183 303 391 454 455 503 623
8 56 152 184 304 392 457 504 624
9 57 153 185 305 393 456 457 505 625
8 58 154 186 306 394 459 506 626
9 59 155 187 307 395 458 459 507 627
8 60 156 188 308 396 461 508 628
9 61 157 189 309 397 460 461 509 629
8 62 158 190 310 398 463 510 630
9 63 159 191 311 399 462 463 511 631
8 64 80 192 312 320 465 512 632
9 65 81 193 313 321 464 465 513 633
8 66 82 194 314 322 467 514 634
9 67 83 195 315 323 466 467 515 635
8 68 84 196 316 324 469 516 636
9 69 85 197 317 325 468 469 517 637
8 70 86 198 318 326 471 518 638
9 71 87 199 319 327 470 471 519 639
8 72 88 200 240 328 473 520 560
9 73 89 201 241 329 472 473 521 561
8 74 90 202 242 330 475 522 562
9 75 91 203 243 331 474 475 523 563
8 76 92 204 244 332 477 524 564
9 77 93 205 245 333 476 477 525 565
8 78 94 206 246 334 479 526 566
9 79 95 207 247 335 478 479 527 567
8 0 152 166 246 388 472 481 628
9 1 153 167 247 389 473 480 481 629
8 2 154 168 248 390 474 483 630
9 3 155 169 249 391 475 482 483 631
8 4 156 170 250 392 476 485 632
9 5 157 171 251 393 477 484 485 633
8 6 158 172 252 394 478 487 634
9 7 159 173 253 395 479 486 487 635
8 8 80 174 254 396 400 489 636
9 9 81 175 255 397 401 488 489 637
8 10 82 176 256 398 402 491 638
9 11 83 177 257 399 403 490 491 639
8 12 84 178 258 320 404 493 560
9 13 85 179 259 321 405 492 493 561
8 14 86 180 260 322 406 495 562
9 15 87 181 261 323 407 494 495 563
8 16 88 182 262 324 408 497 564
9 17 89 183 263 325 409 496 497 565
8 18 90 184 264 326 410 499 566
9 19 91 185 265 327 411 498 499 567
8 20 92 186 266 328 412 501 568
9 21 93 187 267 329 413 500 501 569
8 22 94 188 268 330 414 503 570
9 23 95 189 269 331 415 502 503 571
8 24 96 190 270 332 416 505 572
9 25 97 191 271 333 417 504 505 573
8 26 98 192 272 334 418 507 574
9 27 99 193 273 335 419 506 507 575
8 28 100 194 274 336 420 509 576
9 29 101 195 275 337 421 508 509 577
8 30 102 196 276 338 422 511 578
9 31 103 197 277 339 423 510 511 579
8 32 104 198 278 340 424 513 580
9 33 105 199 279 341 425 512 513 581
8 34 106 200 280 342 426 515 582
9 35 107 201 281 343 427 514 515 583
8 36 108 202 282 344 428 517 584
9 37 109 203 283 345 429 516 517 585
8 38 110 204 284 346 430 519 586
9 39 111 205 285 347 431 518 519 587
8 40 112 206 286 348 432 521 588
9 41 113 207 287 349 433 520 521 589
8 42 114 208 288 350 434 523 590
9 43 115 209 289 351 435 522 523 591
8 44 116 210 290 352 436 525 592
9 45 117 211 291 353 437 524 525 593
8 46 118 212 292 354 438 527 594
9 47 119 213 293 355 439 526 527 595
8 48 120 214 294 356 440 529 596
9 49 121 215 295 357 441 528 529 597
8 50 122 216 296 358 442 531 598
9 51 123 217 297 359 443 530 531 599
8 52 124 218 298 360 444 533 600
9 53 125 219 299 361 445 532 533 601
8 54 126 220 300 362 446 535 602
9 55 127 221 301 363 447 534 535 603
8 56 128 222 302 364 448 537 604
9 57 129 223 303 365 449 536 537 605
8 58 130 224 304 366 450 539 606
9 59 131 225 305 367 451 538 539 607
8 60 132 226 306 368 452 541 608
9 61 133 227 307 369 453 540 541 609
8 62 134 228 308 370 454 543 610
9 63 135 229 309 371 455 542 543 611
8 64 136 230 310 372 456 545 612
9 65 137 231 311 373 457 544 545 613
8 66 138 232 312 374 458 547 614
9 67 139 233 313 375 459 546 547 615
8 68 140 234 314 376 460 549 616
9 69 141 235 315 377 461 548 549 617
8 70 142 236 316 378 462 551 618
9 71 143 237 317 379 463 550 551 619
8 72 144 238 318 380 464 553 620
9 73 145 239 319 381 465 552 553 621
8 74 146 160 240 382 466 555 622
9 75 147 161 241 383 467 554 555 623
8 76 148 162 242 384 468 557 624
9 77 149 163 243 385 469 556 557 625
8 78 150 164 244 386 470 559 626
9 79 151 165 245 387 471 558 559 627
