128 48 64 16
0 1 16 1 32 1
1 1 17 1 33 1
2 1 18 1 34 1
3 1 19 1 35 1
4 1 20 1 36 1
5 1 21 1 37 1
6 1 22 1 38 1
7 1 23 1 39 1
8 1 24 1 40 1
9 1 25 1 41 1
10 1 26 1 42 1
11 1 27 1 43 1
12 1 28 1 44 1
13 1 29 1 45 1
14 1 30 1 46 1
15 1 31 1 47 1
15 1 29 1 38 1
0 1 30 1 39 1
1 1 31 1 40 1
2 1 16 1 41 1
3 1 17 1 42 1
4 1 18 1 43 1
5 1 19 1 44 1
6 1 20 1 45 1
7 1 21 1 46 1
8 1 22 1 47 1
9 1 23 1 32 1
10 1 24 1 33 1
11 1 25 1 34 1
12 1 26 1 35 1
13 1 27 1 36 1
14 1 28 1 37 1
15 1 21 1 40 1
0 1 22 1 41 1
1 1 23 1 42 1
2 1 24 1 43 1
3 1 25 1 44 1
4 1 26 1 45 1
5 1 27 1 46 1
6 1 28 1 47 1
7 1 29 1 32 1
8 1 30 1 33 1
9 1 31 1 34 1
10 1 16 1 35 1
11 1 17 1 36 1
12 1 18 1 37 1
13 1 19 1 38 1
14 1 20 1 39 1
4 1 29 1 39 1
5 1 30 1 40 1
6 1 31 1 41 1
7 1 16 1 42 1
8 1 17 1 43 1
9 1 18 1 44 1
10 1 19 1 45 1
11 1 20 1 46 1
12 1 21 1 47 1
13 1 22 1 32 1
14 1 23 1 33 1
15 1 24 1 34 1
0 1 25 1 35 1
1 1 26 1 36 1
2 1 27 1 37 1
3 1 28 1 38 1
0 2 18 1 38 1
1 2 19 1 39 1
2 2 20 1 40 1
3 2 21 1 41 1
4 2 22 1 42 1
5 2 23 1 43 1
6 2 24 1 44 1
7 2 25 1 45 1
8 2 26 1 46 1
9 2 27 1 47 1
10 2 28 1 32 1
11 2 29 1 33 1
12 2 30 1 34 1
13 2 31 1 35 1
14 2 16 1 36 1
15 2 17 1 37 1
4 1 16 2 40 1
5 1 17 2 41 1
6 1 18 2 42 1
7 1 19 2 43 1
8 1 20 2 44 1
9 1 21 2 45 1
10 1 22 2 46 1
11 1 23 2 47 1
12 1 24 2 32 1
13 1 25 2 33 1
14 1 26 2 34 1
15 1 27 2 35 1
0 1 28 2 36 1
1 1 29 2 37 1
2 1 30 2 38 1
3 1 31 2 39 1
11 1 18 1 32 2
12 1 19 1 33 2
13 1 20 1 34 2
14 1 21 1 35 2
15 1 22 1 36 2
0 1 23 1 37 2
1 1 24 1 38 2
2 1 25 1 39 2
3 1 26 1 40 2
4 1 27 1 41 2
5 1 28 1 42 2
6 1 29 1 43 2
7 1 30 1 44 2
8 1 31 1 45 2
9 1 16 1 46 2
10 1 17 1 47 2
11 1 21 1 39 1
12 1 22 1 40 1
13 1 23 1 41 1
14 1 24 1 42 1
15 1 25 1 43 1
0 1 26 1 44 1
1 1 27 1 45 1
2 1 28 1 46 1
3 1 29 1 47 1
4 1 30 1 32 1
5 1 31 1 33 1
6 1 16 1 34 1
7 1 17 1 35 1
8 1 18 1 36 1
9 1 19 1 37 1
10 1 20 1 38 1
0
0
0
0
0
0
0
0
0
0
0
0
0
0
0
0
0
0
0
0
0
0
0
0
0
0
0
0
0
0
0
0
0
0
0
0
0
0
0
0
0
0
0
0
0
0
0
0
648661424659301697
10025304141125911633
9376928873100411152
1297041378636860034
1604145683518982306
307113676786237984
2594082757273720068
3208291367037964612
614227353572475968
5188165514547440136
6416582734075929224
1228454707144951936
10376331029094880272
12833165468151858448
2456909414289903872
2306199459456919584
7219586866889132576
4913537357898064384
4612398914618871873
14439173733778199617
9827074711501227008
9224516358556000386
10431884868823558274
1207405353587869696
2570118379094277
2417025663937630468
2414529232199028737
5140236758188554
4834051327875260936
4829058464398057474
10280469221409813
9668102655750456337
9658116924501213188
20279467761076266
889742712768071714
869489779587842056
40558931227250772
1779485421241176133
1738979559175618577
81117862454501544
3558970842482352266
3477959118351237154
162235724909003088
7117941684964704532
6955918236702474308
324471449818006176
14235883369929409064
13911836473404948616
2308255342091326528
12828820233615574080
10520885957652140032
4616229213500909696
7211177868498307200
2595027845889695744
9232458427001753857
14422355732701712640
5190055687484424193
18454255270666754
10397967395988840960
10379829904287105026
36627039859524613
2349472188949939200
2312915734864658437
73254079719049226
4698944377899878400
4625831469729316874
146508155143131157
9397888755799691265
9251662935163731988
292734839604518954
349314912866541570
56581800912879656
585469679209037908
698629825733083140
113163601825759312
1170939358418075816
1397259651466166280
226327203651518624
2341878712541184337
2794519302932267025
452654403008135488
4683757425082368674
5589038605864534050
905308806016270976
9367514850164737348
11178077211729068100
1810617612032541952
288567101596633736
3909410354043551880
3620953753383340544
577134203193267472
7818820708087103760
7241907506766681088
1154268406386534944
15637641416174207520
14483815013533362176
1074091073
340017157
1413551172
2148182146
680034314
2827102344
1396997
1360003093
1359302928
2793994
2720006186
2718605856
5522453
1145110612
1142244417
11044906
2290221224
2284488834
22024277
285540688
274010373
44048554
571081376
548020746
88097108
1142162752
1096041492
176194216
2284325504
2192082984
352322897
273749248
89198673
704645794
547498496
178397346
1409291588
1094996992
356794692
2818583176
2189993984
713589384
1342264592
85020673
1427113233
2684529184
170041346
2854226466
0
0
0
0
0
0
0
0
0
0
0
0
0
0
0
0
0
0
0
0
0
0
0
0
0
0
0
0
0
0
0
0
0
0
0
0
0
0
0
0
0
0
0
0
0
0
0
0
0
0
0
0
0
0
0
0
0
0
0
0
0
0
0
0
0
0
0
0
0
0
0
0
0
0
0
0
0
0
0
0
0
0
0
0
0
0
0
0
0
0
0
0
0
0
0
0
83342982460474688
1812700122490093588
1729409916587754836
166685964920949376
3625400244980187176
3458819833175509672
333371925546996992
7250800485665407057
6917639666350953809
666743851093993984
14501600971330814114
13835279332701907618
1333206231506244608
10556739343928787268
9223814595989230916
2666130992330745856
2667016089124733576
885122563877512
5332261984661426177
5334032173954565392
1770240832787729
10664523969322852354
10668064347909130784
3540481665575458
2882585339912798213
2889384622108775488
6799488354440261
5765170679825596426
5778769244217550976
13598976708880522
11530341359651127317
11557538484140200192
27197949122793749
4614220120569413674
4668332898865816064
54114427563844138
9228440236843925588
9336665793436664833
108228855127622741
10417874955010216
226587517458745346
216176239573502122
20835745615118672
453175030622523397
432352479146938709
41671491230237344
906350061245046794
864704958293877418
2891319894303834112
2305887127117758464
585503135930253312
5782639788607668224
4611774254235516928
1171006271860506624
11565279577215336448
9223548508471033856
2342012543721013248
4684096555697831936
352947527483392
4683743616760283136
9368193111395663872
705895054966784
9367487233520566272
289642153376743424
1130319428190208
288511868308291584
579284306753486848
2260638856380416
577023736616583168
1158568613506973696
4521277712760832
1154047473233166336
2317137227013947392
9042555425521664
2308094946466332672
4634274454027894784
18085110851043328
4616189892932665344
9268548908055789568
36170221702086656
9232379785865330688
90353746696994816
72058972722429952
18296972997820416
180707493393989632
144117945444859904
36593945995640832
361414986787979264
288235890889719808
73187891991281664
722829973575958528
576471781779439616
146375783982563328
1445659947151917056
1152943563558879232
292751567965126656
