96 256
8 1 32 64 96 128 160 192 224
9 0 1 33 65 97 129 161 193 225
8 3 34 66 98 130 162 194 226
9 2 3 35 67 99 131 163 195 227
8 5 36 68 100 132 164 196 228
9 4 5 37 69 101 133 165 197 229
8 7 38 70 102 134 166 198 230
9 6 7 39 71 103 135 167 199 231
8 9 40 72 104 136 168 200 232
9 8 9 41 73 105 137 169 201 233
8 11 42 74 106 138 170 202 234
9 10 11 43 75 107 139 171 203 235
8 13 44 76 108 140 172 204 236
9 12 13 45 77 109 141 173 205 237
8 15 46 78 110 142 174 206 238
9 14 15 47 79 111 143 175 207 239
8 17 48 80 112 144 176 208 240
9 16 17 49 81 113 145 177 209 241
8 19 50 82 114 146 178 210 242
9 18 19 51 83 115 147 179 211 243
8 21 52 84 116 148 180 212 244
9 20 21 53 85 117 149 181 213 245
8 23 54 86 118 150 182 214 246
9 22 23 55 87 119 151 183 215 247
8 25 56 88 120 152 184 216 248
9 24 25 57 89 121 153 185 217 249
8 27 58 90 122 154 186 218 250
9 26 27 59 91 123 155 187 219 251
8 29 60 92 124 156 188 220 252
9 28 29 61 93 125 157 189 221 253
8 31 62 94 126 158 190 222 254
9 30 31 63 95 127 159 191 223 255
8 0 63 66 114 156 184 202 228
9 1 62 63 67 115 157 185 203 229
8 2 33 68 116 158 186 204 230
9 3 32 33 69 117 159 187 205 231
8 4 35 70 118 128 188 206 232
9 5 34 35 71 119 129 189 207 233
8 6 37 72 120 130 190 208 234
9 7 36 37 73 121 131 191 209 235
8 8 39 74 122 132 160 210 236
9 9 38 39 75 123 133 161 211 237
8 10 41 76 124 134 162 212 238
9 11 40 41 77 125 135 163 213 239
8 12 43 78 126 136 164 214 240
9 13 42 43 79 127 137 165 215 241
8 14 45 80 96 138 166 216 242
9 15 44 45 81 97 139 167 217 243
8 16 47 82 98 140 168 218 244
9 17 46 47 83 99 141 169 219 245
8 18 49 84 100 142 170 220 246
9 19 48 49 85 101 143 171 221 247
8 20 51 86 102 144 172 222 248
9 21 50 51 87 103 145 173 223 249
8 22 53 88 104 146 174 192 250
9 23 52 53 89 105 147 175 193 251
8 24 55 90 106 148 176 194 252
9 25 54 55 91 107 149 177 195 253
8 26 57 92 108 150 178 196 254
9 27 56 57 93 109 151 179 197 255
8 28 59 94 110 152 180 198 224
9 29 58 59 95 111 153 181 199 225
8 30 61 64 112 154 182 200 226
9 31 60 61 65 113 155 183 201 227
8 0 52 77 120 138 182 220 232
9 1 53 76 77 121 139 183 221 233
8 2 54 79 122 140 184 222 234
9 3 55 78 79 123 141 185 223 235
8 4 56 81 124 142 186 192 236
9 5 57 80 81 125 143 187 193 237
8 6 58 83 126 144 188 194 238
9 7 59 82 83 127 145 189 195 239
8 8 60 85 96 146 190 196 240
9 9 61 84 85 97 147 191 197 241
8 10 62 87 98 148 160 198 242
9 11 63 86 87 99 149 161 199 243
8 12 32 89 100 150 162 200 244
9 13 33 88 89 101 151 163 201 245
8 14 34 91 102 152 164 202 246
9 15 35 90 91 103 153 165 203 247
8 16 36 93 104 154 166 204 248
9 17 37 92 93 105 155 167 205 249
8 18 38 95 106 156 168 206 250
9 19 39 94 95 107 157 169 207 251
8 20 40 65 108 158 170 208 252
9 21 41 64 65 109 159 171 209 253
8 22 42 67 110 128 172 210 254
9 23 43 66 67 111 129 173 211 255
8 24 44 69 112 130 174 212 224
9 25 45 68 69 113 131 175 213 225
8 26 46 71 114 132 176 214 226
9 27 47 70 71 115 133 177 215 227
8 28 48 73 116 134 178 216 228
9 29 49 72 73 117 135 179 217 229
8 30 50 75 118 136 180 218 230
9 31 51 74 75 119 137 181 219 231
