96 256
8 0 34 66 120 129 184 202 234
9 1 35 67 121 128 129 185 203 235
8 2 36 68 122 131 186 204 236
9 3 37 69 123 130 131 187 205 237
8 4 38 70 124 133 188 206 238
9 5 39 71 125 132 133 189 207 239
8 6 40 72 126 135 190 208 240
9 7 41 73 127 134 135 191 209 241
8 8 42 74 96 137 160 210 242
9 9 43 75 97 136 137 161 211 243
8 10 44 76 98 139 162 212 244
9 11 45 77 99 138 139 163 213 245
8 12 46 78 100 141 164 214 246
9 13 47 79 101 140 141 165 215 247
8 14 48 80 102 143 166 216 248
9 15 49 81 103 142 143 167 217 249
8 16 50 82 104 145 168 218 250
9 17 51 83 105 144 145 169 219 251
8 18 52 84 106 147 170 220 252
9 19 53 85 107 146 147 171 221 253
8 20 54 86 108 149 172 222 254
9 21 55 87 109 148 149 173 223 255
8 22 56 88 110 151 174 192 224
9 23 57 89 111 150 151 175 193 225
8 24 58 90 112 153 176 194 226
9 25 59 91 113 152 153 177 195 227
8 26 60 92 114 155 178 196 228
9 27 61 93 115 154 155 179 197 229
8 28 62 94 116 157 180 198 230
9 29 63 95 117 156 157 181 199 231
8 30 32 64 118 159 182 200 232
9 31 33 65 119 158 159 183 201 233
8 0 38 86 102 156 161 220 246
9 1 39 87 103 157 160 161 221 247
8 2 40 88 104 158 163 222 248
9 3 41 89 105 159 162 163 223 249
8 4 42 90 106 128 165 192 250
9 5 43 91 107 129 164 165 193 251
8 6 44 92 108 130 167 194 252
9 7 45 93 109 131 166 167 195 253
8 8 46 94 110 132 169 196 254
9 9 47 95 111 133 168 169 197 255
8 10 48 64 112 134 171 198 224
9 11 49 65 113 135 170 171 199 225
8 12 50 66 114 136 173 200 226
9 13 51 67 115 137 172 173 201 227
8 14 52 68 116 138 175 202 228
9 15 53 69 117 139 174 175 203 229
8 16 54 70 118 140 177 204 230
9 17 55 71 119 141 176 177 205 231
8 18 56 72 120 142 179 206 232
9 19 57 73 121 143 178 179 207 233
8 20 58 74 122 144 181 208 234
9 21 59 75 123 145 180 181 209 235
8 22 60 76 124 146 183 210 236
9 23 61 77 125 147 182 183 211 237
8 24 62 78 126 148 185 212 238
9 25 63 79 127 149 184 185 213 239
8 26 32 80 96 150 187 214 240
9 27 33 81 97 151 186 187 215 241
8 28 34 82 98 152 189 216 242
9 29 35 83 99 153 188 189 217 243
8 30 36 84 100 154 191 218 244
9 31 37 85 101 155 190 191 219 245
8 0 52 80 114 148 176 193 242
9 1 53 81 115 149 177 192 193 243
8 2 54 82 116 150 178 195 244
9 3 55 83 117 151 179 194 195 245
8 4 56 84 118 152 180 197 246
9 5 57 85 119 153 181 196 197 247
8 6 58 86 120 154 182 199 248
9 7 59 87 121 155 183 198 199 249
8 8 60 88 122 156 184 201 250
9 9 61 89 123 157 185 200 201 251
8 10 62 90 124 158 186 203 252
9 11 63 91 125 159 187 202 203 253
8 12 32 92 126 128 188 205 254
9 13 33 93 127 129 189 204 205 255
8 14 34 94 96 130 190 207 224
9 15 35 95 97 131 191 206 207 225
8 16 36 64 98 132 160 209 226
9 17 37 65 99 133 161 208 209 227
8 18 38 66 100 134 162 211 228
9 19 39 67 101 135 163 210 211 229
8 20 40 68 102 136 164 213 230
9 21 41 69 103 137 165 212 213 231
8 22 42 70 104 138 166 215 232
9 23 43 71 105 139 167 214 215 233
8 24 44 72 106 140 168 217 234
9 25 45 73 107 141 169 216 217 235
8 26 46 74 108 142 170 219 236
9 27 47 75 109 143 171 218 219 237
8 28 48 76 110 144 172 221 238
9 29 49 77 111 145 173 220 221 239
8 30 50 78 112 146 174 223 240
9 31 51 79 113 147 175 222 223 241
