240 90 120 30
0 1 30 1 60 1
1 1 31 1 61 1
2 1 32 1 62 1
3 1 33 1 63 1
4 1 34 1 64 1
5 1 35 1 65 1
6 1 36 1 66 1
7 1 37 1 67 1
8 1 38 1 68 1
9 1 39 1 69 1
10 1 40 1 70 1
11 1 41 1 71 1
12 1 42 1 72 1
13 1 43 1 73 1
14 1 44 1 74 1
15 1 45 1 75 1
16 1 46 1 76 1
17 1 47 1 77 1
18 1 48 1 78 1
19 1 49 1 79 1
20 1 50 1 80 1
21 1 51 1 81 1
22 1 52 1 82 1
23 1 53 1 83 1
24 1 54 1 84 1
25 1 55 1 85 1
26 1 56 1 86 1
27 1 57 1 87 1
28 1 58 1 88 1
29 1 59 1 89 1
13 1 44 1 68 1
14 1 45 1 69 1
15 1 46 1 70 1
16 1 47 1 71 1
17 1 48 1 72 1
18 1 49 1 73 1
19 1 50 1 74 1
20 1 51 1 75 1
21 1 52 1 76 1
22 1 53 1 77 1
23 1 54 1 78 1
24 1 55 1 79 1
25 1 56 1 80 1
26 1 57 1 81 1
27 1 58 1 82 1
28 1 59 1 83 1
29 1 30 1 84 1
0 1 31 1 85 1
1 1 32 1 86 1
2 1 33 1 87 1
3 1 34 1 88 1
4 1 35 1 89 1
5 1 36 1 60 1
6 1 37 1 61 1
7 1 38 1 62 1
8 1 39 1 63 1
9 1 40 1 64 1
10 1 41 1 65 1
11 1 42 1 66 1
12 1 43 1 67 1
8 1 42 1 67 1
9 1 43 1 68 1
10 1 44 1 69 1
11 1 45 1 70 1
12 1 46 1 71 1
13 1 47 1 72 1
14 1 48 1 73 1
15 1 49 1 74 1
16 1 50 1 75 1
17 1 51 1 76 1
18 1 52 1 77 1
19 1 53 1 78 1
20 1 54 1 79 1
21 1 55 1 80 1
22 1 56 1 81 1
23 1 57 1 82 1
24 1 58 1 83 1
25 1 59 1 84 1
26 1 30 1 85 1
27 1 31 1 86 1
28 1 32 1 87 1
29 1 33 1 88 1
0 1 34 1 89 1
1 1 35 1 60 1
2 1 36 1 61 1
3 1 37 1 62 1
4 1 38 1 63 1
5 1 39 1 64 1
6 1 40 1 65 1
7 1 41 1 66 1
2 1 53 1 81 1
3 1 54 1 82 1
4 1 55 1 83 1
5 1 56 1 84 1
6 1 57 1 85 1
7 1 58 1 86 1
8 1 59 1 87 1
9 1 30 1 88 1
10 1 31 1 89 1
11 1 32 1 60 1
12 1 33 1 61 1
13 1 34 1 62 1
14 1 35 1 63 1
15 1 36 1 64 1
16 1 37 1 65 1
17 1 38 1 66 1
18 1 39 1 67 1
19 1 40 1 68 1
20 1 41 1 69 1
21 1 42 1 70 1
22 1 43 1 71 1
23 1 44 1 72 1
24 1 45 1 73 1
25 1 46 1 74 1
26 1 47 1 75 1
27 1 48 1 76 1
28 1 49 1 77 1
29 1 50 1 78 1
0 1 51 1 79 1
1 1 52 1 80 1
0 2 44 1 67 1
1 2 45 1 68 1
2 2 46 1 69 1
3 2 47 1 70 1
4 2 48 1 71 1
5 2 49 1 72 1
6 2 50 1 73 1
7 2 51 1 74 1
8 2 52 1 75 1
9 2 53 1 76 1
10 2 54 1 77 1
11 2 55 1 78 1
12 2 56 1 79 1
13 2 57 1 80 1
14 2 58 1 81 1
15 2 59 1 82 1
16 2 30 1 83 1
17 2 31 1 84 1
18 2 32 1 85 1
19 2 33 1 86 1
20 2 34 1 87 1
21 2 35 1 88 1
22 2 36 1 89 1
23 2 37 1 60 1
24 2 38 1 61 1
25 2 39 1 62 1
26 2 40 1 63 1
27 2 41 1 64 1
28 2 42 1 65 1
29 2 43 1 66 1
2 1 30 2 68 1
3 1 31 2 69 1
4 1 32 2 70 1
5 1 33 2 71 1
6 1 34 2 72 1
7 1 35 2 73 1
8 1 36 2 74 1
9 1 37 2 75 1
10 1 38 2 76 1
11 1 39 2 77 1
12 1 40 2 78 1
13 1 41 2 79 1
14 1 42 2 80 1
15 1 43 2 81 1
16 1 44 2 82 1
17 1 45 2 83 1
18 1 46 2 84 1
19 1 47 2 85 1
20 1 48 2 86 1
21 1 49 2 87 1
22 1 50 2 88 1
23 1 51 2 89 1
24 1 52 2 60 1
25 1 53 2 61 1
26 1 54 2 62 1
27 1 55 2 63 1
28 1 56 2 64 1
29 1 57 2 65 1
0 1 58 2 66 1
1 1 59 2 67 1
8 1 53 1 60 2
9 1 54 1 61 2
10 1 55 1 62 2
11 1 56 1 63 2
12 1 57 1 64 2
13 1 58 1 65 2
14 1 59 1 66 2
15 1 30 1 67 2
16 1 31 1 68 2
17 1 32 1 69 2
18 1 33 1 70 2
19 1 34 1 71 2
20 1 35 1 72 2
21 1 36 1 73 2
22 1 37 1 74 2
23 1 38 1 75 2
24 1 39 1 76 2
25 1 40 1 77 2
26 1 41 1 78 2
27 1 42 1 79 2
28 1 43 1 80 2
29 1 44 1 81 2
0 1 45 1 82 2
1 1 46 1 83 2
2 1 47 1 84 2
3 1 48 1 85 2
4 1 49 1 86 2
5 1 50 1 87 2
6 1 51 1 88 2
7 1 52 1 89 2
13 1 42 1 81 1
14 1 43 1 82 1
15 1 44 1 83 1
16 1 45 1 84 1
17 1 46 1 85 1
18 1 47 1 86 1
19 1 48 1 87 1
20 1 49 1 88 1
21 1 50 1 89 1
22 1 51 1 60 1
23 1 52 1 61 1
24 1 53 1 62 1
25 1 54 1 63 1
26 1 55 1 64 1
27 1 56 1 65 1
28 1 57 1 66 1
29 1 58 1 67 1
0 1 59 1 68 1
1 1 30 1 69 1
2 1 31 1 70 1
3 1 32 1 71 1
4 1 33 1 72 1
5 1 34 1 73 1
6 1 35 1 74 1
7 1 36 1 75 1
8 1 37 1 76 1
9 1 38 1 77 1
10 1 39 1 78 1
11 1 40 1 79 1
12 1 41 1 80 1
576495938823028736 36029896585117952
576460754987810818 22519372559942656
35184908959746 58547070054696192
1152991878719799296 2199132307968
1152921509975621637 45038745052776448
70368744177669 45036546138573312
3458905262046445568 4398197507072
2305843019951243274 18019896134733824
1153062242095202314 18015498239218688
6917810524092891136 8796395014144
4611686039902486548 36039792269467648
2306124484190404628 36030996478437376
14988542552792629248 17592722919424
9223372079804973096 21990568116224
5765170472987656232 4398918946816
11530341031875706880 35185445838849
85900394576 43981136232449
11530340945975312464 8797837893632
4613937990041862144 70370891677699
171800789152 87962272464898
4613937818241073312 17595675787265
9227875980083724288 140741783355398
343601578304 175924544929796
9227875636482146624 35191351574530
9007886457896960 281483566710797
687203156608 351849089859592
9007199254741632 70382703149061
18015772915793920 562967133421594
1374406313216 703698179719184
18014398509483264 140765406298122
36031545831587840 1125934266843188
2748812626432 1407396359438368
36028797018966528 281530812596244
72063091663175680 2251868533686376
5497625252864 2814792718876736
72057594037933056 563061625192488
144126183326351360 4503737067372752
10995250505728 5629585437753472
144115188075866112 1126123250384976
288252366652702720 9007474134745504
21990501011456 11259170875506944
288230376151732224 2252246500769952
576504733305405440 18014948269491008
43981002022912 22518341751013888
576460752303464448 4504493001539904
87962003963905 36029896538982016
87960930304001 45036683502027776
1073823744 9008986003079808
175924007927810 2199107144960
1153097426467454978 18015772966127616
1152921506754494464 18017971939050752
351848015855620 4398214289920
2306194852934909956 36031545932255232
2305843013508988928 36035943878101504
1153625200638558216 8796361470976
4612389705869819912 5497893691392
5764607531624824832 14293718275072
2307250401277116432 17592722941952
9224779411739639824 10995787382784
11529215063249649664 28587436550144
4614500802554232864 35185445883904
2814749769728032 21991574765569
4611686052789747712 57174873100289
9229001605108465728 70370891767808
5629499539456064 43983149531138
9223372105579495424 114349746200578
11259136507379840 140741783535617
11258999078912128 87966299062276
137449439232 228699492401157
22518273014759680 281483567071234
22517998157824256 175932598124552
274898878464 457398984802314
45036546029519360 562967134142468
45035996315648512 351865196249104
549797756928 914797969604628
90073092059038720 1125934268284936
90071992631297024 703730392498208
1099595513856 1829595939209256
180146184118077440 2251868536569872
180143985262594048 1407460784996416
2199191027712 3659191878418512
360292368236154880 4503737073139744
360287970525188096 2814921569992832
4398382055424 7318383756837024
720584736472309760 9007474146279488
720575941050376192 5629843139985664
8796764110848 14636767513674048
288247969411514368 18014948292558976
288230377493905409 11259686279971328
17592454479873 29273535027348096
70369281130496 0
576478344489533440 0
576548713770532864 0
140737488519169 0
35185445961728 0
175922934218753 0
281474977038338 0
70370891923456 0
351845868437506 0
562949954076676 0
140741783846912 0
703691736875012 0
1125899908153352 0
281483567693824 0
1407383473750024 0
2251799816306704 0
562967135387648 0
2814766947500048 0
4503599632613408 0
1125934270775296 0
5629533895000096 0
9007199265226816 0
2251868541550592 0
11259067790000192 0
18014398530453632 0
4503737083101184 0
22518135580000384 0
36028797060907264 0
9007474166202368 0
45036271160000768 0
72057594121814528 0
18014948332404736 0
90072542320001536 0
144115188243629056 0
36029896664809472 0
180145084640003072 0
288230376487258112 0
72059793329618944 0
360290169280006144 0
576460752974516224 0
144119586659237888 0
720580338560012288 0
1342185473 0
288239172244733953 0
288239173586919424 0
2684370946 0
576478344489467906 0
576478347173838848 0
4295000069 0
35185445830660 0
35189740830721 0
8590000138 0
70370891661320 0
70379481661442 0
17180000276 0
140741783322640 0
140758963322884 0
34360000552 0
281483566645280 0
281517926645768 0
68720001104 0
562967133290560 0
563035853291536 0
137440002208 0
1125934266581120 0
1126071706583072 0
274880004416 0
2251868533162240 0
2252143413166144 0
549760008832 0
4503737066324480 0
4504286826332288 0
1099520017664 0
9007474132648960 0
9008573652664576 0
2199040035328 0
18014948265297920 0
18017147305329152 0
4398080070656 0
36029896530595840 0
36034294610658304 0
8796160141312 0
72059793061191680 0
72068589221316608 0
17592320282624 0
144119586122383360 0
144137178442633216 0
35184640565248 0
288239172244766720 0
288274356885266432 0
576601490865569793 22517998187187200
576654266886914049 40535695202189312
52778168926208 54046494101081088
1153202982804881410 45035996307265536
387029166981123 9013796433559552
1153027059870957569 36035394164234240
3459327470216609796 18014398576603136
1153695562940809222 18027592800010240
2306054119741915138 13194357649408
6918654940433219592 36028797153206272
2307391125881618444 36055185600020480
4612108239483830276 26388715298816
13837309880866439184 335593472
5767703756370083864 52777162113024
10377137983574507528 52777363488768
9227875688023326752 671186945
11535407512740167728 105554324226048
2307531893439463440 105554726977537
9007302337101888 1342373891
4624070951770783840 211108648452097
4615063786878926880 211109453955074
18014604674203776 2684747782
9248141903541567680 422217296904194
9230127573757853760 422218907910148
36029209348407552 5369495564
49539733373583744 844434593808389
13511073806155904 844437815820297
72058418696815104 10738991128
99079466747167488 1688869187616778
27022147612311808 1688875631640594
144116837393630208 21477982256
198158933494334976 3377738375233556
54044295224623616 3377751263281188
288233674787260416 42955964512
396317866988669952 6755476750467112
108088590449247232 6755502526562376
576467349574520832 85911929024
792635733977339904 13510953500934224
216177180898494464 13511005053124752
13195615936512 171823858048
432349963347832833 27021907001868448
432354360723247105 27022010106249504
26391231873024 343647716096
864699926695665666 54043814003736896
864708721446494210 54044020212499008
1152974285996851201 687228323328
576478349858226180 36030034036654720
1729417442892988421 36030446387070080
3458870075526807555 1374389537792
35196183347208 2474102490368
3458834885785976843 3298736212224
6917740151053615110 2748779075584
70392366694416 4948204980736
6917669771571953686 6597472424448
13835480302107230220 5497558151168
140784733388832 9896409961472
13835339543143907372 13194944848896
9224216530504908824 10995116302337
281569466777664 19792819922944
9223935012578263128 26389889697793
1688987300266032 21990232604675
563138933555328 39585639845888
1125951446974640 52779779395587
3377974600532064 43980465209350
1126277867110656 79171279691776
2251902893949280 105559558791174
6755949201064128 87960930418700
2252555734221312 158342559383552
4503805787898560 211119117582348
13511898402128256 175921860837400
4505111468442624 316685118767104
9007611575797120 422238235164696
27023796804256512 351843721674800
9010222936885248 633370237534208
18015223151594240 844476470329392
54047593608513024 703687443349600
18020445873770496 1266740475068416
36030446303188480 1688952940658784
108095187217026048 1407374886699200
36040891747540992 2533480950136832
72060892606376960 3377905881317568
216190374434052096 2814749773398400
72081783495081984 5066961900273664
144121785212753920 6755811762635136
432380748868104192 5629499546796800
144163566990163968 10133923800547328
288243570425507840 13511623525270272
864761497736208384 11258999093593600
288327133980327936 20267847601094656
576487140851015680 27023247050540544
211109453824003 36033469993716736
140737488551939 18022370002342144
70371965534208 54046494080113920
1153343723514494982 9345949505536
1153202979583950854 36044739937575424
140743931068416 36035394189408768
3459608951635836940 18691831902208
2306405959167901708 31885904331776
1153202992468983808 13194340889600
6919217903271673880 37383663804416
4612811918335803416 63771808663552
2306405984937967616 26388681779200
13838435806543347760 74767327608832
9225623836671606832 127543617327104
4612811969875935232 52777363558400
9230127539377143904 149534655217665
4503599633662048 255087234654209
9225623939751870464 105554727116800
13511005044736192 299069310435331
9007199267324096 510174469308418
4503805794189312 211109454233601
27022010089472384 598138620870662
18014398534648192 1020348938616836
9007611588378624 422218908467202
54044020178944768 1196277241741324
36028797069296384 2040697877233672
18015223176757248 844437816934404
108088040357889536 2392554483482648
72057594138592768 4081395754467344
36030446353514496 1688875633868808
216176080715779072 4785108966965296
144115188277185536 8162791508934688
72060892707028992 3377751267737616
432352161431558144 9570217933930592
288230376554371072 16325583017869376
144121785414057984 6755502535475232
864704322863116288 19140435867861184
576460753108742144 32651166035738752
288243570828115968 13511005070950464
576487142193127424 38280871735722368
1610637313 65302332071477504
576487140582490113 27022010141900928
52779779407873 4504149500625664
1152921506754379779 58547070105027072
1152974282238722050 54044020216692992
1153027064165662722 9008298934142464
2305843013508759558 45036546239235072
3458870069084291076 36030446395458048
3458975632938172420 18016597801176064
4611686027017519116 18015498507651072
8070661642775429128 3298752988160
6917951265876344840 36033195602352128
9223372054035038232 36030997015302144
16141323285550858256 6597505976320
13835902531752689680 8797233885184
1152921538967371824 4399992676353
14988824001999011872 13194944843777
9225060989795827744 17594467770369
2305843077934743648 8799985352706
11530903930288472128 26389889687555
3377905882103872 35188935540739
4611686155869487296 17599970705412
4615063786867392640 52779779375111
6755811764207744 70377871081478
9223372311738974592 35199941410824
9230127573734785280 105559558750222
13511623528415488 140755742162956
549768397568 70399882821649
13511073760018944 211119117500445
27023247056830976 281511484325912
1099536795136 140799765643298
27022147520037888 422238235000890
54046494113661952 563022968651824
2199073590272 281599531286596
54044295040075776 844476470001780
108092988227323904 1126045937303648
4398147180544 563199062573192
108088590080151552 1688952940003560
216185976454647808 2252091874607296
8796294361088 1126398125146384
216177180160303104 3377905880007120
432371952909295616 4504183749214592
17592588722176 2252796250292768
432354360320606208 6755811760014240
864743905818591232 9008367498429184
35185177444352 4505592500585536
864708720641212416 13511623520028480
576566307030335489 18016734996858368
70369281146881 9011185001171072
576495937749319680 27023247040056960
0 0
0 0
0 0
0 0
0 0
0 0
0 0
0 0
0 0
0 0
0 0
0 0
0 0
0 0
0 0
0 0
0 0
0 0
0 0
0 0
0 0
0 0
0 0
0 0
0 0
0 0
0 0
0 0
0 0
0 0
0 0
0 0
0 0
0 0
0 0
0 0
0 0
0 0
0 0
0 0
0 0
0 0
0 0
0 0
0 0
0 0
0 0
0 0
0 0
0 0
0 0
0 0
0 0
0 0
0 0
0 0
0 0
0 0
0 0
0 0
0 0
0 0
0 0
0 0
0 0
0 0
0 0
0 0
0 0
0 0
0 0
0 0
0 0
0 0
0 0
0 0
0 0
0 0
0 0
0 0
0 0
0 0
0 0
0 0
0 0
0 0
0 0
0 0
0 0
0 0
0 36034294610658304
0 4398080070656
0 36029896530595840
1152921504606846976 10995183388672
1152921504606846976 8796093032448
0 2199090372608
2305843009213693952 21990366777344
2305843009213693952 17592186064896
0 4398180745216
4611686018427387904 43980733554688
4611686018427387904 35184372129792
0 8796361490432
9223372036854775808 87961467109376
9223372036854775808 70368744259584
0 17592722980864
0 175922934218753
0 140737488519169
0 35185445961728
0 351845868437506
0 281474977038338
0 70370891923456
0 703691736875012
0 562949954076676
0 140741783846912
0 1407383473750024
0 1125899908153352
0 281483567693824
0 2814766947500048
0 2251799816306704
0 562967135387648
0 5629533895000096
0 4503599632613408
0 1125934270775296
0 11259067790000192
0 9007199265226816
0 2251868541550592
0 22518135580000384
0 18014398530453632
0 4503737083101184
0 45036271160000768
0 36028797060907264
0 9007474166202368
0 18014948349182464
1152921504606846976 83886592
1152921504606846976 18014948265295872
0 36029896698364928
2305843009213693952 167773184
2305843009213693952 36029896530591744
1152921504606846976 2199358801920
5764607523034234880 268437504
4611686018427387904 2199090364416
2305843009213693952 4398717603840
11529215046068469760 536875008
9223372036854775808 4398180728832
4611686018427387904 8797435207680
4611686018427387904 1073750017
0 8796361457665
9223372036854775808 17594870415360
9223372036854775808 2147500034
0 17592722915330
0 35189740830721
0 4295000069
0 35185445830660
0 70379481661442
0 8590000138
0 70370891661320
0 140758963322884
0 17180000276
0 140741783322640
0 281517926645768
0 34360000552
0 281483566645280
0 563035853291536
0 68720001104
0 562967133290560
0 1126071706583072
0 137440002208
0 1125934266581120
0 2252143413166144
0 274880004416
0 2251868533162240
0 4504286826332288
0 549760008832
0 4503737066324480
0 9008573652664576
0 1099520017664
0 9007474132648960
0 18017147305329152
0 2199040035328
0 18014948265297920
0 0
0 0
0 0
0 0
0 0
0 0
0 0
0 0
0 0
0 0
0 0
0 0
0 0
0 0
0 0
0 0
0 0
0 0
0 0
0 0
0 0
0 0
0 0
0 0
0 0
0 0
0 0
0 0
0 0
0 0
0 0
0 0
0 0
0 0
0 0
0 0
0 0
0 0
0 0
0 0
0 0
0 0
0 0
0 0
0 0
0 0
0 0
0 0
0 0
0 0
0 0
0 0
0 0
0 0
0 0
0 0
0 0
0 0
0 0
0 0
0 0
0 0
0 0
0 0
0 0
0 0
0 0
0 0
0 0
0 0
0 0
0 0
0 0
0 0
0 0
0 0
0 0
0 0
0 0
0 0
0 0
0 0
0 0
0 0
0 0
0 0
0 0
0 0
0 0
0 0
0 0
0 0
0 0
0 0
0 0
0 0
0 0
0 0
0 0
0 0
0 0
0 0
0 0
0 0
0 0
0 0
0 0
0 0
0 0
0 0
0 0
0 0
0 0
0 0
0 0
0 0
0 0
0 0
0 0
0 0
0 0
0 0
0 0
0 0
0 0
0 0
0 0
0 0
0 0
0 0
0 0
0 0
0 0
0 0
0 0
0 0
0 0
0 0
0 0
0 0
0 0
0 0
0 0
0 0
0 0
0 0
0 0
0 0
0 0
0 0
0 0
0 0
0 0
0 0
0 0
0 0
0 0
0 0
0 0
0 0
0 0
0 0
0 0
0 0
0 0
0 0
0 0
0 0
0 0
0 0
0 0
0 0
0 0
0 0
0 0
0 0
0 0
0 0
0 0
0 0
