180 480
8 1 60 120 180 240 300 360 420
9 0 1 61 121 181 241 301 361 421
8 3 62 122 182 242 302 362 422
9 2 3 63 123 183 243 303 363 423
8 5 64 124 184 244 304 364 424
9 4 5 65 125 185 245 305 365 425
8 7 66 126 186 246 306 366 426
9 6 7 67 127 187 247 307 367 427
8 9 68 128 188 248 308 368 428
9 8 9 69 129 189 249 309 369 429
8 11 70 130 190 250 310 370 430
9 10 11 71 131 191 251 311 371 431
8 13 72 132 192 252 312 372 432
9 12 13 73 133 193 253 313 373 433
8 15 74 134 194 254 314 374 434
9 14 15 75 135 195 255 315 375 435
8 17 76 136 196 256 316 376 436
9 16 17 77 137 197 257 317 377 437
8 19 78 138 198 258 318 378 438
9 18 19 79 139 199 259 319 379 439
8 21 80 140 200 260 320 380 440
9 20 21 81 141 201 261 321 381 441
8 23 82 142 202 262 322 382 442
9 22 23 83 143 203 263 323 383 443
8 25 84 144 204 264 324 384 444
9 24 25 85 145 205 265 325 385 445
8 27 86 146 206 266 326 386 446
9 26 27 87 147 207 267 327 387 447
8 29 88 148 208 268 328 388 448
9 28 29 89 149 209 269 329 389 449
8 31 90 150 210 270 330 390 450
9 30 31 91 151 211 271 331 391 451
8 33 92 152 212 272 332 392 452
9 32 33 93 153 213 273 333 393 453
8 35 94 154 214 274 334 394 454
9 34 35 95 155 215 275 335 395 455
8 37 96 156 216 276 336 396 456
9 36 37 97 157 217 277 337 397 457
8 39 98 158 218 278 338 398 458
9 38 39 99 159 219 279 339 399 459
8 41 100 160 220 280 340 400 460
9 40 41 101 161 221 281 341 401 461
8 43 102 162 222 282 342 402 462
9 42 43 103 163 223 283 343 403 463
8 45 104 164 224 284 344 404 464
9 44 45 105 165 225 285 345 405 465
8 47 106 166 226 286 346 406 466
9 46 47 107 167 227 287 347 407 467
8 49 108 168 228 288 348 408 468
9 48 49 109 169 229 289 349 409 469
8 51 110 170 230 290 350 410 470
9 50 51 111 171 231 291 351 411 471
8 53 112 172 232 292 352 412 472
9 52 53 113 173 233 293 353 413 473
8 55 114 174 234 294 354 414 474
9 54 55 115 175 235 295 355 415 475
8 57 116 176 236 296 356 416 476
9 56 57 117 177 237 297 357 417 477
8 59 118 178 238 298 358 418 478
9 58 59 119 179 239 299 359 419 479
8 0 119 148 236 264 326 374 438
9 1 118 119 149 237 265 327 375 439
8 2 61 150 238 266 328 376 440
9 3 60 61 151 239 267 329 377 441
8 4 63 152 180 268 330 378 442
9 5 62 63 153 181 269 331 379 443
8 6 65 154 182 270 332 380 444
9 7 64 65 155 183 271 333 381 445
8 8 67 156 184 272 334 382 446
9 9 66 67 157 185 273 335 383 447
8 10 69 158 186 274 336 384 448
9 11 68 69 159 187 275 337 385 449
8 12 71 160 188 276 338 386 450
9 13 70 71 161 189 277 339 387 451
8 14 73 162 190 278 340 388 452
9 15 72 73 163 191 279 341 389 453
8 16 75 164 192 280 342 390 454
9 17 74 75 165 193 281 343 391 455
8 18 77 166 194 282 344 392 456
9 19 76 77 167 195 283 345 393 457
8 20 79 168 196 284 346 394 458
9 21 78 79 169 197 285 347 395 459
8 22 81 170 198 286 348 396 460
9 23 80 81 171 199 287 349 397 461
8 24 83 172 200 288 350 398 462
9 25 82 83 173 201 289 351 399 463
8 26 85 174 202 290 352 400 464
9 27 84 85 175 203 291 353 401 465
8 28 87 176 204 292 354 402 466
9 29 86 87 177 205 293 355 403 467
8 30 89 178 206 294 356 404 468
9 31 88 89 179 207 295 357 405 469
8 32 91 120 208 296 358 406 470
9 33 90 91 121 209 297 359 407 471
8 34 93 122 210 298 300 408 472
9 35 92 93 123 211 299 301 409 473
8 36 95 124 212 240 302 410 474
9 37 94 95 125 213 241 303 411 475
8 38 97 126 214 242 304 412 476
9 39 96 97 127 215 243 305 413 477
8 40 99 128 216 244 306 414 478
9 41 98 99 129 217 245 307 415 479
8 42 101 130 218 246 308 416 420
9 43 100 101 131 219 247 309 417 421
8 44 103 132 220 248 310 418 422
9 45 102 103 133 221 249 311 419 423
8 46 105 134 222 250 312 360 424
9 47 104 105 135 223 251 313 361 425
8 48 107 136 224 252 314 362 426
9 49 106 107 137 225 253 315 363 427
8 50 109 138 226 254 316 364 428
9 51 108 109 139 227 255 317 365 429
8 52 111 140 228 256 318 366 430
9 53 110 111 141 229 257 319 367 431
8 54 113 142 230 258 320 368 432
9 55 112 113 143 231 259 321 369 433
8 56 115 144 232 260 322 370 434
9 57 114 115 145 233 261 323 371 435
8 58 117 146 234 262 324 372 436
9 59 116 117 147 235 263 325 373 437
8 0 92 151 208 286 354 404 426
9 1 93 150 151 209 287 355 405 427
8 2 94 153 210 288 356 406 428
9 3 95 152 153 211 289 357 407 429
8 4 96 155 212 290 358 408 430
9 5 97 154 155 213 291 359 409 431
8 6 98 157 214 292 300 410 432
9 7 99 156 157 215 293 301 411 433
8 8 100 159 216 294 302 412 434
9 9 101 158 159 217 295 303 413 435
8 10 102 161 218 296 304 414 436
9 11 103 160 161 219 297 305 415 437
8 12 104 163 220 298 306 416 438
9 13 105 162 163 221 299 307 417 439
8 14 106 165 222 240 308 418 440
9 15 107 164 165 223 241 309 419 441
8 16 108 167 224 242 310 360 442
9 17 109 166 167 225 243 311 361 443
8 18 110 169 226 244 312 362 444
9 19 111 168 169 227 245 313 363 445
8 20 112 171 228 246 314 364 446
9 21 113 170 171 229 247 315 365 447
8 22 114 173 230 248 316 366 448
9 23 115 172 173 231 249 317 367 449
8 24 116 175 232 250 318 368 450
9 25 117 174 175 233 251 319 369 451
8 26 118 177 234 252 320 370 452
9 27 119 176 177 235 253 321 371 453
8 28 60 179 236 254 322 372 454
9 29 61 178 179 237 255 323 373 455
8 30 62 121 238 256 324 374 456
9 31 63 120 121 239 257 325 375 457
8 32 64 123 180 258 326 376 458
9 33 65 122 123 181 259 327 377 459
8 34 66 125 182 260 328 378 460
9 35 67 124 125 183 261 329 379 461
8 36 68 127 184 262 330 380 462
9 37 69 126 127 185 263 331 381 463
8 38 70 129 186 264 332 382 464
9 39 71 128 129 187 265 333 383 465
8 40 72 131 188 266 334 384 466
9 41 73 130 131 189 267 335 385 467
8 42 74 133 190 268 336 386 468
9 43 75 132 133 191 269 337 387 469
8 44 76 135 192 270 338 388 470
9 45 77 134 135 193 271 339 389 471
8 46 78 137 194 272 340 390 472
9 47 79 136 137 195 273 341 391 473
8 48 80 139 196 274 342 392 474
9 49 81 138 139 197 275 343 393 475
8 50 82 141 198 276 344 394 476
9 51 83 140 141 199 277 345 395 477
8 52 84 143 200 278 346 396 478
9 53 85 142 143 201 279 347 397 479
8 54 86 145 202 280 348 398 420
9 55 87 144 145 203 281 349 399 421
8 56 88 147 204 282 350 400 422
9 57 89 146 147 205 283 351 401 423
8 58 90 149 206 284 352 402 424
9 59 91 148 149 207 285 353 403 425
