176 66 88 22
0 1 22 1 44 1
1 1 23 1 45 1
2 1 24 1 46 1
3 1 25 1 47 1
4 1 26 1 48 1
5 1 27 1 49 1
6 1 28 1 50 1
7 1 29 1 51 1
8 1 30 1 52 1
9 1 31 1 53 1
10 1 32 1 54 1
11 1 33 1 55 1
12 1 34 1 56 1
13 1 35 1 57 1
14 1 36 1 58 1
15 1 37 1 59 1
16 1 38 1 60 1
17 1 39 1 61 1
18 1 40 1 62 1
19 1 41 1 63 1
20 1 42 1 64 1
21 1 43 1 65 1
20 1 41 1 60 1
21 1 42 1 61 1
0 1 43 1 62 1
1 1 22 1 63 1
2 1 23 1 64 1
3 1 24 1 65 1
4 1 25 1 44 1
5 1 26 1 45 1
6 1 27 1 46 1
7 1 28 1 47 1
8 1 29 1 48 1
9 1 30 1 49 1
10 1 31 1 50 1
11 1 32 1 51 1
12 1 33 1 52 1
13 1 34 1 53 1
14 1 35 1 54 1
15 1 36 1 55 1
16 1 37 1 56 1
17 1 38 1 57 1
18 1 39 1 58 1
19 1 40 1 59 1
18 1 41 1 59 1
19 1 42 1 60 1
20 1 43 1 61 1
21 1 22 1 62 1
0 1 23 1 63 1
1 1 24 1 64 1
2 1 25 1 65 1
3 1 26 1 44 1
4 1 27 1 45 1
5 1 28 1 46 1
6 1 29 1 47 1
7 1 30 1 48 1
8 1 31 1 49 1
9 1 32 1 50 1
10 1 33 1 51 1
11 1 34 1 52 1
12 1 35 1 53 1
13 1 36 1 54 1
14 1 37 1 55 1
15 1 38 1 56 1
16 1 39 1 57 1
17 1 40 1 58 1
13 1 38 1 47 1
14 1 39 1 48 1
15 1 40 1 49 1
16 1 41 1 50 1
17 1 42 1 51 1
18 1 43 1 52 1
19 1 22 1 53 1
20 1 23 1 54 1
21 1 24 1 55 1
0 1 25 1 56 1
1 1 26 1 57 1
2 1 27 1 58 1
3 1 28 1 59 1
4 1 29 1 60 1
5 1 30 1 61 1
6 1 31 1 62 1
7 1 32 1 63 1
8 1 33 1 64 1
9 1 34 1 65 1
10 1 35 1 44 1
11 1 36 1 45 1
12 1 37 1 46 1
0 2 30 1 59 1
1 2 31 1 60 1
2 2 32 1 61 1
3 2 33 1 62 1
4 2 34 1 63 1
5 2 35 1 64 1
6 2 36 1 65 1
7 2 37 1 44 1
8 2 38 1 45 1
9 2 39 1 46 1
10 2 40 1 47 1
11 2 41 1 48 1
12 2 42 1 49 1
13 2 43 1 50 1
14 2 22 1 51 1
15 2 23 1 52 1
16 2 24 1 53 1
17 2 25 1 54 1
18 2 26 1 55 1
19 2 27 1 56 1
20 2 28 1 57 1
21 2 29 1 58 1
13 1 22 2 60 1
14 1 23 2 61 1
15 1 24 2 62 1
16 1 25 2 63 1
17 1 26 2 64 1
18 1 27 2 65 1
19 1 28 2 44 1
20 1 29 2 45 1
21 1 30 2 46 1
0 1 31 2 47 1
1 1 32 2 48 1
2 1 33 2 49 1
3 1 34 2 50 1
4 1 35 2 51 1
5 1 36 2 52 1
6 1 37 2 53 1
7 1 38 2 54 1
8 1 39 2 55 1
9 1 40 2 56 1
10 1 41 2 57 1
11 1 42 2 58 1
12 1 43 2 59 1
18 1 38 1 44 2
19 1 39 1 45 2
20 1 40 1 46 2
21 1 41 1 47 2
0 1 42 1 48 2
1 1 43 1 49 2
2 1 22 1 50 2
3 1 23 1 51 2
4 1 24 1 52 2
5 1 25 1 53 2
6 1 26 1 54 2
7 1 27 1 55 2
8 1 28 1 56 2
9 1 29 1 57 2
10 1 30 1 58 2
11 1 31 1 59 2
12 1 32 1 60 2
13 1 33 1 61 2
14 1 34 1 62 2
15 1 35 1 63 2
16 1 36 1 64 2
17 1 37 1 65 2
20 1 30 1 47 1
21 1 31 1 48 1
0 1 32 1 49 1
1 1 33 1 50 1
2 1 34 1 51 1
3 1 35 1 52 1
4 1 36 1 53 1
5 1 37 1 54 1
6 1 38 1 55 1
7 1 39 1 56 1
8 1 40 1 57 1
9 1 41 1 58 1
10 1 42 1 59 1
11 1 43 1 60 1
12 1 22 1 61 1
13 1 23 1 62 1
14 1 24 1 63 1
15 1 25 1 64 1
16 1 26 1 65 1
17 1 27 1 44 1
18 1 28 1 45 1
19 1 29 1 46 1
1729804745864642688 1310720
5764611097520832896 1179744
5188572282268483840 393312
3459609491729285376 2621440
11529222195041665792 2359488
10377144564536967680 786624
6919218983458570752 5242880
4611700316373779968 4718977
2307545055364383744 1573249
13838437966912947201 10485760
9223383040565709824 9437954
4615072518542723073 3146498
9230131860112148483 4194309
22007426062336 2098693
9230145037085446147 6292992
13519646514745350 8388619
44014852124672 4197386
13546000461340678 12585985
27039293033685004 22
88029704249345 8394768
27092000918487053 8394758
54096178253414424 40
176059408498690 12324
54201594023018522 12300
108192356506828848 80
352118816997380 24648
108403188046037044 24600
216384713013657696 160
704237633994760 49296
216806376092074088 49200
432769426027315392 320
1408475267989520 98592
433612752184148176 98400
865538852054630784 640
2816950535979040 197184
867225504368296352 196800
1731077704109261568 1280
5633901071958080 394368
1734451008736592704 393600
3462155408218523136 2560
11267802143916160 788736
3468902017473185408 787200
6924293224255196160 5120
22518012101787905 1577472
6937804034942176513 1574400
13848568856324347905 10240
45036024199381507 3154944
13875590477702502914 3148800
9250393638939144194 20481
90072048398763014 6309888
9304436881695454212 6297601
54043204168736772 40963
180144096797526028 12619776
162129689681356808 12595203
108104000523517960 81922
360288193595052056 8462340
324276971548758032 8413190
216225593233080336 163840
720576387190104112 147468
648571535283560480 49164
432451186466160672 327680
1441152774380208224 294936
1297143070567120960 98328
864902372932321344 655360
2882305548760416448 589872
2594286141134241920 196656
274878234752 0
1100048564224 0
1374926667904 0
549756469504 0
2200097128448 0
2749853335808 0
1099512939008 0
4400194256896 0
5499706671616 0
2199025878016 0
8800388513792 0
10999413343232 0
4398047561729 0
8595177472 0
4406640642049 0
8796095123458 0
17190354944 0
8813281284098 0
4202501 0
34376515585 0
34380718084 0
8405002 0
68753031170 0
68761436168 0
16810004 0
137506062340 0
137522872336 0
33620008 0
275012124680 0
275045744672 0
67240016 0
550024249360 0
550091489344 0
134480032 0
1100048498720 0
1100182978688 0
268960064 0
2200096997440 0
2200365957376 0
537920128 0
4400193994880 0
4400731914752 0
1075840256 0
8800387989760 0
8801463829504 0
2147486209 0
8594129408 0
10741614593 0
4294972418 0
17188258816 0
21483229186 0
8589944836 0
34376517632 0
42966458372 0
17179889672 0
68753035264 0
85932916744 0
34359779344 0
137506070528 0
171865833488 0
68719558688 0
275012141056 0
343731666976 0
137439117376 0
550024282112 0
687463333952 0
2308941983273451648 131136
576744976059859072 656000
2885118511821750272 524992
4617883966546903296 262272
1153489952119718144 1312000
5770237023643500544 1049984
9235767933093806592 524544
2306979904239436288 2624000
11540474047287001088 2099968
24774200296211456 1049089
4613942216292828161 5248000
4634204020860256257 4199937
49548400592422912 2098178
9227884432585656322 10496000
9268408041720512514 8399874
99096801189040128 4196352
9007199275716613 4214789
90089601913323525 22533
198193602378080256 8392704
18014398551433226 8429578
180179203826647050 45066
396387204756160512 8196
36046389288910868 81940
360375999839338516 90128
792774409512321024 16392
72092778577821736 163880
720751999678677032 180256
1585548819024642048 32784
144185557155643472 327760
1441503999357354064 360512
3171097638049284096 65568
288371114311286944 655520
2883007998714708128 721024
6342195276098568192 131136
576742228622573888 1311040
5766015997429416256 1442048
12684390552197136384 262272
1153484457245147776 2622080
11532031994858832512 2884096
6922037030684721152 524545
2306968914490295552 5244160
4617319916008113408 5768193
13844074061369442304 1049090
4613937828980591104 10488320
9234639832016226816 11536386
9241404049029332993 2098177
9227875657956987905 4199428
22535590327096320 6295557
36064024349114370 4196355
9007242204424194 8398857
45071180654192640 12591114
72145640884273156 8392706
18014484408848388 20502
90159953494429696 8405012
144308873954590728 8196
36046561003741192 41000
180319906988859392 32812
288617747909181456 16392
72093122007482384 82000
360639813977718784 65624
577235495818362912 32784
144186244014964768 164000
721279627955437568 131248
1154470991636725824 65568
288372488029929536 328000
1442559255910875136 262496
3459610589628989824 262688
1155314591665095040 525024
2309081072568238080 786624
6919221179257979648 525376
2310629183330190080 1050048
4618162145136476160 1573248
13838442358515959296 1050752
4621258366660380160 2100096
9236324290272952320 3146496
9230140643322366976 2101505
9242516733320760320 4200192
25904506836353024 6292993
13519620749137921 4203011
38289392927774721 8400385
51791421490855936 12585986
27039241502470146 8406018
76561193669505027 23558
103600435163561985 8394756
54096075190984708 34820
153139979525054470 47112
207200870327123970 12300
108192150381969416 69640
306279959050108940 94224
414401740654247940 24600
216384300763938832 139280
612559918100217880 188448
828803481308495880 49200
432768601527877664 278560
1225119836200435760 376896
1657606962616991760 98400
865537203055755328 557120
2450239672400871520 753792
3315213925233983520 196800
1731074406111510656 1114240
4900479344801743040 1507584
6630427850467967040 393600
3462148812223021312 2228480
9800958689603486080 3015168
13260855700935934080 787200
6924297624446042624 4456960
1155173305497420544 6030337
8074967328162316544 1574401
13848577656706040833 8913920
2310346610990646785 12060674
16149917064142782976 3148802
9250393647516485635 1050629
4620710814163143683 7344132
13853090054580208640 6297601
54043221323419654 2101259
9241421628326287366 14688264
9259436035450865664 12595203
108104034832883724 4202514
36099182943023116 12599317
72145589378224128 8413191
216225661851811864 8405024
72198365886046232 8421422
144308770942492672 49166
432451323703623728 32836
144414323958136880 65628
288635134071029760 98328
864902647407247456 65672
288828647916273760 131256
577270268142059520 196656
1729805294814494912 131344
577657295832547520 262512
1154540536284119040 393312
0 0
0 0
0 0
0 0
0 0
0 0
0 0
0 0
0 0
0 0
0 0
0 0
0 0
0 0
0 0
0 0
0 0
0 0
0 0
0 0
0 0
0 0
0 0
0 0
0 0
0 0
0 0
0 0
0 0
0 0
0 0
0 0
0 0
0 0
0 0
0 0
0 0
0 0
0 0
0 0
0 0
0 0
0 0
0 0
0 0
0 0
0 0
0 0
0 0
0 0
0 0
0 0
0 0
0 0
0 0
0 0
0 0
0 0
0 0
0 0
0 0
0 0
0 0
0 0
0 0
0 0
4613937818241073152 1311232
5766859322847920128 262144
1152921504606846976 1049088
9227875636482146304 2622464
11533718645695840256 524288
2305843009213693952 2098176
9007199254740992 5244929
4620693217682128896 1048577
4611686018427387904 4196352
18014398509481984 10489858
9241386435364257792 2097154
9223372036854775808 8392704
36046389205008384 4202500
36046389205008384 4194305
0 8197
72092778410016768 8405000
72092778410016768 8388610
0 16394
144185556820033536 32788
144203149006077952 4
17592186044416 32784
288371113640067072 65576
288406298012155904 8
35184372088832 65568
576742227280134144 131152
576812596024311808 16
70368744177664 131136
1153484454560268288 262304
1153625192048623616 32
140737488355328 262272
2306968909120536576 524608
2307250384097247232 64
281474976710656 524544
4613937818241073152 1049216
4614500768194494464 128
562949953421312 1049088
9227875636482146304 2098432
9229001536388988928 256
1125899906842624 2098176
9007199254740992 4196865
11258999068426240 513
2251799813685248 4196352
18014398509481984 8393730
22517998136852480 1026
4503599627370496 8392704
36046389205008384 10244
45053588459749376 2048
9007199254740992 8196
72092778410016768 20488
90107176919498752 4096
18014398509481984 16392
144185556820033536 40976
180214353838997504 8192
36028797018963968 32784
288371113640067072 81952
360428707677995008 16384
72057594037927936 65568
576742227280134144 163904
720857415355990016 32768
144115188075855872 131136
1153484454560268288 327808
1441714830711980032 65536
288230376151711744 262272
2306968909120536576 655616
2883429661423960064 131072
576460752303423488 524544
0 0
0 0
0 0
0 0
0 0
0 0
0 0
0 0
0 0
0 0
0 0
0 0
0 0
0 0
0 0
0 0
0 0
0 0
0 0
0 0
0 0
0 0
0 0
0 0
0 0
0 0
0 0
0 0
0 0
0 0
0 0
0 0
0 0
0 0
0 0
0 0
0 0
0 0
0 0
0 0
0 0
0 0
0 0
0 0
0 0
0 0
0 0
0 0
0 0
0 0
0 0
0 0
0 0
0 0
0 0
0 0
0 0
0 0
0 0
0 0
0 0
0 0
0 0
0 0
0 0
0 0
0 0
0 0
0 0
0 0
0 0
0 0
0 0
0 0
0 0
0 0
0 0
0 0
0 0
0 0
0 0
0 0
0 0
0 0
0 0
0 0
0 0
0 0
0 0
0 0
0 0
0 0
0 0
0 0
0 0
0 0
0 0
0 0
0 0
0 0
0 0
0 0
0 0
0 0
0 0
0 0
0 0
0 0
0 0
0 0
0 0
0 0
0 0
0 0
0 0
0 0
0 0
0 0
0 0
0 0
0 0
0 0
0 0
0 0
0 0
0 0
0 0
0 0
0 0
0 0
0 0
0 0
